2	2	3	5	6	8	9	8	8	6	6	5	4	4	4	4	3	4	7	9	10	8	5	5	6	8	6	5	5	7	9	10	11	11	9	8	10	14	15	14	12	10	8	7	8	8	9	15	16	15	8	5	5	7	9	9	6	4	5	5	8	8	9	9	8	7	5	6	7	9	8	10	10	11	10	7	7	8	11	12	8	7	9	11	10	7	8	11	13	11	9	8	8	8	7	7	8	10	8	8	7	9	9	11	12	12	10	12	13	12	10	7	7	6	6	6	5	5	8	8	9	9	12	10	9	8	8	9	
7	7	7	8	9	12	13	13	11	11	9	9	8	8	8	9	9	9	12	18	21	22	17	13	11	12	13	11	10	10	11	11	12	12	12	10	12	19	26	25	21	19	20	20	18	18	19	27	34	34	26	17	13	14	18	19	19	13	11	10	12	16	18	20	19	16	15	15	18	20	20	20	21	24	22	18	14	15	19	22	19	16	17	22	23	19	16	19	27	28	22	16	15	15	15	14	15	17	18	17	17	17	18	19	21	20	20	21	27	26	22	19	16	15	13	12	11	9	12	15	17	19	21	24	22	21	18	18	
16	16	16	14	12	13	16	17	17	15	15	13	13	12	14	13	12	12	17	27	38	42	40	31	25	22	22	23	22	22	23	24	24	24	22	21	18	19	23	28	27	25	27	32	33	29	26	30	41	50	49	39	26	21	25	33	37	35	26	20	20	23	31	33	33	30	28	30	33	34	32	30	28	32	34	30	25	22	26	29	28	24	22	27	33	31	28	26	33	38	36	27	22	21	21	21	21	24	25	27	25	24	23	26	29	29	28	29	34	38	36	30	26	23	22	21	19	18	17	19	24	29	32	33	36	33	28	25	
26	26	26	25	22	19	18	18	18	16	15	14	14	15	15	16	13	11	16	29	46	58	58	51	40	36	32	30	29	30	30	33	36	37	37	33	30	26	26	29	30	26	22	25	35	36	31	24	30	40	43	39	29	24	24	30	38	39	37	28	26	27	33	39	40	36	34	36	42	46	44	40	35	37	38	36	29	26	28	32	29	24	20	27	35	38	36	35	39	41	39	33	27	23	22	22	25	26	28	29	31	29	26	27	31	31	28	26	31	35	34	29	23	22	23	23	23	21	21	19	23	28	34	36	34	34	31	27	
27	27	25	23	21	19	18	17	18	19	17	17	17	18	20	18	16	11	10	21	41	64	75	71	59	47	42	39	37	36	35	34	37	41	43	44	41	40	38	36	32	26	25	27	36	40	40	38	37	41	40	36	30	25	24	25	31	35	38	34	27	24	27	32	38	36	31	30	36	42	44	42	39	41	42	42	36	32	33	36	35	30	27	32	37	41	42	43	46	46	43	36	31	26	25	25	29	31	32	32	34	34	30	28	32	34	32	28	31	33	33	27	25	23	25	26	24	23	23	23	24	27	31	36	35	31	30	27	
27	27	26	23	21	19	19	20	21	22	22	20	20	21	22	22	19	14	14	21	40	63	84	89	78	62	51	46	43	41	39	36	32	35	40	44	48	49	50	48	41	39	39	44	45	43	40	43	50	57	59	55	45	35	31	36	39	41	37	34	31	27	29	32	35	37	35	32	33	37	38	38	39	42	44	45	41	36	33	35	36	33	30	34	40	45	50	52	56	54	51	43	40	36	34	33	35	38	40	41	41	41	38	35	37	40	40	36	34	34	34	31	28	28	31	32	30	24	22	21	22	24	28	30	32	31	27	26	
27	27	27	26	23	21	19	20	21	22	22	20	18	18	20	20	19	17	18	25	39	60	81	95	92	77	62	55	52	51	51	50	44	39	39	41	42	42	40	38	40	39	42	43	45	44	42	43	49	59	65	65	60	51	42	42	45	47	45	38	37	38	41	43	41	40	41	43	42	39	36	35	37	44	47	48	46	42	41	39	39	38	35	39	42	45	44	48	51	53	50	43	39	38	35	32	33	36	39	40	43	43	41	36	37	40	43	40	38	36	36	34	35	36	40	42	40	35	27	22	22	25	30	31	30	31	30	28	
26	26	27	28	27	26	27	26	26	25	24	23	20	18	19	20	20	19	22	29	42	60	82	97	101	90	73	60	54	51	51	53	55	54	50	49	48	46	42	41	42	45	42	43	46	44	41	38	44	52	56	58	56	57	52	49	50	52	51	46	41	40	46	52	55	53	51	53	56	54	49	46	49	57	61	60	54	51	50	48	43	42	41	45	46	47	46	49	57	58	60	61	63	58	52	48	50	51	46	41	40	43	42	37	35	36	39	37	37	36	36	34	35	38	42	43	44	38	33	26	24	25	29	32	31	31	30	32	
27	27	28	28	28	29	30	31	28	25	22	20	19	17	16	18	20	22	26	32	43	57	74	90	97	92	78	63	54	49	47	47	48	52	55	58	58	54	47	37	35	39	46	45	43	42	38	35	39	48	53	51	47	44	43	44	45	49	47	43	37	37	40	46	51	54	54	57	64	65	60	52	54	64	71	71	67	62	64	60	55	50	50	51	50	50	48	51	53	56	56	57	60	59	56	51	51	52	53	46	44	43	43	38	36	38	39	40	38	37	35	34	35	37	39	41	42	40	36	33	31	29	33	35	35	34	36	35	
32	32	34	34	33	34	35	36	35	31	28	23	19	19	19	21	25	28	32	37	45	56	69	82	90	89	82	72	65	58	52	47	47	49	54	59	60	55	44	37	36	45	50	47	37	31	33	37	39	43	46	52	50	49	47	49	50	53	50	46	39	36	37	37	38	42	46	51	58	63	60	53	53	61	70	72	70	66	65	63	59	54	50	51	48	46	44	47	53	55	57	57	59	59	61	57	54	52	53	53	45	44	41	39	34	37	40	41	39	33	32	32	34	35	36	36	39	38	38	35	35	34	35	38	37	37	39	41	
39	39	42	45	44	44	44	43	44	42	39	36	31	27	26	29	35	40	43	47	52	58	67	78	84	83	79	74	71	69	66	62	57	53	50	53	53	51	42	38	43	47	49	40	31	26	28	34	40	40	40	43	48	49	47	49	50	55	53	49	41	36	35	36	35	35	38	42	49	54	58	52	52	54	60	60	61	59	58	53	52	48	46	45	42	39	33	33	35	40	40	43	47	49	48	43	40	37	34	32	31	32	36	38	37	37	39	38	38	34	33	32	35	35	35	35	36	37	38	37	36	35	36	39	44	48	50	51	
48	48	49	53	55	57	56	55	53	52	50	48	47	43	37	37	42	49	54	56	61	65	71	79	83	80	77	73	75	75	77	76	73	68	64	65	66	59	45	33	34	44	48	44	29	21	22	29	35	36	35	36	40	45	44	44	46	53	54	50	39	31	27	29	31	33	38	44	50	52	51	46	47	50	55	52	52	52	53	47	43	39	40	41	39	35	30	27	25	29	33	36	39	42	46	46	44	39	32	26	23	24	25	27	28	29	30	30	28	28	25	26	30	34	35	34	35	37	38	37	35	34	35	36	40	47	56	59	
57	57	58	59	63	64	64	61	60	57	55	52	50	48	47	46	47	51	56	61	65	73	80	84	85	80	75	76	79	81	80	77	76	73	69	66	64	59	48	37	34	43	51	44	29	21	24	31	34	35	33	32	35	38	42	40	42	45	49	48	41	33	27	24	27	32	40	47	53	55	53	44	45	47	53	49	47	47	51	46	40	33	33	35	36	33	28	27	27	25	24	23	25	31	36	40	42	40	35	28	25	25	25	24	25	26	28	28	26	25	25	25	30	33	36	33	32	31	34	32	31	29	31	31	34	42	54	64	
63	63	64	66	68	70	69	67	64	61	57	51	45	41	40	42	45	49	55	60	66	72	82	88	88	83	76	74	81	85	87	84	80	78	76	74	72	68	58	48	44	49	54	52	41	35	39	47	48	45	44	44	45	46	47	46	43	40	42	46	43	39	31	27	28	35	44	53	60	65	65	57	52	53	58	55	52	49	52	49	44	37	36	36	37	35	30	28	29	31	27	23	18	21	27	29	30	28	28	26	25	27	27	26	23	23	23	24	25	28	32	32	32	31	34	33	30	28	27	28	27	27	28	31	34	41	51	60	
62	62	63	64	66	68	69	69	68	65	61	56	46	39	35	37	41	47	54	62	71	78	85	92	93	88	78	74	75	82	84	82	81	77	75	72	69	65	56	46	44	52	61	61	55	48	47	54	57	56	52	51	53	53	56	56	55	49	44	44	45	43	42	39	39	43	51	58	66	67	68	61	59	54	59	55	55	51	51	46	43	39	38	38	36	34	29	26	25	28	30	27	20	13	15	23	25	25	23	24	24	26	29	30	25	21	21	22	24	27	34	36	35	33	32	32	32	29	27	23	22	21	23	27	33	41	53	65	
60	60	62	64	65	66	68	66	66	66	65	64	58	47	40	39	43	47	51	59	70	81	89	95	96	89	79	71	71	71	75	73	71	71	68	66	63	60	52	43	42	49	61	63	58	51	47	51	55	56	54	52	52	54	57	62	67	65	57	49	46	47	47	50	52	56	60	64	68	70	68	61	61	60	61	58	56	53	51	44	39	36	37	37	37	34	30	26	24	24	27	28	24	19	15	17	21	22	23	23	21	20	21	25	25	25	28	29	29	28	31	34	33	29	27	25	28	29	29	26	22	20	19	22	31	42	56	69	
60	60	61	63	65	65	64	60	54	51	50	51	53	50	43	40	40	45	48	51	59	70	84	94	96	91	81	76	73	74	71	71	69	66	67	64	59	52	44	38	38	46	57	62	56	48	42	40	42	43	42	42	42	44	50	58	67	69	67	59	56	52	52	53	57	62	67	68	69	67	66	58	55	56	59	54	52	48	46	41	35	33	32	34	32	31	27	24	21	21	22	22	23	22	22	23	22	21	22	24	23	20	18	18	20	25	31	35	35	33	30	26	26	25	25	24	24	28	32	33	29	24	21	18	24	37	53	68	
61	61	61	61	64	65	64	58	49	40	37	38	42	48	50	49	49	50	51	51	53	61	74	85	91	87	82	83	88	95	97	97	99	99	93	86	73	60	46	36	37	45	56	60	56	44	36	33	31	33	32	33	33	35	41	51	63	70	69	64	58	56	55	54	56	59	65	70	71	67	62	54	52	50	54	50	49	47	46	40	35	31	32	31	31	28	27	26	25	24	23	22	21	25	26	27	26	22	18	17	19	21	20	18	17	19	24	30	35	36	34	30	25	24	25	25	23	24	30	32	32	28	24	22	22	31	46	62	
68	68	68	67	68	67	66	60	49	40	35	37	40	44	47	51	58	64	61	53	49	54	66	80	85	84	78	85	98	116	128	136	137	134	124	112	97	79	59	44	39	46	56	58	52	41	31	27	28	28	29	29	31	32	34	45	59	72	75	68	61	57	56	56	57	58	59	62	65	63	57	48	45	44	46	42	41	40	42	38	35	32	32	31	28	26	23	24	25	25	22	21	20	20	24	26	26	26	24	20	16	17	21	24	25	25	25	27	29	31	31	28	25	23	25	27	26	25	27	31	32	31	30	26	26	29	41	54	
73	73	73	71	71	69	68	63	56	53	57	64	70	73	70	67	76	87	90	75	60	58	68	80	87	82	76	79	99	126	148	164	168	165	152	140	121	98	71	50	43	47	57	59	50	36	26	23	23	26	26	27	28	30	30	37	51	64	70	70	65	60	57	56	57	58	58	58	62	64	61	52	47	45	48	44	40	37	38	37	35	34	32	30	26	22	19	19	23	25	23	21	21	21	24	27	27	25	25	24	21	16	19	26	32	34	33	30	28	26	25	24	22	24	29	33	34	28	25	25	28	28	28	29	29	33	41	53	
77	77	75	73	73	70	69	66	61	65	79	98	108	108	100	91	90	102	108	97	74	61	66	79	85	82	73	75	90	118	142	161	169	170	159	141	121	98	73	54	46	50	59	61	52	38	26	21	21	24	27	30	33	35	35	38	46	58	65	67	65	62	59	59	58	58	59	59	62	66	66	60	53	49	49	47	42	37	35	34	33	32	30	28	26	22	19	16	18	21	23	22	21	22	22	23	24	24	24	26	27	26	23	27	32	36	36	33	30	27	25	25	27	28	32	37	38	34	25	22	22	22	24	27	32	37	45	55	
82	82	80	76	75	71	70	67	64	65	83	113	138	146	134	117	105	109	116	108	85	65	65	76	84	80	74	74	86	106	127	145	155	160	153	140	120	103	78	58	50	53	60	62	57	46	36	29	27	28	31	36	42	46	47	47	50	58	64	66	64	62	59	58	59	59	58	58	57	59	61	58	55	51	50	46	44	40	37	32	30	28	26	22	21	19	17	15	12	14	16	19	21	21	21	22	24	24	23	24	27	29	29	28	32	34	34	32	28	26	26	26	26	28	30	36	38	36	30	25	22	20	20	26	33	40	49	59	
85	85	85	82	78	74	71	69	66	65	74	102	131	147	140	123	112	112	118	109	89	67	64	72	79	78	72	74	84	101	117	130	137	141	138	134	120	103	79	59	51	56	63	64	61	55	49	45	42	41	40	42	48	56	60	61	61	64	66	66	64	63	60	58	58	60	59	57	55	52	51	50	46	44	42	39	36	33	31	29	26	26	24	21	18	18	20	20	19	17	18	17	19	22	22	22	22	23	25	27	30	31	31	31	32	35	34	30	27	25	27	28	29	30	33	35	38	37	34	28	25	21	20	23	33	44	55	65	
82	82	82	81	80	74	74	71	68	64	69	85	105	120	125	122	119	120	120	108	85	66	59	65	72	73	70	71	84	101	115	125	130	132	129	126	117	102	79	60	52	56	64	64	62	59	58	58	58	57	55	52	52	59	67	70	70	70	69	66	63	62	62	60	58	57	58	56	51	47	42	38	35	31	29	28	26	25	23	23	22	22	24	22	17	14	13	15	16	17	16	15	14	18	22	20	19	22	28	32	33	33	31	30	30	32	32	30	27	27	28	30	34	36	37	37	36	36	35	35	34	33	29	26	33	47	60	70	
76	76	77	77	78	76	74	75	71	66	69	79	91	98	100	103	107	114	118	109	87	65	55	55	61	64	65	69	81	99	114	123	129	131	128	124	114	101	78	59	52	57	65	66	62	59	59	60	63	65	66	64	60	59	64	71	73	73	71	68	64	61	61	60	57	55	52	51	47	41	35	30	26	23	20	20	21	21	22	20	19	17	19	22	21	18	18	16	18	18	20	21	21	22	23	24	23	25	28	32	35	36	34	31	29	30	33	33	32	30	31	33	35	36	36	37	36	36	35	38	42	43	40	37	38	49	61	70	
69	69	71	73	75	74	76	75	74	69	70	79	93	102	100	95	100	110	117	106	87	63	49	45	46	50	55	64	80	98	114	124	129	132	129	124	115	100	77	57	50	55	64	66	63	59	58	59	61	66	71	72	70	67	66	69	73	73	71	68	66	62	59	56	51	47	45	41	39	34	27	22	18	16	14	15	17	20	21	22	20	18	16	17	19	18	18	17	14	13	13	17	20	20	25	31	34	31	30	31	32	31	29	26	26	29	33	37	36	35	33	34	35	35	34	35	37	37	38	38	40	43	43	42	45	51	62	70	
63	63	65	70	72	74	75	76	74	70	72	80	94	108	112	108	101	104	108	98	79	56	44	36	36	39	48	61	79	99	114	124	128	130	128	124	114	100	77	56	48	54	63	66	64	60	57	58	60	64	70	74	75	73	70	70	71	72	70	67	65	63	58	51	43	36	33	33	29	26	21	16	13	11	11	12	15	18	20	21	21	19	17	16	15	15	15	16	17	16	18	18	20	23	24	30	33	35	35	34	30	25	22	22	24	29	33	37	40	40	38	35	33	33	33	32	35	36	35	35	36	38	41	41	45	52	63	71	
60	60	63	67	73	74	77	74	73	69	71	79	93	104	116	120	117	108	105	94	76	53	40	32	30	33	43	59	78	97	113	123	128	129	127	124	114	100	78	58	47	52	61	63	61	59	58	58	60	63	68	73	75	75	74	72	72	71	70	67	64	63	59	50	40	31	26	25	25	22	20	17	14	12	11	13	16	20	23	24	25	23	22	21	20	17	16	15	16	17	16	18	18	22	25	25	28	32	36	33	28	24	21	22	24	28	33	37	40	42	39	35	31	29	30	30	30	32	32	33	34	35	36	38	41	49	60	71	
65	65	65	68	74	76	78	77	72	69	71	80	93	105	113	119	118	112	101	90	75	53	40	33	34	36	42	56	76	98	114	123	128	130	128	124	115	100	78	58	50	53	61	63	61	59	60	61	61	64	67	71	73	72	73	73	70	69	68	67	66	63	59	50	39	30	24	23	24	24	22	21	20	19	17	16	17	21	23	23	21	22	21	21	20	17	14	15	17	17	17	16	20	24	27	27	25	25	25	25	24	23	24	23	25	27	32	37	40	42	41	37	33	31	30	31	31	31	32	32	33	33	33	35	40	48	60	70	
73	73	73	73	78	79	80	78	74	67	70	78	92	101	109	114	113	107	99	86	75	57	45	39	41	42	47	57	75	96	113	124	129	131	129	126	116	102	78	58	51	55	64	65	62	59	59	62	64	66	68	69	70	71	70	70	69	68	67	65	64	63	57	48	37	29	25	25	27	27	25	24	24	25	24	21	19	20	23	24	23	23	26	26	25	23	21	19	20	19	19	19	20	23	27	28	26	24	24	23	23	22	23	27	30	34	36	39	41	40	38	35	33	32	31	32	34	34	32	29	28	28	31	33	39	48	60	70	
81	81	80	79	81	81	82	78	75	68	68	79	92	103	109	112	111	103	93	82	70	58	54	50	52	52	55	63	77	96	112	125	132	135	131	126	117	102	78	58	50	56	66	70	68	64	63	64	66	68	67	68	68	69	69	68	68	66	66	65	64	60	55	45	35	27	23	22	23	24	24	24	25	27	28	27	25	23	23	25	25	22	22	24	24	23	23	22	19	17	17	18	19	23	27	32	29	26	24	25	25	23	24	27	32	35	38	40	42	45	44	43	41	41	41	39	39	39	39	37	35	34	34	37	42	51	64	75	
83	83	82	81	82	81	82	81	75	69	69	78	95	105	113	114	110	101	91	78	67	55	54	58	63	62	58	62	76	97	115	126	133	135	132	126	115	101	77	55	48	55	69	76	77	74	70	68	68	68	68	67	66	66	66	66	66	66	64	64	64	60	53	43	35	32	30	28	24	24	23	22	21	23	26	27	26	25	24	25	26	25	23	24	26	26	25	26	26	23	19	17	19	22	27	29	29	26	25	27	28	28	29	30	32	36	39	42	44	44	46	44	43	43	44	44	42	42	43	44	43	42	41	40	45	54	67	79	
82	82	82	82	82	82	82	81	77	69	70	80	96	109	116	118	114	106	95	82	67	53	53	59	69	68	63	63	76	97	115	126	130	134	130	125	114	99	75	53	42	51	70	86	95	89	82	74	71	70	68	66	65	64	64	64	64	64	64	64	64	62	54	43	38	43	51	54	51	43	35	26	21	22	25	27	27	28	28	29	28	26	23	22	22	24	24	24	24	21	18	15	17	22	25	28	28	28	28	29	32	32	33	34	36	43	54	61	63	62	59	61	62	64	65	62	59	55	52	51	50	49	50	49	51	56	69	80	
80	80	80	81	82	81	82	82	78	71	68	79	97	112	120	122	119	109	100	86	72	55	51	59	69	69	62	61	72	94	112	123	128	128	126	121	109	95	72	50	37	38	58	79	97	100	92	79	70	69	69	67	65	65	64	64	63	63	63	64	65	63	57	45	41	49	65	76	80	74	58	41	28	24	25	27	27	26	27	26	27	25	24	22	24	23	24	24	24	21	17	17	18	21	25	27	28	28	28	30	32	36	37	37	43	54	72	87	92	91	89	87	90	93	95	94	90	86	83	81	80	79	78	73	68	64	70	80	
76	76	77	78	81	83	84	83	78	70	69	77	97	113	123	123	120	111	101	90	76	58	52	57	69	70	63	60	70	90	109	120	124	125	121	117	107	91	67	49	36	35	40	53	71	83	84	74	66	64	67	67	66	65	66	66	67	66	65	64	65	64	57	49	43	51	67	81	89	92	81	62	40	29	27	31	34	36	36	35	31	30	29	33	36	37	31	25	21	19	16	14	17	20	24	27	29	31	32	32	33	34	36	38	44	60	82	105	117	121	121	121	122	126	129	129	125	119	115	111	109	107	105	99	87	77	76	81	
76	76	75	75	80	83	85	85	79	71	67	76	92	110	121	125	122	116	107	93	78	58	51	57	68	70	62	59	69	89	106	116	119	120	117	113	103	89	65	45	34	32	32	31	38	48	56	55	56	58	63	67	68	68	68	69	68	69	68	66	65	64	57	47	45	52	65	72	73	80	80	67	47	32	28	34	38	42	46	45	42	35	30	29	40	44	46	32	24	17	15	16	18	23	25	28	30	32	34	35	34	34	35	36	45	62	89	114	130	134	134	134	138	141	144	146	144	139	135	133	131	131	130	124	113	95	88	87	
77	77	76	75	76	79	79	81	78	71	67	73	90	107	119	124	121	111	105	93	79	59	51	56	68	69	61	57	68	92	110	116	115	115	113	109	101	88	65	43	27	24	25	23	21	21	29	36	43	52	62	70	72	71	70	69	69	69	70	70	67	63	56	46	43	54	63	66	57	57	64	63	47	34	28	33	38	40	41	46	48	46	40	34	37	48	53	46	31	22	16	16	20	24	28	29	31	34	34	35	35	33	33	33	40	61	90	118	134	138	136	138	141	145	147	147	146	142	137	134	133	132	132	126	113	96	85	84	
78	78	77	73	70	69	71	72	72	69	69	77	90	105	116	120	118	108	99	91	78	60	51	55	67	69	60	55	63	86	105	112	108	105	103	101	95	85	65	44	27	20	17	16	16	17	23	30	40	49	59	64	67	65	60	57	56	59	65	68	68	63	54	44	41	51	62	62	50	44	46	53	46	37	30	32	38	42	41	39	42	46	51	51	46	43	45	41	34	23	20	19	21	27	30	32	32	32	33	32	33	34	32	31	39	59	91	119	135	140	138	139	144	146	147	146	143	141	138	135	134	134	134	127	114	96	85	81	
74	74	73	71	66	61	58	60	61	64	68	79	95	107	116	119	116	108	98	86	73	56	49	52	64	67	58	52	57	76	96	107	107	102	101	98	91	80	62	47	32	24	16	13	15	19	22	26	30	37	44	49	50	51	49	46	47	50	56	64	67	63	53	41	38	48	60	62	47	40	39	46	42	36	31	31	35	43	42	37	32	32	37	41	44	42	42	39	35	25	21	19	23	27	32	33	33	33	32	32	32	33	33	30	37	58	90	119	135	139	140	141	143	146	145	142	140	137	137	136	136	135	135	127	114	96	85	79	
68	68	68	66	64	59	55	56	57	61	68	82	100	113	117	117	114	108	101	90	77	59	49	47	54	55	50	46	55	74	89	98	99	97	97	98	94	81	62	45	39	37	37	29	24	22	24	26	29	32	37	43	46	47	43	41	40	46	50	55	61	61	52	41	38	47	58	58	44	38	37	45	40	34	28	31	33	37	39	37	33	30	28	31	36	40	39	35	29	22	18	17	20	26	30	33	33	33	34	34	33	34	34	33	40	59	92	119	133	137	137	141	143	145	145	141	137	136	134	135	135	136	135	125	110	92	83	79	
65	65	65	66	65	65	65	67	65	63	68	82	101	116	122	120	114	108	102	95	83	64	51	48	56	59	48	40	46	69	88	93	91	88	85	85	83	75	59	45	41	47	53	55	49	43	41	42	41	40	39	40	43	48	47	44	44	51	59	62	61	59	51	41	39	47	56	55	42	37	38	45	40	35	28	28	31	35	38	39	37	38	42	44	41	35	29	26	26	23	19	16	18	23	28	32	32	31	31	33	35	35	36	35	43	63	94	120	133	134	135	138	143	144	143	141	137	135	135	134	135	134	134	123	107	86	78	77	
60	60	61	63	67	68	70	74	74	71	71	83	98	111	116	114	108	99	95	91	84	67	50	44	50	56	51	35	31	44	63	74	73	70	67	63	62	60	52	42	38	42	51	59	62	57	47	43	43	44	43	45	45	50	53	56	55	59	63	65	64	57	49	40	40	52	65	66	53	44	39	44	39	35	33	36	43	51	54	48	41	41	50	59	60	51	41	31	29	26	22	18	18	24	29	31	32	30	29	31	35	38	38	38	46	66	97	121	132	133	132	136	139	142	140	139	137	135	134	134	134	134	130	120	104	83	73	71	
57	57	58	61	66	72	75	79	79	75	68	74	87	98	103	103	99	93	87	83	76	64	51	37	34	37	44	43	34	35	43	53	55	53	51	47	42	37	33	26	24	27	35	41	48	49	46	42	44	49	48	46	45	45	45	50	54	60	63	64	62	58	48	40	40	54	74	82	74	63	53	48	40	36	33	42	52	63	70	67	57	52	57	70	77	73	57	42	31	28	25	23	24	27	32	33	32	29	27	27	32	36	37	39	50	70	99	121	132	132	133	136	139	140	139	136	135	134	133	133	133	133	128	116	99	81	72	69	
56	56	56	58	63	72	77	81	79	73	64	63	75	86	88	84	79	74	69	64	58	50	45	41	35	29	29	32	32	29	31	35	37	36	36	35	33	30	27	27	27	29	30	30	30	31	32	30	30	34	35	34	33	37	37	43	48	60	64	65	62	57	49	40	40	53	74	90	94	88	75	61	43	35	33	43	59	74	83	82	73	63	62	71	76	71	56	41	32	26	25	24	25	30	34	36	33	30	26	27	30	36	38	41	54	76	104	122	131	132	133	136	139	139	137	135	132	132	132	132	131	132	125	112	94	78	72	69	
59	59	58	57	62	69	76	79	77	71	57	49	49	58	63	62	58	55	54	53	51	44	40	41	44	39	33	31	34	37	37	37	36	34	33	34	35	35	34	31	29	32	37	38	34	26	22	24	26	32	33	33	31	34	36	41	47	58	65	65	62	57	49	40	40	54	75	91	100	99	87	70	48	36	33	43	59	76	85	79	69	61	64	74	77	70	53	40	31	26	24	23	26	30	36	38	35	29	25	23	27	31	35	40	54	79	107	124	130	131	133	137	139	139	136	133	132	130	130	131	131	129	122	108	88	75	69	69	
62	62	58	55	59	65	71	75	71	64	53	43	40	42	46	48	46	44	41	43	43	40	36	35	41	45	45	42	39	38	37	35	34	35	35	35	37	40	43	46	47	47	51	54	50	40	28	25	28	33	35	34	31	33	36	41	46	57	62	65	62	57	49	40	40	54	76	91	98	98	88	71	49	36	34	43	60	78	88	81	68	59	61	73	77	71	52	37	29	26	25	24	27	33	37	39	37	32	26	24	26	31	34	40	55	81	110	126	131	130	133	136	138	137	135	132	130	129	129	128	129	128	118	105	85	72	67	68	
62	62	57	51	51	55	62	65	63	55	44	37	32	31	31	31	31	32	34	35	38	37	35	32	32	36	40	41	41	39	39	39	39	41	43	43	43	47	52	57	61	63	63	63	58	49	36	30	30	35	37	36	32	31	33	40	46	57	62	64	62	56	49	40	40	55	77	94	100	98	87	68	48	36	35	45	61	79	88	81	67	58	60	70	75	71	53	37	27	24	24	25	28	34	39	39	38	33	29	26	27	31	34	40	55	82	110	127	132	131	132	136	137	136	134	132	130	128	128	128	127	124	115	99	81	69	65	68	
60	60	54	43	39	36	40	47	47	45	38	33	29	31	33	34	33	32	33	36	37	37	33	28	27	28	35	40	44	44	42	42	44	46	50	55	59	60	62	64	66	69	71	71	64	51	37	31	32	38	39	38	34	33	33	39	46	57	63	64	60	56	48	40	40	55	79	97	104	99	86	66	46	36	35	46	63	80	90	83	70	60	63	71	73	67	50	36	27	24	22	24	30	35	40	41	37	33	29	28	30	35	37	44	60	85	110	125	130	132	134	136	137	135	133	131	130	128	127	125	125	120	109	94	76	68	64	68	
62	62	58	47	36	30	31	36	40	39	36	36	36	37	38	38	36	36	36	40	42	43	42	37	33	34	40	48	53	55	54	55	57	61	64	65	67	68	68	69	69	69	69	68	63	51	37	33	35	41	42	40	36	35	34	39	45	56	62	63	60	54	47	38	40	55	79	100	108	103	88	67	46	35	35	46	64	81	89	82	70	61	65	73	73	66	48	35	26	24	22	23	29	35	39	40	37	31	28	27	30	35	39	46	63	89	112	124	129	130	134	136	136	135	132	130	130	128	127	124	123	116	104	87	72	65	63	65	
63	63	63	59	48	36	29	30	32	35	36	40	44	49	50	52	51	47	45	45	51	55	58	54	50	48	53	61	68	69	69	68	69	69	70	71	70	70	70	69	67	67	67	68	62	51	39	35	39	45	43	41	37	36	35	40	46	56	60	62	58	53	45	37	39	56	80	102	111	107	90	68	46	35	35	46	64	82	89	80	69	61	65	74	73	65	47	35	25	23	22	23	27	33	37	38	35	30	25	24	28	33	38	48	64	92	115	127	129	130	132	135	135	133	132	129	127	127	126	124	121	112	98	80	67	63	64	66	
64	64	67	70	65	56	43	35	35	37	41	47	51	56	58	61	60	59	56	54	55	62	68	69	66	64	66	71	77	78	75	74	73	72	71	69	70	68	68	67	67	66	67	66	62	52	39	36	40	48	47	42	36	36	35	40	46	56	60	60	58	51	43	36	38	55	81	103	114	109	92	68	46	35	35	46	64	82	88	78	66	60	65	72	72	62	45	33	26	23	22	22	27	32	36	36	33	27	23	21	25	31	36	48	67	93	116	128	131	131	133	134	133	132	129	128	126	123	125	123	119	108	93	76	63	62	64	69	
61	61	64	70	73	71	60	46	35	34	36	45	51	58	60	63	64	64	62	60	60	64	72	74	73	69	69	72	75	76	74	71	72	71	70	69	67	67	66	67	66	66	65	65	60	52	40	37	42	50	50	45	38	35	35	39	45	56	60	60	56	51	42	34	38	54	80	103	114	112	93	69	46	35	35	46	64	81	88	77	64	58	65	71	70	59	41	31	24	23	21	22	26	32	35	35	32	27	21	20	23	29	36	49	70	97	116	127	131	131	133	133	132	130	129	126	125	123	121	121	115	103	88	72	64	61	65	67	
61	61	63	66	71	74	67	54	40	32	33	39	48	55	59	63	62	63	58	55	57	63	73	77	75	71	70	70	73	73	73	71	70	71	70	69	68	66	67	66	65	62	62	62	60	52	42	37	41	49	51	46	41	39	37	40	45	54	58	61	57	53	45	36	37	51	72	92	105	106	93	69	47	35	35	45	61	78	84	76	62	56	65	71	68	57	39	28	20	20	19	20	24	30	35	35	32	27	22	20	24	29	37	52	74	102	120	128	129	131	132	132	130	129	127	126	125	124	123	120	113	98	81	67	61	62	64	68	
61	61	62	66	69	70	65	53	43	36	33	38	44	53	55	62	63	62	58	54	54	59	71	78	79	74	73	72	72	72	71	70	69	69	70	69	69	68	67	67	65	63	60	60	58	52	42	38	39	46	48	46	41	42	40	42	44	54	57	59	58	53	48	39	40	54	74	90	97	96	86	69	48	36	34	44	60	75	80	71	61	56	64	71	68	55	38	26	19	17	17	18	22	29	34	36	32	27	23	22	25	30	37	53	77	105	124	130	130	130	132	131	129	126	126	125	125	124	124	121	111	95	76	63	60	62	65	68	
65	65	66	68	71	72	63	51	41	37	35	36	42	49	52	56	60	62	57	53	51	56	67	75	78	76	75	74	73	71	70	69	69	69	69	69	69	69	68	68	67	64	60	58	55	49	41	36	37	41	42	40	39	40	41	43	45	51	56	57	55	53	47	42	43	58	79	96	101	95	81	63	47	36	36	45	59	74	77	67	57	53	61	67	66	54	37	25	18	17	16	18	22	28	34	34	33	26	22	22	26	31	39	53	78	107	124	132	130	130	131	130	129	126	124	124	123	124	123	121	110	92	73	63	59	62	65	67	
71	71	71	73	74	74	67	54	42	37	36	38	40	48	51	52	53	57	56	52	50	55	67	75	78	76	75	74	73	71	70	69	69	69	69	69	69	69	68	67	67	64	61	59	55	48	38	33	31	34	35	33	31	36	39	43	45	50	53	56	55	52	46	40	43	58	81	101	109	104	90	67	47	38	36	45	60	72	76	67	54	51	59	65	63	50	36	25	18	17	17	20	23	29	33	36	31	27	20	19	24	31	39	55	79	106	123	129	130	129	129	128	127	126	123	122	123	123	123	116	105	87	69	61	60	62	66	68	
73	73	75	76	76	75	68	56	43	36	34	37	41	46	50	51	49	50	51	50	50	54	65	74	78	76	75	74	73	71	70	69	69	69	69	69	69	69	68	67	65	64	61	60	55	48	37	29	27	29	30	29	28	32	38	44	45	52	53	55	54	51	44	39	42	58	81	102	113	108	93	72	51	36	33	39	54	70	72	65	53	47	52	56	55	45	32	24	19	17	18	21	25	30	34	34	31	24	19	17	20	27	38	56	81	107	122	128	127	128	127	126	124	123	123	121	121	122	120	114	99	81	64	57	58	63	66	67	
70	70	73	76	75	74	67	57	44	36	33	34	40	45	49	52	51	48	46	47	50	55	64	73	77	76	75	74	73	71	70	69	69	69	69	69	69	69	68	67	65	64	62	60	56	47	35	27	24	28	32	35	36	39	41	44	47	53	56	55	54	51	45	38	42	57	79	101	112	110	93	70	49	35	31	37	48	60	65	58	46	38	37	39	41	37	31	23	19	19	18	22	26	30	33	34	29	23	18	17	19	24	36	56	83	108	122	126	126	126	126	124	123	121	121	120	119	118	118	108	94	73	58	53	56	62	65	67	
65	65	67	72	75	75	68	57	45	38	33	34	38	44	48	51	52	50	48	46	49	55	66	73	77	76	75	74	73	72	71	70	70	70	70	69	69	68	68	67	65	64	64	63	60	55	46	38	35	35	40	45	50	52	51	51	49	55	55	56	53	50	44	39	40	56	77	98	111	109	95	71	50	33	26	28	35	44	48	45	36	29	27	26	25	23	23	23	21	20	21	22	26	29	31	32	29	22	17	17	19	23	35	56	84	109	122	125	124	125	124	122	120	120	119	119	116	116	112	104	87	69	55	50	53	59	63	67	
61	61	64	69	73	76	70	59	46	39	36	34	38	44	49	49	50	51	51	48	49	54	66	73	77	75	74	74	73	72	72	70	70	70	70	70	69	68	67	67	65	63	63	66	67	64	58	52	48	46	42	43	47	55	57	56	52	53	54	55	52	49	42	38	41	52	71	89	103	105	92	70	51	36	27	23	26	32	35	34	28	22	18	17	15	14	16	19	21	22	22	24	26	29	30	30	26	22	17	16	20	25	35	57	85	109	122	125	123	123	123	121	119	118	117	117	116	112	108	97	81	63	52	49	51	57	62	66	
60	60	63	69	73	76	72	61	49	40	36	36	38	44	50	50	49	49	50	48	48	52	64	72	75	75	73	73	73	71	71	71	70	70	70	70	70	69	67	66	66	65	63	64	64	61	55	52	53	52	47	38	37	43	51	54	50	52	52	54	51	47	41	36	39	53	67	82	93	96	87	67	50	38	30	25	22	23	23	21	20	20	20	21	21	19	17	19	21	21	24	26	27	29	30	28	25	19	17	17	20	26	38	58	86	109	120	124	123	122	122	120	118	116	116	114	113	111	104	92	76	58	51	48	53	56	61	65	
56	56	59	64	70	74	72	61	49	41	36	36	40	44	50	52	51	48	50	49	51	51	61	71	75	73	73	72	72	72	71	70	70	69	69	69	69	69	68	66	66	66	66	63	58	49	41	38	41	45	43	34	28	29	35	42	45	48	50	52	51	47	41	36	39	54	72	84	89	88	79	62	47	37	33	28	26	25	25	26	26	30	34	37	33	29	23	20	21	22	22	26	28	29	30	28	24	20	16	18	22	27	40	61	88	109	120	122	123	122	120	119	117	116	114	113	110	108	102	89	71	58	49	49	51	56	59	63	
54	54	58	64	70	74	71	63	49	41	37	36	41	46	51	50	50	47	49	50	52	54	61	68	75	73	72	72	72	72	72	70	69	69	69	69	69	68	68	67	65	66	67	66	57	44	27	20	23	30	35	31	26	26	31	34	35	40	45	51	50	48	41	37	39	55	73	91	97	91	79	59	45	37	37	38	39	40	40	41	43	45	47	50	48	41	31	24	20	21	23	25	29	30	30	28	24	19	17	18	23	29	43	64	91	110	119	121	121	121	119	117	115	114	113	110	109	105	97	84	67	54	50	50	53	54	58	61	
52	52	57	64	71	76	73	62	52	41	37	36	41	47	53	51	49	48	51	49	52	54	64	70	74	75	72	72	72	71	71	71	70	68	69	69	69	68	66	66	66	65	66	65	58	42	24	11	14	24	32	31	29	29	34	35	30	29	35	44	47	45	40	36	40	54	74	92	103	99	83	61	45	39	43	50	56	59	58	58	58	61	61	62	57	50	36	26	21	20	22	25	28	30	30	28	24	19	17	19	24	31	46	68	94	111	119	120	119	119	118	115	114	112	111	109	106	103	94	80	63	52	49	50	53	54	57	60	
49	49	54	64	73	78	76	63	50	41	35	34	38	45	54	54	53	51	53	51	50	52	64	72	78	76	75	73	71	70	68	68	68	67	66	67	67	67	65	63	64	66	64	63	58	45	27	15	15	26	34	34	31	32	36	36	30	26	27	36	41	42	35	32	37	54	72	92	101	101	86	64	46	40	46	58	69	74	75	73	71	70	68	65	58	48	35	26	20	19	20	23	26	29	30	28	24	18	16	18	23	34	50	73	97	113	120	120	119	117	115	114	112	111	110	108	105	100	91	76	61	50	48	49	50	52	55	58	
45	45	51	63	74	81	77	65	51	42	40	40	43	48	57	60	59	57	59	55	54	51	60	71	78	79	77	75	72	68	66	64	64	64	64	63	64	64	63	61	62	63	62	57	50	42	30	21	22	33	42	39	32	26	29	33	32	29	31	39	44	39	31	27	31	49	71	90	101	97	84	63	48	40	47	61	76	83	81	74	68	66	65	61	53	44	32	25	20	19	19	21	24	28	31	29	25	19	15	17	23	36	56	79	102	115	121	120	118	116	114	112	112	110	109	109	105	99	87	73	58	51	49	50	50	50	53	56	
42	42	48	60	74	84	85	74	65	54	52	53	57	59	63	65	64	60	62	58	55	52	60	69	79	79	79	76	73	71	67	65	64	64	64	63	63	63	62	61	61	61	57	51	46	42	37	30	25	27	34	37	32	26	25	28	32	33	32	37	44	44	33	28	31	42	61	81	93	90	75	56	41	37	42	56	71	80	79	71	64	61	58	52	43	36	28	23	19	19	19	19	22	26	30	30	25	20	17	17	22	36	58	85	107	118	121	119	118	115	113	112	111	110	109	108	106	97	83	68	55	48	48	51	51	50	53	57	
43	43	49	61	72	83	86	81	74	68	63	64	67	69	69	66	65	62	62	60	56	53	61	70	77	78	77	76	73	72	70	68	67	67	66	66	65	64	63	62	62	61	56	46	35	31	28	28	26	26	29	31	30	25	23	25	29	34	38	39	41	42	38	32	34	44	54	68	80	85	71	50	35	30	38	51	64	73	72	65	55	47	43	40	34	28	23	20	18	18	18	18	20	24	28	30	26	20	18	19	23	36	58	88	110	120	121	119	117	115	112	111	111	111	109	108	106	96	80	62	51	46	47	49	51	52	55	57	
42	42	48	60	71	79	82	77	76	73	69	66	69	69	68	63	60	60	61	58	54	51	61	72	78	78	76	74	74	72	73	73	72	72	71	70	70	68	66	64	63	62	56	44	31	24	25	28	30	28	26	22	18	17	18	23	33	41	46	48	43	40	35	34	37	45	52	57	63	68	64	46	32	26	29	40	51	56	55	48	42	37	33	30	27	22	18	17	17	18	18	19	21	24	29	31	28	20	17	18	24	37	58	86	109	120	121	119	117	114	112	111	111	111	111	108	106	95	78	60	48	45	46	49	49	52	57	58	
39	39	46	57	68	77	77	72	68	66	60	54	57	61	61	56	54	57	62	63	60	54	60	71	80	78	73	70	71	72	73	75	74	73	72	71	69	68	67	64	63	62	57	44	31	24	22	24	25	26	23	23	22	22	23	25	30	36	43	48	51	49	45	38	36	40	44	48	49	53	53	48	37	28	26	30	38	44	42	38	32	29	26	23	20	18	18	19	19	18	18	18	21	24	29	33	30	24	18	19	24	38	59	86	107	119	121	118	116	114	112	111	111	111	111	110	103	93	75	59	49	47	47	49	50	52	56	58	
38	38	43	55	65	73	73	64	58	54	51	46	46	53	58	53	48	49	59	65	64	55	52	59	71	76	73	68	67	69	72	74	75	73	72	70	69	67	65	63	62	60	55	45	31	23	21	23	25	27	27	25	24	22	22	24	27	30	31	37	45	51	46	39	35	37	39	39	39	42	45	44	39	33	29	29	32	35	34	28	25	23	24	24	23	21	19	19	20	19	18	17	18	23	29	33	33	28	24	21	26	37	59	86	106	118	119	118	115	113	112	111	111	112	111	110	100	86	69	55	48	48	50	49	51	53	56	57	
37	37	43	54	64	73	71	62	53	50	47	45	45	49	58	58	55	53	59	66	66	58	50	52	60	69	70	67	64	64	68	70	71	70	68	67	64	63	61	58	57	55	51	43	35	29	27	27	27	27	28	27	25	24	23	24	25	26	26	21	25	33	40	37	33	34	37	37	35	34	37	39	40	39	36	34	34	34	33	29	25	25	25	27	24	23	22	21	21	21	20	19	18	19	25	31	34	32	28	27	27	35	54	82	105	116	119	117	116	113	112	112	111	112	112	108	97	78	61	48	44	44	48	47	48	50	54	56	
39	39	44	56	65	74	73	64	54	46	44	44	49	55	60	62	63	66	69	66	62	54	48	45	53	60	66	65	63	62	63	65	67	68	67	65	64	62	60	58	57	56	53	45	36	31	30	31	30	29	27	26	24	23	23	23	22	21	20	19	20	27	34	35	31	29	32	33	33	33	34	41	43	46	44	41	40	40	38	34	28	25	25	24	24	22	21	21	21	23	23	22	20	19	22	29	35	36	32	29	30	33	50	76	101	114	117	117	115	114	113	113	112	111	112	106	93	73	53	42	37	40	42	43	43	46	50	53	
40	40	46	58	67	74	74	67	61	53	48	46	49	57	62	61	60	60	65	66	61	54	47	44	50	61	67	69	65	64	63	62	63	63	64	63	62	60	58	54	50	46	44	41	37	34	33	35	34	32	30	27	25	23	20	20	21	20	20	19	21	28	37	39	34	30	30	33	31	29	30	33	37	39	43	45	44	42	39	33	28	24	24	24	22	22	22	23	23	23	26	25	23	20	23	28	36	40	37	31	27	32	46	70	95	111	116	116	115	114	114	114	114	113	110	103	87	69	49	37	33	35	37	40	41	43	47	49	
40	40	47	58	63	67	67	64	58	53	49	47	45	50	56	55	51	47	50	54	55	48	44	41	46	58	68	71	68	66	67	66	65	64	63	62	59	55	50	46	42	37	35	34	34	34	34	32	31	28	26	25	22	20	19	17	18	20	20	21	22	28	41	50	52	46	42	38	36	29	26	27	32	34	35	40	42	41	36	31	25	23	22	24	24	23	24	26	26	25	25	26	25	23	23	27	33	40	41	36	32	35	49	70	93	110	117	116	115	115	115	115	115	114	108	98	81	62	46	35	31	31	33	36	40	41	45	46	
40	40	46	56	60	61	59	55	51	46	41	39	36	35	39	43	43	42	42	42	41	38	37	37	41	52	64	72	72	70	68	66	62	58	56	53	52	48	45	39	33	28	23	20	19	21	25	28	27	26	23	21	21	18	15	15	17	21	25	26	26	26	32	44	54	57	53	45	37	34	32	31	34	34	30	28	32	36	36	33	29	24	23	24	26	27	28	30	30	29	28	28	28	28	30	32	35	38	38	36	35	44	59	77	96	109	116	116	116	115	116	116	116	115	107	93	76	56	42	33	31	30	31	34	38	41	44	45	
42	42	47	56	61	58	48	38	33	32	28	26	29	30	35	39	41	40	39	40	39	38	36	34	36	45	60	69	68	62	57	55	51	48	46	45	45	44	39	34	26	19	15	13	14	15	18	20	20	18	17	17	19	21	20	18	19	24	29	32	31	29	27	29	36	45	53	55	51	44	39	37	38	41	39	32	29	32	37	40	38	34	28	27	28	31	34	34	33	32	33	33	35	34	36	38	39	38	36	34	39	52	73	92	104	113	116	117	116	116	116	116	116	114	106	89	70	53	40	32	27	28	30	34	39	41	43	43	
44	44	49	56	60	58	47	36	32	31	30	27	28	31	32	35	38	39	39	39	41	42	42	42	41	41	46	54	59	57	53	48	43	37	33	32	31	32	32	29	27	23	19	17	17	16	13	13	14	15	15	15	17	20	22	23	22	24	31	35	37	34	32	26	21	22	32	41	46	42	37	33	36	38	41	34	29	28	31	38	41	40	36	34	31	31	32	35	37	36	37	39	41	43	41	40	41	41	40	40	45	62	81	101	112	115	116	116	116	116	117	117	116	112	102	85	63	49	40	35	29	25	30	36	40	42	41	41	
42	42	47	55	58	56	50	40	34	31	30	31	32	35	38	39	41	43	41	40	39	40	41	38	37	38	42	46	48	49	43	36	30	27	24	23	24	25	27	25	23	21	18	17	18	20	18	15	16	16	17	17	18	20	23	24	26	28	30	37	40	42	37	33	26	22	26	31	37	40	37	34	32	38	44	43	36	31	27	28	32	40	43	42	39	34	33	34	40	43	44	46	46	45	45	41	39	38	38	40	44	57	80	98	110	113	113	115	115	115	116	116	116	110	97	79	60	45	40	37	33	28	28	35	41	42	41	38	
39	39	43	50	53	52	46	40	36	35	35	36	37	39	39	40	39	39	37	35	35	36	35	35	34	38	43	44	40	34	31	29	27	25	24	23	21	20	18	18	17	17	18	20	23	25	26	24	21	20	20	22	23	24	25	25	27	29	31	32	39	45	49	43	37	31	31	33	33	32	34	33	32	33	40	44	40	31	28	25	28	31	38	43	45	43	37	35	36	41	46	49	49	46	44	42	37	35	36	38	41	46	60	77	87	93	97	103	109	113	114	115	113	105	92	73	55	43	37	36	34	30	30	34	40	43	41	37	
40	40	43	46	47	44	39	33	34	34	35	35	35	35	35	34	36	37	39	38	35	34	34	33	32	29	28	30	32	31	28	24	20	16	17	20	22	19	16	16	17	18	18	17	20	25	28	29	28	28	30	31	33	33	33	33	35	38	39	40	40	45	52	57	52	42	35	35	38	34	35	42	47	46	45	49	53	47	40	38	36	40	40	46	50	51	46	41	41	44	49	52	51	47	43	39	35	32	35	38	39	40	41	47	54	59	65	73	83	95	104	109	109	100	84	66	51	39	35	35	34	32	30	32	36	40	40	39	
45	45	47	49	48	47	43	39	39	40	37	34	30	28	30	31	32	35	38	41	38	34	30	27	25	23	21	20	22	22	20	17	13	11	12	17	22	26	24	22	20	20	21	23	23	26	30	33	34	36	40	45	49	48	44	42	42	43	44	44	45	47	52	61	64	57	44	36	33	31	28	31	42	51	52	46	44	45	42	36	31	34	44	49	51	48	47	45	45	47	51	53	52	46	40	36	34	31	31	34	37	36	33	31	35	39	41	44	51	60	73	86	93	90	76	58	45	38	34	32	34	35	34	33	33	35	38	38	
47	47	52	56	56	52	46	40	39	40	40	39	35	30	27	30	30	32	32	33	34	33	30	24	18	18	21	20	15	13	13	15	16	15	15	17	23	27	30	28	26	25	25	26	30	31	34	38	44	50	56	62	65	65	60	54	52	51	52	50	48	49	53	59	64	63	56	43	35	33	35	35	39	45	51	47	39	38	45	45	37	30	34	44	49	47	44	44	46	50	52	55	55	52	44	38	34	32	29	29	32	33	31	28	27	30	33	34	36	40	44	53	61	67	63	52	43	37	36	32	33	39	42	40	36	34	34	36	
42	42	41	44	49	51	48	45	46	45	45	40	38	33	28	24	24	24	27	26	24	23	21	20	17	15	17	19	19	16	17	17	19	20	20	22	25	29	32	34	32	30	28	29	31	38	43	47	52	61	71	78	81	77	73	65	61	60	60	56	50	46	49	56	62	62	58	49	41	41	46	49	51	51	51	47	42	36	41	48	46	35	23	26	36	41	43	43	45	48	52	54	55	53	49	44	40	37	35	31	30	30	30	27	24	24	28	34	35	37	37	37	39	42	44	42	39	38	36	33	34	39	46	47	42	38	35	35	
38	38	36	35	40	45	49	45	41	38	34	32	26	25	24	23	21	18	15	16	16	14	13	14	17	20	21	24	25	25	24	24	24	26	27	28	30	31	32	35	36	36	32	30	32	37	44	51	57	65	78	90	94	91	85	80	76	74	71	63	57	53	50	52	57	59	56	50	45	43	47	57	65	72	72	63	56	51	50	53	53	48	36	28	32	39	43	44	46	47	51	55	56	54	50	48	46	44	41	37	33	32	34	31	26	24	26	32	36	36	37	36	35	33	32	33	36	39	38	34	32	36	43	48	45	42	38	37	
36	36	34	31	30	30	32	33	32	30	29	26	23	17	15	18	21	21	14	10	10	14	15	17	20	23	28	30	32	29	28	29	32	33	35	34	34	35	36	37	42	44	42	37	34	37	43	48	55	63	75	91	102	101	94	87	86	82	79	77	74	70	59	47	45	47	49	46	44	42	44	54	67	79	87	86	77	71	68	64	60	52	43	34	29	36	42	45	45	45	47	53	58	57	53	49	48	47	46	43	39	36	36	35	32	28	27	30	34	38	37	37	35	33	30	32	34	39	39	34	31	31	37	42	42	40	39	39	
39	39	38	34	31	26	23	24	24	24	21	19	16	12	9	10	16	20	21	18	16	16	19	21	22	25	29	35	37	39	37	36	37	39	41	42	40	39	38	38	40	47	50	47	40	37	40	48	56	67	77	88	98	102	98	90	86	85	83	82	83	78	70	53	41	37	39	39	41	40	40	45	55	67	78	84	81	71	66	62	55	46	40	37	34	35	41	46	48	46	45	49	55	57	53	50	48	48	46	45	41	37	33	33	34	33	30	28	30	35	37	36	35	34	32	32	35	37	38	35	31	31	32	35	36	37	37	39	
41	41	38	31	27	21	17	15	14	12	12	11	12	12	11	13	17	23	25	26	24	24	24	26	29	30	32	34	37	39	44	46	47	47	48	51	53	51	45	40	41	46	52	55	50	47	49	57	63	67	75	87	97	102	101	98	88	79	71	67	69	73	72	63	46	34	32	32	33	33	35	36	41	50	59	67	69	67	61	53	47	41	40	38	38	38	42	48	50	46	44	44	49	51	50	46	46	46	46	43	41	38	35	30	28	28	30	31	29	30	31	33	33	34	34	34	36	37	36	35	33	33	33	33	32	34	35	38	
42	42	39	33	27	25	22	16	10	8	8	10	14	18	21	20	21	23	26	27	29	31	32	31	30	31	32	35	40	46	52	57	61	61	58	57	57	55	50	43	39	42	48	56	60	59	56	58	64	71	78	87	96	98	95	93	89	79	67	55	54	60	65	60	50	42	43	44	40	31	28	29	31	38	43	47	48	48	51	49	40	33	31	33	37	44	50	54	53	49	43	42	44	45	42	38	38	40	41	41	38	37	35	32	26	24	27	32	33	29	28	30	31	32	35	37	38	39	36	33	33	34	35	34	31	32	34	37	
40	40	36	29	24	20	19	19	15	15	16	16	16	20	25	29	30	31	31	30	28	29	30	34	37	41	45	49	51	51	53	57	61	64	64	59	54	50	48	46	43	43	49	56	63	65	61	57	60	65	70	78	86	93	91	92	96	96	84	65	49	48	51	50	43	42	46	50	48	36	30	31	39	43	43	39	37	37	41	50	49	41	32	33	35	39	47	55	58	56	50	42	39	39	38	35	35	38	40	40	39	36	34	32	30	28	28	31	35	35	31	29	30	31	33	38	40	40	37	33	30	33	36	35	32	31	33	36	
38	38	33	26	22	20	24	29	29	25	23	24	25	27	31	34	35	32	30	30	32	35	40	44	49	51	53	52	52	51	51	53	56	58	59	58	51	45	40	37	39	45	50	58	64	69	63	52	46	47	51	64	80	91	95	97	107	120	113	87	55	39	39	41	37	37	44	50	51	43	35	30	36	42	41	37	31	28	25	33	44	48	40	30	28	29	36	48	56	59	53	47	39	36	37	38	37	38	39	40	39	37	36	34	33	32	33	35	38	39	36	31	29	31	33	36	41	41	37	32	31	31	35	36	34	32	32	34	
39	39	40	37	29	23	23	28	31	31	32	34	35	34	32	31	32	33	33	37	43	46	46	47	49	53	55	57	55	53	49	46	43	44	45	46	46	43	39	37	35	38	44	53	62	67	62	49	37	36	44	57	71	86	96	107	119	136	141	121	81	46	35	38	44	41	42	45	48	41	32	27	32	46	53	50	37	28	21	24	34	45	46	39	29	28	34	41	47	48	52	53	53	43	40	42	47	48	46	42	41	40	38	37	35	36	36	38	39	39	37	33	31	31	33	37	39	41	37	33	30	32	33	35	35	34	33	33	
36	36	37	38	35	32	31	34	38	39	37	37	36	36	37	38	39	41	44	43	44	47	49	50	50	50	52	50	49	45	41	38	37	37	37	38	39	40	41	42	40	35	32	41	54	62	61	49	36	31	39	54	69	82	93	107	125	144	151	140	104	63	34	27	34	45	53	58	56	51	38	31	32	39	50	51	43	30	23	21	28	38	45	45	38	33	34	42	46	47	47	52	54	53	46	46	50	54	52	47	42	42	41	39	39	39	42	40	40	38	36	32	30	30	33	36	40	40	37	33	30	31	34	34	35	34	34	32	
34	34	37	40	42	43	43	41	37	38	38	39	42	44	45	46	46	45	46	48	47	48	49	48	47	43	41	40	39	41	40	41	40	39	37	37	37	40	42	45	43	35	27	28	40	54	56	49	37	32	36	50	67	79	87	100	122	147	159	146	115	76	51	37	39	50	64	72	70	63	55	43	36	32	37	48	58	56	45	37	36	45	49	52	50	47	43	46	50	53	50	54	59	62	60	53	52	53	55	52	48	44	44	43	42	43	44	45	41	39	36	32	29	30	33	37	39	40	37	33	31	31	33	35	34	32	31	30	
33	33	35	37	38	39	39	41	42	42	45	47	46	46	44	45	47	50	50	50	50	46	42	38	36	38	37	38	39	43	44	45	44	43	40	40	40	42	44	43	41	35	26	25	34	49	54	49	40	33	32	38	53	68	75	84	101	125	146	150	127	92	58	43	41	50	64	74	76	68	60	51	44	36	34	40	57	75	80	70	56	51	53	55	55	55	52	51	54	57	59	60	66	67	62	59	57	55	49	46	46	50	50	50	48	46	47	47	45	41	39	36	34	32	35	37	38	38	37	34	31	32	33	33	34	32	30	29	
30	30	29	30	34	40	44	45	47	46	44	43	44	43	45	45	46	47	48	45	43	41	38	35	34	34	38	41	47	54	57	55	49	47	44	42	41	42	42	42	37	32	25	25	34	49	55	49	41	34	30	30	38	54	68	75	85	100	119	135	136	118	89	61	47	49	62	74	78	73	63	56	51	47	36	32	43	78	111	123	109	85	68	59	53	55	56	58	57	61	64	65	66	69	66	59	56	53	49	40	38	42	49	52	51	49	47	47	46	44	42	40	39	38	37	39	39	39	37	35	33	33	34	34	33	32	31	29	
34	34	36	37	39	39	40	40	40	42	42	42	42	42	39	38	38	39	40	39	38	37	38	38	39	43	48	50	53	59	65	67	58	53	46	41	38	37	36	34	32	28	25	29	40	55	59	53	42	35	31	32	31	37	47	56	62	71	85	97	106	107	100	83	62	49	53	64	72	74	71	62	56	50	46	39	49	79	124	151	152	128	99	74	60	55	58	59	62	62	61	58	51	50	52	47	44	42	46	44	38	35	40	48	55	54	51	48	46	44	44	44	43	42	42	41	41	40	38	36	34	35	34	34	33	32	32	31	
37	37	39	41	41	40	38	37	39	39	38	36	35	33	32	30	33	36	37	35	34	37	42	47	51	56	63	65	63	67	70	73	66	59	49	40	32	29	27	26	25	28	29	33	43	56	63	58	48	38	33	33	37	37	38	42	46	47	53	62	74	82	87	85	75	61	56	62	68	67	63	59	55	55	56	58	67	90	127	159	174	158	130	97	75	63	59	60	59	60	60	53	45	35	35	36	32	32	32	39	42	40	38	41	49	56	54	51	49	46	43	44	45	45	45	43	41	41	38	39	36	34	34	33	33	32	33	33	
36	36	36	37	39	41	39	37	34	33	30	27	26	26	27	28	28	30	37	43	46	46	48	52	57	63	73	79	81	79	77	72	62	58	50	42	31	24	21	20	23	27	34	40	47	57	63	63	55	45	38	39	43	48	45	37	33	26	23	30	44	54	59	60	62	62	62	73	82	93	87	79	59	51	52	71	93	123	149	170	172	160	132	103	81	69	63	62	60	59	59	57	48	39	29	26	25	25	32	39	51	54	50	48	49	56	58	55	52	49	46	43	45	46	46	45	42	41	40	40	39	35	32	32	31	33	33	34	
34	34	34	32	34	35	35	31	30	28	28	25	23	24	28	34	41	42	44	45	47	44	46	51	62	71	78	82	83	82	78	72	60	56	52	47	35	25	21	19	20	25	32	43	51	56	58	61	63	60	50	38	37	42	45	41	34	31	25	20	23	35	46	55	62	68	72	77	88	101	106	94	76	51	55	71	113	147	179	187	180	152	126	103	85	70	64	63	64	61	60	64	62	56	45	39	30	26	28	36	47	54	52	49	50	56	62	60	55	51	48	46	45	47	46	45	42	40	39	40	39	39	35	33	32	31	33	34	
33	33	33	32	30	29	29	28	26	26	27	29	30	31	37	44	53	55	54	50	49	46	44	48	54	66	74	77	78	79	76	71	59	54	54	53	42	29	22	22	22	23	27	34	45	55	61	62	65	67	64	52	40	42	47	48	44	41	40	34	27	27	39	57	78	89	92	95	101	114	122	119	103	81	64	81	106	149	171	187	175	150	117	91	80	70	68	67	68	67	68	74	82	77	66	52	40	29	26	32	39	46	48	47	51	58	63	63	57	53	49	47	47	48	49	45	42	39	38	39	39	39	37	36	34	33	31	33	
30	30	30	29	28	25	24	25	25	28	34	41	46	47	48	55	64	70	71	63	56	42	31	26	35	49	66	73	76	76	73	66	54	50	52	59	53	39	26	22	24	25	25	28	40	55	64	63	63	67	68	65	58	52	54	56	54	51	51	48	44	36	38	53	80	107	117	114	116	125	128	123	101	85	74	80	110	137	153	148	143	129	109	81	67	68	74	79	83	83	89	98	110	108	90	66	46	35	28	27	27	30	34	39	43	55	61	63	60	55	52	49	50	50	51	49	43	41	38	39	38	38	35	35	36	35	33	30	
32	32	31	31	29	29	28	34	39	42	42	47	56	60	63	64	73	77	77	66	54	40	29	22	24	34	44	55	60	63	66	60	48	39	44	57	67	61	47	33	27	26	23	24	32	46	56	59	64	69	71	62	57	58	65	76	82	82	88	92	84	71	57	56	62	82	115	126	125	120	122	120	105	89	83	86	104	125	136	126	110	101	88	69	54	56	64	76	86	99	110	125	143	154	143	109	72	46	32	27	24	21	23	31	45	57	64	65	60	56	52	51	51	52	52	51	50	46	46	45	43	40	38	37	37	37	35	30	
29	29	29	33	37	41	43	41	43	46	48	52	62	70	72	70	73	76	76	67	57	41	31	25	27	32	38	40	44	46	55	61	50	40	33	48	59	68	63	51	39	31	29	27	28	36	46	54	61	71	78	72	59	58	72	94	116	129	134	139	133	109	83	61	64	70	85	102	104	106	109	116	114	105	95	93	96	111	121	125	108	93	78	64	49	44	52	68	90	108	125	139	158	178	187	169	127	83	53	38	30	27	25	32	46	62	68	67	62	56	52	52	52	53	53	54	52	52	49	49	45	42	38	37	37	37	35	31	
29	29	31	38	45	49	47	45	44	48	54	57	64	68	70	67	69	71	72	65	57	44	36	32	38	46	49	45	35	30	32	39	42	38	31	33	45	53	57	52	46	42	41	44	37	31	31	33	42	60	83	88	80	75	91	116	139	159	175	185	184	167	132	98	72	66	63	68	78	81	85	87	91	102	107	106	100	91	98	97	103	96	89	71	55	42	44	55	73	93	115	135	158	176	196	201	190	151	106	69	51	46	45	46	50	61	68	68	62	57	53	53	55	56	55	53	53	51	51	48	46	41	38	36	36	37	35	31	
29	29	31	39	47	53	51	45	43	44	45	49	52	61	68	68	68	68	69	64	58	46	39	35	41	52	64	65	54	40	35	36	40	38	34	32	37	45	46	43	37	37	39	49	55	47	34	27	31	51	80	103	109	108	118	142	169	189	208	222	226	211	181	139	101	71	60	60	65	64	59	59	71	93	115	119	100	82	75	86	94	100	95	81	62	49	51	57	69	90	112	140	159	177	189	202	210	194	160	119	92	78	72	69	68	68	71	68	62	57	52	52	54	58	56	52	49	48	47	45	40	36	31	31	33	33	32	27	
29	29	31	39	47	55	51	41	33	34	41	48	58	60	67	66	68	67	67	62	58	48	40	37	41	50	62	75	73	55	41	37	41	37	28	23	26	38	44	46	41	35	31	35	48	53	43	34	45	74	111	134	142	137	145	168	197	218	227	234	236	232	209	179	139	107	79	62	58	55	56	57	70	84	103	111	96	72	59	66	83	89	96	94	87	74	67	73	79	86	97	114	144	168	181	187	196	201	187	161	134	113	99	92	86	79	74	69	62	56	51	48	50	54	55	51	47	44	42	41	36	31	28	28	31	33	32	28	
31	31	34	42	48	55	49	35	27	29	40	50	61	67	68	66	67	66	65	61	56	49	41	35	37	42	53	63	72	68	55	50	49	51	42	32	27	33	44	52	56	52	41	33	34	43	47	43	51	81	128	162	173	173	177	190	209	223	233	238	241	235	227	209	185	145	112	84	69	61	58	71	87	107	110	113	100	76	59	55	71	87	101	105	108	105	98	90	95	100	102	102	114	141	164	176	181	183	181	166	149	133	117	103	94	85	77	71	64	58	53	51	52	54	54	49	44	44	44	43	38	31	28	27	29	31	33	33	
35	35	38	46	50	55	49	33	24	25	35	48	60	67	71	68	70	68	65	61	58	50	40	30	28	35	43	51	55	58	54	48	46	48	47	40	35	34	38	46	58	69	70	64	52	47	44	44	49	73	117	163	190	199	206	212	218	226	234	238	236	234	226	222	206	183	138	109	90	89	85	93	119	142	148	135	115	97	73	70	75	90	109	119	130	135	133	120	109	108	112	113	109	114	133	156	170	171	172	162	147	130	118	106	92	87	80	74	68	62	59	56	62	63	61	52	43	44	48	49	45	36	29	28	28	30	33	35	
36	36	41	49	54	58	54	40	27	24	30	39	53	62	68	68	71	73	71	65	61	56	44	29	23	30	41	50	53	50	44	38	40	45	45	42	38	38	46	52	65	86	104	106	87	70	61	57	57	67	98	132	162	175	193	212	227	230	231	235	237	236	233	225	213	198	179	153	136	127	129	129	139	163	173	164	143	123	111	92	95	100	116	133	141	146	143	135	119	105	106	120	135	132	128	134	157	169	171	164	147	127	105	96	88	83	79	75	73	69	64	61	61	71	70	63	50	44	48	52	51	44	36	31	31	30	33	37	
37	37	41	49	55	61	59	48	37	29	29	34	45	56	65	66	70	74	75	68	62	59	50	36	25	26	34	44	52	52	45	34	27	29	30	32	32	43	55	75	87	110	137	158	150	113	77	58	54	62	87	115	137	145	161	185	202	206	206	209	219	221	212	200	186	175	172	169	170	170	174	181	186	191	194	184	170	165	157	147	129	129	130	136	145	142	143	137	129	118	117	135	161	180	173	161	159	182	190	177	156	133	111	90	82	81	80	78	76	79	78	73	67	64	70	63	55	45	45	51	52	46	37	30	28	30	32	37	
34	34	41	49	56	58	58	51	47	41	38	36	44	53	62	65	69	73	74	70	61	59	53	42	34	33	40	48	52	56	54	48	37	34	35	38	39	46	66	79	100	116	154	188	202	167	101	51	38	49	72	101	126	140	142	149	160	162	161	164	175	188	187	172	156	141	135	139	152	172	185	199	208	213	207	198	186	186	188	184	165	154	157	154	146	135	125	116	113	121	134	154	180	206	218	198	183	181	202	188	159	128	109	94	81	79	79	81	83	84	91	92	82	70	61	58	51	43	43	46	49	47	40	31	25	23	26	29	
28	28	36	49	56	61	57	49	47	45	45	44	48	55	62	64	68	71	72	68	62	55	49	43	37	39	45	49	51	53	58	60	60	55	59	57	54	54	63	87	104	125	151	188	209	190	133	70	39	42	65	92	116	134	141	132	125	118	110	112	122	136	140	129	114	102	98	105	117	132	144	163	191	212	218	214	208	203	201	196	181	167	168	170	155	132	116	109	104	113	140	171	206	228	239	231	206	195	193	197	172	138	110	95	87	83	82	83	86	95	97	102	96	83	68	53	49	42	39	42	43	48	46	39	28	20	20	23	
16	16	24	38	52	60	60	50	44	42	44	46	52	59	66	66	66	67	68	65	57	53	47	44	45	48	55	57	54	57	63	68	70	74	77	81	74	70	66	74	86	98	114	143	179	192	160	101	51	39	52	76	95	105	119	122	112	93	76	73	85	104	116	107	90	81	83	87	88	86	94	105	136	176	204	213	209	203	193	178	161	148	147	153	154	140	124	114	111	120	142	179	206	227	232	228	209	186	172	169	162	134	110	94	88	85	84	88	90	97	105	103	97	87	73	56	42	42	39	37	38	40	42	41	35	28	24	21	
11	11	20	34	48	59	62	52	46	41	40	40	49	59	69	70	69	67	64	61	56	54	54	53	50	53	58	59	55	49	53	60	71	87	99	99	91	79	72	69	71	74	85	107	143	170	169	135	86	54	48	60	79	90	93	95	88	82	73	66	65	74	93	100	86	79	85	93	86	73	70	76	94	134	175	201	205	196	181	156	136	125	130	145	148	138	121	118	118	128	151	184	213	222	225	221	216	190	166	145	137	125	107	95	86	83	81	87	98	102	105	103	98	87	75	61	48	36	36	35	36	37	36	37	34	30	25	22	
10	10	19	34	48	58	63	54	48	42	39	36	41	52	63	70	70	70	63	57	54	57	58	63	65	66	68	66	58	50	48	55	70	95	122	124	109	85	74	71	70	66	65	75	98	123	142	146	125	90	58	46	46	56	64	68	67	62	65	67	71	74	81	99	109	115	122	125	114	87	74	79	92	112	142	174	194	193	181	156	127	107	110	131	143	137	127	127	131	138	153	186	217	231	227	220	217	205	173	140	116	106	98	91	85	80	81	88	101	112	110	104	95	89	76	68	54	42	33	34	35	35	32	29	25	22	21	22	
15	15	22	36	50	61	65	58	50	43	37	33	33	42	54	61	66	66	65	59	54	58	65	72	77	77	73	63	54	47	46	49	63	92	133	156	142	107	77	67	67	71	70	69	73	87	108	119	117	100	74	55	48	53	61	60	55	53	56	70	84	96	101	104	118	134	154	169	170	151	128	126	141	147	149	160	177	184	178	169	155	139	134	144	153	151	142	139	137	138	146	176	209	232	232	228	225	216	194	158	126	108	96	88	82	76	76	87	105	118	118	106	94	87	84	74	64	51	47	40	40	40	41	35	28	24	21	19	
24	24	29	38	51	60	64	54	48	40	36	33	33	37	48	56	60	61	56	55	53	60	68	76	78	75	70	63	55	47	44	47	56	77	117	155	164	137	103	80	70	72	70	65	61	71	86	100	104	96	79	63	62	71	81	78	65	54	59	74	92	104	118	125	139	159	179	199	202	198	183	177	185	196	188	172	164	169	172	165	167	164	162	158	161	158	151	148	152	148	141	159	192	224	232	231	229	222	201	167	135	110	97	84	75	73	72	77	94	115	121	108	93	82	79	72	61	51	48	46	47	53	56	51	36	26	23	25	
31	31	37	46	54	60	59	48	42	39	39	39	41	44	46	52	55	56	50	44	45	56	66	73	73	69	60	53	45	36	32	38	49	62	84	119	146	145	124	103	91	76	66	60	55	55	65	77	87	89	77	71	65	79	88	95	85	66	57	67	87	106	121	134	149	170	194	206	208	201	200	201	204	206	201	185	169	164	166	162	163	168	170	165	161	163	162	162	161	159	153	159	180	211	229	234	229	218	196	164	135	113	98	86	74	68	70	72	80	99	119	122	106	87	77	69	56	42	37	43	56	72	84	82	66	46	34	32	
43	43	44	49	56	60	57	46	40	38	41	44	47	53	55	55	54	54	49	42	34	40	51	59	59	53	45	38	35	33	31	33	44	59	75	93	116	131	130	118	112	102	86	71	63	55	59	76	91	91	83	79	80	86	96	103	98	83	65	66	77	99	121	137	154	170	198	217	216	205	196	196	198	197	191	177	165	156	153	150	156	166	172	164	153	150	158	170	177	177	172	173	185	209	229	238	228	211	185	156	129	110	99	87	75	67	67	72	77	83	102	121	128	118	98	76	52	33	25	31	51	81	110	125	119	95	63	39	
47	47	51	55	57	61	64	58	48	42	43	48	53	59	62	60	53	51	47	41	33	32	41	49	47	37	28	23	23	24	22	23	34	55	80	91	103	112	126	122	111	104	97	85	67	61	60	70	85	89	83	71	74	83	90	87	88	82	72	59	61	72	91	117	145	171	197	216	222	210	200	197	193	185	173	161	150	147	149	153	155	167	182	181	165	153	160	178	193	199	196	195	203	218	232	236	225	203	175	148	122	106	97	90	80	72	70	75	82	87	89	108	123	132	119	92	65	41	27	25	44	83	130	164	173	158	120	75	
46	46	54	64	66	65	62	60	55	50	50	53	53	58	58	59	55	52	52	47	41	33	33	39	40	33	21	14	13	17	17	18	26	48	76	101	106	111	114	120	109	94	88	84	81	70	66	67	77	90	90	82	71	79	88	90	82	83	83	74	68	67	73	88	114	153	188	213	221	217	209	205	204	193	172	154	149	157	166	169	170	170	184	194	193	183	185	199	215	224	223	220	217	216	221	223	214	193	165	141	120	108	99	90	82	76	72	74	80	89	93	96	106	112	111	99	81	57	39	32	49	90	146	191	211	203	170	117	
24	24	33	48	55	60	58	57	58	57	55	53	53	52	54	53	50	49	47	49	48	47	40	41	43	40	31	20	15	16	18	18	21	37	61	85	103	105	103	101	108	99	86	75	81	82	72	64	69	83	92	85	80	81	93	99	90	82	83	85	77	73	68	72	83	115	155	187	199	205	208	216	218	215	198	169	144	147	173	194	197	191	187	196	205	209	211	220	232	239	241	236	227	212	206	203	199	178	154	135	121	111	101	92	84	76	74	75	78	84	90	91	94	96	95	87	74	60	45	42	58	98	155	207	231	232	201	147	
13	13	20	32	44	55	56	53	50	50	48	47	48	52	52	49	44	42	40	38	40	43	43	42	44	44	37	28	25	25	29	28	30	38	59	81	99	101	96	92	99	108	103	90	78	85	88	85	75	79	87	92	91	101	116	127	122	101	94	90	90	83	81	74	78	95	124	158	178	190	201	215	228	229	223	201	163	138	155	194	217	209	191	186	198	217	231	240	248	251	252	246	234	217	198	185	175	162	146	132	124	115	102	93	84	78	74	75	76	76	78	79	78	82	81	80	71	58	47	41	63	105	164	215	242	245	221	169	
20	20	26	34	41	50	54	49	43	42	42	43	45	48	49	46	39	37	37	34	30	31	36	36	40	42	40	31	26	30	35	39	41	49	60	83	97	104	93	88	94	105	116	112	103	88	91	93	93	87	92	94	98	100	117	131	136	127	108	100	99	96	96	90	85	92	116	146	166	173	184	199	217	230	231	221	191	156	143	162	193	201	191	175	182	205	231	246	251	252	250	246	237	225	204	184	166	151	142	132	126	118	106	95	84	81	80	79	77	75	74	74	68	64	65	68	67	62	54	46	59	99	159	209	236	236	224	186	
29	29	31	36	39	46	47	45	41	36	33	35	40	43	45	46	43	37	34	38	36	32	30	30	29	36	38	36	28	28	36	45	48	56	68	82	103	114	115	98	96	105	119	121	118	111	100	93	94	102	114	116	104	95	103	122	132	125	121	110	110	107	105	101	94	97	119	150	165	167	165	184	202	221	227	219	195	164	145	149	167	179	176	171	170	191	218	240	249	248	243	241	239	230	214	193	175	154	140	133	130	123	111	100	92	87	88	86	85	78	73	69	65	59	56	53	51	45	47	47	60	89	140	185	211	212	199	177	
36	36	38	40	38	41	43	40	35	31	28	30	33	39	47	53	57	53	50	46	46	42	38	37	37	38	44	40	33	23	28	36	50	58	77	90	99	111	109	102	89	101	116	124	115	111	106	102	91	92	104	126	121	102	83	87	95	100	102	109	112	115	113	104	101	106	126	149	165	167	158	155	173	195	214	214	194	164	141	141	154	166	168	166	173	186	209	230	239	239	232	228	230	225	215	197	177	157	139	131	129	123	114	104	97	94	92	93	91	89	80	74	66	61	57	54	47	38	32	38	58	85	116	140	166	180	178	155	
39	39	42	45	42	41	44	45	40	35	32	31	28	29	39	45	48	52	58	56	48	40	37	35	36	39	45	51	45	35	32	39	55	77	101	124	130	130	129	113	96	82	98	108	113	103	99	92	93	88	89	101	120	113	90	66	70	83	101	114	131	131	129	110	99	94	104	121	140	145	142	132	137	158	184	198	185	158	131	126	140	159	172	175	183	189	201	215	228	229	224	216	211	210	205	191	170	150	141	138	134	125	116	108	104	103	102	100	95	90	90	81	77	65	59	56	53	44	35	36	52	73	93	102	110	127	143	136	
