24	24	48	72	72	72	72	72	70	66	58	49	42	39	37	36	35	35	37	38	39	40	39	38	37	35	33	32	31	30	29	28	30	34	40	47	54	60	65	68	69	68	66	64	62	61	60	60	60	59	55	47	38	29	25	23	23	24	28	34	41	47	51	54	57	58	59	59	60	59	55	46	35	25	20	18	18	19	19	20	20	19	18	18	18	19	20	21	22	23	23	22	21	20	19	19	19	19	20	20	21	21	20	20	20	19	19	20	23	29	38	44	46	43	37	32	28	27	30	34	37	39	44	52	58	61	61	61	
65	65	69	97	121	144	144	143	142	135	123	106	91	81	76	73	72	71	73	76	78	79	79	77	75	72	68	64	62	60	58	56	54	56	61	69	80	94	108	120	129	132	131	128	125	122	121	120	119	117	110	96	77	60	47	42	41	41	43	49	58	70	82	92	101	108	113	116	117	117	110	96	76	57	44	39	38	39	40	40	41	40	38	37	37	37	39	41	43	46	47	47	45	42	40	39	38	38	38	40	40	41	41	40	39	38	38	40	46	58	73	90	98	100	94	85	77	71	69	70	73	75	79	91	107	118	122	122	
125	125	129	138	166	193	216	215	212	205	188	167	144	127	117	112	110	110	110	113	116	117	118	117	113	109	104	99	95	93	90	87	83	80	80	86	95	108	125	143	160	173	180	182	183	183	182	181	178	172	161	143	120	97	78	65	60	60	60	63	69	79	92	107	121	136	150	160	168	169	164	147	123	97	77	64	61	60	61	62	61	62	60	58	56	56	57	59	62	65	69	70	69	66	62	59	58	56	57	57	60	60	60	60	58	58	58	62	71	88	109	128	147	155	158	152	143	133	125	119	117	116	117	123	141	164	179	183	
186	186	190	198	207	215	218	216	212	200	183	158	137	121	113	110	109	110	113	115	118	118	117	117	114	109	104	99	95	92	90	88	85	82	79	76	78	82	88	97	108	120	133	145	154	164	171	175	175	167	151	129	105	84	69	60	56	56	57	57	60	62	66	71	80	92	108	126	142	154	154	142	119	93	74	64	61	63	64	64	64	62	62	60	58	57	57	58	59	62	65	68	68	67	63	60	57	58	56	57	57	59	58	57	57	57	60	66	81	100	122	142	156	166	169	171	169	166	161	155	148	140	132	128	134	152	171	182	
186	186	190	198	206	215	219	217	212	199	177	152	129	116	109	107	108	110	113	116	118	119	118	115	115	112	108	102	97	93	90	87	86	85	84	82	79	80	81	81	80	81	86	94	107	121	139	154	162	159	143	120	95	75	64	60	60	60	61	61	61	63	62	62	62	65	72	87	108	128	145	144	129	106	85	73	68	65	65	64	63	62	59	59	59	58	58	58	58	58	60	63	64	64	62	58	57	55	57	56	57	56	57	56	55	57	63	75	93	114	134	152	162	168	171	174	178	179	179	177	173	166	157	148	145	151	163	176	
187	187	190	198	207	216	220	218	212	197	175	148	128	114	110	109	110	111	113	115	117	118	118	116	114	114	112	110	105	100	94	90	86	86	86	87	87	87	86	83	77	71	67	66	70	80	96	119	140	150	145	126	101	79	66	62	62	64	64	65	64	63	64	62	61	60	61	70	88	113	136	150	149	136	119	102	91	81	73	67	64	61	59	56	57	58	59	60	60	58	57	58	60	60	60	59	55	56	55	57	57	57	56	56	57	61	71	88	107	128	146	160	167	169	172	174	178	181	182	183	183	181	177	169	163	160	163	170	
185	185	186	191	202	213	219	218	210	193	170	145	127	117	114	114	115	116	118	119	120	119	118	117	115	114	115	114	114	110	104	97	92	87	87	88	90	91	90	86	79	71	65	62	61	63	74	94	121	144	153	145	127	105	87	75	69	67	67	66	65	65	63	62	60	59	63	71	90	114	138	156	165	165	157	145	130	116	102	88	77	69	64	60	57	57	58	60	61	60	58	57	58	59	59	60	59	56	57	56	56	56	56	57	60	68	81	101	124	143	159	168	172	174	174	176	178	181	184	184	185	185	185	182	175	168	163	163	
179	179	177	177	187	199	211	214	208	191	166	142	126	120	120	121	121	123	124	125	124	123	121	118	115	113	113	115	115	115	111	105	97	92	88	87	87	87	86	83	78	71	64	61	60	62	72	92	118	144	162	167	161	148	129	111	95	83	76	71	67	65	63	61	60	60	65	79	99	126	148	165	175	177	177	173	166	155	143	128	113	99	86	76	68	63	62	61	61	60	59	58	58	59	61	62	63	62	58	58	56	55	55	57	64	75	93	115	138	158	170	176	178	179	180	181	182	183	184	185	185	186	186	185	181	170	158	149	
170	170	165	159	162	171	186	199	201	191	170	146	130	123	124	125	126	127	128	128	127	125	123	119	114	110	109	109	111	111	110	106	101	94	88	85	83	82	79	75	70	66	61	58	58	63	76	99	127	153	171	180	181	176	167	153	138	122	106	93	82	73	67	65	64	66	73	89	113	137	159	171	177	179	180	180	179	176	170	163	152	140	127	111	97	85	76	71	66	62	60	58	57	59	61	63	64	65	63	59	58	56	55	58	67	85	106	127	148	164	175	179	182	184	184	185	185	185	185	185	186	186	185	184	179	169	152	137	
154	154	152	146	140	140	153	173	190	194	183	164	146	135	131	129	129	128	128	127	126	123	120	116	112	107	103	103	102	103	102	102	98	94	87	83	81	77	73	67	62	59	57	55	57	64	81	106	136	160	176	184	186	185	182	178	171	162	150	133	117	101	89	83	82	84	91	104	125	148	166	176	178	178	178	179	179	180	179	177	175	168	161	152	138	123	109	97	88	79	70	64	61	59	61	62	64	65	65	63	59	58	57	61	74	95	121	143	158	170	176	180	182	185	186	186	186	186	186	186	186	186	185	181	175	162	147	129	
136	136	135	133	125	122	129	151	176	193	197	189	176	163	152	143	136	131	127	125	122	119	115	111	108	105	101	98	96	94	94	93	93	90	88	83	80	77	72	66	60	56	55	55	57	69	87	115	143	166	178	184	186	186	186	184	183	181	177	170	156	142	127	117	112	113	116	124	139	157	171	177	178	177	177	177	178	179	180	180	178	178	175	172	168	159	147	136	125	113	100	88	78	70	65	65	65	64	64	63	62	60	61	66	80	105	133	157	172	177	180	181	182	183	185	186	186	186	186	186	186	186	185	180	168	155	138	124	
119	119	120	120	117	116	123	143	169	192	205	208	204	196	184	172	160	148	138	131	124	118	112	108	104	102	102	99	95	92	89	90	89	90	87	85	79	76	71	66	60	57	55	57	62	74	98	124	151	171	181	184	185	186	186	186	185	184	184	183	180	171	162	151	145	141	139	141	148	160	170	175	177	177	177	177	178	178	179	179	179	178	179	178	177	175	171	164	158	151	140	128	114	101	89	81	75	71	68	66	64	63	64	71	87	112	141	165	179	185	185	185	184	184	185	186	186	186	186	186	186	185	182	176	164	147	132	118	
112	112	113	114	113	116	126	145	170	194	210	216	216	214	210	202	193	181	169	155	143	131	121	112	106	101	100	100	97	93	90	88	90	91	90	86	81	74	69	64	61	58	57	59	67	83	106	135	159	175	183	185	185	186	186	186	186	186	185	185	185	184	179	174	167	158	147	138	138	145	155	166	171	175	176	177	177	179	179	180	179	178	177	178	178	178	177	176	173	171	168	161	152	142	130	117	106	95	86	78	73	68	68	77	94	120	146	168	181	185	188	188	187	186	186	186	186	186	186	186	186	184	179	169	156	141	125	115	
111	111	113	116	114	117	131	152	176	197	212	218	219	218	218	217	213	208	200	191	178	164	148	133	120	110	103	99	96	93	90	89	89	92	93	90	84	76	68	62	59	57	57	59	69	87	113	141	165	179	184	186	186	186	186	186	186	186	186	185	185	185	185	182	177	163	143	123	111	112	122	134	147	156	165	170	174	176	179	180	180	179	178	178	179	179	178	177	177	176	176	175	172	168	162	155	145	135	121	109	98	89	83	86	103	126	152	170	181	185	186	188	188	187	186	186	186	186	186	186	185	183	175	163	146	132	120	113	
114	114	118	124	123	125	136	158	183	203	213	218	219	219	219	219	219	218	216	211	207	198	185	169	152	137	123	111	102	94	90	88	88	89	91	91	85	79	70	65	60	58	56	60	69	90	118	146	168	180	185	186	186	186	186	186	186	186	186	186	186	186	186	185	179	165	140	112	92	83	86	95	105	118	130	144	154	163	169	175	178	179	180	179	178	178	178	177	177	177	177	177	177	176	175	173	170	164	158	147	136	124	113	107	113	132	153	172	181	186	187	186	187	187	187	187	187	187	187	187	185	180	171	155	140	125	116	111	
118	118	124	134	140	144	151	165	188	207	217	219	220	219	219	219	219	219	219	218	216	215	211	202	189	174	159	143	127	114	101	94	89	87	86	86	84	78	73	68	65	61	59	59	70	90	120	150	170	181	185	186	186	186	186	186	186	186	186	186	186	186	186	185	179	163	138	106	82	70	67	70	75	81	89	101	115	128	140	152	163	170	173	176	177	177	178	178	178	178	177	177	177	177	177	177	176	176	173	171	164	156	145	131	124	130	147	164	177	184	186	187	186	186	187	188	188	188	188	188	184	176	163	148	132	121	113	111	
118	118	125	138	149	162	170	178	193	207	216	220	220	220	219	219	219	219	219	219	219	218	218	217	211	203	193	183	170	154	138	122	108	97	88	82	78	76	72	69	67	65	63	62	69	90	120	150	173	183	186	186	186	186	186	186	186	186	186	186	186	186	186	185	178	161	133	102	78	66	63	64	65	66	67	72	79	88	99	111	125	140	150	156	164	170	173	176	178	179	178	177	177	177	177	177	177	178	178	177	176	170	159	143	127	123	130	145	158	170	178	181	184	185	186	187	188	188	188	187	182	170	155	140	126	116	112	111	
118	118	124	137	150	166	179	189	198	206	212	217	219	219	219	219	219	219	219	219	219	219	219	219	219	216	212	208	203	195	183	168	150	130	111	94	83	75	72	70	67	67	64	64	70	89	118	150	172	183	187	187	187	187	187	186	186	186	186	186	186	186	185	184	177	159	131	98	75	64	61	62	63	64	64	64	65	68	71	77	85	96	110	121	131	144	155	163	169	174	176	177	177	177	177	177	177	178	179	178	177	172	159	139	121	111	113	121	134	145	155	164	168	174	178	180	183	184	185	183	177	165	147	132	121	114	112	112	
119	119	125	138	149	164	175	182	190	194	200	206	212	215	216	217	218	219	219	219	219	219	219	219	219	218	217	216	215	215	211	205	192	176	154	133	112	96	83	77	73	68	67	65	71	89	117	148	172	183	186	188	188	188	188	187	186	186	186	186	186	186	185	182	175	158	130	99	73	61	59	60	62	64	65	65	64	64	63	63	65	70	76	85	93	103	117	130	141	150	160	166	170	174	175	176	177	177	178	178	175	168	153	132	111	101	102	111	118	126	131	138	145	150	156	163	168	173	177	178	173	162	145	129	119	116	114	114	
119	119	125	136	149	161	169	172	174	176	177	181	190	200	207	211	214	217	218	219	219	219	219	218	218	218	217	217	217	216	217	215	212	203	190	174	157	140	124	108	95	85	76	72	75	90	118	148	171	184	188	188	189	189	189	188	188	187	187	186	186	185	185	181	172	154	128	99	76	62	59	59	60	63	64	65	65	64	63	62	62	62	64	66	70	73	80	90	99	110	121	134	145	156	165	170	173	175	175	174	170	162	146	125	105	96	99	108	116	119	121	123	126	130	133	139	146	154	164	171	172	165	152	138	128	123	121	118	
120	120	125	135	146	159	165	166	166	165	161	156	156	164	175	187	198	207	213	216	217	218	218	219	217	217	217	216	215	215	214	214	211	209	202	194	186	178	168	155	139	125	110	98	92	100	122	150	171	184	188	188	188	188	188	188	187	187	187	187	186	186	185	182	172	152	124	97	77	66	61	60	60	61	63	63	63	63	62	63	62	62	62	63	63	64	63	65	69	74	82	91	103	116	129	142	153	161	166	168	165	158	145	125	106	97	100	109	116	119	119	119	120	121	122	124	128	137	149	162	171	172	166	158	150	144	139	134	
124	124	127	135	145	156	162	162	162	162	159	154	145	139	140	148	160	174	187	199	207	212	215	216	218	216	216	216	216	215	214	211	208	204	201	197	193	191	190	185	178	167	156	142	130	124	133	152	171	183	188	189	188	188	188	187	187	186	187	188	188	187	185	181	170	149	120	93	75	66	63	63	63	63	62	63	62	62	62	62	63	63	63	63	63	61	61	59	59	60	62	66	72	79	89	100	113	127	140	150	157	156	149	135	118	108	107	112	116	118	118	119	119	119	120	120	123	130	142	157	170	176	178	175	173	169	164	159	
139	139	139	141	148	156	161	160	160	161	161	161	157	146	134	127	127	133	145	159	174	187	196	205	211	216	217	217	217	216	213	210	206	201	197	195	192	192	192	193	191	188	183	179	168	157	148	150	161	173	181	186	188	188	188	188	187	187	187	187	188	187	186	181	168	145	116	89	73	65	64	64	65	65	64	63	63	62	63	63	64	64	64	64	63	62	60	60	60	60	60	61	62	64	66	71	76	86	100	119	137	151	156	151	139	128	122	121	120	119	118	117	118	118	119	122	125	133	144	159	171	179	182	184	183	184	182	179	
161	161	159	156	158	159	162	161	160	160	161	162	162	160	152	140	129	122	120	123	130	142	157	172	186	197	205	211	214	215	213	209	204	200	196	194	193	192	193	193	193	192	190	189	185	175	158	142	137	142	153	165	175	182	186	188	188	187	187	187	187	188	186	181	165	140	110	83	68	63	64	65	65	65	65	63	63	63	64	66	67	68	66	65	64	63	61	60	61	62	63	63	63	62	63	63	65	67	75	91	116	140	158	165	161	153	145	139	134	129	125	121	119	119	120	122	129	138	151	164	176	183	186	186	186	187	188	187	
178	178	176	171	168	165	163	163	161	161	161	162	163	165	164	159	148	136	125	118	114	113	118	128	140	155	168	181	194	202	206	204	201	198	196	194	194	194	192	193	192	191	192	190	188	178	158	133	112	105	109	121	136	151	165	175	182	185	186	186	186	186	186	179	163	136	106	81	67	63	63	65	66	66	64	63	61	63	64	66	68	69	70	67	66	64	62	60	60	62	63	65	64	64	62	62	62	64	70	85	108	135	157	172	178	175	169	163	156	151	145	139	132	127	125	128	135	147	160	173	182	188	188	188	188	187	188	188	
185	185	182	178	174	168	166	165	164	163	163	164	164	165	166	165	163	156	144	131	120	112	107	105	109	116	126	136	148	161	171	178	182	186	189	192	194	194	194	193	192	191	190	191	187	178	156	127	100	83	80	83	93	105	120	136	151	163	171	175	177	179	181	178	162	134	102	79	67	65	65	65	66	66	65	63	62	61	63	65	68	69	69	69	66	65	63	62	61	61	63	63	65	63	63	61	62	64	73	90	114	139	160	174	184	187	185	181	178	174	171	165	159	151	145	142	144	152	164	176	186	190	191	190	189	188	187	188	
186	186	184	181	177	171	168	168	168	167	166	166	167	166	166	167	166	165	161	150	136	122	113	107	103	103	104	107	109	114	120	127	136	146	159	172	182	188	191	192	192	191	190	189	189	179	158	128	97	78	70	70	72	77	83	92	104	116	129	142	153	163	171	173	164	139	107	82	70	67	69	68	67	66	65	64	63	62	62	64	67	69	68	66	66	64	64	63	62	63	63	64	63	63	60	61	61	67	78	98	123	149	168	178	184	189	191	191	189	189	186	185	182	178	171	161	154	152	159	169	177	183	187	188	188	188	188	188	
187	187	185	181	177	174	170	170	170	171	169	168	168	170	171	169	169	167	167	165	155	139	122	111	106	103	103	102	98	92	87	85	87	94	106	122	140	158	172	181	186	189	189	189	186	178	158	128	99	78	70	69	71	72	74	74	75	80	86	96	111	129	148	163	166	152	126	99	82	75	73	72	69	67	65	63	62	63	64	65	67	68	68	66	63	63	62	62	63	63	65	65	65	63	61	60	64	72	88	109	134	157	175	184	186	188	191	192	192	191	192	191	191	189	186	176	162	151	146	149	154	160	166	172	176	180	182	184	
187	187	185	182	178	174	173	172	172	172	173	172	171	171	171	172	171	171	170	168	166	157	142	124	111	105	105	104	99	88	77	71	67	67	70	77	89	104	122	138	155	167	178	183	184	178	162	134	103	81	71	68	70	72	74	74	73	70	70	70	75	88	112	140	161	165	154	137	119	106	97	88	82	75	70	67	62	61	63	65	67	69	68	66	64	63	63	64	64	64	63	65	64	63	61	61	66	78	97	120	145	166	180	188	191	191	192	193	192	193	193	193	192	190	185	176	162	147	136	132	133	135	139	143	149	154	161	167	
180	180	182	183	179	176	174	174	174	174	174	175	174	173	172	172	173	173	173	171	168	165	158	144	128	114	106	104	98	90	78	68	65	64	64	65	66	71	78	90	103	121	137	154	166	172	167	147	118	92	76	71	69	71	73	74	74	73	70	69	69	73	88	116	145	166	172	167	160	149	138	127	115	103	91	82	76	69	67	68	69	69	69	66	64	63	64	65	66	66	65	64	64	62	62	63	69	85	106	131	153	172	184	190	193	194	194	194	194	193	193	193	191	188	181	169	154	140	130	124	124	124	123	125	127	130	134	141	
163	163	168	175	175	175	175	176	176	176	176	175	175	175	175	173	172	170	171	171	170	167	164	159	148	134	119	107	100	90	82	72	66	67	67	68	68	67	67	67	71	76	88	104	127	148	162	162	145	120	97	81	74	70	71	73	74	74	73	71	70	72	82	104	134	160	176	181	181	179	174	168	159	148	135	122	111	102	91	84	79	75	72	69	65	64	64	66	67	67	68	66	64	63	61	63	72	90	116	141	161	175	185	190	193	194	195	195	195	195	193	193	191	185	175	162	147	133	125	122	122	123	123	121	120	119	120	120	
140	140	146	157	163	170	172	174	175	176	176	176	174	174	174	174	172	171	169	168	168	167	166	163	159	149	137	121	104	92	81	76	72	68	68	69	70	71	69	68	66	66	67	73	88	114	143	163	167	155	134	114	98	87	81	78	76	74	73	71	70	72	83	105	134	161	177	185	187	186	185	185	183	179	174	164	155	145	136	123	112	102	94	85	77	70	68	66	67	67	66	67	66	65	64	65	76	98	124	150	169	178	186	190	192	193	194	195	194	194	194	192	189	181	170	155	141	129	122	120	120	122	123	123	122	120	118	118	
126	126	132	144	156	164	169	169	172	173	174	175	175	173	172	173	173	171	169	167	166	165	165	165	162	157	147	134	116	98	85	77	74	71	69	69	71	71	71	69	68	65	64	66	74	95	126	156	174	178	170	155	140	125	112	103	95	88	82	78	75	75	85	106	136	163	180	187	189	188	187	186	187	187	186	185	181	179	173	166	155	144	133	122	110	97	86	80	75	72	69	66	66	65	65	70	82	104	132	156	173	182	186	191	192	192	192	194	195	193	193	191	186	177	163	150	136	127	121	120	120	121	123	123	123	123	120	118	
123	123	129	141	153	165	168	168	168	171	171	172	174	174	173	172	173	172	171	169	167	166	165	164	162	158	150	140	128	112	95	83	75	72	71	70	70	72	70	69	67	67	65	64	73	92	121	152	175	185	187	183	175	168	158	148	138	126	113	103	96	93	98	114	139	164	180	188	189	189	188	187	186	187	187	187	187	186	187	184	181	175	169	162	154	141	127	114	104	94	86	79	73	69	69	77	92	115	140	162	175	182	186	189	192	192	193	193	195	195	192	190	183	173	158	142	132	125	122	120	120	121	122	123	123	123	123	121	
124	124	129	140	153	165	171	168	168	168	170	170	170	172	173	173	172	172	171	170	169	167	166	164	161	156	149	141	133	124	111	97	84	75	72	71	71	71	71	68	66	64	64	65	72	93	122	152	175	187	190	191	190	188	186	181	176	169	159	147	136	127	123	129	145	164	178	186	188	189	188	188	188	187	186	186	186	186	186	187	186	185	184	183	180	175	167	158	147	136	124	112	101	91	86	90	105	126	149	167	177	182	186	188	191	193	193	194	194	195	194	189	181	167	153	138	127	123	121	121	121	121	122	123	123	123	124	124	
126	126	131	141	152	165	171	171	169	168	168	169	169	170	173	174	174	170	166	165	166	167	165	162	159	154	146	139	132	128	123	113	99	86	75	72	72	73	72	70	67	63	62	64	73	92	123	154	176	187	191	191	192	192	192	192	191	190	187	181	174	164	153	143	144	152	165	173	180	184	187	187	188	188	188	187	187	186	186	186	185	185	186	186	186	185	184	181	178	172	164	154	143	131	121	117	123	137	153	167	176	181	186	189	191	193	194	194	195	195	194	189	178	163	147	135	127	122	121	121	121	122	122	123	123	124	124	125	
129	129	133	143	153	164	172	173	174	173	173	174	176	178	180	182	181	175	163	156	157	159	160	158	153	148	143	136	131	128	126	124	115	103	89	78	73	73	73	71	67	65	63	65	74	93	123	155	178	189	192	193	193	192	192	192	192	192	192	192	189	185	172	152	133	126	130	141	151	162	169	176	180	183	184	187	187	187	186	186	186	185	185	186	186	186	186	186	185	185	183	179	173	166	155	147	143	144	149	154	160	170	179	186	190	191	193	194	194	195	193	188	176	159	144	132	126	124	123	123	123	122	123	123	123	123	124	125	
131	131	136	146	158	169	177	181	184	187	189	190	191	193	195	196	197	191	176	154	143	144	148	149	147	141	137	133	129	127	126	124	123	115	105	93	82	75	73	71	68	65	65	67	77	96	124	154	177	189	194	194	194	194	193	192	192	192	192	192	191	187	177	155	128	106	98	100	108	118	130	141	151	161	167	173	180	183	184	184	185	185	185	185	186	186	186	186	185	184	184	185	183	180	175	164	151	140	131	128	131	142	158	170	178	181	184	188	189	190	191	186	175	158	141	132	127	126	125	125	124	123	122	122	122	122	123	124	
134	134	143	158	170	184	192	196	199	203	205	206	208	210	212	214	212	210	200	175	145	127	127	132	134	134	130	128	126	126	124	123	121	121	115	109	98	88	78	73	68	65	64	68	79	99	127	155	176	188	192	194	194	194	194	193	192	192	192	192	191	187	176	153	124	98	83	79	81	84	90	98	107	117	130	141	151	161	167	171	175	179	181	183	185	186	186	186	186	185	184	184	185	184	179	170	150	128	110	100	102	111	127	143	153	159	163	169	174	178	181	181	173	159	144	133	131	129	129	127	126	124	122	120	120	121	121	123	
135	135	146	166	181	198	208	212	216	218	220	219	219	221	223	223	221	218	215	203	173	137	112	108	114	119	122	121	122	121	122	120	118	117	117	114	110	102	92	81	72	66	64	67	77	99	127	156	176	187	191	192	193	193	193	192	192	192	192	192	191	187	174	152	121	94	79	74	75	75	75	75	78	83	89	99	109	120	130	139	147	155	163	169	174	179	182	184	185	185	185	185	185	186	183	173	153	124	98	83	82	92	106	121	132	137	141	144	150	155	162	169	170	165	155	145	139	138	135	133	129	126	123	120	119	119	120	121	
134	134	146	168	188	209	220	224	226	228	228	227	224	222	224	225	224	221	218	215	201	167	127	97	92	99	107	112	114	116	117	118	118	116	115	114	113	111	105	96	84	74	67	66	75	95	127	156	178	187	191	192	192	191	191	191	190	190	191	191	191	186	173	149	119	91	75	70	71	73	74	74	73	72	73	74	79	85	92	99	107	116	125	135	144	152	162	169	175	179	181	184	184	185	183	175	154	125	95	79	77	88	103	114	122	127	128	129	131	136	142	153	165	170	170	165	160	155	152	147	142	137	131	127	124	122	121	121	
133	133	144	168	192	214	225	225	228	229	229	229	227	226	224	225	224	222	217	216	210	189	151	112	87	83	89	98	104	108	111	114	115	116	114	112	111	112	111	108	99	88	77	70	74	93	123	156	178	189	191	192	192	192	190	190	190	189	189	190	189	185	172	149	119	92	75	68	68	70	73	74	75	74	72	72	70	71	72	75	78	83	89	95	103	112	122	133	143	153	161	167	174	177	179	172	155	126	98	80	79	90	105	117	122	124	126	125	125	127	132	142	157	172	180	183	182	179	174	170	164	158	152	145	139	134	131	128	
135	135	144	165	189	214	225	225	226	229	229	228	228	227	227	226	225	222	219	213	207	192	163	126	97	81	79	83	90	97	103	106	110	112	113	112	111	110	111	111	109	101	90	81	79	93	122	154	178	189	192	192	192	192	191	189	189	189	189	189	188	184	172	149	120	94	77	69	67	68	71	73	74	74	74	72	72	70	70	69	70	71	71	73	75	80	85	92	101	111	122	132	142	152	160	164	155	135	107	89	84	93	108	120	126	126	125	126	125	125	128	138	154	171	185	191	193	192	191	188	185	180	176	171	165	158	152	148	
145	145	152	168	189	211	223	223	224	226	229	228	228	229	229	228	226	223	220	215	203	187	162	131	104	88	80	78	78	83	91	99	103	107	109	110	110	110	109	110	110	108	101	93	91	100	124	153	176	188	192	192	192	192	192	190	189	189	189	189	188	185	174	150	121	95	79	72	69	69	70	71	72	72	72	73	72	73	72	71	70	69	69	68	68	69	71	73	76	81	87	95	102	112	125	141	152	148	132	114	107	108	117	126	131	131	128	126	126	126	128	135	151	169	184	193	195	195	195	195	194	193	190	189	186	183	177	172	
163	163	167	178	195	213	223	222	222	224	226	227	226	227	229	229	226	225	221	216	205	184	157	128	106	92	86	82	78	76	79	87	96	101	104	105	107	108	110	109	109	109	107	103	101	108	126	151	172	184	189	191	192	192	191	191	190	189	189	189	189	186	174	151	121	94	79	72	70	70	71	70	70	70	70	72	74	75	76	75	74	72	70	70	69	70	71	73	73	73	75	76	80	83	94	113	137	154	157	150	144	141	141	144	144	142	138	132	129	129	132	138	149	167	182	191	195	195	195	195	195	195	195	194	194	193	192	189	
183	183	186	194	206	218	226	225	224	224	226	225	225	225	227	230	229	226	224	217	206	183	154	126	105	95	91	88	84	79	76	78	85	93	99	102	103	106	107	109	108	109	109	108	106	110	123	143	163	174	179	183	187	190	190	190	191	191	190	190	190	187	176	151	121	94	78	72	70	70	72	72	71	70	70	71	75	78	80	80	78	76	74	71	71	71	72	74	75	75	75	75	74	76	82	99	125	151	169	175	175	174	172	170	168	163	156	150	143	140	141	147	155	167	181	190	195	195	195	195	195	195	195	195	195	195	195	195	
196	196	199	206	213	223	227	227	226	226	227	228	226	225	226	226	227	226	224	220	206	183	152	124	106	96	93	92	89	86	81	78	79	83	90	96	100	102	104	104	106	107	109	109	109	108	114	126	140	151	156	161	168	175	182	185	187	189	190	190	190	188	177	155	121	93	77	71	72	72	73	74	73	71	71	72	74	79	82	84	82	79	77	74	72	71	71	73	74	75	75	74	73	73	80	97	123	151	171	182	186	189	191	189	187	184	180	172	167	161	159	160	166	172	181	189	194	196	195	195	195	195	195	195	195	195	195	195	
200	200	203	209	216	223	228	227	226	226	227	229	229	227	225	224	223	223	223	219	206	181	151	122	104	97	94	92	92	90	88	84	80	79	81	87	93	97	100	101	101	103	105	107	107	107	107	110	117	123	128	128	131	140	151	162	169	175	181	184	188	188	181	159	128	95	78	73	74	75	75	76	75	74	72	72	73	76	79	82	83	80	77	75	72	71	70	70	72	73	73	72	71	71	79	97	125	152	172	182	188	191	194	195	195	194	193	192	186	183	179	176	175	176	176	181	186	190	193	193	194	195	196	196	196	195	195	195	
201	201	204	211	216	223	227	228	227	226	226	227	230	230	229	226	222	219	217	214	202	177	147	120	104	97	95	94	91	91	90	88	85	82	80	80	84	88	93	97	97	97	98	101	103	103	104	104	106	108	108	106	102	103	109	119	130	141	150	160	168	175	176	163	136	106	84	76	76	77	77	76	77	74	73	71	71	73	75	77	79	78	76	74	72	70	70	70	70	72	71	71	71	72	80	98	126	154	173	184	188	192	194	195	196	197	197	198	198	195	193	188	181	173	168	165	168	172	177	181	184	187	190	193	194	195	195	195	
204	204	207	212	217	222	225	225	226	226	227	228	229	231	230	228	224	219	215	209	195	171	140	116	102	96	95	94	93	90	90	90	88	86	83	81	80	81	83	87	91	92	93	95	98	100	100	101	103	104	103	102	98	92	86	85	91	99	108	117	129	141	152	155	145	125	104	90	84	82	81	79	76	75	72	71	70	71	72	74	75	75	74	73	72	71	70	71	72	71	72	70	71	74	82	99	127	155	175	185	191	193	196	197	197	197	198	199	200	199	198	193	183	170	158	151	148	150	153	158	163	167	171	176	182	186	189	192	
207	207	209	214	219	222	224	224	223	225	228	229	229	228	228	227	225	223	218	210	193	165	135	110	99	95	94	94	93	93	90	89	90	87	86	85	84	82	79	77	81	86	90	92	93	95	98	98	100	101	102	101	101	97	92	84	78	78	80	84	90	99	111	128	140	142	134	121	111	103	96	90	84	78	75	71	69	69	71	72	73	74	73	72	72	73	73	73	74	74	72	71	70	73	84	102	128	155	176	186	192	196	197	198	198	198	199	199	200	201	199	195	184	168	154	143	139	137	138	139	142	144	147	149	155	163	170	177	
206	206	210	217	220	224	224	223	223	222	222	224	223	221	220	220	221	221	219	209	192	165	133	109	97	94	94	93	93	93	92	90	89	90	88	88	88	88	84	78	74	75	80	87	90	92	94	97	97	99	100	100	100	101	99	96	88	81	78	75	73	74	80	94	119	141	155	156	148	140	131	121	112	102	92	85	78	75	73	74	73	73	73	71	71	72	73	75	76	77	75	72	72	74	83	102	129	154	174	186	191	196	198	198	198	198	198	199	199	200	199	193	183	167	150	140	135	133	133	133	133	133	132	133	133	138	147	155	
194	194	202	214	218	219	217	210	204	198	193	189	188	187	188	194	201	209	210	202	183	160	134	111	97	93	93	94	96	95	93	91	90	88	88	87	88	89	89	85	78	72	72	77	85	89	91	93	95	95	98	99	99	100	100	99	98	93	87	81	75	70	69	76	95	128	157	173	176	171	165	159	150	141	130	118	109	99	92	86	82	78	75	73	72	71	73	74	76	77	77	75	73	73	81	98	125	154	174	185	193	195	198	198	198	198	198	198	199	199	197	193	182	166	151	139	135	133	132	133	132	132	130	127	128	128	133	140	
169	169	175	184	188	188	181	173	165	160	156	155	154	155	157	159	165	172	179	176	164	145	127	111	99	94	94	96	99	102	98	94	91	90	89	88	87	88	90	90	86	78	72	69	73	80	85	89	92	94	95	97	99	100	101	101	101	101	96	90	83	76	70	70	84	112	146	171	182	184	183	181	179	173	168	160	150	141	130	121	111	102	93	86	81	76	73	74	74	76	77	77	76	74	77	91	117	147	173	186	192	196	197	198	198	198	198	198	198	198	196	191	181	166	151	141	135	134	133	131	133	132	131	129	128	131	133	137	
138	138	133	133	143	151	150	143	140	139	139	138	139	137	136	137	137	139	139	139	133	123	112	105	99	95	93	95	101	106	108	102	97	94	92	90	88	86	87	88	88	84	77	71	68	70	75	82	88	92	93	95	96	99	100	101	101	101	101	96	91	84	78	73	78	99	132	163	179	185	186	187	186	186	183	181	178	173	168	160	152	142	132	120	110	101	91	84	80	78	78	78	77	77	77	84	107	138	167	185	194	197	198	198	198	198	198	198	198	198	197	192	182	167	152	142	137	135	135	134	132	133	132	132	132	133	137	140	
138	138	137	133	140	141	143	136	133	134	137	143	147	150	148	145	144	140	131	117	105	96	93	94	96	94	91	93	99	107	112	111	105	101	97	94	92	90	87	88	89	88	83	77	71	66	66	71	79	87	91	92	95	96	98	100	100	100	100	101	97	93	87	82	81	94	121	152	173	181	184	185	186	187	186	186	186	185	184	182	178	173	167	161	151	141	131	118	107	97	90	87	85	82	81	84	99	129	160	181	193	198	200	199	199	198	198	198	198	198	198	195	185	170	154	143	138	136	135	135	135	133	133	135	136	138	141	143	
146	146	149	152	147	145	145	148	150	153	159	163	168	170	170	162	152	145	138	124	106	90	82	83	86	90	91	92	95	103	111	113	110	105	103	99	97	95	92	89	91	91	88	82	78	73	69	68	73	81	88	92	93	95	97	97	98	98	99	99	100	98	96	92	91	98	118	142	164	177	181	183	183	183	185	184	186	185	185	185	185	183	182	180	178	173	167	160	150	140	129	118	109	102	95	93	102	123	154	179	192	197	199	201	200	200	199	199	199	199	198	196	189	175	157	145	138	136	135	135	134	135	135	136	140	143	146	148	
147	147	149	153	157	162	165	169	171	171	172	173	171	172	169	165	157	145	134	125	113	101	89	80	78	81	88	92	94	98	106	111	109	106	104	103	100	98	96	93	92	95	94	89	84	82	78	75	75	80	86	90	92	94	95	97	96	97	97	98	99	100	99	98	97	101	115	137	156	168	175	179	181	181	182	184	183	185	184	184	185	185	184	184	184	184	183	181	178	174	167	159	150	141	132	123	120	129	149	173	190	196	198	198	200	200	201	200	200	200	199	197	191	179	162	146	139	136	135	134	135	135	137	139	141	146	148	151	
150	150	151	154	158	164	168	168	168	168	167	167	167	164	163	159	155	145	128	111	100	95	94	89	82	78	79	86	92	96	99	104	107	105	104	101	100	97	96	96	94	95	96	95	90	86	85	82	81	82	86	90	92	93	95	95	97	96	96	96	97	99	99	100	100	101	106	122	139	152	161	169	175	179	179	181	183	183	185	184	184	185	185	184	184	184	184	185	185	185	184	182	179	175	168	161	153	148	152	164	178	190	195	196	197	199	199	200	200	201	201	199	194	182	166	150	139	136	135	135	135	137	138	141	143	146	149	151	
154	154	155	158	162	164	166	167	168	170	171	170	169	166	161	157	149	136	118	97	81	75	80	88	91	86	80	79	85	91	94	96	99	101	102	101	99	98	97	96	97	96	97	96	94	90	88	87	85	85	87	89	92	93	93	95	95	96	96	96	96	96	99	99	100	100	102	105	115	123	131	139	148	158	166	172	177	180	181	183	183	184	186	186	186	184	184	184	185	185	185	186	185	184	184	182	179	172	164	159	161	169	178	184	187	191	194	195	197	198	199	199	196	188	172	155	143	137	136	136	137	138	141	143	145	147	149	150	
155	155	158	163	167	171	173	172	172	174	177	179	178	174	168	160	150	136	114	89	69	59	60	69	82	90	90	85	82	82	87	90	93	97	101	103	100	96	94	94	95	98	98	98	97	95	91	88	86	85	86	87	89	91	92	93	94	94	95	96	96	97	97	99	99	100	101	102	102	105	105	107	112	118	128	139	150	160	167	172	176	179	182	184	185	186	184	184	184	185	185	185	186	186	186	186	184	180	172	160	152	149	154	160	166	171	176	181	184	186	189	192	194	191	181	164	150	142	139	139	140	141	144	146	146	147	148	150	
155	155	159	166	172	178	181	181	180	180	182	186	189	187	179	170	161	148	127	99	73	58	52	55	63	76	88	92	89	84	81	84	90	96	102	104	102	96	93	92	95	96	98	97	98	98	95	90	87	84	85	86	88	89	91	91	93	94	95	95	96	97	98	98	98	98	99	100	101	101	100	95	91	90	90	96	105	118	130	140	150	158	165	171	177	181	184	184	184	185	185	184	184	185	185	185	186	183	176	164	150	142	139	143	145	149	153	157	162	166	169	175	180	185	184	175	163	153	148	146	146	146	147	148	149	148	148	149	
155	155	159	167	176	183	187	188	188	189	191	195	196	194	187	177	165	152	134	113	91	72	60	53	53	57	69	82	91	93	89	84	83	90	99	106	107	101	95	93	93	94	94	94	94	97	97	92	87	84	83	84	86	87	88	90	90	93	93	95	95	96	97	98	98	97	97	98	100	101	101	100	95	90	84	79	77	79	86	96	107	118	128	138	148	159	167	173	177	179	182	184	184	184	185	185	185	186	180	170	155	142	137	136	139	139	140	142	142	145	148	152	159	167	176	179	176	172	167	164	162	160	158	156	155	153	151	151	
157	157	162	171	180	191	196	198	199	200	203	205	204	201	194	182	166	145	125	109	98	89	77	66	56	53	54	63	75	87	94	92	87	83	89	97	104	104	99	96	95	97	97	96	95	95	95	91	85	83	82	83	84	85	87	87	89	89	92	92	95	95	95	97	97	98	96	96	98	99	101	102	101	98	93	87	81	74	69	69	73	80	88	97	107	118	130	139	147	156	163	170	176	178	181	183	184	185	186	178	166	150	139	135	135	138	139	139	138	136	137	139	142	149	159	172	182	186	190	188	187	184	180	176	172	168	165	163	
166	166	171	181	191	200	206	207	209	211	214	216	215	210	202	190	169	143	115	93	82	83	85	81	72	62	55	53	58	67	80	90	93	91	85	84	88	94	97	97	97	99	102	101	100	98	95	89	84	80	80	81	83	83	85	86	86	87	88	91	91	94	95	95	96	97	98	97	98	99	100	102	103	102	101	98	93	87	78	71	66	66	69	72	77	83	91	99	106	113	124	134	145	155	161	167	173	179	184	185	177	164	150	141	138	137	139	140	139	138	136	137	138	141	147	160	178	193	202	208	208	207	205	201	198	193	190	186	
182	182	185	192	203	212	217	218	218	219	221	224	222	217	208	197	179	149	115	86	69	66	74	82	84	79	69	59	54	55	61	72	82	90	91	86	81	80	85	90	95	99	102	104	104	101	96	89	81	78	77	79	80	82	82	84	85	86	86	87	90	91	93	95	95	96	98	99	99	99	100	100	101	102	102	103	100	98	92	84	76	70	68	68	69	71	74	76	78	82	87	95	104	113	123	131	143	156	169	178	182	178	167	156	147	144	142	142	143	141	139	138	139	141	144	153	171	191	207	214	218	218	217	216	214	213	210	209	
202	202	203	207	215	223	227	228	227	225	224	223	223	218	211	203	186	160	124	92	72	63	63	70	79	86	85	78	66	58	54	56	63	72	83	90	89	82	78	79	86	95	102	106	106	103	95	87	79	75	75	77	79	80	81	82	84	85	86	86	87	90	92	93	96	96	97	99	99	100	100	100	101	101	101	102	103	102	101	96	89	82	76	73	72	72	72	72	71	71	73	75	78	83	88	96	107	123	141	158	170	179	181	175	167	159	156	153	150	148	145	142	142	143	146	153	166	186	204	215	219	220	220	219	219	219	219	218	
217	217	217	219	222	225	228	227	228	227	225	224	220	216	211	204	191	165	134	104	84	73	67	65	68	76	84	88	85	75	63	55	53	56	64	76	86	89	85	79	79	86	97	105	107	103	95	84	76	73	73	75	77	80	80	81	82	84	85	87	88	88	90	93	93	96	96	97	98	98	99	99	99	100	100	101	102	104	103	104	100	95	88	82	78	75	74	72	72	71	72	73	75	75	76	78	86	101	119	136	152	167	181	187	185	180	175	172	168	163	160	156	152	152	153	157	166	182	201	213	219	220	219	219	219	220	220	220	
221	221	222	222	224	222	223	223	224	226	226	225	223	214	206	199	186	166	136	113	96	86	79	73	69	68	73	80	86	89	82	70	58	52	52	57	67	79	87	87	83	81	86	95	101	100	93	83	75	72	72	73	74	77	80	81	81	82	84	85	87	88	88	90	92	93	96	96	97	97	97	97	99	99	101	102	103	104	105	104	105	103	100	95	89	85	79	76	73	72	72	73	74	76	76	78	83	95	112	127	139	153	171	186	193	194	192	190	188	184	180	177	174	171	171	171	174	183	197	210	217	219	221	220	220	220	221	221	
221	221	221	222	224	222	219	219	219	220	222	223	221	213	202	189	176	156	132	111	101	95	90	85	78	72	69	70	74	82	89	87	77	63	54	50	51	58	70	80	85	84	82	83	88	91	89	81	73	70	70	71	72	74	76	79	80	80	81	84	84	87	88	88	89	91	94	97	97	97	97	98	98	100	100	102	103	104	105	106	106	107	105	104	101	96	92	85	79	75	72	72	73	75	79	80	84	95	110	125	134	144	159	179	193	198	199	200	200	199	196	196	196	195	194	194	193	193	198	204	211	214	216	218	219	219	220	221	
221	221	221	222	224	225	222	221	220	219	221	221	219	211	199	184	165	144	121	103	96	97	96	93	89	82	76	71	68	70	77	86	88	82	69	57	49	46	50	61	72	80	83	82	81	83	85	83	77	71	70	70	71	72	74	75	77	79	79	81	83	84	87	87	88	90	91	95	97	98	98	98	99	99	100	100	103	104	105	106	107	106	105	104	105	105	102	99	92	85	80	75	74	73	76	80	85	95	109	123	133	139	152	169	187	197	201	202	203	204	205	206	209	211	212	212	211	208	205	202	199	200	201	204	207	211	212	214	
219	219	221	223	224	225	227	226	227	224	223	221	216	207	194	177	159	135	113	97	90	92	95	96	95	93	87	80	73	68	68	73	81	86	84	74	61	50	45	46	54	64	73	78	79	79	83	86	87	83	77	74	71	71	72	75	75	76	78	78	81	83	85	87	88	89	90	92	95	97	98	98	98	100	100	100	101	103	103	104	104	105	105	105	104	105	107	106	104	100	94	87	81	77	75	79	85	95	107	121	131	139	146	161	179	194	201	203	203	205	208	211	214	217	219	220	220	218	214	205	194	184	182	182	186	189	194	196	
210	210	214	221	223	225	227	230	230	230	227	224	217	205	191	172	152	130	108	94	87	88	90	93	96	97	95	91	85	77	71	70	72	77	81	82	76	65	54	47	45	50	57	66	72	78	82	89	93	95	92	86	81	76	74	73	75	74	75	78	79	81	83	85	86	88	89	91	93	94	96	97	97	98	99	99	100	101	102	101	102	103	105	105	105	104	105	108	109	109	107	102	95	88	83	82	88	95	106	118	128	135	143	153	170	187	199	203	205	206	209	213	217	220	221	222	222	222	218	211	196	180	169	166	166	170	172	175	
191	191	198	211	216	223	225	228	231	230	229	225	218	206	191	172	149	124	105	93	88	86	88	89	91	95	97	96	95	91	85	78	75	72	72	74	76	74	68	60	53	50	54	60	69	76	83	89	95	98	100	98	96	91	86	80	77	77	74	75	78	79	81	83	85	85	88	89	90	93	93	96	96	96	98	99	99	101	102	103	102	102	103	104	106	107	106	106	108	110	111	111	108	102	96	92	93	99	107	115	124	130	136	147	161	178	193	203	206	209	211	214	218	221	222	222	222	222	221	215	203	183	168	159	157	158	161	162	
174	174	182	196	209	218	224	226	229	230	227	224	217	206	192	174	150	124	103	92	89	88	86	86	86	88	92	96	97	98	98	93	86	79	73	68	67	69	71	70	68	66	67	72	76	82	88	94	99	102	103	104	103	104	101	98	91	85	81	76	75	77	79	81	82	84	85	87	88	90	92	93	96	96	96	98	99	99	102	103	104	103	103	104	105	108	108	107	107	109	111	113	113	112	109	105	105	108	112	117	119	124	128	136	150	168	186	199	208	211	215	217	219	221	222	222	222	222	222	219	209	192	172	161	155	155	156	159	
165	165	173	187	201	217	224	225	227	227	227	222	215	204	189	173	152	126	104	92	88	88	87	85	84	84	86	89	94	98	102	104	100	92	83	73	65	62	63	68	72	77	82	88	92	95	99	104	106	108	107	107	107	107	110	109	108	102	95	89	82	78	77	78	80	81	84	86	87	89	90	91	93	95	96	96	97	99	99	102	103	105	105	105	106	106	108	109	109	109	111	112	113	113	114	114	115	118	121	121	122	120	122	126	138	157	180	198	208	215	217	220	221	221	222	222	222	222	222	221	214	200	181	165	157	154	156	157	
165	165	173	186	201	216	225	226	226	227	225	222	213	202	188	170	149	127	106	94	90	87	86	85	83	83	82	84	87	91	97	103	106	102	95	87	78	69	62	62	68	77	88	99	106	108	109	111	113	113	113	111	111	111	112	114	114	113	110	105	98	91	84	79	78	79	81	84	87	87	89	90	91	93	95	96	97	97	99	100	102	104	106	106	106	107	108	109	110	110	110	112	112	114	114	117	120	125	129	131	128	126	122	122	129	147	171	195	210	215	219	221	222	222	222	222	222	222	222	221	218	207	190	172	161	156	156	158	
166	166	173	187	201	216	225	225	226	225	224	219	212	200	185	168	144	122	105	95	91	88	85	84	83	82	82	82	84	86	89	95	102	105	103	98	94	87	78	71	71	79	90	100	109	113	113	113	116	117	117	117	114	114	115	115	116	115	114	113	111	107	101	94	86	81	79	80	83	86	87	90	90	92	93	95	96	97	98	100	102	103	104	106	106	107	108	110	110	111	111	112	113	114	116	118	122	127	133	136	137	134	132	129	130	141	163	188	208	219	220	221	222	222	222	222	222	222	222	222	220	213	197	179	165	159	156	158	
166	166	172	185	199	216	224	225	225	224	221	215	206	196	182	163	140	117	101	93	90	89	86	84	83	82	82	82	83	86	89	89	93	99	104	104	102	102	100	94	90	91	97	105	111	115	116	116	117	119	119	119	119	117	117	118	118	117	115	114	115	115	113	109	103	96	88	83	81	81	84	86	89	90	93	93	96	96	98	100	101	103	103	104	105	106	108	108	111	112	112	113	114	115	117	120	124	130	136	140	143	143	142	141	140	144	159	182	203	216	222	220	220	221	222	222	222	223	223	222	221	216	204	185	169	160	157	156	
166	166	172	184	198	214	223	224	224	223	219	211	201	190	178	160	136	113	97	91	89	88	87	85	84	83	83	84	84	87	91	93	90	91	96	103	106	107	110	111	109	110	112	115	118	118	118	117	118	119	120	120	120	121	120	120	121	120	118	116	116	117	117	116	114	111	106	99	92	86	82	83	85	88	90	93	94	96	97	98	101	102	104	104	104	104	106	109	110	112	114	114	116	118	119	121	125	132	138	143	145	147	148	150	152	155	163	179	198	211	218	222	221	221	221	222	222	223	224	223	222	219	209	192	173	161	158	157	
166	166	172	185	198	213	222	222	222	221	219	212	200	187	173	156	133	111	95	89	88	87	87	86	86	86	87	88	88	88	91	96	97	91	89	93	100	105	110	116	119	121	123	124	123	122	121	119	118	120	121	121	121	121	122	122	123	123	123	121	119	119	120	120	118	116	115	113	109	103	96	88	86	85	87	89	92	94	95	97	99	102	102	104	104	105	105	107	110	112	114	116	117	120	121	123	125	131	138	143	147	150	154	157	161	165	168	177	190	204	212	216	219	218	219	219	221	222	223	224	223	221	214	198	179	164	159	159	
168	168	173	184	197	212	220	221	219	219	217	212	201	186	171	153	133	112	99	92	89	87	86	87	87	89	90	92	92	91	92	96	99	97	91	87	91	96	104	112	120	123	125	126	126	125	124	123	122	121	123	123	123	123	123	124	124	125	125	125	124	122	122	122	122	120	119	118	117	116	113	107	99	94	89	89	89	91	94	95	97	99	101	102	105	105	107	107	109	112	115	116	118	120	123	126	130	132	137	143	147	151	157	161	166	169	173	176	183	191	198	202	203	206	208	212	215	218	220	221	222	221	217	205	187	170	161	160	
168	168	173	185	198	212	219	220	219	218	216	210	201	188	172	151	130	114	102	97	92	89	86	85	87	88	92	95	96	94	94	95	99	100	98	93	90	94	98	105	114	121	123	125	126	126	126	126	126	125	125	126	126	126	126	126	126	126	127	127	127	126	124	124	125	125	124	122	121	121	121	119	116	111	105	98	94	91	91	93	95	97	99	101	102	105	107	110	111	113	115	117	118	121	124	128	132	137	139	142	146	151	157	164	170	174	176	178	179	182	186	188	187	185	186	189	194	199	204	208	211	214	215	209	197	183	172	167	
170	170	174	185	197	211	217	217	217	218	216	211	202	189	171	149	126	111	104	100	97	92	88	86	85	87	90	95	97	97	96	97	99	104	104	101	97	97	102	104	109	114	119	121	123	125	126	127	129	129	130	130	129	129	129	129	128	128	129	129	128	128	126	126	127	128	128	128	126	125	124	124	122	121	120	115	109	103	97	94	93	95	97	100	103	105	108	110	113	115	118	120	121	122	126	129	134	140	146	149	150	154	160	166	171	175	178	178	178	178	179	181	180	176	171	169	171	174	179	183	187	192	197	202	202	198	192	186	
180	180	182	188	199	210	216	217	217	218	217	212	203	189	169	145	123	108	103	101	99	96	92	88	87	86	87	90	95	98	99	98	99	103	108	107	105	105	108	111	110	110	112	115	118	122	125	127	129	131	132	133	134	133	132	131	131	130	130	131	131	129	129	128	129	131	132	131	131	129	128	127	127	125	124	125	122	119	113	106	100	95	95	97	101	106	109	112	114	117	120	123	124	125	127	131	135	139	145	153	161	164	166	170	173	176	178	179	179	179	179	179	181	181	176	170	164	162	160	161	162	165	171	180	192	202	208	207	
198	198	197	198	205	213	216	216	216	216	215	211	201	187	166	141	118	104	100	101	100	98	96	94	89	87	86	87	90	94	96	97	97	100	106	110	110	111	116	118	118	114	111	110	112	116	121	125	128	131	132	134	135	137	136	134	133	133	132	131	132	131	129	130	131	133	135	134	133	132	131	130	129	129	129	127	128	126	125	122	116	109	102	99	100	106	111	115	117	118	121	123	125	127	129	133	137	142	146	153	162	174	179	179	178	177	178	179	181	181	182	181	180	181	181	179	175	169	165	160	156	152	152	158	171	190	208	218	
215	215	215	214	215	217	219	217	216	215	212	209	199	183	161	135	113	100	98	99	99	98	96	96	94	91	89	88	88	89	91	93	94	96	100	106	111	115	120	126	125	123	119	115	113	113	116	120	123	127	130	132	135	135	137	138	136	135	134	134	132	132	131	131	133	136	137	138	136	134	132	132	132	133	135	135	132	131	129	129	129	126	120	114	111	111	118	123	127	125	124	125	126	128	131	135	141	147	153	157	163	170	181	187	187	184	181	181	182	183	183	184	183	181	182	183	183	181	177	172	165	159	153	151	157	174	195	214	
222	222	222	223	222	220	219	218	216	213	208	202	195	178	155	130	109	98	95	96	95	94	94	93	94	92	91	89	88	89	91	91	93	94	97	102	109	117	125	129	131	129	128	126	123	120	117	116	117	119	123	127	130	134	134	136	138	137	137	135	135	132	133	133	135	137	139	140	140	137	135	133	134	136	137	140	140	137	136	133	133	134	132	129	126	126	129	137	142	144	139	135	133	131	132	137	143	153	161	166	170	175	177	183	188	191	190	187	184	184	185	185	186	185	183	183	183	184	184	183	180	175	168	160	155	163	181	202	
221	221	222	223	223	222	219	218	216	212	205	196	186	173	149	125	107	98	95	94	93	92	91	90	90	91	89	89	89	89	90	92	93	97	99	103	109	118	127	133	134	133	132	131	130	129	127	124	120	117	115	119	123	127	131	132	134	137	137	137	135	136	134	136	137	139	140	141	141	141	138	136	134	136	139	141	145	144	141	139	136	136	137	136	135	134	137	143	153	161	165	160	152	146	141	142	149	157	167	175	179	181	182	182	184	187	192	195	194	190	186	186	186	186	185	184	183	183	184	185	185	184	180	175	169	166	175	192	
220	220	221	222	225	222	221	219	218	213	205	194	180	164	143	119	102	96	95	95	94	91	89	88	88	90	89	86	86	86	87	90	95	99	103	105	110	119	128	134	136	135	134	134	133	133	134	132	130	124	120	117	118	120	123	127	130	133	136	136	137	137	138	138	140	141	142	141	141	141	141	138	137	136	139	142	143	146	146	143	142	139	139	139	138	139	140	146	154	162	170	176	177	172	166	160	160	166	172	178	183	185	185	186	186	187	188	190	194	195	193	189	188	187	186	186	186	184	183	183	184	184	185	184	183	178	177	185	
219	219	220	223	223	223	220	220	219	214	205	193	179	159	136	115	100	95	96	96	95	94	92	91	90	91	91	88	85	85	86	89	93	98	102	106	110	119	128	134	135	134	135	135	136	136	136	137	135	134	130	127	123	122	121	122	124	128	131	135	135	137	139	141	143	144	143	143	141	141	141	141	140	140	140	142	144	146	148	148	146	144	142	141	141	142	144	147	153	160	166	173	181	188	190	188	184	183	184	186	186	188	190	190	189	189	188	188	188	191	193	194	192	191	189	187	187	186	184	182	182	183	183	184	183	185	183	185	
213	213	217	221	222	220	220	219	220	216	207	194	177	156	132	112	100	97	97	96	95	94	94	93	92	92	92	90	87	85	86	89	93	97	99	102	108	117	128	134	136	134	134	136	136	138	140	139	140	137	136	135	134	132	129	126	125	125	128	130	134	135	138	141	142	144	144	144	144	142	141	142	143	144	144	145	146	147	148	150	150	149	147	146	145	146	148	151	155	161	166	168	174	183	196	206	208	206	203	199	196	193	192	192	192	192	192	191	190	189	190	191	192	194	194	193	190	189	187	186	184	184	183	184	184	184	187	186	
203	203	207	214	216	218	217	218	219	216	209	193	174	150	128	109	100	98	99	99	96	95	93	92	91	93	93	92	89	87	87	88	93	97	98	100	106	117	128	136	137	138	136	136	138	139	141	143	142	142	140	139	140	140	139	137	135	132	130	129	128	131	133	137	140	141	142	143	143	144	143	143	145	147	150	150	150	150	150	151	152	152	152	151	151	151	152	155	158	161	164	168	171	181	194	210	221	223	221	216	210	205	201	197	196	195	194	194	193	192	192	192	192	191	193	194	194	193	192	190	189	186	186	185	186	187	187	188	
194	194	197	203	210	215	216	217	218	216	208	194	173	148	123	106	96	97	99	100	98	95	93	90	90	90	92	92	90	88	87	87	89	94	97	101	107	118	129	137	142	141	141	140	140	142	143	143	144	143	144	143	143	144	144	144	144	143	140	137	133	130	130	131	135	137	137	138	140	142	145	146	147	150	153	155	154	153	152	152	152	153	153	154	155	155	157	158	161	163	164	166	170	179	196	213	226	233	232	230	225	220	214	209	202	198	196	196	196	195	194	193	193	193	191	193	194	195	196	196	195	193	189	188	188	188	189	189	
192	192	196	203	208	214	216	216	217	215	209	194	174	146	119	102	95	93	96	98	99	98	95	92	91	92	91	92	91	90	88	87	88	89	93	98	107	120	132	140	144	147	145	145	145	145	145	146	144	145	146	147	147	147	147	148	148	149	148	146	144	139	135	132	130	132	133	133	135	138	141	145	148	151	154	156	158	156	155	153	153	153	154	155	156	158	158	161	162	164	165	165	169	180	197	216	230	238	240	237	236	232	228	222	217	209	204	200	198	198	196	195	194	194	194	193	194	194	193	195	197	197	195	191	190	191	189	190	
193	193	197	204	209	214	217	217	216	213	207	195	173	145	119	101	96	94	93	95	98	100	99	97	94	94	94	93	92	91	89	87	87	88	89	94	105	120	133	141	144	146	149	148	149	149	149	148	148	146	147	148	148	149	149	150	152	152	153	151	150	149	146	143	138	133	132	130	130	133	136	140	145	149	152	155	157	159	157	157	155	155	155	156	157	158	159	160	163	164	165	165	169	180	198	217	232	239	242	242	240	239	236	233	228	225	219	213	207	203	202	199	197	195	194	194	194	196	196	194	194	195	194	194	191	191	191	190	
193	193	196	203	209	214	217	216	214	210	203	191	171	143	118	102	96	96	93	94	97	100	101	100	98	96	97	97	95	92	90	89	88	87	88	92	104	118	131	139	143	145	148	151	152	153	153	153	151	151	150	149	149	148	150	150	152	155	156	156	154	153	152	151	149	144	139	135	132	131	133	135	139	144	148	151	154	156	159	158	159	158	158	158	160	160	160	160	162	164	165	165	170	182	199	219	232	239	240	242	242	241	240	238	237	233	232	228	223	216	210	206	202	199	198	197	196	197	197	197	194	192	191	191	192	191	192	191	
194	194	196	202	208	215	216	214	211	207	199	186	166	141	117	102	97	96	95	93	97	100	101	99	97	96	96	98	98	95	91	91	90	89	88	92	103	116	129	137	142	145	147	150	154	155	156	156	156	155	155	154	152	150	148	150	150	153	156	158	158	157	155	154	154	153	150	147	143	138	136	136	136	139	144	147	151	154	157	159	160	161	161	162	163	164	163	162	162	165	165	166	171	183	203	220	233	238	240	240	241	242	242	241	239	239	237	237	235	231	224	217	210	205	202	200	199	197	198	198	198	196	193	191	191	191	191	192	
195	195	197	201	207	215	218	214	209	203	196	181	161	137	116	103	99	97	95	95	95	100	101	99	96	94	93	94	96	97	94	92	92	91	92	96	105	117	128	136	140	142	146	150	153	157	158	158	158	158	158	158	157	155	152	150	151	151	153	156	158	159	159	157	156	156	156	155	154	150	146	143	141	139	141	144	147	151	154	157	158	160	162	163	165	166	167	166	165	165	167	167	173	185	204	223	234	239	241	241	241	241	241	241	241	240	240	239	239	238	235	230	221	212	206	203	202	201	198	199	198	198	197	195	194	194	193	193	
197	197	199	204	208	216	220	217	209	200	191	178	156	132	114	104	101	100	97	95	97	98	100	99	97	94	91	91	93	95	95	94	93	94	95	102	112	123	132	135	139	140	143	147	152	155	159	159	160	160	160	159	159	158	158	156	154	154	153	153	155	157	159	160	159	159	158	158	158	158	156	152	150	147	145	145	145	146	150	152	156	157	160	162	163	166	168	169	169	168	168	171	176	189	208	224	235	239	241	242	242	242	241	241	241	241	240	240	240	240	240	237	233	225	216	209	205	203	201	199	199	199	198	198	197	197	195	194	
198	198	200	205	211	217	221	219	211	200	187	171	152	128	112	105	103	102	100	97	96	98	98	98	97	95	92	90	91	93	94	95	94	94	96	105	118	131	139	142	141	142	143	144	148	153	155	158	159	160	160	160	159	159	159	159	158	157	156	154	153	154	157	160	161	160	160	159	160	159	159	157	156	155	154	152	150	147	146	147	149	153	156	160	162	164	167	169	170	170	171	173	180	194	211	227	236	239	240	242	243	242	242	242	241	241	241	240	240	240	240	240	238	236	230	222	215	209	206	202	200	200	199	198	198	198	198	196	
199	199	201	207	212	218	221	219	213	202	187	167	145	125	110	104	103	102	101	99	97	96	97	97	97	96	95	92	91	92	95	96	95	93	96	106	122	137	145	149	150	147	147	146	147	149	152	154	156	158	159	160	160	159	159	159	159	158	158	156	154	154	155	159	160	160	159	159	159	160	158	158	158	159	160	160	158	155	151	148	147	149	153	157	161	163	165	168	171	172	173	176	184	198	216	229	238	240	241	241	243	242	241	242	242	242	242	242	240	240	241	241	240	239	238	236	230	223	216	210	205	202	202	200	200	199	200	199	
201	201	204	208	213	219	220	217	211	204	189	168	143	122	111	105	104	102	101	100	98	96	94	96	97	98	97	96	93	93	95	97	96	95	96	107	123	140	149	152	154	153	151	151	150	149	150	151	152	153	155	156	158	159	159	159	159	159	158	157	155	154	156	158	161	160	159	157	157	157	158	156	157	159	162	163	164	162	160	156	154	152	153	155	158	162	165	169	173	176	177	180	188	202	218	232	238	241	241	242	242	242	241	241	242	243	243	243	243	241	241	242	241	240	241	240	239	236	232	226	219	212	206	203	200	201	200	201	
202	202	204	209	214	219	219	213	207	198	187	167	143	123	113	110	108	105	102	101	99	96	94	94	97	98	99	97	96	94	96	97	97	95	98	109	125	141	151	155	155	155	154	153	153	152	150	150	150	151	151	153	155	158	159	159	159	159	159	157	155	155	156	159	161	162	160	159	157	156	155	155	155	157	161	164	165	166	165	164	163	162	160	159	159	159	162	168	174	180	184	188	195	206	222	233	240	241	242	242	243	243	242	241	242	243	243	243	242	242	241	241	242	242	241	243	241	241	240	238	234	227	220	212	207	202	202	200	
202	202	203	208	214	219	218	210	200	190	176	160	139	123	116	116	114	111	107	104	102	99	96	94	95	98	98	98	95	93	94	95	95	95	100	112	127	141	151	155	155	156	155	154	153	152	151	150	150	151	152	152	153	155	157	159	159	159	159	158	156	155	157	158	160	162	162	162	161	158	157	155	155	156	158	161	165	166	168	169	169	169	169	167	164	163	162	165	172	180	188	196	205	214	225	235	240	242	242	243	243	243	243	242	242	243	243	243	242	241	241	242	242	241	241	242	244	242	242	242	241	239	235	229	221	214	207	203	
204	204	205	209	215	218	217	207	193	180	166	147	130	117	114	117	119	115	112	109	105	102	99	97	96	99	101	98	95	92	90	91	92	93	101	114	129	140	147	152	154	155	157	156	154	151	150	150	152	153	154	155	155	156	157	158	159	159	158	157	156	155	156	159	160	161	162	163	164	163	160	160	158	158	158	159	161	165	167	170	172	172	174	174	172	170	169	169	172	179	187	198	210	222	230	236	241	242	243	243	243	243	243	243	243	243	243	242	242	241	241	241	242	242	240	241	243	244	243	243	243	242	241	239	235	229	223	215	
206	206	207	210	213	218	213	203	189	173	157	138	120	111	109	114	116	117	113	111	107	102	100	99	100	101	103	103	99	95	93	90	89	91	101	116	133	142	144	146	149	153	155	157	156	153	150	150	151	155	157	158	159	159	159	159	158	159	158	156	155	155	156	159	161	161	161	163	164	165	164	162	162	161	161	160	161	162	166	168	171	174	174	176	176	176	176	177	179	182	189	199	212	224	234	238	241	242	243	243	243	243	243	243	243	242	242	242	241	241	240	242	242	243	243	241	241	243	242	242	243	243	242	242	241	240	237	232	
213	213	212	211	216	216	212	200	186	170	151	131	115	107	107	109	110	110	111	109	106	102	99	98	98	100	103	104	103	101	98	95	91	92	102	120	136	146	147	146	146	148	153	155	155	153	151	151	153	156	159	162	162	162	162	162	161	160	159	158	156	154	155	157	160	162	162	163	164	165	165	165	163	163	163	163	163	165	166	167	168	170	173	174	177	178	180	183	185	189	194	204	215	227	234	239	240	241	242	243	243	243	243	243	243	243	242	241	241	240	240	241	243	243	243	243	242	242	243	242	242	243	243	243	243	242	242	241	
224	224	222	219	220	219	213	202	186	170	150	129	113	107	107	108	105	103	103	105	103	101	98	96	95	96	98	101	100	100	100	98	95	96	105	121	140	149	154	152	150	149	150	152	152	151	150	152	155	158	160	162	164	164	164	164	164	163	162	161	160	157	156	156	157	159	161	162	164	165	165	165	166	165	164	165	166	167	170	170	170	169	169	172	174	177	180	183	188	192	199	208	220	230	237	239	240	240	241	241	242	242	242	243	243	243	243	242	241	240	240	240	241	242	242	242	243	243	243	243	242	242	243	243	243	242	241	242	
233	233	231	227	224	220	213	204	190	172	153	130	114	108	109	109	106	100	98	99	100	98	97	95	94	93	95	95	96	95	95	95	94	97	107	125	141	153	156	158	156	155	153	153	152	150	150	150	154	158	161	163	164	165	166	166	166	166	166	165	163	163	160	158	157	156	157	159	161	165	166	167	167	168	167	167	168	170	172	174	174	171	169	169	172	175	177	182	185	192	199	211	223	233	238	240	240	240	240	240	240	241	241	241	242	243	243	243	243	242	241	241	240	241	241	241	242	243	243	243	242	242	242	242	242	242	241	240	
236	236	234	230	226	219	211	202	191	175	153	133	116	111	112	112	107	102	97	96	95	94	94	95	94	93	93	95	93	93	91	91	91	96	109	126	142	152	158	158	160	159	158	156	156	154	151	152	153	156	158	161	163	165	165	167	167	167	167	168	167	165	165	162	160	158	157	157	159	162	166	167	169	170	171	171	170	171	174	175	175	175	172	171	172	174	176	177	182	186	196	209	223	234	239	240	241	241	241	241	241	240	240	240	240	241	243	243	243	243	243	241	241	240	240	240	240	242	243	243	242	241	241	241	241	241	241	240	
238	238	236	232	228	220	211	201	189	174	152	130	117	112	115	114	109	103	99	97	94	92	90	91	93	94	95	95	96	94	92	90	91	99	112	128	141	152	157	159	159	160	158	159	158	158	158	156	156	155	156	157	159	162	164	164	167	168	168	169	170	169	166	166	164	162	161	161	161	162	164	167	169	172	173	173	173	172	173	175	176	175	175	173	174	176	177	177	177	183	191	205	221	233	239	240	241	242	242	242	242	242	240	240	240	240	240	242	242	242	242	242	241	241	240	240	240	240	243	243	243	242	241	240	240	240	239	240	
241	241	238	231	226	218	210	201	189	172	151	129	115	113	114	115	111	106	102	99	99	95	92	88	89	93	96	97	97	98	95	93	95	104	117	132	143	151	156	158	159	158	158	157	159	159	160	161	160	158	157	156	156	157	160	163	164	167	169	170	171	171	170	167	167	166	165	164	165	165	166	167	169	170	172	174	174	175	174	174	175	175	174	175	176	179	180	180	180	182	191	203	218	231	238	240	240	241	243	243	243	243	243	240	240	240	240	240	241	241	241	241	241	240	240	240	240	240	240	242	243	243	242	241	240	240	240	240	
242	242	239	234	224	214	207	200	189	172	150	129	116	112	114	114	113	110	106	104	102	102	97	93	90	91	95	97	99	99	98	96	98	108	120	133	142	148	153	158	159	159	157	157	156	159	159	160	161	161	159	158	157	157	157	159	162	163	167	170	172	173	173	172	169	168	168	168	169	170	170	171	171	172	173	174	175	175	176	175	174	174	174	175	177	179	181	182	183	186	193	207	220	230	237	240	240	240	242	243	243	243	242	242	240	240	240	240	240	240	239	239	240	241	241	241	241	241	241	241	241	242	242	242	241	240	240	240	
241	241	238	233	224	212	202	195	185	167	146	128	116	113	113	113	113	112	110	107	106	105	103	98	94	92	93	95	97	99	100	100	102	111	125	135	141	144	148	153	157	157	157	155	156	157	159	159	160	161	161	159	160	160	160	160	161	162	164	167	170	172	173	174	172	170	169	171	171	172	172	173	174	175	176	176	176	176	176	176	174	173	174	175	177	179	180	182	184	189	198	210	224	233	237	239	240	240	240	242	243	242	242	241	241	240	240	240	240	240	240	239	239	240	241	241	242	242	242	242	242	241	242	241	241	240	240	240	
239	239	237	231	222	209	198	189	178	160	137	122	116	113	111	111	111	112	111	109	107	106	105	101	96	94	93	94	95	96	98	101	105	114	127	138	142	143	144	147	151	154	155	155	155	156	158	160	161	161	162	162	161	162	163	164	163	163	164	165	167	169	170	171	172	171	170	169	171	172	174	176	178	179	180	180	179	179	177	176	174	172	172	174	176	179	180	181	184	190	201	213	226	235	239	239	240	240	240	241	243	242	241	241	240	240	240	240	240	240	240	240	239	239	240	241	241	242	242	242	243	243	242	242	240	240	240	240	
240	240	237	231	221	208	193	182	168	148	128	114	112	114	113	109	109	109	110	108	107	105	103	101	98	96	95	94	93	93	93	96	105	117	129	140	145	147	146	147	148	150	151	153	153	155	157	160	162	164	164	165	164	162	163	164	166	165	167	167	168	167	168	168	168	169	167	167	167	170	174	177	180	182	182	182	182	180	180	178	176	173	172	172	175	178	180	181	185	192	203	217	228	236	239	240	240	240	240	240	241	242	241	240	240	240	240	240	240	240	240	240	240	240	240	240	240	240	241	241	241	243	243	243	243	241	241	241	
240	240	237	230	219	206	191	175	159	139	119	108	108	113	114	111	108	108	108	108	106	105	101	99	98	98	96	95	93	91	91	93	102	117	131	140	146	147	149	148	150	150	151	151	153	153	156	158	162	165	168	167	166	165	164	163	163	166	166	168	169	170	169	169	169	167	167	165	164	165	169	175	179	182	184	184	183	183	180	180	178	176	173	174	175	177	180	182	185	194	206	220	231	237	240	240	240	240	240	240	240	241	241	240	240	240	240	240	240	240	240	241	241	241	240	240	240	240	240	240	240	240	242	243	243	243	242	242	
240	240	237	230	218	204	188	172	151	132	115	105	106	113	115	113	110	109	108	106	107	105	102	98	98	97	96	94	93	92	90	93	103	118	132	142	145	147	147	150	151	152	153	153	153	154	155	159	161	165	167	168	167	166	165	164	162	163	166	167	169	169	171	171	171	170	168	168	165	164	165	170	175	179	181	183	184	182	182	179	179	177	176	175	176	178	180	182	186	194	208	222	233	238	240	240	240	240	240	240	240	240	240	240	240	240	240	240	240	240	241	241	241	241	241	240	240	241	241	241	240	240	240	241	242	243	243	243	
240	240	237	229	216	201	183	166	146	125	112	107	109	113	115	113	111	109	107	105	104	106	104	101	99	99	97	95	92	91	91	95	105	121	135	143	147	147	147	148	150	152	154	155	155	156	158	160	163	163	166	166	166	165	164	164	164	163	165	167	168	168	168	170	171	172	171	170	170	168	167	168	171	173	175	177	180	181	180	179	177	177	175	175	176	177	180	181	185	195	208	223	234	239	240	240	240	240	240	240	240	240	240	240	240	240	240	240	240	240	240	241	241	241	241	241	240	241	242	242	241	240	240	240	240	241	242	242	
241	241	237	227	213	196	179	160	138	118	105	103	108	111	110	108	107	107	106	103	101	102	105	105	104	103	101	98	95	92	92	98	109	123	136	144	146	148	148	147	149	151	154	155	156	157	159	162	165	167	166	166	164	162	162	162	162	163	164	166	167	167	168	168	169	170	171	170	171	171	171	170	170	170	171	172	175	177	178	176	176	175	175	174	174	177	177	180	184	193	209	223	233	238	240	240	240	240	240	240	240	240	240	240	240	240	240	240	240	240	240	240	241	241	240	240	240	240	241	242	242	241	240	240	240	240	240	241	
240	240	236	225	211	193	173	154	131	110	97	95	99	104	104	101	100	101	102	102	100	99	101	106	108	107	104	100	97	95	95	101	112	126	138	144	146	146	147	149	148	151	152	155	156	157	159	162	165	167	168	167	165	163	161	161	160	160	161	164	165	165	166	168	169	169	169	170	170	171	171	173	172	171	170	171	171	172	173	173	172	173	173	173	174	175	178	179	184	193	208	224	234	238	239	240	240	240	240	240	240	240	241	241	241	240	240	240	240	240	240	240	240	240	240	240	240	240	240	241	241	242	241	241	241	240	240	240	
237	237	234	224	210	191	171	150	126	107	93	89	91	93	94	94	92	93	95	97	99	98	98	102	107	109	106	101	96	94	95	103	116	129	139	146	147	147	147	149	151	149	151	152	155	157	159	161	164	165	166	167	167	166	165	163	162	160	159	159	161	162	163	166	169	170	170	170	170	171	172	172	174	172	170	170	171	171	170	169	169	169	172	172	172	174	176	180	185	195	210	225	235	239	239	239	240	240	240	239	240	240	240	241	241	241	240	240	240	240	240	240	240	240	240	240	240	240	240	240	240	240	242	242	242	242	241	241	
236	236	231	220	206	188	168	147	124	103	93	89	89	89	89	89	91	90	91	93	96	98	98	100	103	105	104	100	95	91	92	101	118	133	142	147	150	150	150	151	152	153	151	152	152	155	158	161	162	165	165	165	166	166	166	167	165	163	160	158	157	159	161	164	168	170	171	171	171	172	173	173	172	173	171	169	170	170	169	167	166	167	169	171	171	171	174	179	187	199	213	227	236	239	240	241	241	241	240	240	238	240	240	240	241	241	241	240	240	240	240	240	240	240	240	240	240	240	240	240	240	240	240	242	243	243	243	242	
236	236	231	218	202	182	164	143	120	102	90	89	90	89	89	90	90	91	90	90	92	95	98	99	101	102	101	99	95	91	91	101	117	134	144	149	152	153	154	154	155	156	156	154	154	154	156	159	162	162	164	164	164	164	164	166	167	166	163	160	158	158	160	163	166	169	171	170	170	171	173	174	173	172	171	169	167	168	168	167	166	166	168	171	171	171	172	176	186	200	216	230	238	241	241	240	242	242	241	240	239	238	240	240	240	240	240	240	240	240	240	240	240	240	240	240	240	240	240	240	240	240	240	240	242	243	243	243	
238	238	232	218	201	178	157	137	116	99	91	88	90	91	91	93	95	95	94	92	90	91	95	98	99	101	101	100	96	92	93	102	117	134	145	150	153	155	156	157	157	159	159	159	158	158	157	158	159	161	161	162	162	163	164	164	165	166	165	163	161	160	162	164	167	168	169	169	168	168	170	173	173	172	171	169	168	167	166	167	166	167	169	172	174	172	172	176	185	201	218	231	240	242	242	242	241	243	242	241	240	239	239	240	240	240	240	240	240	240	240	240	240	240	240	240	240	240	240	240	240	240	240	240	240	241	243	243	
238	238	232	218	198	176	153	131	112	98	90	89	89	90	92	94	97	99	100	98	95	91	91	94	97	98	101	101	98	95	97	106	119	134	145	150	153	155	156	158	159	159	160	161	161	162	162	160	160	159	160	160	160	160	162	163	164	166	166	166	165	164	165	168	169	171	169	168	166	165	166	169	171	172	171	171	169	168	167	166	168	169	171	173	175	176	175	177	187	201	219	232	238	242	242	242	242	241	242	241	240	240	239	240	240	240	240	240	240	240	240	240	240	240	240	240	240	240	240	241	241	240	240	240	240	240	241	242	
238	238	230	215	197	173	150	128	108	96	91	89	89	89	91	93	96	99	103	105	102	97	93	92	93	96	99	101	99	97	101	111	124	136	145	150	153	155	156	157	159	159	159	160	162	162	164	163	161	161	160	160	161	160	160	162	163	165	167	167	167	167	168	169	172	172	173	169	167	164	164	166	168	169	170	170	171	170	168	168	168	171	173	175	177	178	179	182	189	204	220	233	239	240	241	241	241	241	241	242	241	240	240	240	240	240	240	240	240	240	240	240	240	240	240	240	240	240	240	240	241	241	240	240	240	240	240	240	
