255	255	255	255	255	255	255	255	252	215	168	142	132	124	119	114	115	124	133	136	136	136	131	121	112	103	100	98	92	86	85	82	114	139	168	195	221	244	255	255	255	252	244	239	239	238	232	233	237	220	183	137	97	80	79	78	81	98	126	156	181	199	211	223	228	227	235	240	233	216	181	124	79	54	52	57	61	61	63	65	61	59	56	55	59	64	70	78	82	81	78	73	67	63	60	61	62	63	68	68	69	67	62	66	61	59	62	76	109	151	187	191	169	143	120	101	95	111	129	140	142	157	199	238	241	238	239	241	
255	255	255	255	255	255	255	255	250	210	161	138	130	124	120	119	120	129	135	136	135	134	130	123	113	103	98	94	89	82	77	73	71	74	85	104	134	172	206	226	243	239	237	236	238	239	237	234	229	205	155	99	65	54	51	54	56	60	70	85	103	131	155	178	196	214	224	231	227	203	157	91	63	55	59	64	72	72	70	69	65	61	60	59	61	66	71	78	84	87	85	78	70	68	61	61	60	63	65	66	66	69	64	60	56	58	66	90	133	184	215	221	216	202	188	177	168	158	153	144	137	145	175	221	241	240	238	236	
255	255	255	255	255	255	255	255	244	188	141	124	118	118	123	123	128	133	138	136	130	130	129	124	106	97	94	94	96	92	89	89	61	59	66	76	84	101	120	137	162	174	195	214	229	234	235	231	213	173	116	74	57	57	55	54	55	61	63	66	69	77	83	103	127	157	185	204	210	186	139	83	64	61	64	73	80	78	74	70	67	64	64	61	61	61	66	70	74	79	82	77	70	68	60	60	58	61	63	64	65	62	59	60	59	64	79	117	169	213	229	229	229	229	232	231	224	207	198	176	162	160	161	191	232	240	238	237	
255	255	255	255	255	255	255	255	235	165	129	116	113	113	119	120	127	135	137	136	132	128	127	125	113	106	101	97	94	87	85	88	80	73	72	74	77	81	81	74	79	96	122	153	182	203	219	220	195	143	90	62	57	59	62	66	68	65	65	67	68	67	65	66	72	85	120	155	184	181	147	110	87	76	73	74	76	74	71	69	65	62	62	62	61	61	60	61	63	68	73	73	68	64	57	57	61	61	63	61	60	56	51	58	65	73	100	149	200	223	224	228	226	229	232	235	238	234	231	217	207	194	179	191	220	236	238	238	
255	255	255	255	255	255	255	255	226	153	124	118	118	120	123	123	127	132	136	133	131	129	129	126	125	124	119	107	97	83	73	73	87	87	88	85	85	84	77	61	62	64	72	88	112	141	175	195	178	133	93	73	66	64	68	75	76	74	72	72	71	68	64	62	60	67	86	119	164	194	194	171	144	119	102	90	80	66	64	64	59	58	56	57	60	64	63	61	60	60	64	66	66	64	52	57	59	60	62	62	59	54	51	58	67	87	129	181	219	223	217	219	218	225	235	237	234	239	242	239	237	222	211	215	218	232	233	239	
255	255	255	255	255	255	255	254	209	148	132	130	130	128	131	132	130	132	133	130	130	131	129	124	125	127	129	124	114	102	92	88	90	89	92	97	103	102	88	74	70	69	68	60	61	85	131	181	201	184	157	127	99	79	70	71	73	73	73	72	69	68	69	61	61	65	89	139	192	222	229	221	213	196	173	148	124	103	85	71	66	59	56	56	63	70	74	72	63	60	57	58	61	68	59	59	59	60	59	61	61	61	62	71	85	124	178	210	222	225	225	225	226	229	235	238	238	238	241	241	241	238	231	226	223	214	217	235	
229	229	240	251	255	255	255	247	198	138	131	131	136	136	138	141	143	146	147	143	139	136	128	122	125	130	134	133	128	116	106	100	90	88	90	94	97	93	79	70	66	64	64	57	61	93	149	202	229	229	217	192	161	131	109	91	83	78	75	69	66	62	62	55	56	67	104	163	217	235	233	233	235	232	224	208	184	163	142	120	97	81	74	69	66	66	67	64	59	58	60	64	65	69	71	69	68	64	61	59	57	58	63	76	103	148	197	225	231	234	238	237	237	238	238	239	238	239	241	241	241	241	240	230	219	185	182	210	
169	169	183	207	232	252	255	241	197	142	138	137	142	145	148	148	153	160	157	151	145	138	128	119	121	125	130	129	126	119	109	101	84	78	78	82	80	76	66	61	62	57	54	54	65	105	173	224	240	242	240	234	223	204	179	152	131	109	91	78	71	64	61	61	63	83	135	196	234	239	232	233	236	236	238	235	228	218	206	188	165	142	120	97	82	81	72	66	60	56	59	63	68	71	84	81	73	67	63	58	54	54	62	85	127	173	211	231	236	239	241	243	243	241	241	239	238	241	240	242	241	240	240	231	208	158	144	167	
136	136	136	146	174	205	234	239	212	179	170	158	152	154	151	147	150	154	146	140	136	130	119	111	108	109	111	111	110	106	103	97	83	77	77	78	74	64	60	60	57	50	47	51	70	122	194	236	239	241	243	241	238	235	230	215	197	173	146	119	98	83	76	87	88	118	173	222	240	235	228	231	232	235	237	237	237	234	231	225	216	206	186	156	131	120	98	86	77	69	63	62	64	66	72	73	70	66	62	59	59	60	67	102	160	207	226	229	233	234	236	238	241	242	240	240	239	240	240	243	242	235	235	220	190	142	128	141	
134	134	125	124	138	162	204	245	250	238	222	200	180	166	156	146	142	138	133	129	126	119	113	110	104	100	99	97	92	93	94	94	82	77	78	80	73	61	57	56	52	46	44	55	83	141	208	238	235	238	242	242	239	238	241	240	237	228	209	183	156	140	134	149	151	166	197	225	234	232	227	228	231	231	232	231	234	235	235	234	231	230	223	210	195	182	159	144	125	103	85	74	67	66	66	68	69	69	66	67	64	66	75	121	189	234	239	234	233	235	236	237	241	241	241	240	240	242	240	243	244	239	231	204	167	132	129	136	
135	135	125	118	127	152	204	255	255	255	255	250	230	208	189	171	157	144	137	130	123	113	108	109	107	104	99	90	85	86	88	88	82	79	80	79	72	63	59	60	54	51	51	68	107	166	218	237	237	236	238	240	240	240	239	241	243	242	238	227	213	200	193	201	199	198	204	216	228	231	228	228	229	229	230	231	233	236	233	231	233	234	234	232	229	224	212	204	189	167	142	120	102	91	80	78	77	75	73	72	68	68	87	137	202	238	243	239	241	243	239	238	241	242	243	240	241	242	240	240	242	239	223	189	149	130	129	133	
131	131	126	123	131	155	212	255	255	255	255	255	255	255	244	228	209	190	168	149	132	116	106	102	106	110	105	94	88	88	89	90	89	87	82	76	66	61	59	61	58	58	61	85	131	189	228	237	242	242	240	238	237	238	238	239	240	238	239	238	234	229	226	218	207	190	182	192	211	224	229	232	233	233	233	234	234	235	232	232	234	235	236	235	232	229	230	228	225	215	203	187	167	153	129	115	101	89	81	75	69	68	101	156	212	234	234	237	244	246	242	240	240	242	242	241	241	240	241	242	240	229	206	170	141	134	132	131	
152	152	133	120	130	171	233	255	255	255	255	255	255	255	255	255	255	245	223	198	171	149	128	112	109	107	101	90	84	88	93	95	99	100	91	77	65	58	56	56	58	56	65	91	141	198	231	238	243	244	242	240	241	240	240	238	239	239	240	243	240	239	239	227	201	150	124	130	150	175	193	215	222	227	230	233	236	238	236	234	233	234	234	234	234	232	232	231	230	231	230	224	218	213	194	182	159	136	117	103	88	86	119	174	219	235	237	240	241	242	243	240	239	243	244	242	239	238	241	243	239	220	187	152	133	133	135	133	
191	191	159	127	132	189	255	255	255	255	255	255	255	255	255	255	255	255	255	251	233	212	184	154	133	118	103	88	81	83	88	91	99	101	97	84	72	64	59	54	56	52	63	92	143	201	234	241	242	244	244	244	244	242	243	240	240	240	242	242	240	239	239	232	196	118	80	80	87	109	125	149	166	186	203	216	228	234	235	234	235	235	235	235	234	236	234	231	231	232	234	231	230	230	227	224	212	199	181	162	145	130	148	188	221	237	245	244	239	240	242	242	240	242	244	242	237	240	242	242	234	210	170	139	127	133	135	137	
234	234	206	169	163	208	255	255	255	255	255	255	255	255	255	255	255	255	255	255	255	255	236	211	187	169	142	116	97	88	84	82	86	90	88	79	76	73	69	65	61	56	64	96	153	214	243	243	243	242	244	244	242	242	241	242	242	242	242	242	243	241	240	232	188	110	71	70	73	80	80	83	95	116	139	162	185	202	218	230	234	236	235	232	233	235	234	234	234	233	232	230	229	228	232	233	228	226	223	213	199	181	172	183	205	222	238	245	244	242	242	243	244	245	246	244	241	248	248	243	224	189	152	134	134	134	134	137	
255	255	243	226	228	237	252	255	255	255	255	255	255	255	255	255	255	255	255	255	255	255	255	253	243	230	208	182	157	134	111	94	85	82	79	77	76	78	75	70	66	60	64	93	153	216	244	244	241	242	242	244	244	242	242	242	242	242	242	242	242	241	240	226	179	104	66	63	67	70	67	63	65	74	85	98	115	133	159	187	204	213	215	222	230	233	234	235	237	232	231	233	232	231	231	234	231	235	235	231	224	208	170	151	160	186	210	226	233	236	238	240	242	244	246	246	245	248	250	235	203	164	137	134	137	134	134	137	
250	250	250	254	255	252	250	255	255	255	255	255	255	255	255	255	255	255	255	255	255	255	255	255	255	255	255	253	237	213	179	152	119	96	79	75	75	76	73	68	70	64	64	89	146	209	237	240	242	244	244	244	244	244	244	241	241	240	241	241	240	241	239	224	169	95	57	57	63	63	61	69	67	71	72	71	71	78	90	115	136	149	162	184	209	222	231	235	237	233	231	233	236	235	227	234	237	241	238	234	226	202	142	112	123	149	166	182	196	210	222	227	234	237	240	242	240	243	241	221	177	143	131	137	138	136	136	138	
251	251	252	249	250	255	255	255	249	255	255	255	255	255	255	255	255	255	255	255	255	255	255	255	255	255	255	255	255	255	246	230	190	151	122	105	90	79	76	71	71	64	64	89	143	207	237	242	244	245	245	245	245	245	244	240	240	241	238	238	240	238	236	219	165	96	62	57	61	61	61	73	72	74	73	68	65	65	63	67	79	89	102	126	152	175	191	202	213	221	226	231	233	236	232	235	235	239	235	229	217	182	111	90	110	137	145	147	157	171	180	191	200	209	216	223	227	232	232	209	166	137	136	141	139	142	142	139	
250	250	246	243	246	255	255	238	221	224	239	255	255	255	255	255	255	255	255	255	255	255	255	255	255	255	255	255	255	255	255	255	245	222	201	181	150	125	107	92	87	74	70	89	144	207	237	242	245	245	245	245	245	245	244	241	242	242	240	238	240	238	234	210	162	104	70	60	59	59	60	68	71	73	72	69	65	62	60	62	66	72	77	81	90	103	116	130	151	172	193	209	220	227	226	233	234	235	230	221	201	161	96	89	114	141	147	144	142	148	155	156	157	163	174	190	203	218	222	209	179	157	154	152	147	147	147	143	
240	240	235	237	247	248	241	228	216	177	186	201	220	241	255	255	255	255	255	255	255	255	255	255	255	255	255	255	255	255	255	255	255	249	244	239	226	209	187	156	126	104	88	102	152	213	242	244	245	245	245	245	245	245	244	242	244	244	240	238	238	237	235	203	152	101	70	63	65	64	60	63	67	67	65	65	67	67	69	71	70	72	70	66	63	65	68	73	87	104	127	148	173	193	209	223	226	224	219	209	187	147	94	98	125	145	149	147	144	144	144	143	143	146	153	166	180	208	222	223	213	198	186	178	174	159	156	149	
243	243	240	238	243	243	238	237	236	220	188	156	146	160	189	217	245	255	255	255	255	255	255	255	255	255	255	255	255	255	255	255	255	254	247	247	249	244	236	222	208	191	163	153	175	219	242	246	244	244	242	242	242	242	240	242	241	241	243	243	240	241	238	208	157	96	66	62	66	69	68	70	69	64	62	60	62	64	66	68	69	71	69	66	61	60	60	61	64	70	74	84	96	107	142	159	182	197	203	208	192	164	128	128	134	140	139	138	139	141	143	144	144	145	150	154	164	198	223	235	234	233	231	228	224	208	201	186	
246	246	245	241	240	239	236	238	241	243	226	198	165	138	133	147	165	186	212	241	255	255	255	255	255	255	255	255	255	255	255	253	249	249	245	245	248	251	249	245	243	238	226	217	210	217	225	231	240	245	247	246	245	244	241	239	238	241	244	247	244	240	232	202	138	81	64	62	64	68	70	74	72	67	65	64	66	68	68	69	70	70	69	66	63	59	61	63	64	67	64	68	70	74	90	96	114	138	169	198	202	189	172	161	151	147	144	141	143	143	143	145	143	141	146	154	167	207	231	239	238	240	244	245	245	239	235	229	
249	249	247	243	241	240	235	239	240	248	248	242	215	178	147	129	120	124	146	169	186	206	231	255	255	255	255	255	255	255	255	250	246	244	246	246	245	250	251	250	249	248	247	243	221	192	171	181	207	222	233	239	243	246	246	243	242	246	247	245	240	235	231	194	120	71	60	63	66	70	76	74	70	67	65	65	68	71	74	74	74	73	72	67	62	61	64	67	70	70	70	68	68	67	71	70	73	93	130	177	207	216	210	195	175	164	157	154	152	146	142	142	141	144	151	163	186	223	240	244	241	241	240	240	241	244	244	244	
250	250	249	247	245	241	241	241	239	247	242	239	241	233	208	175	144	125	123	116	113	128	164	200	211	225	247	255	255	255	254	253	248	250	252	253	252	253	250	248	249	247	240	238	217	171	120	111	125	147	174	200	221	235	240	244	244	240	239	241	243	238	229	180	110	72	61	57	68	71	73	72	69	63	63	63	67	71	77	79	78	77	72	70	66	63	63	64	70	73	74	73	68	67	64	66	68	82	120	176	218	236	233	224	213	202	197	191	182	169	157	152	148	148	158	177	209	236	245	247	247	248	244	241	245	247	244	244	
248	248	248	249	247	247	243	243	240	242	240	241	250	255	243	220	189	153	139	120	108	107	112	117	126	143	166	197	223	232	238	245	255	255	255	254	251	248	246	241	244	248	246	241	216	157	96	78	79	83	96	118	144	174	199	220	232	236	239	235	235	235	233	169	97	71	64	64	76	71	71	73	70	64	63	63	66	70	74	78	79	77	72	69	68	65	61	62	68	72	72	73	67	66	63	65	66	86	139	200	233	241	241	245	245	241	234	229	223	215	202	191	179	173	180	198	229	247	251	248	249	249	246	246	248	245	245	245	
250	250	252	253	252	251	248	247	244	246	252	255	252	246	241	241	235	203	169	133	116	111	107	97	100	106	114	126	138	148	164	183	214	229	244	249	249	246	244	242	241	244	248	243	216	155	89	69	67	70	76	82	88	102	117	144	167	186	199	209	216	227	234	169	101	67	66	71	76	73	72	72	70	67	65	64	65	67	73	79	78	74	70	68	66	66	64	66	71	71	72	70	65	61	65	68	73	102	166	220	239	239	237	246	251	247	245	243	245	246	241	234	228	220	214	210	220	232	238	243	247	251	248	244	245	240	244	245	
253	253	255	255	254	253	254	252	253	254	255	255	251	243	239	243	246	240	215	175	139	117	111	115	108	107	108	100	83	72	78	94	119	144	180	210	229	239	241	242	247	245	248	245	221	161	96	74	70	72	75	77	77	77	84	83	85	95	114	147	186	211	221	190	137	99	87	86	81	78	75	72	70	65	64	63	65	67	74	80	77	72	66	64	66	66	64	67	72	74	75	71	63	61	60	68	88	129	188	228	243	244	241	245	247	247	248	249	251	249	247	251	249	243	221	194	182	188	198	205	215	227	234	235	242	243	245	245	
249	249	254	252	251	253	254	255	255	255	243	242	253	255	255	252	247	250	246	226	185	143	114	101	107	117	113	94	69	54	54	65	60	70	92	118	155	190	219	230	231	237	244	238	213	160	96	73	72	72	76	80	85	84	79	67	64	67	73	97	138	183	210	216	193	154	134	119	105	95	82	77	73	66	62	62	66	71	77	84	80	72	65	63	66	67	63	67	71	75	76	73	65	59	63	77	106	154	211	237	243	244	248	249	247	249	249	247	246	246	248	250	248	239	214	175	150	152	159	162	166	177	188	199	211	223	230	236	
248	248	250	251	252	251	249	250	250	250	252	252	251	248	247	249	252	249	239	234	225	201	158	112	109	122	117	89	62	54	64	78	63	62	65	69	73	83	103	126	178	203	222	231	224	183	130	94	74	69	68	71	78	87	90	75	75	78	73	66	74	124	184	219	225	225	217	208	187	165	147	117	105	92	79	67	61	62	68	80	78	70	68	69	71	74	80	81	75	72	68	62	59	59	62	89	131	181	218	234	241	250	250	249	250	248	248	249	247	250	249	244	243	226	190	160	149	149	150	148	148	145	146	150	154	167	181	196	
255	255	255	254	255	255	255	255	255	255	255	255	255	253	250	249	250	252	244	244	242	232	205	175	141	125	109	86	79	77	71	63	67	69	70	70	69	70	72	83	95	116	147	183	212	209	180	142	107	91	80	76	74	78	79	81	82	83	76	73	80	117	171	220	230	236	238	237	232	224	216	192	172	148	128	111	103	98	90	84	80	73	70	65	67	73	77	76	75	74	73	68	67	67	68	97	146	198	226	234	243	253	249	248	248	248	250	250	248	249	246	243	236	211	173	151	145	146	148	149	151	150	147	147	147	147	153	158	
255	255	255	252	250	253	255	255	255	255	253	254	255	253	251	247	248	251	247	248	252	251	240	222	184	151	119	90	87	89	80	65	69	73	75	78	79	73	70	71	63	68	84	120	171	212	222	201	168	134	104	87	79	78	81	86	86	83	72	67	76	113	178	229	242	245	243	243	242	238	238	243	234	224	212	199	183	167	141	113	103	93	83	73	71	76	73	70	69	72	73	72	71	72	69	99	162	222	241	240	244	250	247	247	249	249	250	250	249	248	247	242	227	194	163	150	144	145	146	149	152	152	150	147	145	139	140	142	
253	253	252	251	247	249	251	253	253	255	254	251	251	251	252	253	250	244	241	242	245	247	244	234	216	190	148	106	84	79	78	76	72	72	75	79	79	75	69	67	64	60	66	94	149	213	242	238	220	198	174	152	133	116	106	95	84	78	70	67	76	110	181	231	243	247	243	244	242	242	244	250	248	248	245	242	238	229	207	182	169	156	136	111	97	86	80	78	75	74	74	73	71	71	75	112	180	235	246	241	243	246	248	247	249	249	248	249	247	249	247	235	212	178	158	153	144	146	147	147	151	151	151	150	148	143	141	141	
255	255	255	254	251	252	251	252	252	253	255	255	254	255	254	255	254	246	242	241	241	241	240	236	232	212	179	144	112	87	78	77	72	73	75	77	77	70	67	66	70	61	64	91	148	215	248	248	244	239	234	223	208	193	177	154	130	114	98	93	101	128	188	234	245	246	244	242	244	242	242	243	241	242	241	243	247	244	241	238	233	225	206	183	161	141	121	109	99	87	80	71	67	67	91	137	204	240	241	236	239	243	247	247	247	249	248	249	249	247	244	228	198	167	153	151	148	147	149	147	149	151	151	150	150	150	147	143	
255	255	254	255	254	252	250	251	252	251	252	255	254	255	253	253	255	253	250	249	247	246	246	242	228	212	199	184	159	124	96	81	73	75	77	81	80	74	67	66	76	61	62	90	151	217	243	245	245	248	250	249	248	247	241	232	213	193	175	162	159	174	210	230	238	241	240	245	246	245	246	240	238	242	242	240	241	240	242	246	247	246	241	235	226	212	194	178	159	138	118	100	87	82	119	169	223	244	238	233	241	246	245	245	247	249	250	250	248	247	241	222	188	159	148	146	148	148	148	147	151	151	150	150	150	157	156	153	
252	252	252	254	254	252	254	251	251	246	246	246	249	251	252	252	249	243	246	249	248	246	242	236	219	203	196	196	187	166	134	106	75	73	78	80	80	74	68	62	66	54	56	90	154	216	241	244	247	247	250	250	249	251	248	252	250	244	236	225	216	208	200	216	226	234	236	243	243	241	243	245	241	241	241	241	241	243	243	241	242	241	243	246	243	242	244	238	224	207	190	171	149	140	166	200	228	232	230	232	245	252	245	247	249	250	250	250	249	247	239	213	175	153	147	145	148	147	147	149	151	151	150	151	152	156	160	159	
253	253	252	250	252	254	255	252	251	246	244	247	253	255	255	255	242	219	227	241	239	234	229	225	211	198	191	190	192	187	169	145	94	85	77	78	82	82	72	63	60	53	58	94	156	217	246	251	249	248	247	247	245	244	246	247	245	243	245	242	236	217	177	156	165	182	199	215	228	234	241	244	243	243	246	245	244	244	241	236	238	240	244	244	241	243	245	246	244	244	237	229	216	204	209	218	216	210	211	222	243	253	245	246	248	250	250	249	249	249	237	201	163	149	150	148	148	151	151	150	151	151	151	152	155	155	158	158	
252	252	248	248	251	255	255	255	255	255	255	255	255	255	255	255	252	205	202	227	227	221	217	214	204	196	194	193	191	191	187	182	151	124	95	81	82	83	73	62	60	63	77	109	160	216	248	253	249	249	249	249	250	248	248	249	246	246	248	247	238	215	155	94	93	105	125	147	165	186	202	218	226	229	235	241	241	240	243	241	241	244	246	245	244	240	241	242	240	240	241	239	232	222	216	199	181	169	163	178	209	224	231	235	241	247	248	249	252	250	233	192	159	156	159	158	154	156	154	153	151	151	153	154	150	155	155	155	
253	253	255	255	255	255	255	255	255	255	255	255	255	255	255	255	255	232	190	182	194	201	205	200	195	192	193	192	187	186	183	182	173	159	136	109	87	74	66	63	63	64	77	110	160	214	241	245	250	249	251	251	249	249	249	247	246	247	247	247	240	214	149	92	88	91	91	91	94	108	121	144	158	178	198	217	224	229	234	237	240	243	242	245	247	245	241	241	240	240	242	242	237	231	208	171	121	102	101	112	149	181	196	202	211	219	225	231	235	238	225	193	165	159	162	162	155	157	154	151	149	144	146	145	144	154	154	152	
255	255	255	255	255	255	255	255	255	255	255	255	255	255	255	255	255	255	241	174	150	156	173	181	181	183	183	186	188	185	181	177	179	178	172	150	120	91	72	65	64	65	76	106	161	216	240	243	248	248	250	250	248	248	248	248	246	247	247	246	238	208	140	86	82	82	83	82	78	76	79	85	95	109	132	152	166	179	192	206	217	226	231	239	244	245	242	242	242	242	243	243	243	240	214	161	91	68	76	92	127	156	162	163	168	174	183	194	207	215	215	197	177	169	170	169	165	162	159	155	149	147	144	142	139	152	152	152	
255	255	255	255	255	255	255	255	255	255	255	255	255	255	255	255	255	255	255	227	167	133	137	154	167	173	176	181	183	182	181	178	178	179	179	174	159	134	99	77	69	62	69	100	159	220	245	247	247	247	248	248	247	245	246	245	245	247	247	248	237	205	139	85	76	73	77	79	83	82	82	78	78	79	86	94	98	109	125	141	158	178	193	205	216	223	235	240	242	242	243	242	246	245	220	163	96	71	78	100	132	151	151	153	155	157	159	162	168	184	201	211	214	210	205	197	189	184	176	167	159	153	149	148	147	150	150	150	
255	255	255	255	255	255	255	255	255	255	255	255	255	255	255	255	255	255	255	255	217	147	122	131	146	156	164	171	175	178	179	183	184	174	167	170	178	168	138	113	87	72	64	90	153	219	249	248	246	246	247	247	245	244	244	246	244	243	246	249	233	200	140	81	72	69	70	72	79	87	91	83	81	76	78	76	75	79	86	92	97	109	122	133	151	166	191	205	217	227	235	237	239	240	217	157	97	76	79	102	137	150	150	150	152	154	153	153	156	168	194	226	245	245	240	234	232	223	211	201	190	180	172	168	162	155	153	153	
255	255	255	255	255	255	255	255	255	255	255	255	255	255	255	255	255	255	255	255	241	168	129	129	127	132	145	156	163	169	173	177	183	171	159	162	175	178	166	154	125	97	75	89	152	219	250	249	248	248	246	247	245	246	244	246	246	243	244	246	230	196	139	89	80	71	71	73	78	85	88	87	85	80	79	76	73	74	79	79	77	77	77	82	91	100	117	132	149	168	186	199	214	223	209	157	104	85	86	103	133	149	156	155	154	153	152	152	152	164	190	228	255	254	251	252	254	249	243	237	232	224	215	206	197	179	176	172	
255	255	255	255	255	255	255	255	255	255	255	255	255	255	255	255	255	255	255	255	240	170	136	135	130	125	128	134	147	159	166	167	170	169	171	172	171	173	171	168	161	125	91	99	155	220	247	247	246	246	247	247	245	246	246	245	246	245	244	247	232	200	145	101	89	78	71	70	76	77	79	77	81	78	76	78	79	81	80	76	74	73	70	72	75	78	77	81	92	106	120	134	155	169	192	180	151	130	120	124	145	159	164	162	160	156	153	153	154	162	183	221	252	251	248	249	254	255	251	251	250	247	244	240	232	226	221	213	
255	255	255	255	255	255	255	255	255	255	255	255	255	255	255	255	255	255	255	255	236	170	144	140	140	135	125	119	124	141	157	166	159	166	175	177	172	171	167	166	165	149	130	135	175	221	240	240	244	246	248	251	250	247	246	247	246	238	240	247	239	211	150	92	83	75	71	74	79	77	77	72	75	77	80	85	85	85	84	79	78	76	74	76	81	84	82	82	86	88	90	92	102	112	168	204	211	199	187	184	187	191	184	176	170	162	157	155	157	163	182	218	245	250	249	248	252	255	254	254	254	252	252	252	250	250	247	244	
255	255	255	255	255	255	255	255	255	255	255	255	255	255	255	255	255	255	255	255	233	172	148	147	148	143	134	124	118	124	139	150	160	163	163	163	163	169	169	169	164	163	160	165	184	209	228	234	238	240	244	246	250	246	244	252	248	237	241	250	246	211	141	79	75	71	72	77	81	79	79	73	74	77	83	90	94	95	92	88	84	83	81	83	86	89	88	91	92	90	87	84	85	95	160	213	237	235	238	238	233	226	218	208	197	186	174	167	167	175	192	218	239	249	252	253	250	253	255	255	255	255	254	252	251	251	250	251	
255	255	255	255	255	255	255	255	255	255	255	255	255	255	255	255	255	255	255	255	220	166	148	150	151	150	147	139	132	123	124	128	151	153	156	158	159	163	166	171	170	169	168	167	170	181	204	217	216	217	223	233	242	240	239	252	255	245	246	254	249	210	139	82	76	78	78	80	83	85	85	79	79	83	87	93	99	103	102	94	90	86	82	81	81	84	84	86	89	87	82	79	84	95	164	216	239	241	249	253	249	245	247	241	234	225	213	204	200	206	219	228	239	245	253	255	252	251	250	250	250	252	251	251	251	252	251	251	
255	255	255	255	255	255	255	255	255	255	255	255	255	255	255	255	255	255	255	255	206	162	152	152	152	152	149	146	142	135	127	126	125	134	147	158	162	160	158	159	164	168	170	167	163	165	173	175	168	163	164	180	201	219	230	238	243	243	244	251	246	212	150	90	78	78	81	83	85	88	87	84	81	84	85	88	95	101	102	94	90	84	82	79	78	78	80	85	87	81	78	75	81	93	164	217	242	239	242	246	250	250	254	254	253	250	245	239	235	234	234	238	237	239	244	249	249	252	251	250	251	252	252	253	252	254	254	254	
255	255	255	255	255	255	255	255	255	255	255	255	255	255	255	255	255	255	255	252	195	157	153	154	150	148	145	145	146	143	135	130	116	120	132	142	150	156	155	151	156	163	162	161	161	163	164	161	154	135	113	110	122	147	173	183	194	211	226	239	244	222	177	102	82	79	84	88	90	90	88	86	81	80	79	80	84	89	92	90	87	84	81	78	75	75	78	83	85	80	74	73	82	98	170	219	241	239	243	249	253	253	252	252	255	255	255	253	251	248	243	230	215	206	211	220	232	240	241	247	254	255	255	253	254	253	254	252	
255	255	255	255	255	255	255	255	255	255	255	255	255	255	255	255	255	255	255	236	181	151	152	156	148	145	146	145	142	143	139	134	127	128	127	124	126	137	150	157	147	150	152	154	157	159	160	164	164	148	130	115	103	95	93	107	124	141	162	182	202	204	190	129	107	96	96	94	93	89	87	83	78	75	72	74	78	83	87	86	84	81	79	78	77	79	82	85	84	80	74	76	88	107	176	222	240	243	252	255	254	251	251	253	253	255	255	255	255	254	248	222	194	180	182	184	188	199	207	214	224	232	239	244	253	248	250	255	
255	255	255	255	255	255	255	255	255	255	255	255	255	255	255	255	255	255	255	224	168	147	152	152	147	146	147	146	143	142	141	139	137	135	129	122	114	115	129	143	143	145	150	153	154	154	157	159	160	160	162	159	137	101	70	80	89	93	99	110	130	151	164	167	163	150	133	120	111	100	93	90	82	75	72	75	78	83	87	86	83	83	81	81	81	84	87	88	85	80	75	79	93	111	170	217	239	244	252	255	255	252	253	252	252	253	255	255	255	254	247	216	181	170	171	169	169	171	173	177	183	186	193	206	218	227	234	251	
255	255	255	255	255	255	255	255	255	255	255	255	255	255	255	255	255	255	255	226	174	150	148	148	153	151	147	145	146	142	139	138	147	136	129	131	126	113	110	115	142	146	149	150	149	150	151	154	158	157	156	153	146	132	124	99	86	87	81	76	80	100	126	192	216	220	198	178	162	144	129	114	103	89	81	78	78	82	84	86	83	81	81	84	88	92	92	91	87	79	75	79	92	110	175	219	240	244	254	255	252	250	255	254	255	255	255	255	255	254	243	213	178	165	167	165	166	162	160	161	162	156	156	164	176	192	203	227	
255	255	255	255	255	255	255	255	255	255	255	255	255	255	255	255	255	255	253	217	173	150	147	151	153	148	147	147	143	139	145	151	141	142	140	142	140	123	111	102	109	120	137	146	146	148	153	154	159	157	157	156	153	152	155	137	121	104	87	71	67	79	92	167	220	242	228	226	224	214	206	188	170	149	130	117	107	99	92	84	82	78	78	78	79	82	89	93	90	88	85	87	94	105	169	221	239	242	251	253	251	251	255	255	255	255	255	255	255	252	238	209	180	166	164	161	161	161	164	166	163	157	155	156	162	166	178	182	
255	255	255	255	255	255	243	215	197	171	169	156	152	177	201	231	249	249	230	184	158	157	150	146	146	143	146	155	153	141	140	147	137	135	133	139	136	130	126	112	107	109	121	132	140	148	151	149	151	151	153	155	155	157	159	152	141	123	103	85	75	75	76	138	199	238	239	241	240	240	240	232	225	213	198	184	168	153	133	116	106	95	89	86	85	84	88	88	90	90	88	88	88	92	151	203	235	246	252	252	252	255	253	255	255	255	255	253	254	249	236	209	182	170	168	166	165	164	168	168	165	160	158	158	164	166	174	172	
255	255	240	199	164	145	134	127	132	145	155	162	182	200	187	181	181	180	165	141	145	152	143	146	148	144	153	164	161	150	141	139	146	139	137	144	139	138	139	125	115	108	107	112	121	135	143	146	145	148	150	153	156	156	158	158	155	144	128	113	96	81	73	118	175	227	242	242	243	249	251	244	247	243	237	234	228	215	202	189	172	152	134	120	104	91	90	89	90	91	92	89	87	87	125	180	226	247	255	255	253	252	252	253	254	255	254	254	253	251	236	210	184	172	170	169	168	168	166	167	165	161	160	164	166	175	179	175	
129	129	129	129	138	143	148	171	199	214	224	226	219	203	188	183	166	148	124	115	129	141	142	145	148	144	150	162	168	158	148	142	154	143	139	144	143	140	137	128	116	110	111	108	105	111	130	144	144	146	147	150	151	153	153	157	157	155	151	140	123	103	90	97	148	210	239	244	242	244	245	246	247	244	241	244	247	244	242	239	229	218	206	188	167	147	124	112	105	99	98	93	92	87	111	165	225	249	255	255	255	250	255	255	253	254	254	255	253	253	244	217	189	173	169	168	169	169	168	167	166	164	165	170	176	178	180	175	
163	163	184	211	226	233	231	232	235	229	219	219	218	194	174	183	185	172	144	119	112	120	134	143	146	138	135	151	167	164	154	153	156	144	135	139	145	139	132	134	121	118	120	116	106	100	112	131	142	142	145	147	151	154	154	151	155	160	161	157	145	129	119	107	148	201	232	234	234	237	236	242	241	240	241	244	243	243	244	242	240	240	240	237	227	218	203	184	164	143	129	120	111	106	105	152	217	247	252	255	254	254	255	255	255	255	255	255	255	255	253	228	195	175	168	169	169	169	169	167	166	169	172	178	182	181	181	178	
228	228	227	223	223	219	217	215	217	214	217	212	214	218	205	197	186	171	155	131	118	113	114	125	135	142	145	146	156	167	162	151	148	145	142	143	154	145	131	143	138	130	126	124	121	114	116	130	144	146	147	151	154	155	155	150	152	159	161	158	154	149	145	136	164	204	224	223	229	234	237	235	234	236	240	242	240	240	239	236	237	237	241	241	241	240	240	238	231	224	210	189	165	149	140	158	208	241	253	255	249	255	255	255	255	255	255	255	255	255	254	235	201	176	169	169	169	170	167	166	167	169	174	178	182	187	187	186	
215	215	207	206	214	213	206	206	214	213	214	219	218	215	201	197	183	145	123	118	130	129	116	105	117	136	146	142	147	162	157	143	145	147	152	143	146	141	136	142	149	142	131	127	128	129	129	134	145	145	149	151	151	153	154	154	154	153	153	154	157	158	159	145	159	185	204	213	213	220	230	234	234	237	239	239	240	240	239	241	243	243	242	243	243	242	246	246	243	240	236	237	233	229	206	202	216	228	240	253	249	253	251	252	255	255	255	255	255	255	255	239	209	182	171	168	168	169	167	167	170	174	175	177	179	185	185	188	
206	206	205	206	204	204	211	213	211	210	205	212	198	187	181	176	153	113	87	92	107	120	130	121	111	114	126	132	140	140	137	142	151	154	157	136	127	136	143	148	136	143	136	129	130	132	129	130	136	141	146	148	146	146	147	155	156	151	149	149	153	158	161	166	157	155	163	172	178	190	210	222	228	233	235	240	240	241	242	248	246	243	241	239	239	239	242	243	245	245	245	246	244	243	240	240	235	208	205	225	231	242	246	250	253	255	255	255	255	255	255	247	219	190	173	169	169	169	169	172	176	180	180	180	177	183	183	188	
212	212	215	220	220	217	215	215	222	241	226	217	209	198	199	178	144	100	76	76	88	103	119	131	125	111	109	118	134	140	135	133	145	147	151	140	146	153	147	151	151	138	138	141	132	125	137	140	142	144	147	148	148	147	148	152	153	152	151	152	150	152	155	152	155	160	162	152	140	129	126	145	162	186	208	224	229	229	230	236	240	244	244	242	240	239	241	241	240	240	242	244	246	246	239	242	235	208	183	178	188	196	209	217	230	238	244	247	250	251	254	252	236	209	183	172	167	171	173	176	178	179	177	180	179	182	184	186	
221	221	226	232	235	236	231	231	234	236	235	239	232	212	211	198	168	116	85	81	83	78	86	108	125	129	128	120	116	121	129	141	144	157	160	137	135	146	137	139	148	141	147	153	147	131	133	135	138	139	142	142	143	143	145	149	149	149	150	151	152	155	155	149	152	160	160	154	145	135	125	103	98	102	118	144	171	191	201	212	224	231	235	238	244	245	247	247	245	244	244	242	242	243	241	242	232	210	182	169	172	176	178	183	190	196	203	210	216	225	234	241	240	225	200	186	180	178	180	181	182	183	180	178	174	179	180	182	
232	232	234	236	238	238	233	232	235	234	246	255	246	217	208	206	188	150	117	102	88	75	77	83	102	121	134	133	118	110	116	135	150	160	160	138	137	142	133	135	145	132	134	146	147	135	130	130	135	136	137	138	138	142	145	145	146	148	149	151	153	154	154	145	147	150	155	155	155	150	142	122	107	87	78	81	96	113	129	147	169	186	196	215	231	236	239	242	243	243	243	239	238	238	245	243	240	224	194	169	163	166	175	175	174	175	176	178	179	189	201	212	225	228	220	213	208	198	196	195	190	187	185	185	179	185	184	184	
240	240	239	239	242	244	244	246	253	255	255	255	251	227	213	197	165	132	122	121	107	90	81	76	83	94	105	121	133	132	124	118	126	143	156	146	140	144	141	145	146	133	131	145	150	134	125	127	134	136	136	137	138	141	142	144	144	145	148	150	150	151	150	149	150	148	150	154	159	162	160	157	141	120	100	84	72	66	72	88	100	109	120	144	171	187	199	207	219	229	235	237	242	244	244	243	245	237	206	180	168	168	167	171	173	174	173	169	168	171	178	184	199	215	229	239	242	239	239	236	224	214	211	204	198	193	192	195	
253	253	254	254	255	255	255	255	255	255	255	255	255	252	237	195	138	100	90	112	125	112	94	87	78	76	84	95	117	134	133	122	119	117	122	135	146	144	141	148	146	146	149	155	153	133	120	126	131	134	135	137	138	138	139	138	137	139	144	147	148	147	148	158	155	153	151	154	157	160	163	170	158	145	134	119	98	76	67	69	70	71	78	90	106	116	122	132	153	175	195	211	224	231	239	239	248	249	226	201	184	177	166	169	172	176	174	172	167	169	173	175	181	197	221	250	255	255	255	255	255	255	254	247	240	233	231	229	
255	255	255	255	255	255	255	255	255	255	255	255	255	255	255	216	145	96	86	88	97	113	119	112	92	82	76	78	90	103	115	125	135	123	104	106	123	133	136	143	149	148	147	155	149	128	116	125	126	129	132	134	136	135	136	134	135	138	141	145	147	148	150	156	156	156	156	159	159	157	158	163	160	160	159	150	135	117	95	79	76	75	78	80	82	85	83	85	93	104	122	142	161	173	183	196	221	238	238	225	211	199	184	179	176	176	177	174	170	172	174	177	180	186	211	247	255	255	255	255	255	255	255	255	255	255	255	255	
255	255	255	255	255	255	255	255	255	255	255	255	255	255	255	236	165	113	100	90	88	94	107	125	125	110	92	81	81	82	90	102	118	128	120	109	109	115	127	136	151	147	145	151	143	119	112	127	124	126	129	132	134	136	139	140	140	141	142	142	146	149	151	148	152	154	157	159	158	156	154	151	157	160	164	162	155	149	126	101	93	84	80	83	85	85	79	76	81	85	90	92	95	97	112	136	174	203	216	226	231	227	208	201	190	187	187	184	179	177	177	176	179	185	205	240	255	255	255	255	255	255	255	255	255	255	255	255	
255	255	255	255	255	255	255	255	255	255	255	255	255	255	255	242	178	137	127	113	100	96	97	106	120	127	120	105	87	76	78	82	92	106	118	133	130	111	112	126	147	151	154	154	141	118	114	127	118	124	129	133	135	136	137	140	142	140	142	142	145	146	150	148	149	153	154	155	154	155	155	161	160	158	158	159	158	154	144	131	120	106	96	91	88	86	81	79	80	81	82	84	85	85	85	114	153	175	185	204	233	248	237	229	223	217	213	207	197	192	188	183	184	191	205	231	255	255	255	255	255	255	255	255	255	255	255	255	
255	255	255	255	255	255	255	255	255	255	255	255	255	255	255	238	176	149	142	134	125	111	98	90	96	109	123	127	115	97	80	73	77	85	97	112	126	123	113	108	121	140	153	148	138	115	111	119	114	121	127	131	133	133	129	133	135	138	143	145	144	145	149	149	149	150	146	147	148	150	154	157	156	157	157	158	158	160	161	159	151	139	124	109	96	86	81	81	82	87	88	90	91	91	84	110	150	170	170	180	222	255	252	251	251	251	246	239	232	226	220	215	213	215	216	229	252	255	255	255	255	255	255	255	255	255	255	255	
255	255	255	255	255	255	255	255	255	255	255	255	255	244	241	217	166	150	147	146	138	128	115	103	101	100	101	113	125	124	105	87	78	74	75	83	98	116	126	121	113	120	130	130	124	109	105	116	123	120	119	120	122	127	132	133	135	136	141	143	143	142	144	143	146	148	148	150	150	151	152	152	155	159	161	162	162	164	162	160	161	159	152	139	125	114	91	85	83	83	85	87	91	93	95	111	143	167	166	168	202	235	254	255	255	255	255	255	254	253	252	251	253	250	243	244	254	255	255	255	255	255	255	255	255	255	255	255	
255	255	255	255	255	255	255	255	255	255	255	255	255	236	226	201	152	139	141	147	148	144	136	125	114	106	97	95	105	121	124	117	98	79	67	68	71	85	108	119	119	115	112	109	112	115	108	109	112	113	115	120	121	125	126	129	129	132	138	140	139	139	138	140	143	148	151	153	155	156	156	156	157	159	160	160	161	163	165	168	168	164	162	158	153	150	125	108	96	84	78	82	90	97	98	110	138	165	166	165	183	214	249	255	255	255	255	255	255	255	255	255	255	255	255	255	255	255	255	252	253	255	255	255	255	255	255	255	
255	255	255	255	255	255	255	255	255	255	255	255	255	236	225	193	147	127	129	141	150	149	148	144	135	122	106	96	93	99	110	122	121	104	83	70	62	67	81	93	102	113	115	110	111	123	124	118	114	108	112	118	124	123	123	125	127	130	134	135	136	138	140	142	145	147	147	151	152	155	155	153	155	154	156	159	160	163	167	169	165	160	158	159	167	173	161	147	129	108	94	90	88	92	95	107	133	159	166	169	177	199	237	255	255	255	255	255	255	255	255	255	255	255	255	255	255	255	246	226	219	225	234	235	243	249	254	255	
255	255	255	255	255	255	255	255	255	255	255	255	255	234	222	184	146	127	126	139	145	145	148	153	146	141	132	113	98	96	101	102	112	120	107	88	78	68	68	75	80	95	107	107	106	119	132	132	128	122	117	114	114	119	122	124	123	125	130	133	135	137	141	139	142	144	147	148	148	150	150	151	153	154	156	157	159	160	160	157	157	161	162	163	165	170	170	168	163	152	135	116	97	85	99	112	132	151	162	171	179	192	223	247	255	255	255	255	255	255	255	255	255	255	255	255	255	255	248	216	198	197	202	202	205	215	218	222	
255	255	255	255	255	255	255	255	255	255	255	255	252	239	219	169	138	126	126	138	138	133	140	149	149	150	145	135	123	116	109	103	102	107	104	103	100	86	72	71	75	80	86	100	112	122	129	134	136	135	130	124	120	119	120	118	117	119	124	130	133	135	136	136	138	140	146	148	150	150	151	150	153	155	157	158	158	158	155	152	158	165	168	168	165	162	164	170	177	178	167	148	123	107	114	126	138	145	155	166	173	180	206	231	253	255	255	255	255	255	255	255	255	255	255	255	255	255	255	227	201	192	193	191	193	197	197	199	
255	255	255	255	255	255	255	255	255	255	255	255	242	244	218	161	133	125	132	137	130	123	133	143	143	148	151	150	147	141	127	111	101	93	90	91	99	102	94	84	90	97	104	119	130	134	134	134	139	136	136	139	142	136	127	125	123	118	121	126	129	131	132	136	139	139	143	148	150	150	151	153	153	156	154	155	155	158	162	165	163	163	165	165	167	170	168	170	171	174	172	167	161	155	135	139	144	145	150	157	157	162	191	216	244	255	255	255	255	255	255	255	255	255	255	255	255	255	255	241	206	190	186	188	189	195	194	192	
255	255	255	255	255	255	255	255	255	255	255	255	245	240	210	166	129	129	131	136	131	127	136	140	129	136	148	150	158	156	143	134	120	103	90	83	91	93	102	105	118	134	140	142	142	144	143	141	142	143	144	145	145	148	147	143	136	126	119	116	121	127	132	135	137	139	141	142	142	145	148	152	152	153	152	153	154	158	163	166	165	162	160	162	167	172	167	166	169	169	170	175	177	178	167	169	171	160	154	151	145	146	171	194	231	255	255	255	255	255	255	255	255	255	255	255	255	255	255	255	220	194	188	187	186	194	196	194	
255	255	255	255	255	255	255	255	255	255	255	255	248	229	198	170	132	130	131	135	132	132	138	138	123	132	145	142	149	156	155	159	138	124	114	96	87	85	95	99	119	138	149	144	142	145	150	151	149	148	147	147	147	150	153	148	145	141	136	129	127	124	121	127	129	134	140	142	144	142	144	149	151	150	153	153	154	156	156	158	162	163	162	163	166	168	167	167	171	172	172	173	173	173	175	185	189	183	172	162	151	147	157	175	217	255	255	255	255	255	255	255	255	255	255	255	255	255	255	255	235	203	196	192	187	195	196	196	
255	255	255	255	255	255	255	255	255	255	255	255	246	226	191	166	138	134	138	138	130	129	135	130	121	132	141	133	134	141	149	160	149	139	134	131	110	92	88	92	116	137	151	150	147	149	152	156	154	153	152	152	152	153	155	150	148	149	151	149	146	133	121	121	123	130	138	142	143	144	148	149	150	152	154	154	153	155	155	157	161	162	163	164	166	169	170	170	170	172	171	171	175	176	176	190	197	202	191	183	171	164	153	167	208	255	255	255	255	255	255	255	255	255	255	255	255	255	255	255	250	217	199	192	186	193	196	195	
255	255	255	255	255	255	255	255	255	255	255	255	248	231	191	156	130	133	141	139	130	130	135	126	121	133	139	129	127	135	137	140	154	154	145	150	146	127	113	124	141	150	153	155	154	151	153	157	160	158	157	157	157	157	157	153	148	148	149	153	155	151	142	137	130	122	122	130	137	142	144	146	147	151	151	150	151	154	156	158	162	162	161	160	165	169	170	170	170	172	174	175	180	183	191	199	205	204	204	199	200	198	183	183	201	234	255	255	255	255	255	255	255	255	255	255	255	255	255	255	255	232	200	191	185	192	195	193	
255	255	255	255	255	255	255	255	255	255	255	247	246	231	185	140	121	133	139	139	133	134	135	126	121	133	136	126	132	149	143	125	143	163	157	153	159	160	151	160	162	160	157	156	156	155	155	160	162	160	159	158	159	161	160	159	154	151	150	153	157	157	153	151	148	144	133	122	123	128	136	143	143	146	148	149	150	152	157	161	161	160	159	160	161	167	169	172	175	176	178	181	184	186	192	196	204	205	210	211	221	222	212	206	205	225	255	255	255	255	255	255	255	255	255	255	255	255	255	255	255	242	200	190	187	190	192	193	
255	255	255	255	255	255	255	255	255	255	250	246	246	228	182	136	122	140	142	139	136	140	139	130	124	135	136	124	132	152	147	124	130	143	153	160	160	162	164	169	163	163	162	161	161	157	156	159	160	161	160	160	161	162	162	163	161	162	161	159	159	157	158	154	153	154	150	147	139	127	124	132	135	138	144	149	150	153	155	160	161	163	164	163	164	166	171	174	176	177	182	184	186	190	180	193	205	213	214	216	217	219	221	229	234	247	255	255	255	255	255	255	255	255	255	255	255	255	255	255	255	252	213	194	190	190	195	197	
255	255	255	255	255	255	255	255	255	255	255	255	245	219	181	139	126	138	137	133	132	139	141	132	131	147	146	127	130	144	142	130	131	129	137	141	145	155	166	166	162	164	164	164	163	161	159	160	164	163	164	163	162	164	163	166	166	167	166	165	163	163	163	158	157	155	154	158	156	149	140	134	131	132	136	142	143	146	152	158	158	162	165	165	167	170	170	171	174	178	183	185	189	192	179	193	205	214	214	220	219	224	242	254	254	255	255	255	255	255	255	255	255	255	255	255	255	255	255	255	255	255	231	199	195	195	199	200	
255	255	255	255	255	255	255	255	255	255	254	252	236	201	166	142	141	147	145	133	127	135	137	128	132	149	141	121	129	143	140	132	138	136	132	129	142	146	157	164	163	163	162	165	168	166	164	165	169	167	167	167	167	165	165	167	168	168	169	166	164	163	163	165	165	162	160	162	162	162	160	159	149	141	138	139	144	148	150	151	154	158	160	162	164	166	169	173	175	178	183	185	189	190	201	209	213	207	209	217	226	233	253	255	255	255	253	250	255	250	232	230	232	238	248	255	255	255	255	255	255	255	245	206	202	199	200	198	
255	255	255	255	255	255	255	255	255	255	255	242	240	203	156	142	145	151	141	127	130	140	135	125	133	142	141	133	134	134	137	141	151	144	129	132	149	149	151	154	157	157	160	163	167	168	169	173	171	169	169	171	172	171	171	171	169	171	172	172	169	168	170	172	173	171	171	171	169	166	164	168	166	161	154	147	142	138	144	152	154	157	159	160	164	169	181	185	185	183	181	183	190	196	203	205	211	213	206	213	227	238	248	251	255	255	255	255	255	255	255	236	214	200	200	208	217	224	229	242	254	255	252	240	234	229	228	222	
255	255	255	255	255	255	255	255	255	255	255	248	242	197	150	138	144	152	142	130	136	139	129	123	134	137	135	137	146	144	139	142	159	158	137	136	158	158	147	143	148	149	155	160	165	166	171	174	174	176	178	175	174	173	173	172	171	173	174	175	170	170	172	178	179	177	176	174	173	170	167	164	165	168	171	167	160	150	145	143	144	150	158	167	173	172	178	180	180	185	188	193	197	200	197	205	216	226	227	236	241	248	255	255	255	255	255	255	251	250	252	249	242	228	214	202	192	189	190	194	203	215	228	251	255	255	255	255	
255	255	255	255	255	255	255	255	255	255	253	245	227	181	141	132	141	154	141	132	143	148	133	126	132	132	125	132	151	150	135	136	154	160	143	141	168	170	155	143	138	142	147	155	161	166	170	172	173	177	178	179	180	178	173	174	174	174	177	177	172	173	176	181	182	181	178	176	175	174	173	174	170	167	168	172	173	174	167	153	143	138	145	156	170	178	178	177	182	189	192	193	195	197	205	211	212	209	234	255	255	255	255	255	255	255	255	255	255	251	254	255	255	255	245	225	211	196	189	182	176	183	199	237	255	255	255	255	
255	255	255	255	255	255	255	255	255	255	248	244	217	168	137	131	141	152	140	132	147	150	134	129	134	134	126	130	143	136	124	129	140	154	144	146	174	179	165	156	159	153	145	144	150	159	167	171	171	173	174	178	181	182	177	178	179	179	179	176	174	175	177	182	184	184	181	179	178	175	174	178	181	179	177	175	174	173	175	174	166	160	157	161	168	180	182	181	187	193	194	193	195	196	210	215	221	231	240	244	255	255	255	255	250	253	255	255	255	255	255	255	255	255	255	254	251	239	225	200	179	172	181	214	255	255	255	255	
255	255	255	255	255	255	255	255	255	255	249	245	211	161	136	133	144	151	141	132	140	138	127	132	141	140	133	133	141	132	123	133	141	147	140	150	180	183	171	165	172	167	159	156	154	155	156	155	158	166	173	174	176	177	179	181	182	181	179	176	176	177	180	187	190	190	188	184	183	179	177	180	189	194	192	185	177	174	178	182	184	184	181	178	182	193	211	213	203	195	194	196	203	207	217	231	237	243	255	255	254	254	255	255	255	255	255	255	255	255	255	255	255	252	255	255	255	255	253	236	215	202	191	196	219	255	255	255	
255	255	255	255	255	255	255	255	255	255	245	241	203	153	134	137	147	145	130	126	132	131	123	133	141	136	128	132	147	139	132	143	150	145	137	156	186	187	176	168	171	173	173	173	169	162	155	149	147	154	161	167	170	176	177	181	183	181	180	179	177	181	183	186	190	190	188	188	186	181	181	188	190	194	192	192	189	187	187	188	187	187	185	184	191	201	217	229	232	225	218	214	211	212	214	225	247	255	255	255	255	255	255	255	255	255	255	255	255	255	255	255	255	255	255	255	255	255	255	255	255	255	227	202	192	251	255	255	
255	255	255	255	255	255	255	255	255	255	243	228	192	150	131	139	148	140	124	130	142	132	123	134	143	129	120	134	147	138	131	149	156	143	138	166	187	184	177	172	177	176	172	171	172	175	173	166	154	150	153	158	165	168	170	174	177	180	181	181	182	185	187	187	188	187	186	190	190	188	185	182	184	189	194	196	195	192	189	188	186	187	188	187	189	192	197	215	237	247	247	245	236	224	226	242	254	255	255	255	255	255	255	255	255	255	255	255	255	255	255	255	255	255	255	255	255	255	255	255	255	255	253	241	235	255	255	255	
255	255	255	255	255	255	255	255	255	255	244	216	180	143	126	132	141	136	128	145	155	135	120	135	144	127	117	133	144	129	126	148	158	143	144	168	184	182	177	173	179	179	176	176	178	181	178	176	172	164	161	157	154	157	164	170	174	177	180	181	185	188	191	195	192	190	188	191	190	190	186	183	186	188	192	194	196	196	195	192	190	192	192	192	193	198	215	222	222	225	238	255	255	253	255	255	255	255	255	255	255	255	255	255	255	255	255	255	255	255	255	255	255	255	255	255	255	255	255	255	255	255	255	255	255	247	255	255	
255	255	255	255	255	255	255	255	255	242	237	224	179	135	120	139	149	136	135	141	142	131	130	145	140	133	135	137	134	131	137	147	146	140	146	170	172	180	176	172	175	178	179	179	183	183	182	180	177	178	177	173	171	166	161	162	167	171	176	179	181	186	191	194	190	191	191	190	190	189	192	191	195	196	196	197	201	204	204	201	199	197	196	197	202	203	211	217	229	233	227	241	255	255	255	255	255	255	255	255	255	255	255	255	255	255	255	255	255	255	255	255	255	255	255	255	255	255	255	255	255	255	255	255	255	255	255	255	
255	255	255	255	255	255	255	255	251	251	242	212	166	137	126	145	159	142	137	139	138	131	130	145	141	134	136	138	134	131	140	153	146	132	137	162	171	182	182	178	178	179	178	180	185	187	186	182	179	183	185	185	182	182	179	173	170	168	169	173	178	184	186	187	186	188	190	194	192	190	192	198	200	201	201	199	200	203	206	204	205	204	203	205	208	211	214	217	226	227	222	238	255	255	255	255	255	255	255	255	255	255	255	255	255	255	255	255	255	255	255	255	255	255	255	255	255	255	255	255	255	255	255	255	255	255	255	255	
255	255	255	255	255	255	255	255	254	250	244	197	152	137	130	145	156	139	133	136	139	129	127	143	138	131	137	140	133	129	136	147	134	130	141	169	181	189	186	184	182	183	182	182	187	190	187	185	186	188	189	188	188	189	190	188	187	180	173	165	166	172	180	182	181	184	186	188	190	195	198	202	205	209	207	202	202	206	207	204	205	206	208	211	214	215	220	219	226	225	219	239	255	255	255	255	255	255	255	255	255	255	255	255	255	255	255	255	255	255	255	255	255	255	255	255	255	255	255	255	255	255	255	255	255	255	255	255	
255	255	255	255	255	255	255	255	255	246	242	191	146	136	131	141	142	133	134	142	144	132	125	139	135	128	136	141	135	128	134	139	128	130	150	178	188	188	189	189	191	189	187	187	189	189	187	186	187	191	193	191	190	191	192	195	194	193	189	182	175	172	173	174	174	175	178	184	189	194	200	202	208	209	209	207	205	206	205	201	203	206	211	214	216	218	220	219	229	225	219	238	255	255	255	255	255	255	255	255	255	255	255	255	255	255	255	255	255	255	255	255	255	255	255	255	255	255	255	255	255	255	255	255	255	255	255	255	
255	255	255	255	255	255	255	255	255	248	241	192	142	131	136	144	136	131	135	148	150	136	131	146	138	131	137	139	133	131	137	136	129	131	150	174	187	185	188	191	195	194	193	192	193	192	190	187	188	193	197	196	196	196	197	200	199	195	195	195	195	189	187	173	172	171	172	176	183	188	193	199	202	205	207	208	208	208	206	204	206	209	212	215	217	216	218	220	228	227	219	232	255	255	255	255	255	255	255	255	255	255	255	255	255	255	255	255	255	255	255	255	255	255	255	255	255	255	255	255	255	255	255	255	255	255	255	255	
255	255	255	255	255	255	255	255	243	253	236	189	142	130	141	152	136	131	139	153	150	136	138	153	141	135	143	140	128	127	137	137	129	128	144	168	188	185	185	187	195	195	196	197	198	197	196	194	195	194	192	192	192	198	203	204	203	201	200	199	199	199	201	191	185	177	174	172	175	180	185	191	196	200	205	206	208	210	209	210	211	212	216	218	217	216	219	220	229	228	217	232	255	255	255	255	255	255	255	255	255	255	255	255	255	255	255	255	255	255	255	255	255	255	255	255	255	255	255	255	255	255	255	255	255	255	255	255	
255	255	255	255	255	255	255	255	253	253	226	178	141	133	143	151	135	130	137	152	147	135	137	150	136	135	151	144	125	125	141	142	128	128	146	167	189	184	184	186	194	196	199	202	203	200	200	202	204	200	194	192	191	194	199	199	202	208	209	206	200	200	202	203	198	193	187	184	181	180	181	185	190	195	199	201	208	211	213	215	215	216	219	221	221	220	222	222	228	230	218	235	255	255	255	255	255	255	255	255	255	255	255	255	255	255	255	255	255	255	255	255	255	255	255	255	255	255	255	255	255	255	255	255	255	255	255	255	
255	255	255	255	255	255	255	255	255	247	218	166	143	139	146	150	133	127	135	152	148	135	136	139	126	132	150	145	128	129	144	147	123	132	157	167	182	176	184	187	193	195	200	204	205	204	203	204	204	205	201	199	199	197	195	196	199	203	205	207	205	204	204	204	204	206	206	203	197	189	185	185	185	190	195	201	205	209	212	213	214	218	221	224	225	225	224	224	227	231	224	238	255	255	255	255	255	255	255	255	255	255	255	255	255	255	255	255	255	255	255	255	255	255	255	255	255	255	255	255	255	255	255	255	255	255	255	255	
255	255	255	255	255	255	255	253	255	242	210	160	146	140	148	150	133	133	139	150	146	139	138	136	130	132	144	140	129	134	139	136	120	139	175	172	177	173	182	181	188	190	197	204	206	204	205	206	205	205	201	202	205	203	198	198	199	199	200	205	206	207	207	208	208	210	210	212	208	204	200	193	188	188	192	196	199	203	205	206	210	213	218	222	226	226	225	229	228	230	232	246	255	255	255	255	255	255	255	255	255	255	255	255	255	255	255	255	255	255	255	255	255	255	255	255	255	255	255	255	255	255	255	255	255	255	255	255	
255	255	255	255	255	255	255	252	249	235	203	157	146	139	149	151	138	139	145	149	140	137	144	139	133	135	142	138	131	139	143	136	126	145	181	186	186	186	190	184	182	186	192	198	201	200	204	206	208	206	203	203	204	205	204	205	204	203	200	199	200	208	211	211	210	210	209	212	211	209	206	203	203	204	199	194	192	193	197	200	206	212	214	216	221	227	228	229	229	233	236	251	255	255	255	255	255	255	255	255	255	255	255	255	255	255	255	255	255	255	255	255	255	255	255	255	255	255	255	255	255	255	255	255	255	255	255	255	
255	255	255	255	255	255	255	253	245	229	193	150	141	142	152	153	143	143	146	143	130	134	147	137	133	137	141	133	131	144	145	130	128	147	179	196	190	197	200	192	190	190	194	196	198	197	200	204	205	207	207	205	205	206	207	206	203	203	200	195	198	208	212	209	207	208	209	214	211	209	206	206	212	215	210	204	199	195	191	193	201	209	214	217	218	223	229	227	229	235	238	255	255	255	255	255	255	255	255	255	255	255	255	255	255	255	255	255	255	255	255	255	255	255	255	255	255	255	255	255	255	255	255	255	255	255	255	255	
255	255	255	255	255	255	255	253	247	230	185	144	137	146	154	148	137	143	146	138	127	137	150	140	133	141	143	132	131	146	146	124	130	147	177	202	193	202	204	198	201	197	195	196	196	194	195	199	199	202	203	205	206	206	205	204	203	203	201	198	202	211	213	209	204	204	206	209	208	207	207	207	215	219	218	215	213	208	201	198	200	207	210	213	219	224	229	230	230	235	238	255	255	255	255	255	255	255	255	255	255	255	255	255	255	255	255	255	255	255	255	255	255	255	255	255	255	255	255	255	255	255	255	255	255	255	255	255	
255	255	255	255	255	255	255	253	251	235	183	148	145	158	163	146	133	145	148	136	127	137	147	140	136	147	147	134	134	150	150	124	133	152	181	203	197	204	204	199	202	198	198	198	196	193	193	193	192	194	197	202	207	207	206	206	204	205	203	199	204	212	213	211	208	205	205	206	205	202	203	206	214	219	220	219	219	218	216	214	215	213	210	210	213	219	232	239	241	246	249	255	255	255	255	255	255	255	255	255	255	255	255	255	255	255	255	255	255	255	255	255	255	255	255	255	255	255	255	255	255	255	255	255	255	255	255	255	
255	255	255	255	255	255	253	251	248	219	172	149	150	170	172	149	136	151	154	139	131	137	139	133	135	145	141	130	132	146	148	125	134	161	187	200	196	205	203	197	198	198	200	201	198	192	194	194	193	193	197	201	204	207	206	207	206	204	200	199	203	211	211	211	209	212	212	211	205	202	203	204	211	216	216	219	222	224	224	226	226	226	220	213	211	218	227	237	247	255	255	255	255	255	255	255	255	255	255	255	255	255	255	255	255	255	255	255	255	255	255	255	255	255	255	255	255	255	255	255	255	255	255	255	255	255	255	255	
255	255	255	255	255	255	247	247	234	195	155	145	152	173	178	152	141	161	156	139	138	145	141	132	139	149	140	128	133	141	142	121	134	169	192	191	187	200	200	193	202	204	203	201	194	189	192	198	200	203	203	204	201	201	201	204	206	205	200	201	204	208	210	210	209	213	216	214	210	208	210	213	210	209	210	217	225	229	230	228	228	230	229	223	222	224	228	236	241	253	255	255	255	255	255	255	255	255	255	255	255	255	255	255	255	255	255	255	255	255	255	255	255	255	255	255	255	255	255	255	255	255	255	255	255	255	255	255	
255	255	255	255	255	255	250	245	227	185	153	138	148	171	174	155	150	165	156	140	140	148	142	133	150	160	139	124	135	142	129	125	144	168	192	187	182	188	192	196	204	207	205	199	190	191	199	204	204	206	207	205	204	203	203	204	206	203	198	197	205	211	212	213	213	213	215	217	214	215	215	217	213	210	211	216	220	223	227	230	231	234	235	233	233	235	240	243	245	251	255	255	255	255	255	255	255	255	255	255	255	255	255	255	255	255	255	255	255	255	255	255	255	255	255	255	255	255	255	255	255	255	255	255	255	255	255	255	
255	255	255	255	255	255	243	243	222	180	150	134	145	166	162	147	150	162	154	134	135	145	142	135	154	162	139	130	150	154	127	129	148	168	196	192	190	185	187	194	197	204	206	199	192	193	203	205	205	207	210	209	208	207	207	205	204	201	199	200	203	208	209	216	215	214	215	217	217	215	214	216	214	214	217	220	220	220	223	226	229	233	237	235	236	241	246	251	250	254	255	255	255	255	255	255	255	255	255	255	255	255	255	255	255	255	255	255	255	255	255	255	255	255	255	255	255	255	255	255	255	255	255	255	255	255	255	255	
255	255	255	255	255	255	241	244	218	175	145	132	149	167	152	134	141	153	143	131	137	145	139	131	145	151	133	133	157	159	134	135	153	175	202	200	196	195	192	193	195	199	199	194	190	194	204	209	206	209	212	211	211	210	210	208	206	205	206	207	203	204	204	212	213	213	215	219	218	216	215	215	216	216	222	224	226	225	224	226	224	226	230	236	239	244	251	254	254	255	255	255	255	255	255	255	255	255	255	255	255	255	255	255	255	255	255	255	255	255	255	255	255	255	255	255	255	255	255	255	255	255	255	255	255	255	255	255	
255	255	255	255	255	255	250	250	217	170	144	135	157	172	151	127	136	148	136	132	145	146	134	129	138	141	128	133	150	145	125	134	155	181	201	200	200	204	204	202	197	198	196	190	190	194	206	209	207	210	212	212	212	212	212	211	212	214	214	213	208	204	205	205	206	208	211	218	220	217	217	220	222	221	223	225	227	229	231	232	224	222	227	232	236	241	246	251	255	255	255	255	255	255	255	255	255	255	255	255	255	255	255	255	255	255	255	255	255	255	255	255	255	255	255	255	255	255	255	255	255	255	255	255	255	255	255	255	
255	255	255	255	255	249	249	247	212	163	147	148	167	173	148	129	140	148	137	133	147	145	134	131	143	142	129	137	145	132	117	134	151	183	200	200	202	207	209	204	201	201	201	197	195	197	201	204	205	209	211	212	212	213	215	214	217	220	218	215	212	210	209	209	206	203	206	212	217	221	222	225	226	225	223	224	228	231	236	235	227	223	227	232	235	237	238	245	254	255	255	255	255	255	255	255	255	255	255	255	255	255	255	255	255	255	255	255	255	255	255	255	255	255	255	255	255	255	255	255	255	255	255	255	255	255	255	255	
255	255	255	255	255	241	250	239	207	159	148	154	171	169	145	133	145	149	137	128	135	135	133	138	151	144	128	140	143	129	119	143	158	187	200	199	199	206	208	203	202	204	206	206	203	202	201	199	199	202	206	210	211	213	215	214	217	218	218	214	215	213	210	215	212	208	208	211	216	220	222	224	228	228	225	224	227	231	232	233	229	227	232	237	237	237	233	235	244	255	255	255	255	255	255	255	255	255	255	255	255	255	255	255	255	255	255	255	255	255	255	255	255	255	255	255	255	255	255	255	255	255	255	255	255	255	255	255	
255	255	255	255	255	247	255	234	199	157	143	155	171	162	142	140	151	146	135	131	135	132	130	140	157	146	126	139	145	128	122	148	171	193	194	197	197	205	205	203	203	202	202	206	207	208	209	205	200	200	201	204	205	207	211	212	215	215	219	219	220	217	215	217	217	219	219	218	218	218	218	223	228	227	225	225	229	231	229	232	229	229	234	239	241	240	236	235	243	255	255	255	255	255	255	255	255	255	255	255	255	255	255	255	255	255	255	255	255	255	255	255	255	255	255	255	255	255	255	255	255	255	255	255	255	255	255	255	
255	255	255	255	251	250	255	228	194	157	140	159	170	155	138	150	163	145	134	145	152	139	127	139	152	137	126	146	152	134	131	158	176	193	188	196	198	205	204	200	203	201	201	205	207	208	209	209	207	203	204	203	202	205	209	212	214	216	222	227	222	218	218	219	221	222	222	222	222	222	221	223	226	223	224	228	232	230	230	232	232	229	233	238	242	245	243	245	255	255	255	255	255	255	255	255	255	255	255	255	255	255	255	255	255	255	255	255	255	255	255	255	255	255	255	255	255	255	255	255	255	255	255	255	255	255	255	255	
255	255	255	255	255	255	255	218	193	155	148	161	169	154	147	160	165	142	143	154	153	138	128	141	148	136	132	151	150	131	130	157	172	189	184	179	189	202	207	210	203	199	199	203	205	205	207	208	207	204	203	204	207	207	206	207	208	214	220	226	226	225	226	221	219	221	224	227	228	228	229	231	229	228	228	229	230	228	230	232	229	233	239	241	239	239	243	248	255	255	255	255	255	255	255	255	255	255	255	255	255	255	255	255	255	255	255	255	255	255	255	255	255	255	255	255	255	255	255	255	255	255	255	255	255	255	255	255	
255	255	255	255	255	252	251	214	175	147	150	164	168	147	143	163	164	142	145	155	152	137	132	144	140	130	133	147	146	136	141	167	176	195	192	183	189	190	195	199	199	198	198	201	204	204	204	206	209	207	207	207	212	213	213	210	209	210	214	216	219	222	226	225	222	223	227	226	225	227	229	232	233	233	234	233	231	229	228	228	227	228	236	238	238	237	242	247	255	255	255	255	255	255	255	255	255	255	255	255	255	255	255	255	255	255	255	255	255	255	255	255	255	255	255	255	255	255	255	255	255	255	255	255	255	255	255	255	
255	255	255	255	255	244	244	204	156	134	146	166	165	140	139	159	159	139	148	158	149	135	139	148	139	131	137	144	137	132	145	171	178	196	198	188	190	188	191	193	195	195	198	200	203	204	208	211	213	211	210	210	212	215	216	213	213	215	215	215	216	216	219	221	218	218	220	220	223	229	235	236	237	239	238	235	233	231	229	227	223	227	232	236	238	237	239	248	255	255	255	255	255	255	255	255	255	255	255	255	255	255	255	255	255	255	255	255	255	255	255	255	255	255	255	255	255	255	255	255	255	255	255	255	255	255	255	255	
255	255	255	255	252	244	228	185	142	129	146	174	169	143	146	160	154	138	150	158	144	130	139	155	142	132	140	143	132	125	140	168	177	193	193	190	195	195	197	197	193	196	198	198	199	203	207	213	218	217	215	210	209	211	211	210	213	219	224	222	218	216	216	217	214	213	212	211	218	229	239	240	240	240	239	237	234	235	236	233	227	228	233	236	238	238	241	247	255	255	255	255	255	255	255	255	255	255	255	255	255	255	255	255	255	255	255	255	255	255	255	255	255	255	255	255	255	255	255	255	255	255	255	255	255	255	255	255	
255	255	255	255	248	244	215	172	143	130	148	171	166	146	149	157	148	137	150	161	143	127	140	156	141	129	136	141	131	127	143	173	184	191	191	189	193	194	199	198	195	199	199	195	197	200	207	212	219	219	217	212	212	211	211	210	214	218	219	218	218	222	225	222	219	217	214	211	214	223	231	233	236	236	238	237	238	236	236	234	230	231	234	238	240	240	243	249	255	255	255	255	255	255	255	255	255	255	255	255	255	255	255	255	255	255	255	255	255	255	255	255	255	255	255	255	255	255	255	255	255	255	255	255	255	255	255	255	
255	255	255	255	247	247	211	169	143	142	157	172	161	146	154	161	150	138	150	155	143	135	144	151	137	125	132	139	131	128	148	183	188	196	192	191	191	189	195	197	197	202	202	198	199	207	213	213	213	214	213	211	213	215	214	210	213	217	219	216	218	223	227	224	223	223	222	218	218	220	224	224	226	231	236	239	237	235	234	232	231	231	234	237	239	242	242	245	255	255	255	255	255	255	255	255	255	255	255	255	255	255	255	255	255	255	255	255	255	255	255	255	255	255	255	255	255	255	255	255	255	255	255	255	255	255	255	255	
255	255	255	255	241	233	200	160	132	148	162	173	159	147	153	161	149	137	146	146	139	146	156	154	140	132	139	141	132	128	153	189	189	192	189	189	192	190	196	195	196	202	203	201	204	211	216	215	212	212	210	207	209	213	210	208	211	219	218	218	217	218	218	222	221	222	224	224	223	224	224	221	222	224	229	233	234	230	229	231	231	231	232	235	238	239	240	242	255	255	255	255	255	255	255	255	255	255	255	255	255	255	255	255	255	255	255	255	255	255	255	255	255	255	255	255	255	255	255	255	255	255	255	255	255	255	255	255	
255	255	255	250	240	229	189	153	122	135	151	156	143	133	139	145	141	140	142	134	133	151	166	157	144	141	148	144	131	134	158	192	191	189	184	187	194	191	194	191	197	203	203	202	203	209	211	213	217	216	211	206	207	207	205	207	213	217	215	214	215	218	219	220	218	218	222	222	225	225	227	223	221	221	226	228	229	226	228	229	231	230	232	235	235	238	238	245	255	255	255	255	255	255	255	255	255	255	255	255	255	255	255	255	255	255	255	255	255	255	255	255	255	255	255	255	255	255	255	255	255	255	255	255	255	255	255	255	
255	255	255	243	238	223	184	144	128	132	140	140	132	129	138	139	137	140	145	138	134	145	158	155	140	139	145	135	127	148	172	181	187	189	192	193	190	190	195	196	193	201	200	201	205	212	212	211	214	216	215	213	213	211	208	208	209	210	213	213	214	220	222	223	220	222	222	220	223	227	227	229	227	224	225	226	224	225	225	225	227	227	229	234	237	240	245	250	255	255	255	255	255	255	255	255	255	255	255	255	255	255	255	255	255	255	255	255	255	255	255	255	255	255	255	255	255	255	255	255	255	255	255	255	255	255	255	255	
255	255	255	246	241	220	173	141	124	137	140	134	126	127	139	139	133	138	146	143	135	141	151	152	144	143	142	129	123	145	172	188	188	190	193	194	194	195	199	198	193	196	194	199	206	211	210	211	214	215	213	213	217	219	220	216	212	208	207	207	209	218	220	224	222	224	224	222	225	229	229	226	224	222	224	227	226	224	220	220	225	228	228	232	235	239	245	252	255	255	255	255	255	255	255	255	255	255	255	255	255	255	255	255	255	255	255	255	255	255	255	255	255	255	255	255	255	255	255	255	255	255	255	255	255	255	255	255	
255	255	255	240	240	215	166	139	125	146	147	137	126	136	148	140	131	135	142	141	138	143	151	147	141	140	138	127	126	147	174	194	193	195	197	198	198	199	201	200	198	199	199	199	203	208	208	209	213	213	212	211	213	216	218	217	214	208	204	206	208	216	220	222	222	225	224	223	225	229	228	228	223	220	220	225	225	222	217	218	225	229	230	229	230	235	243	255	255	255	255	255	255	255	255	255	255	255	255	255	255	255	255	255	255	255	255	255	255	255	255	255	255	255	255	255	255	255	255	255	255	255	255	255	255	255	255	255	
255	255	255	236	237	206	158	138	126	142	147	135	127	141	151	137	129	140	137	132	134	147	153	143	137	144	142	129	130	149	174	192	193	195	198	202	203	203	204	205	204	207	208	207	205	203	207	209	209	210	209	210	212	213	214	214	214	213	209	209	211	217	220	219	219	221	223	218	221	228	228	226	225	222	219	221	222	221	219	222	228	231	232	231	229	230	240	255	255	255	255	255	255	255	255	255	255	255	255	255	255	255	255	255	255	255	255	255	255	255	255	255	255	255	255	255	255	255	255	255	255	255	255	255	255	255	255	255	
255	255	255	239	234	196	148	135	130	139	143	133	128	142	152	140	136	150	144	127	125	142	149	134	136	150	148	132	133	150	171	188	191	195	198	202	203	203	204	206	208	208	209	211	210	206	206	207	205	205	207	209	210	213	216	216	215	217	217	212	216	219	224	220	219	222	218	213	217	224	224	224	226	225	222	221	222	222	221	224	231	233	235	235	231	231	240	255	255	255	255	255	255	255	255	255	255	255	255	255	255	255	255	255	255	255	255	255	255	255	255	255	255	255	255	255	255	255	255	255	255	255	255	255	255	255	255	255	
255	255	255	243	234	185	140	134	136	140	142	132	129	144	150	140	141	159	157	133	126	140	141	130	135	153	148	126	133	156	179	189	193	196	199	201	202	203	202	205	207	206	207	212	215	215	209	208	209	208	209	209	208	209	211	215	217	220	219	217	221	224	227	225	226	226	219	211	212	219	220	220	224	226	226	226	225	224	222	228	232	234	238	239	238	237	245	255	255	255	255	255	255	255	255	255	255	255	255	255	255	255	255	255	255	255	255	255	255	255	255	255	255	255	255	255	255	255	255	255	255	255	255	255	255	255	255	255	
255	255	248	242	229	174	138	131	142	145	142	131	130	144	143	133	136	157	160	139	135	146	139	128	137	159	149	122	135	167	189	195	196	199	200	201	202	203	202	203	206	205	205	210	215	215	210	209	211	210	213	214	213	210	209	211	215	218	220	220	220	223	225	226	228	229	222	212	215	220	219	221	222	219	222	227	229	225	222	228	233	235	237	240	239	240	250	255	255	255	255	255	255	255	255	255	255	255	255	255	255	255	255	255	255	255	255	255	255	255	255	255	255	255	255	255	255	255	255	255	255	255	255	255	255	255	255	255	
