255	255	255	255	255	255	255	255	255	233	182	154	144	135	129	125	126	135	144	148	148	148	143	132	122	112	109	107	101	95	93	90	124	152	182	212	239	255	255	255	255	255	255	255	255	255	250	250	255	237	198	148	105	87	87	85	88	106	136	169	196	214	228	240	246	245	253	255	251	233	196	134	86	60	57	63	67	66	69	71	67	64	62	60	64	70	76	85	90	88	85	80	73	68	66	66	68	69	74	74	75	74	68	72	67	65	67	82	117	162	201	205	182	154	129	109	103	120	139	152	154	169	214	255	255	255	255	255	
255	255	255	255	255	255	255	255	255	227	174	150	142	135	131	129	131	141	147	148	147	146	142	134	123	112	108	103	98	91	85	81	79	82	94	114	146	186	223	244	255	255	255	255	255	255	255	252	246	221	168	108	71	59	56	59	61	66	77	92	112	141	168	192	212	230	241	249	245	219	170	99	69	61	64	70	78	79	77	75	71	67	66	64	67	72	78	85	91	94	92	85	76	74	67	66	65	69	71	73	73	75	70	65	61	64	72	98	144	198	231	238	233	217	203	190	181	170	165	156	148	157	189	238	255	255	255	254	
255	255	255	255	255	255	255	255	255	204	153	135	129	129	134	134	139	145	150	148	142	141	141	135	117	107	104	103	106	101	97	97	69	66	73	84	92	110	131	149	175	189	211	231	247	252	254	249	230	187	125	81	63	63	60	60	61	67	69	72	75	83	90	112	138	170	200	220	226	201	151	90	70	67	71	80	87	85	81	76	74	71	70	66	67	67	72	76	81	86	89	83	76	74	65	66	64	66	69	70	71	68	64	66	64	70	85	126	182	229	246	246	247	247	249	249	241	223	213	190	174	172	174	206	250	255	255	255	
255	255	255	255	255	255	255	255	254	179	140	126	123	123	130	131	138	146	149	148	143	140	139	136	124	116	111	106	104	96	94	97	89	81	80	82	85	89	90	81	86	105	132	165	196	219	236	238	210	155	98	68	62	65	68	72	74	71	71	74	75	74	71	72	78	92	130	168	198	195	159	119	94	83	79	81	83	81	78	75	71	68	68	68	67	67	65	67	69	74	79	79	74	70	62	62	66	67	68	67	66	61	56	63	71	79	108	160	215	240	241	245	243	246	250	253	255	252	249	234	223	209	193	206	237	254	255	255	
255	255	255	255	255	255	255	255	244	167	136	129	129	130	134	134	138	144	148	145	143	141	141	138	136	135	130	117	106	91	81	81	96	96	97	94	94	93	85	68	68	70	78	95	121	152	188	210	192	144	101	79	72	70	74	81	83	81	79	78	78	74	70	68	66	73	94	129	176	209	209	185	155	129	111	98	87	73	70	70	65	63	62	63	66	70	69	67	66	66	70	72	73	70	57	63	64	66	68	67	64	59	56	63	73	95	139	195	236	240	234	235	234	242	253	255	252	255	255	255	255	239	228	232	235	250	251	255	
255	255	255	255	255	255	255	255	226	161	144	141	142	139	142	144	142	144	144	142	142	143	141	135	137	138	140	135	124	112	101	97	98	98	101	107	113	112	96	82	76	76	74	66	67	92	142	195	216	198	169	137	108	86	76	78	80	80	80	78	75	74	76	67	67	71	97	149	207	239	246	238	229	211	187	160	133	112	92	77	72	65	61	62	69	76	81	78	69	65	63	63	67	74	64	64	64	66	65	67	67	67	67	78	92	133	191	225	239	242	242	243	244	247	253	255	255	255	255	255	255	255	249	243	240	231	234	254	
247	247	255	255	255	255	255	255	215	151	143	143	148	148	150	153	156	159	160	156	152	148	140	134	137	142	146	145	139	127	116	109	99	97	99	104	106	101	87	77	72	70	70	63	67	101	161	218	246	247	234	208	174	142	118	99	90	85	81	75	72	68	68	60	62	73	112	176	234	253	251	251	253	250	242	224	199	176	154	129	105	87	80	75	72	72	73	70	65	64	66	70	71	76	78	76	74	70	67	65	63	63	69	83	111	159	212	242	249	251	255	255	255	255	255	255	255	255	255	255	255	255	255	248	236	199	197	226	
184	184	199	224	251	255	255	255	214	154	150	149	154	158	161	161	166	174	170	165	158	151	140	130	132	136	141	140	137	130	120	110	92	86	87	90	88	83	73	68	68	63	60	60	71	114	186	241	255	255	255	252	241	220	193	164	141	118	99	85	78	70	66	67	69	90	145	211	252	255	250	251	254	254	255	253	245	235	222	203	178	153	130	105	89	88	78	72	65	62	65	69	74	78	92	88	80	73	69	63	59	59	68	92	136	186	227	249	254	255	255	255	255	255	255	255	255	255	255	255	255	255	255	249	225	171	156	180	
148	148	148	158	189	222	253	255	229	194	184	171	165	168	165	160	163	167	159	152	148	142	130	121	118	119	122	122	120	117	112	106	92	86	85	86	82	71	66	66	63	55	52	56	76	132	208	254	255	255	255	255	255	253	248	232	213	187	158	129	106	90	83	95	96	127	187	238	255	253	245	248	250	253	255	255	255	251	249	242	233	222	200	169	141	130	106	93	84	75	68	67	70	72	79	80	77	72	68	65	65	66	73	110	172	223	243	247	251	252	254	255	255	255	255	255	255	255	255	255	255	253	253	237	205	154	138	153	
146	146	136	135	150	176	221	255	255	255	240	216	195	180	169	159	155	150	145	141	137	130	124	120	114	110	109	106	101	102	103	103	90	85	86	88	81	67	62	62	58	52	49	61	91	152	224	255	253	255	255	255	255	255	255	255	255	245	225	198	169	151	144	161	163	179	212	242	252	250	245	245	248	249	249	249	252	253	253	252	249	248	241	226	210	196	172	155	135	112	92	80	74	72	72	74	75	76	72	73	70	72	82	131	203	252	255	251	251	253	254	255	255	255	255	255	255	255	255	255	255	255	249	220	180	143	140	147	
147	147	137	129	139	165	220	255	255	255	255	255	249	226	205	186	170	156	149	142	134	124	118	119	117	114	109	99	93	94	97	97	91	87	88	87	80	70	65	65	60	57	56	74	115	179	235	255	255	254	255	255	255	255	255	255	255	255	255	245	229	215	208	216	215	214	220	233	245	249	246	246	247	247	247	249	251	254	251	249	251	251	252	250	246	241	228	219	204	180	154	129	110	98	87	85	84	82	80	78	74	74	94	148	217	255	255	255	255	255	255	255	255	255	255	255	255	255	255	255	255	255	240	204	161	141	140	144	
143	143	138	134	142	168	229	255	255	255	255	255	255	255	255	246	226	205	182	162	144	127	116	112	116	120	115	104	97	97	98	99	98	95	90	84	72	68	65	67	63	64	67	92	141	203	245	255	255	255	255	255	255	255	255	255	255	255	255	255	252	247	243	235	224	205	197	207	227	241	246	250	251	251	251	252	252	253	250	250	251	253	254	253	250	247	248	246	243	232	219	201	180	165	139	124	109	96	88	82	75	74	109	167	228	252	252	255	255	255	255	255	255	255	255	255	255	255	255	255	255	247	222	184	153	145	143	142	
164	164	145	131	141	186	251	255	255	255	255	255	255	255	255	255	255	255	241	214	185	162	139	122	119	117	111	99	93	97	103	105	109	110	100	85	72	63	61	61	63	62	71	99	152	213	249	255	255	255	255	255	255	255	255	255	255	255	255	255	255	255	255	245	217	162	134	141	162	189	209	232	239	245	248	251	254	255	254	252	251	251	251	251	251	250	250	249	248	249	248	242	235	229	209	196	171	146	126	111	96	93	129	187	235	253	255	255	255	255	255	255	255	255	255	255	255	255	255	255	255	238	201	164	144	144	146	144	
205	205	172	139	144	204	255	255	255	255	255	255	255	255	255	255	255	255	255	255	252	229	199	168	145	128	113	97	90	92	97	100	109	111	106	91	79	71	64	60	61	58	69	100	154	217	252	255	255	255	255	255	255	255	255	255	255	255	255	255	255	255	255	250	212	128	88	88	95	119	136	161	180	201	219	233	246	252	254	252	253	253	253	253	252	254	251	248	249	250	252	249	248	248	244	241	228	214	194	174	156	140	160	202	238	254	255	255	255	255	255	255	255	255	255	255	255	255	255	255	252	227	183	150	138	144	146	148	
250	250	221	183	177	224	255	255	255	255	255	255	255	255	255	255	255	255	255	255	255	255	255	229	203	183	155	126	107	97	92	90	94	99	97	87	83	80	76	71	67	62	70	104	165	230	255	255	255	255	255	255	255	255	255	255	255	255	255	255	255	255	255	250	203	119	78	76	80	87	87	90	103	126	150	175	200	217	234	248	252	254	253	250	251	253	251	251	251	251	249	248	247	245	250	251	245	244	240	230	214	195	185	198	221	239	255	255	255	255	255	255	255	255	255	255	255	255	255	255	242	204	165	145	145	145	145	148	
255	255	255	242	245	255	255	255	255	255	255	255	255	255	255	255	255	255	255	255	255	255	255	255	255	248	225	197	171	146	122	103	94	90	87	84	83	85	82	76	72	66	70	101	165	233	255	255	255	255	255	255	255	255	255	255	255	255	255	255	255	255	255	244	194	113	73	70	73	76	73	69	72	80	92	107	125	143	172	202	220	229	231	239	248	251	252	253	255	250	249	251	250	249	249	252	249	253	253	249	241	224	184	163	172	201	226	244	252	255	255	255	255	255	255	255	255	255	255	253	219	178	149	145	148	145	145	148	
255	255	255	255	255	255	255	255	255	255	255	255	255	255	255	255	255	255	255	255	255	255	255	255	255	255	255	255	255	230	194	165	130	105	86	81	82	83	79	75	76	70	71	97	158	225	255	255	255	255	255	255	255	255	255	255	255	255	255	255	255	255	255	241	183	103	63	63	69	69	67	75	73	77	79	78	78	85	98	125	147	161	175	199	225	239	249	253	255	251	249	250	254	252	244	251	255	255	255	252	243	217	154	122	133	162	180	197	211	227	239	245	252	255	255	255	255	255	255	238	191	154	142	148	149	148	148	149	
255	255	255	255	255	255	255	255	255	255	255	255	255	255	255	255	255	255	255	255	255	255	255	255	255	255	255	255	255	255	255	249	205	164	132	114	97	87	83	77	78	70	70	96	154	222	255	255	255	255	255	255	255	255	255	255	255	255	255	255	255	255	254	236	179	104	68	63	68	68	67	80	79	81	79	74	71	71	70	73	86	97	111	136	164	189	206	218	229	238	243	249	251	254	250	253	253	255	253	247	234	196	120	98	120	149	157	159	170	185	195	206	216	225	233	240	244	250	250	225	179	149	148	152	150	153	153	151	
255	255	255	255	255	255	255	255	238	242	255	255	255	255	255	255	255	255	255	255	255	255	255	255	255	255	255	255	255	255	255	255	255	239	217	195	162	136	116	100	94	81	76	97	155	223	255	255	255	255	255	255	255	255	255	255	255	255	255	255	255	255	253	226	175	113	76	66	64	64	66	74	78	80	78	76	71	68	66	68	72	78	84	89	98	112	125	140	163	186	208	225	237	244	243	251	252	253	248	238	217	174	104	96	124	153	159	156	154	161	168	169	170	177	188	205	219	235	239	225	193	169	166	165	159	159	159	154	
255	255	251	254	255	255	255	244	232	192	201	217	237	255	255	255	255	255	255	255	255	255	255	255	255	255	255	255	255	255	255	255	255	255	255	255	243	225	201	169	136	112	95	110	164	229	255	255	255	255	255	255	255	255	255	255	255	255	255	255	255	255	253	219	164	109	77	70	71	70	66	69	73	74	71	71	73	73	76	78	76	79	77	72	69	71	74	80	95	113	137	160	187	208	226	240	244	241	236	225	202	158	102	107	135	157	161	159	156	156	156	155	155	158	165	179	194	225	240	240	230	213	201	192	188	172	168	161	
255	255	255	254	255	255	255	254	252	236	202	169	159	174	204	234	255	255	255	255	255	255	255	255	255	255	255	255	255	255	255	255	255	255	255	255	255	255	254	239	224	206	176	165	188	236	255	255	255	255	255	255	255	255	255	255	255	255	255	255	255	255	255	225	170	104	72	68	72	76	74	77	75	71	68	66	68	70	72	74	76	77	75	72	67	66	66	66	70	76	81	91	104	116	153	172	196	212	219	224	207	176	139	138	145	151	151	150	151	152	155	156	155	157	162	166	177	213	240	253	252	251	249	245	241	225	216	200	
255	255	255	255	255	255	252	254	255	255	242	213	178	150	145	160	179	202	230	255	255	255	255	255	255	255	255	255	255	255	255	255	255	255	255	255	255	255	255	255	255	255	244	233	226	234	243	249	255	255	255	255	255	255	255	255	255	255	255	255	255	255	250	218	150	88	70	68	70	74	76	81	79	73	72	70	72	74	74	75	77	77	76	72	69	65	67	69	71	73	70	74	77	80	98	104	123	148	182	214	218	204	186	174	163	159	156	153	155	155	155	157	155	153	158	166	180	223	249	255	255	255	255	255	255	255	253	247	
255	255	255	255	255	255	251	255	255	255	255	255	231	192	159	141	131	135	159	183	202	223	250	255	255	255	255	255	255	255	255	255	255	255	255	255	255	255	255	255	255	255	255	255	238	207	185	196	223	239	251	255	255	255	255	255	255	255	255	255	255	254	249	210	130	78	66	69	72	77	82	81	77	73	71	71	75	78	80	81	81	79	79	74	68	67	70	73	76	77	76	74	74	73	77	76	79	101	141	190	223	233	227	210	190	177	170	166	164	158	154	154	153	156	163	177	201	240	255	255	255	255	255	255	255	255	255	255	
255	255	255	255	255	255	255	255	255	255	255	255	255	250	223	189	156	137	134	127	124	140	178	217	229	243	255	255	255	255	255	255	255	255	255	255	255	255	255	255	255	255	255	255	234	184	130	120	135	159	188	216	238	253	255	255	255	255	255	255	255	255	247	195	119	78	67	63	75	78	80	79	76	69	69	69	73	78	84	86	85	84	79	76	73	69	69	70	77	80	80	79	74	73	70	72	74	89	130	190	235	254	251	242	229	218	213	206	197	182	170	165	160	160	171	191	225	254	255	255	255	255	255	255	255	255	255	255	
255	255	255	255	255	255	255	255	255	255	255	255	255	255	255	235	203	167	151	131	118	117	123	128	138	156	181	214	241	251	255	255	255	255	255	255	255	255	255	255	255	255	255	255	233	170	105	85	86	91	105	128	156	188	215	238	250	254	255	254	254	254	251	183	106	78	70	70	83	78	78	80	77	70	69	69	72	77	81	85	86	84	79	75	74	71	67	68	74	79	79	80	74	72	69	71	72	93	149	215	251	255	255	255	255	255	252	247	240	232	218	206	193	187	194	213	246	255	255	255	255	255	255	255	255	255	255	255	
255	255	255	255	255	255	255	255	255	255	255	255	255	255	255	255	251	218	183	145	127	122	118	107	110	117	124	137	150	161	178	198	231	247	255	255	255	255	255	255	255	255	255	255	233	167	97	76	74	76	84	89	96	111	127	155	180	201	215	225	233	244	253	183	110	73	73	77	83	80	79	79	77	73	72	71	71	73	79	86	85	81	76	74	73	72	70	72	78	78	78	77	71	67	71	75	79	110	178	237	255	255	255	255	255	255	255	255	255	255	255	252	245	238	231	226	237	251	255	255	255	255	255	255	255	255	255	255	
255	255	255	255	255	255	255	255	255	255	255	255	255	255	255	255	255	255	231	189	152	128	121	126	119	117	119	109	91	79	85	103	129	156	195	227	247	255	255	255	255	255	255	255	238	174	104	81	77	79	82	84	84	84	92	90	93	103	124	159	200	227	238	205	148	107	95	94	88	85	82	79	77	72	70	69	71	73	81	87	84	78	72	70	72	72	70	73	79	81	82	78	69	67	65	74	95	139	202	245	255	255	255	255	255	255	255	255	255	255	255	255	255	255	239	209	196	203	213	221	232	245	252	254	255	255	255	255	
255	255	255	255	255	255	255	255	255	255	255	255	255	255	255	255	255	255	255	242	199	155	125	111	117	128	124	103	77	60	60	71	66	77	100	127	167	205	236	248	249	255	255	255	230	173	105	80	79	79	83	88	92	92	86	74	71	74	80	105	149	197	227	233	208	167	145	129	114	103	90	84	80	72	68	68	73	77	84	91	87	78	71	69	72	73	69	73	78	82	83	79	72	65	69	84	115	166	227	255	255	255	255	255	255	255	255	255	255	255	255	255	255	255	231	190	162	165	171	175	179	191	203	214	228	241	248	255	
255	255	255	255	255	255	255	255	255	255	255	255	255	255	255	255	255	255	255	251	241	215	171	123	119	133	128	98	69	60	70	85	69	68	72	76	80	91	112	137	193	219	239	249	241	197	141	102	81	76	75	78	85	95	98	82	82	85	80	73	81	134	199	236	242	242	234	224	201	177	159	127	113	100	87	73	67	68	75	87	85	76	74	76	77	81	87	88	82	78	74	68	65	65	68	97	141	194	235	252	255	255	255	255	255	255	255	255	255	255	255	255	255	244	205	173	161	161	162	161	161	157	158	162	166	181	196	212	
255	255	255	255	255	255	255	255	255	255	255	255	255	255	255	255	255	255	255	255	255	248	220	189	153	136	119	95	87	84	78	69	73	76	76	77	76	76	79	90	103	126	158	197	228	225	195	154	116	99	87	83	81	85	87	88	90	90	83	80	87	126	184	237	248	254	255	255	251	242	233	207	185	160	138	121	111	106	97	92	87	80	77	71	74	80	84	83	82	80	80	74	73	73	74	105	157	213	243	252	255	255	255	255	255	255	255	255	255	255	255	255	255	228	187	163	157	158	160	161	163	162	159	159	159	159	165	170	
255	255	255	255	255	255	255	255	255	255	255	255	255	255	255	255	255	255	255	255	255	255	255	238	198	164	129	99	95	97	88	71	76	80	82	86	86	79	77	77	70	75	91	129	184	229	239	216	182	145	113	94	86	85	88	94	94	91	79	74	84	122	191	246	255	255	255	255	255	255	255	255	252	241	228	214	197	180	152	122	111	101	90	79	78	83	80	77	75	79	79	79	78	78	76	108	175	239	255	255	255	255	255	255	255	255	255	255	255	255	255	255	245	209	176	162	156	157	158	161	164	164	162	159	157	151	151	153	
255	255	255	255	255	255	255	255	255	255	255	255	255	255	255	255	255	255	255	255	255	255	255	250	231	203	160	116	92	87	85	83	79	79	82	86	86	82	76	74	71	66	72	102	161	229	255	255	238	213	188	165	144	126	115	103	91	85	77	74	83	119	195	248	255	255	255	255	255	255	255	255	255	255	255	255	255	246	223	197	183	169	147	120	106	94	87	84	81	81	80	79	77	77	82	121	194	252	255	255	255	255	255	255	255	255	255	255	255	255	255	253	228	193	171	165	156	158	159	159	163	163	163	162	161	155	153	153	
255	255	255	255	255	255	255	255	255	255	255	255	255	255	255	255	255	255	255	255	255	255	255	252	248	226	192	154	121	94	86	85	79	79	83	84	84	77	74	72	77	67	70	98	160	231	255	255	255	255	252	241	225	209	191	166	141	123	107	101	109	138	202	253	255	255	255	255	255	255	255	255	255	255	255	255	255	255	255	255	251	243	222	198	174	152	130	118	108	94	87	78	73	74	99	148	219	255	255	254	255	255	255	255	255	255	255	255	255	255	255	246	214	181	165	163	160	159	161	159	161	163	163	162	162	162	158	155	
255	255	255	255	255	255	255	255	255	255	255	255	255	255	255	255	255	255	255	255	255	255	255	255	244	226	212	196	170	134	104	88	80	82	85	88	87	81	73	72	83	68	68	98	163	233	255	255	255	255	255	255	255	255	255	250	229	208	188	175	172	187	226	248	255	255	255	255	255	255	255	255	255	255	255	255	255	255	255	255	255	255	255	254	243	228	209	192	171	149	127	108	94	89	129	182	240	255	255	251	255	255	255	255	255	255	255	255	255	255	255	240	203	172	160	158	160	160	160	159	163	163	162	162	162	170	168	165	
255	255	255	255	255	255	255	255	255	255	255	255	255	255	255	255	255	255	255	255	255	255	255	252	234	216	209	209	199	178	144	115	82	81	85	87	88	81	75	68	72	60	62	98	167	233	255	255	255	255	255	255	255	255	255	255	255	255	254	243	232	225	216	232	244	252	255	255	255	255	255	255	255	255	255	255	255	255	255	255	255	255	255	255	255	255	255	255	241	223	205	184	160	151	179	215	245	250	247	250	255	255	255	255	255	255	255	255	255	255	255	230	189	166	159	157	161	159	159	161	163	164	162	163	164	169	173	172	
255	255	255	255	255	255	255	255	255	255	255	255	255	255	255	255	255	234	242	255	255	250	245	240	225	211	204	203	205	199	181	155	103	92	84	85	89	89	79	70	66	59	64	103	168	233	255	255	255	255	255	255	255	255	255	255	255	255	255	255	255	234	191	168	178	196	215	232	246	253	255	255	255	255	255	255	255	255	255	255	255	255	255	255	255	255	255	255	255	255	255	247	232	219	225	234	233	226	227	239	255	255	255	255	255	255	255	255	255	255	255	217	176	162	163	160	160	164	164	162	163	164	164	165	168	167	171	171	
255	255	255	255	255	255	255	255	255	255	255	255	255	255	255	255	255	219	216	242	243	236	231	229	217	209	207	206	204	204	200	195	162	134	103	89	89	91	80	69	67	69	84	119	173	233	255	255	255	255	255	255	255	255	255	255	255	255	255	255	255	233	167	103	101	113	135	158	178	200	218	235	243	247	253	255	255	255	255	255	255	255	255	255	255	255	255	255	255	255	255	255	250	239	232	214	195	182	176	192	225	242	249	254	255	255	255	255	255	255	251	207	172	169	172	170	167	169	167	166	164	163	165	166	162	168	168	168	
255	255	255	255	255	255	255	255	255	255	255	255	255	255	255	255	255	249	204	194	207	214	219	214	208	205	205	205	200	198	195	194	185	170	146	117	94	81	72	69	69	70	84	119	173	230	255	255	255	255	255	255	255	255	255	255	255	255	255	255	255	231	161	100	95	99	99	98	102	117	132	155	171	193	214	234	242	247	252	255	255	255	255	255	255	255	255	255	255	255	255	255	255	249	225	184	132	110	109	122	161	196	212	218	227	237	243	249	253	255	243	208	178	171	175	175	168	170	166	163	161	156	158	157	155	166	166	165	
255	255	255	255	255	255	255	255	255	255	255	255	255	255	255	255	255	255	255	186	160	166	185	194	192	195	195	198	201	197	193	188	190	190	184	160	129	99	79	72	70	71	83	115	174	232	255	255	255	255	255	255	255	255	255	255	255	255	255	255	255	225	151	93	89	89	91	89	85	83	87	93	103	118	142	164	180	193	208	222	234	243	249	255	255	255	255	255	255	255	255	255	255	255	231	174	99	74	83	100	137	169	175	177	182	188	198	209	224	232	232	212	191	182	183	182	178	176	172	168	161	159	156	153	151	164	164	164	
255	255	255	255	255	255	255	255	255	255	255	255	255	255	255	255	255	255	255	244	179	142	146	164	178	184	187	193	195	194	193	190	189	190	191	185	170	143	108	84	76	69	76	108	171	237	255	255	255	255	255	255	255	255	255	255	255	255	255	255	255	221	150	93	83	80	84	86	90	89	89	86	85	86	93	102	106	119	135	152	171	192	209	221	233	240	254	255	255	255	255	255	255	255	237	176	104	78	84	109	142	163	164	166	168	170	172	176	181	198	217	228	230	226	221	212	204	198	190	181	172	166	161	160	159	162	162	162	
255	255	255	255	255	255	255	255	255	255	255	255	255	255	255	255	255	255	255	255	234	157	130	139	155	166	175	182	186	190	191	195	196	186	178	181	189	179	147	122	95	78	70	98	165	236	255	255	255	255	255	255	255	255	255	255	255	255	255	255	251	216	152	89	79	76	76	79	86	94	99	91	88	83	85	83	82	86	94	100	106	118	132	144	163	180	206	221	234	245	253	255	255	255	234	169	105	83	86	110	149	162	163	163	165	167	165	166	168	182	209	244	255	255	255	252	250	241	228	217	205	194	186	181	175	168	166	166	
255	255	255	255	255	255	255	255	255	255	255	255	255	255	255	255	255	255	255	255	255	180	138	136	135	141	154	166	174	180	184	188	195	182	169	173	186	190	177	164	135	104	82	97	163	236	255	255	255	255	255	255	255	255	255	255	255	255	255	255	248	212	151	97	87	78	78	80	85	92	95	95	93	87	86	83	80	81	86	86	84	84	84	89	99	109	127	143	161	181	201	214	230	240	225	169	112	92	93	111	145	162	169	168	167	165	164	164	165	177	205	246	255	255	255	255	255	255	255	255	250	241	232	222	212	193	190	186	
255	255	255	255	255	255	255	255	255	255	255	255	255	255	255	255	255	255	255	255	255	181	145	144	138	133	136	142	157	169	176	178	181	180	182	183	183	184	182	179	171	134	99	107	167	237	255	255	255	255	255	255	255	255	255	255	255	255	255	255	251	216	156	109	97	85	78	77	84	84	87	84	88	85	83	86	86	88	88	83	81	80	77	78	81	85	84	88	100	114	129	144	167	182	207	194	163	140	130	134	157	172	178	175	172	169	166	166	166	175	197	239	255	255	255	255	255	255	255	255	255	255	255	255	251	244	238	229	
255	255	255	255	255	255	255	255	255	255	255	255	255	255	255	255	255	255	255	255	252	182	153	149	149	143	132	126	132	150	167	176	169	176	186	188	183	182	178	177	176	159	139	145	188	237	255	255	255	255	255	255	255	255	255	255	255	255	255	255	255	228	163	100	91	82	78	81	86	84	84	79	82	84	87	92	93	93	91	86	85	83	81	83	88	92	89	89	94	96	98	100	110	121	181	220	228	214	201	198	202	206	199	190	183	175	170	167	169	177	196	235	255	255	255	255	255	255	255	255	255	255	255	255	255	255	255	255	
255	255	255	255	255	255	255	255	255	255	255	255	255	255	255	255	255	255	255	255	249	183	158	156	157	152	143	132	125	132	148	159	171	173	174	173	174	180	180	180	175	174	171	176	198	225	246	252	255	255	255	255	255	255	255	255	255	255	255	255	255	228	153	87	82	78	79	84	88	86	86	80	81	84	90	98	102	104	100	96	91	90	88	90	94	97	96	98	99	98	95	91	92	103	172	229	255	253	255	255	252	244	235	224	213	200	188	181	180	189	208	235	255	255	255	255	255	255	255	255	255	255	255	255	255	255	255	255	
255	255	255	255	255	255	255	255	255	255	255	255	255	255	255	255	255	255	255	255	235	177	158	159	161	160	156	148	140	130	132	136	161	163	166	168	169	173	177	182	181	180	179	178	182	194	219	233	232	234	240	251	255	255	255	255	255	255	255	255	255	227	150	90	83	85	85	88	91	93	93	86	86	90	95	101	107	112	111	102	98	94	89	88	88	92	91	94	96	94	89	86	91	103	176	232	255	255	255	255	255	255	255	255	252	242	230	220	215	223	236	245	255	255	255	255	255	255	255	255	255	255	255	255	255	255	255	255	
255	255	255	255	255	255	255	255	255	255	255	255	255	255	255	255	255	255	255	255	221	172	162	161	162	161	159	155	151	143	136	134	133	143	156	169	172	171	169	169	174	178	181	178	173	175	185	187	181	175	177	195	217	236	248	255	255	255	255	255	255	228	162	98	85	85	88	90	93	96	95	92	89	91	93	96	103	110	111	103	98	92	89	86	85	85	87	92	94	89	85	82	88	101	176	233	255	255	255	255	255	255	255	255	255	255	255	255	254	252	252	255	255	255	255	255	255	255	255	255	255	255	255	255	255	255	255	255	
255	255	255	255	255	255	255	255	255	255	255	255	255	255	255	255	255	255	255	255	209	167	162	164	159	157	155	154	155	152	144	138	123	128	141	151	160	166	165	161	165	174	173	172	171	174	175	172	165	145	122	119	132	159	186	198	209	228	244	255	255	240	191	111	89	86	91	95	98	98	95	93	89	88	86	87	91	97	100	98	95	91	88	85	82	82	85	90	92	87	81	80	89	106	182	236	255	255	255	255	255	255	255	255	255	255	255	255	255	255	255	248	232	222	228	238	250	255	255	255	255	255	255	255	255	255	255	255	
255	255	255	255	255	255	255	255	255	255	255	255	255	255	255	255	255	255	255	254	194	161	162	165	157	154	155	154	151	152	148	143	135	137	135	132	134	146	159	167	156	159	162	164	167	169	170	175	175	158	139	124	111	103	101	116	134	153	174	196	218	220	205	140	116	104	104	102	101	97	95	90	86	81	79	81	85	90	95	94	92	88	86	85	84	86	89	92	91	87	80	83	95	116	189	239	255	255	255	255	255	255	255	255	255	255	255	255	255	255	255	239	210	195	196	198	203	215	223	231	242	250	255	255	255	255	255	255	
255	255	255	255	255	255	255	255	255	255	255	255	255	255	255	255	255	255	255	242	179	156	162	162	156	155	156	155	152	151	150	148	146	144	138	131	122	123	137	152	151	154	159	163	164	164	167	169	171	171	172	170	146	109	77	88	97	101	108	119	140	163	177	180	176	162	144	129	120	109	101	97	89	82	79	82	85	90	95	94	90	90	88	88	89	92	94	96	93	87	82	87	101	121	183	234	255	255	255	255	255	255	255	255	255	255	255	255	255	255	255	233	196	183	184	183	182	185	186	191	198	201	208	222	236	245	253	255	
255	255	255	255	255	255	255	255	255	255	255	255	255	255	255	255	255	255	255	243	186	160	158	157	162	161	156	155	155	151	148	147	156	145	138	140	135	121	117	123	150	155	158	159	159	160	161	164	168	167	166	163	156	141	134	107	94	95	89	83	87	109	137	207	232	237	213	192	175	156	139	124	111	97	88	85	85	89	92	93	90	89	88	92	95	100	100	99	95	86	82	86	100	119	188	236	255	255	255	255	255	255	255	255	255	255	255	255	255	255	255	230	193	178	181	179	179	175	173	174	175	169	168	177	190	207	219	245	
255	255	255	255	255	255	255	255	255	255	255	255	255	255	255	255	255	255	255	233	186	160	156	160	163	157	156	156	152	148	155	161	151	151	149	151	150	132	119	109	116	127	146	155	155	157	162	164	169	167	167	166	163	162	165	147	130	112	95	78	73	86	100	180	237	255	246	244	241	230	222	203	184	161	140	126	115	107	100	91	89	86	85	85	87	90	97	101	98	95	92	95	101	113	182	238	255	255	255	255	255	255	255	255	255	255	255	255	255	255	255	226	195	179	177	174	174	174	177	179	176	170	167	169	175	180	193	197	
255	255	255	255	255	255	255	231	212	184	182	167	163	190	217	249	255	255	248	198	170	168	159	156	156	152	156	166	163	150	149	156	145	144	141	147	144	138	135	120	114	115	129	140	149	157	161	158	161	160	162	165	165	167	169	162	151	132	112	92	82	81	83	148	214	255	255	255	255	255	255	250	242	229	213	198	181	165	144	126	115	103	97	94	92	91	96	96	98	97	96	95	95	99	163	219	253	255	255	255	255	255	255	255	255	255	255	255	255	255	255	225	196	184	181	180	179	178	181	182	178	173	171	171	178	180	189	186	
255	255	255	215	177	156	143	136	142	156	166	174	195	215	201	194	195	194	178	151	155	163	153	155	157	153	163	175	172	160	151	148	155	148	146	154	148	147	148	134	123	115	114	119	129	143	152	155	155	157	159	163	166	166	168	168	165	154	137	122	104	88	79	127	189	244	255	255	255	255	255	255	255	255	255	252	246	231	217	203	185	164	145	129	112	99	97	97	98	99	100	97	94	94	135	194	244	255	255	255	255	255	255	255	255	255	255	255	255	255	255	227	198	185	184	182	182	181	180	180	178	174	173	177	180	190	194	189	
138	138	138	139	147	153	159	184	214	230	241	244	237	219	203	197	179	159	133	123	139	151	152	154	157	153	160	173	180	169	159	152	164	153	149	154	152	148	146	137	124	118	118	115	111	118	139	153	153	155	156	159	161	163	163	167	167	165	161	149	132	111	98	105	160	226	255	255	255	255	255	255	255	255	255	255	255	255	255	255	247	235	222	203	180	159	134	121	114	107	106	101	100	94	120	178	242	255	255	255	255	255	255	255	255	255	255	255	255	255	255	234	204	187	183	182	182	183	182	181	179	178	179	184	190	192	194	189	
175	175	197	227	243	251	249	249	253	247	236	237	235	210	187	197	200	185	155	128	120	128	143	152	155	147	144	161	179	176	165	164	167	154	144	149	155	148	141	144	130	127	128	124	112	106	119	139	151	151	154	157	161	164	164	161	165	170	172	167	155	138	127	115	159	217	249	251	252	255	254	255	255	255	255	255	255	255	255	255	255	255	255	255	245	234	219	199	177	154	139	130	120	114	114	164	234	255	255	255	255	255	255	255	255	255	255	255	255	255	255	245	211	189	182	182	182	182	183	181	179	183	186	192	197	196	196	193	
246	246	244	240	240	236	234	232	234	231	235	229	231	235	221	212	201	185	167	141	127	121	121	133	144	151	154	156	167	179	173	161	158	156	152	153	164	154	140	153	148	139	134	133	129	121	123	138	153	155	157	160	164	165	165	160	161	169	171	168	164	159	155	146	176	219	241	240	247	252	255	253	252	254	255	255	255	255	255	254	255	255	255	255	255	255	255	255	248	241	226	204	178	161	151	170	223	255	255	255	255	255	255	255	255	255	255	255	255	255	255	254	217	190	183	183	182	183	180	179	180	183	188	193	197	202	202	201	
232	232	223	223	231	230	223	222	230	229	231	236	235	232	217	213	198	156	132	127	139	139	124	112	125	146	156	152	157	173	168	153	155	157	163	153	156	150	145	151	159	152	140	135	136	137	137	143	154	154	158	160	160	162	164	164	164	163	163	164	167	168	169	154	170	198	219	229	229	237	247	252	252	255	255	255	255	255	255	255	255	255	255	255	255	255	255	255	255	255	254	255	251	246	222	217	232	245	255	255	255	255	255	255	255	255	255	255	255	255	255	255	226	196	184	181	181	182	181	180	184	188	190	192	194	200	200	204	
223	223	221	222	220	220	228	230	228	227	222	228	214	201	195	190	166	122	93	98	115	129	140	129	118	122	134	141	150	149	146	152	161	164	168	146	136	146	152	158	145	153	145	137	139	140	137	138	145	150	155	157	155	155	157	165	165	160	158	159	162	168	171	176	167	165	174	185	191	205	226	239	246	251	254	255	255	255	255	255	255	255	255	255	255	255	255	255	255	255	255	255	255	255	255	255	253	224	221	242	249	255	255	255	255	255	255	255	255	255	255	255	237	205	187	182	183	183	183	185	191	195	195	194	192	198	198	204	
228	228	232	237	237	234	232	232	239	255	244	235	226	214	215	192	156	108	82	81	94	110	128	140	134	119	116	125	143	149	144	142	155	157	162	149	156	163	156	162	161	148	147	151	141	134	146	149	151	152	157	157	158	157	157	162	163	161	160	162	160	162	165	162	165	171	172	162	150	139	136	156	175	200	224	241	246	246	248	254	255	255	255	255	255	255	255	255	255	255	255	255	255	255	255	255	253	224	198	192	203	212	226	234	248	255	255	255	255	255	255	255	254	225	198	186	180	185	187	190	193	193	192	194	194	197	199	201	
238	238	244	250	254	255	249	249	253	255	254	255	251	229	228	214	181	125	91	86	89	83	92	115	134	139	138	128	124	129	138	150	153	168	171	146	143	155	146	148	158	151	157	164	157	141	142	144	146	148	151	151	152	152	155	158	158	158	160	160	162	165	165	159	162	170	170	165	154	145	134	111	106	110	127	155	184	206	216	228	242	248	252	255	255	255	255	255	255	255	255	255	255	255	255	255	250	227	196	183	186	190	192	197	205	211	219	226	233	242	252	255	255	242	216	201	194	192	194	196	197	198	195	193	188	194	195	197	
251	251	253	255	255	255	252	250	254	253	255	255	255	235	225	222	203	162	126	109	94	80	82	88	108	130	144	143	127	117	124	144	161	172	172	148	146	151	142	144	155	141	143	156	157	144	139	138	143	144	146	147	147	151	154	154	156	158	159	160	163	164	164	154	156	160	165	165	165	160	152	130	116	94	85	88	104	122	139	158	182	201	211	231	248	254	255	255	255	255	255	255	255	255	255	255	255	242	210	183	176	180	189	189	188	189	190	192	193	204	217	229	243	246	238	229	225	213	212	210	205	202	201	201	194	200	199	199	
255	255	255	255	255	255	255	255	255	255	255	255	255	244	230	213	178	142	131	129	115	97	87	81	88	100	113	130	143	142	133	126	134	153	167	156	150	154	150	155	156	142	140	154	160	144	134	135	142	144	145	146	147	150	151	153	153	154	158	160	160	160	160	159	159	157	160	164	169	172	171	168	150	128	108	91	79	72	79	96	108	118	130	155	184	202	214	224	236	247	254	255	255	255	255	255	255	255	223	195	182	181	181	185	187	188	187	183	181	185	192	199	215	231	247	255	255	255	255	254	242	232	228	220	214	209	207	211	
255	255	255	255	255	255	255	255	255	255	255	255	255	255	255	211	150	107	97	120	134	121	101	93	83	81	90	102	125	144	143	131	127	125	131	145	156	153	151	159	157	156	159	165	164	143	128	134	139	142	144	145	147	147	148	147	146	148	153	156	158	156	157	168	165	162	161	163	168	170	173	181	168	154	143	127	106	83	73	76	77	77	84	98	115	125	132	143	165	189	210	227	241	249	255	255	255	255	244	216	199	191	180	182	186	190	188	186	180	183	187	189	196	212	239	255	255	255	255	255	255	255	255	255	255	252	249	247	
255	255	255	255	255	255	255	255	255	255	255	255	255	255	255	233	155	102	92	94	104	122	128	120	98	87	82	84	96	111	123	134	145	131	111	114	132	142	145	152	160	158	157	166	160	137	123	133	134	137	140	142	144	143	145	143	144	146	150	154	157	158	159	165	165	166	166	169	169	168	168	173	170	170	169	160	145	125	102	86	83	82	85	87	89	92	90	92	101	112	131	153	174	186	198	211	238	255	255	243	228	215	198	194	190	190	192	188	183	185	188	192	194	201	228	255	255	255	255	255	255	255	255	255	255	255	255	255	
255	255	255	255	255	255	255	255	255	255	255	255	255	255	255	253	177	120	107	96	94	101	115	134	134	118	98	87	86	88	96	110	126	138	129	117	116	123	135	146	162	158	156	161	153	128	119	134	131	133	137	140	142	144	147	149	149	150	151	151	155	159	161	158	161	164	168	169	168	166	164	161	167	170	175	172	165	159	135	109	101	91	87	90	92	93	86	83	88	93	98	100	103	105	121	146	187	219	234	244	249	245	225	216	205	202	202	199	193	191	191	191	193	200	222	255	255	255	255	255	255	255	255	255	255	255	255	255	
255	255	255	255	255	255	255	255	255	255	255	255	255	255	255	255	190	146	135	120	106	102	103	113	129	137	129	112	93	81	83	87	98	114	127	143	140	119	119	135	157	162	165	165	152	126	121	134	126	131	137	141	144	144	145	149	151	149	151	151	154	155	159	157	159	163	164	165	163	165	165	171	170	168	169	170	168	164	154	140	128	114	103	98	95	93	88	86	87	89	90	91	92	92	92	123	166	189	199	220	251	255	255	247	240	234	230	223	213	207	203	198	199	206	222	249	255	255	255	255	255	255	255	255	255	255	255	255	
255	255	255	255	255	255	255	255	255	255	255	255	255	255	255	255	189	159	151	143	133	118	105	96	103	117	132	137	124	103	86	78	82	91	104	121	135	132	121	116	130	150	164	159	148	123	118	126	121	128	135	139	141	141	137	141	143	147	152	153	153	154	158	159	159	159	155	156	158	160	164	167	166	167	168	168	168	171	171	170	161	149	133	117	104	93	88	88	89	94	96	97	99	99	91	119	162	183	184	194	239	255	255	255	255	255	255	255	251	243	237	232	230	232	233	247	255	255	255	255	255	255	255	255	255	255	255	255	
255	255	255	255	255	255	255	255	255	255	255	255	255	255	255	233	178	161	157	155	147	137	123	110	108	107	108	121	134	133	113	93	83	79	80	89	105	125	135	130	121	129	139	139	133	117	112	123	130	127	126	127	130	135	140	142	144	144	149	152	152	151	153	152	155	157	158	160	160	161	162	162	165	169	171	172	173	175	173	170	172	169	162	148	135	122	99	92	90	90	92	95	99	101	103	120	154	181	180	182	218	253	255	255	255	255	255	255	255	255	255	255	255	255	255	255	255	255	255	255	255	255	255	255	255	255	255	255	
255	255	255	255	255	255	255	255	255	255	255	255	255	254	243	216	163	148	150	157	158	154	145	133	122	113	103	102	113	131	133	125	105	85	72	72	76	91	116	127	127	123	120	117	121	123	116	116	119	120	122	127	129	132	134	136	137	140	146	149	148	147	147	148	152	157	161	163	165	166	166	166	167	169	170	171	171	173	175	179	179	175	173	168	163	160	135	117	103	92	85	90	98	105	107	119	149	178	180	178	198	230	255	255	255	255	255	255	255	255	255	255	255	255	255	255	255	255	255	255	255	255	255	255	255	255	255	255	
255	255	255	255	255	255	255	255	255	255	255	255	255	254	242	207	157	135	137	151	160	159	157	153	144	130	114	103	100	106	118	131	130	112	89	75	66	71	87	100	109	121	123	118	119	132	133	126	121	115	118	125	131	131	130	133	135	138	143	143	144	146	148	151	154	157	157	160	162	165	165	163	165	164	167	169	170	174	178	180	175	170	168	170	178	184	172	157	139	116	102	97	96	99	103	116	143	172	179	182	191	215	255	255	255	255	255	255	255	255	255	255	255	255	255	255	255	255	255	244	236	244	253	254	255	255	255	255	
255	255	255	255	255	255	255	255	255	255	255	255	255	251	238	197	156	135	135	148	155	154	157	162	156	151	140	121	105	103	108	110	121	129	115	94	84	73	72	80	86	102	114	115	114	127	142	141	137	130	125	121	121	127	130	132	131	133	138	141	144	146	149	148	151	153	156	158	158	160	159	161	163	164	167	167	169	171	170	167	168	171	172	174	176	181	181	179	174	162	145	125	105	92	107	121	143	163	175	185	193	207	241	255	255	255	255	255	255	255	255	255	255	255	255	255	255	255	255	234	214	213	219	219	221	232	236	240	
255	255	255	255	255	255	255	255	255	255	255	255	255	255	235	181	147	134	135	147	148	141	149	159	159	159	155	144	131	124	117	111	109	115	112	111	107	92	77	76	80	85	91	106	120	131	139	144	147	145	139	133	128	127	128	125	124	127	132	138	142	143	145	144	147	149	155	158	159	159	161	160	163	165	167	168	168	168	165	162	168	176	179	179	175	172	175	181	189	189	178	158	132	116	124	136	149	157	167	179	187	194	222	249	255	255	255	255	255	255	255	255	255	255	255	255	255	255	255	245	217	208	208	207	209	213	213	215	
255	255	255	255	255	255	255	255	255	255	255	255	255	255	234	173	142	134	141	147	138	131	141	152	153	158	161	160	157	151	135	119	108	100	96	98	106	109	101	89	95	104	111	128	140	144	145	145	150	146	146	150	153	146	136	134	131	126	128	133	137	139	141	144	148	148	152	157	159	159	160	162	163	165	164	165	165	168	172	175	174	174	176	176	178	181	179	181	182	186	183	178	172	165	145	150	155	157	162	170	170	175	206	233	255	255	255	255	255	255	255	255	255	255	255	255	255	255	255	255	223	206	202	203	204	211	210	207	
255	255	255	255	255	255	255	255	255	255	255	255	255	255	226	178	138	138	140	146	140	135	144	149	137	145	158	160	168	167	153	143	129	110	96	89	98	100	110	113	127	144	151	152	153	154	154	152	153	154	155	156	156	159	158	154	146	135	127	124	129	134	140	143	146	148	150	151	150	154	157	162	161	163	162	163	164	168	173	176	176	172	171	173	178	183	178	177	180	181	182	187	188	190	178	181	184	172	166	163	157	158	185	209	248	255	255	255	255	255	255	255	255	255	255	255	255	255	255	255	238	210	204	202	201	210	212	210	
255	255	255	255	255	255	255	255	255	255	255	255	255	247	213	182	142	139	140	145	140	140	147	146	130	140	155	151	158	167	166	170	147	133	122	102	93	90	102	107	127	148	160	155	153	156	162	163	160	159	158	159	158	161	165	159	156	152	146	138	135	132	128	135	137	142	149	151	152	151	153	159	160	159	162	162	164	166	166	169	173	174	173	173	177	179	178	178	182	184	184	184	185	185	186	198	203	196	185	174	163	158	170	189	234	255	255	255	255	255	255	255	255	255	255	255	255	255	255	255	254	220	212	208	202	211	212	212	
255	255	255	255	255	255	255	255	255	255	255	255	255	244	206	178	148	143	148	148	139	137	143	139	128	141	150	142	142	151	159	171	159	148	143	140	118	98	94	99	125	147	162	161	158	160	164	168	166	164	164	164	164	164	166	162	159	161	162	160	157	143	129	129	130	138	147	151	152	153	157	159	160	161	164	164	163	165	165	168	172	173	174	174	177	181	181	181	181	183	182	182	186	188	188	203	211	216	205	197	184	176	166	180	224	255	255	255	255	255	255	255	255	255	255	255	255	255	255	255	255	235	216	208	201	209	213	211	
255	255	255	255	255	255	255	255	255	255	255	255	255	249	206	167	139	141	150	148	138	138	144	134	128	142	148	137	135	144	147	150	165	164	155	161	156	136	121	132	151	161	165	166	165	162	165	169	172	170	169	169	169	168	169	165	160	159	161	165	167	162	153	147	139	130	130	139	146	151	153	155	156	160	160	159	161	164	166	169	173	173	171	171	175	180	181	181	181	183	185	186	191	194	204	212	219	219	218	213	215	212	197	197	216	252	255	255	255	255	255	255	255	255	255	255	255	255	255	255	255	251	216	207	200	207	211	209	
255	255	255	255	255	255	255	255	255	255	255	255	255	248	198	150	129	141	148	148	142	142	144	134	129	142	144	135	141	159	153	134	152	174	168	164	171	172	162	172	174	172	169	167	167	167	167	172	174	172	171	170	172	173	173	171	166	162	161	164	169	169	165	162	159	154	142	130	131	136	144	152	152	155	158	159	160	162	167	171	172	170	169	171	172	178	180	183	186	188	190	193	196	199	204	209	218	219	225	225	236	237	228	221	221	243	255	255	255	255	255	255	255	255	255	255	255	255	255	255	255	255	216	206	202	205	207	209	
255	255	255	255	255	255	255	255	255	255	255	255	255	245	195	146	131	149	152	148	145	149	148	138	132	144	146	132	140	163	158	132	139	153	163	171	171	174	176	181	176	176	175	173	174	168	168	171	173	173	173	172	173	175	174	175	173	174	173	171	171	169	170	166	164	165	161	158	149	136	132	140	143	147	153	158	160	162	165	170	172	173	175	173	175	176	183	185	188	189	194	196	199	202	192	206	218	228	229	231	233	235	236	246	251	255	255	255	255	255	255	255	255	255	255	255	255	255	255	255	255	255	230	210	206	206	211	214	
255	255	255	255	255	255	255	255	255	255	255	255	255	236	194	149	134	147	146	142	140	148	150	141	139	157	157	136	139	154	153	140	140	138	146	150	155	166	178	178	174	177	177	177	176	173	171	172	177	175	176	176	174	176	176	178	178	180	178	177	175	176	175	170	169	166	165	170	167	160	150	143	139	140	145	151	153	156	161	168	168	172	175	175	177	181	181	182	185	190	194	197	201	205	191	207	219	229	228	235	235	240	255	255	255	255	255	255	255	255	255	255	255	255	255	255	255	255	255	255	255	255	250	215	211	211	215	217	
255	255	255	255	255	255	255	255	255	255	255	255	254	216	179	152	151	158	155	142	136	144	146	136	141	159	151	130	138	153	150	142	148	145	141	137	152	157	169	176	176	175	174	177	181	178	176	177	182	179	180	180	179	177	177	180	181	181	181	179	177	175	175	178	178	174	173	174	174	174	172	170	159	151	147	148	153	157	160	160	164	168	170	172	175	177	180	184	187	190	194	197	201	202	215	223	227	221	224	232	241	250	255	255	255	255	255	255	255	255	250	248	250	255	255	255	255	255	255	255	255	255	255	223	219	215	216	214	
255	255	255	255	255	255	255	255	255	255	255	255	255	219	167	152	156	162	151	136	139	149	144	134	142	152	152	143	143	143	147	151	162	154	138	141	160	160	162	166	169	169	173	176	180	180	182	186	184	181	182	183	185	184	184	184	182	184	186	185	182	181	183	185	186	184	184	184	182	179	177	181	178	173	166	157	151	147	153	162	164	168	169	170	174	180	192	197	197	195	193	196	203	209	216	219	225	227	221	227	243	255	255	255	255	255	255	255	255	255	255	254	231	216	216	224	235	242	247	255	255	255	255	255	253	248	246	240	
255	255	255	255	255	255	255	255	255	255	255	255	255	213	162	148	154	163	152	139	145	149	138	131	143	146	145	147	156	155	149	152	170	170	147	146	169	170	159	154	159	160	167	172	178	179	184	187	188	190	191	189	187	186	186	185	184	186	187	189	183	182	185	191	193	190	189	187	186	183	180	176	178	181	184	179	172	161	155	152	153	160	168	178	184	183	189	191	192	197	201	206	210	213	211	219	231	242	243	252	255	255	255	255	255	255	255	255	255	255	255	255	255	245	230	218	208	205	206	210	219	232	246	255	255	255	255	255	
255	255	255	255	255	255	255	255	255	255	255	255	245	195	151	141	151	165	151	141	152	158	142	134	140	141	134	141	161	160	145	146	165	172	154	151	180	182	166	154	148	153	158	167	174	179	183	186	186	191	192	193	194	192	186	187	187	187	191	190	185	186	189	194	195	195	191	189	188	187	186	188	183	180	181	185	186	187	179	164	153	148	155	167	181	189	189	189	194	201	205	206	208	210	218	226	226	223	250	255	255	255	255	255	255	255	255	255	255	255	255	255	255	255	255	242	227	212	204	197	191	199	215	255	255	255	255	255	
255	255	255	255	255	255	255	255	255	255	255	255	234	181	147	140	151	163	150	141	157	161	143	138	143	143	134	139	152	145	132	138	150	165	155	156	186	193	178	168	171	164	156	154	162	171	180	184	184	186	187	191	195	196	191	191	192	192	193	189	187	188	190	195	198	197	195	192	191	188	187	191	195	193	191	188	187	186	188	186	178	172	168	171	179	192	194	193	199	206	207	206	208	209	224	230	236	247	255	255	255	255	255	255	255	255	255	255	255	255	255	255	255	255	255	255	255	255	242	216	194	187	196	231	255	255	255	255	
255	255	255	255	255	255	255	255	255	255	255	255	228	173	146	142	154	162	151	141	149	148	135	141	150	150	142	141	150	141	131	142	150	158	150	161	193	197	184	178	185	180	172	168	165	167	167	166	170	179	186	187	190	191	193	195	196	195	193	189	189	191	193	201	204	204	202	198	196	192	190	193	203	208	207	199	190	187	191	196	198	198	194	191	195	207	226	227	217	208	206	208	216	221	231	247	254	255	255	255	255	255	255	255	255	255	255	255	255	255	255	255	255	255	255	255	255	255	255	253	232	218	207	212	237	255	255	255	
255	255	255	255	255	255	255	255	255	255	255	255	218	164	143	146	158	156	139	134	141	140	132	142	150	145	137	140	156	149	141	153	160	155	146	167	200	201	190	181	184	187	186	186	182	174	166	160	159	166	173	179	183	189	191	195	197	195	194	192	191	195	197	200	204	204	202	202	200	195	194	201	204	208	207	206	203	201	201	202	201	200	199	198	205	215	233	246	249	242	233	228	225	226	228	241	255	255	255	255	255	255	255	255	255	255	255	255	255	255	255	255	255	255	255	255	255	255	255	255	255	255	244	218	208	255	255	255	
255	255	255	255	255	255	255	255	255	255	255	246	207	161	140	148	158	150	132	139	151	141	131	143	152	138	128	143	156	147	140	159	167	154	148	178	201	198	191	185	190	189	185	184	186	188	186	179	166	162	164	170	177	180	183	187	190	194	195	195	196	199	202	202	202	201	200	204	204	202	199	196	198	203	209	211	210	207	203	202	200	201	202	201	203	207	211	231	255	255	255	255	252	240	241	255	255	255	255	255	255	255	255	255	255	255	255	255	255	255	255	255	255	255	255	255	255	255	255	255	255	255	255	255	252	255	255	255	
255	255	255	255	255	255	255	255	255	255	255	233	193	153	135	141	150	145	136	154	165	144	128	144	154	136	124	141	153	137	134	158	169	154	154	180	197	195	191	186	193	192	189	189	192	195	192	190	185	176	173	169	166	169	177	183	187	190	194	195	199	202	205	209	207	204	202	205	204	204	200	197	200	202	206	209	211	211	210	206	204	206	206	206	208	213	231	238	238	242	255	255	255	255	255	255	255	255	255	255	255	255	255	255	255	255	255	255	255	255	255	255	255	255	255	255	255	255	255	255	255	255	255	255	255	255	255	255	
255	255	255	255	255	255	255	255	255	255	255	241	192	145	129	149	159	146	144	151	151	140	139	155	149	142	144	146	142	139	146	158	157	150	156	183	185	193	190	185	188	191	192	193	197	197	196	193	190	191	190	186	184	179	174	174	180	185	190	192	195	200	206	209	205	205	205	204	205	204	206	205	209	210	211	212	216	219	219	216	213	211	211	211	217	218	226	233	246	250	244	255	255	255	255	255	255	255	255	255	255	255	255	255	255	255	255	255	255	255	255	255	255	255	255	255	255	255	255	255	255	255	255	255	255	255	255	255	
255	255	255	255	255	255	255	255	255	255	255	228	178	147	135	155	170	152	147	148	147	140	138	155	151	143	145	147	143	140	149	164	156	141	146	173	184	196	196	191	192	193	192	194	199	202	200	196	192	197	200	200	196	196	193	187	183	181	182	186	191	198	200	201	200	203	204	208	207	205	207	212	215	216	217	214	215	218	221	219	220	219	218	221	223	226	230	233	243	244	239	255	255	255	255	255	255	255	255	255	255	255	255	255	255	255	255	255	255	255	255	255	255	255	255	255	255	255	255	255	255	255	255	255	255	255	255	255	
255	255	255	255	255	255	255	255	255	255	255	212	163	147	138	155	166	149	143	146	149	138	135	153	148	140	146	149	142	137	145	157	144	139	151	181	194	204	201	198	196	197	196	196	202	204	202	200	200	203	203	202	202	203	205	203	201	194	186	178	178	185	194	196	195	198	200	203	204	210	213	217	221	225	223	218	217	221	223	219	220	222	224	227	229	231	237	236	243	241	236	255	255	255	255	255	255	255	255	255	255	255	255	255	255	255	255	255	255	255	255	255	255	255	255	255	255	255	255	255	255	255	255	255	255	255	255	255	
255	255	255	255	255	255	255	255	255	255	255	206	157	145	140	150	152	142	143	152	154	141	133	148	144	136	145	150	144	136	143	148	137	139	160	191	202	202	203	203	206	203	201	202	204	204	202	201	202	206	208	206	204	205	207	210	209	208	204	196	189	185	186	187	187	189	192	197	203	209	215	217	223	225	225	223	220	221	221	217	218	222	226	230	232	234	237	235	246	241	235	255	255	255	255	255	255	255	255	255	255	255	255	255	255	255	255	255	255	255	255	255	255	255	255	255	255	255	255	255	255	255	255	255	255	255	255	255	
255	255	255	255	255	255	255	255	255	255	255	207	153	140	145	153	145	140	145	158	160	146	140	155	147	140	146	149	142	140	146	145	138	140	160	187	200	200	202	206	210	209	208	207	208	207	204	202	203	208	212	211	211	211	213	215	214	211	211	211	209	204	201	186	185	183	185	189	197	202	207	214	217	221	223	223	224	224	222	219	221	224	228	231	233	232	234	236	245	244	235	249	255	255	255	255	255	255	255	255	255	255	255	255	255	255	255	255	255	255	255	255	255	255	255	255	255	255	255	255	255	255	255	255	255	255	255	255	
255	255	255	255	255	255	255	255	255	255	255	204	153	139	150	163	145	140	149	164	161	146	147	164	151	145	153	150	136	136	146	146	138	136	154	180	202	200	199	202	210	210	211	212	213	212	211	209	210	209	207	207	207	213	218	220	219	217	216	214	215	214	216	206	199	190	187	185	188	193	199	206	211	215	220	221	224	226	225	226	226	228	232	234	233	232	235	236	246	245	233	249	255	255	255	255	255	255	255	255	255	255	255	255	255	255	255	255	255	255	255	255	255	255	255	255	255	255	255	255	255	255	255	255	255	255	255	255	
255	255	255	255	255	255	255	255	255	255	244	191	151	142	153	162	145	138	146	163	158	144	147	160	145	144	161	155	134	133	150	152	136	136	156	178	203	199	198	201	209	211	214	217	219	216	216	218	219	216	209	207	206	209	214	214	218	224	225	222	216	216	217	219	213	207	202	198	194	193	195	199	204	209	214	217	224	227	229	231	231	232	236	238	237	236	239	238	245	246	234	252	255	255	255	255	255	255	255	255	255	255	255	255	255	255	255	255	255	255	255	255	255	255	255	255	255	255	255	255	255	255	255	255	255	255	255	255	
255	255	255	255	255	255	255	255	255	255	235	179	153	149	156	160	142	135	144	163	158	145	146	148	135	141	161	156	136	138	154	157	131	141	168	179	195	190	198	201	207	210	216	220	221	219	219	220	220	221	217	215	214	212	210	211	215	219	221	223	221	219	220	220	220	222	222	218	212	203	199	199	199	204	210	216	221	225	228	230	230	234	237	241	242	241	241	241	244	248	240	255	255	255	255	255	255	255	255	255	255	255	255	255	255	255	255	255	255	255	255	255	255	255	255	255	255	255	255	255	255	255	255	255	255	255	255	255	
255	255	255	255	255	255	255	255	255	255	227	172	157	150	159	161	142	142	149	161	156	149	148	145	139	141	154	150	137	144	149	146	128	149	186	185	191	186	196	195	202	205	212	220	222	220	221	222	221	222	217	218	221	219	214	213	214	214	216	220	222	222	222	224	224	226	226	228	224	220	216	208	202	202	207	211	214	218	220	221	226	229	235	238	242	243	242	246	245	247	249	255	255	255	255	255	255	255	255	255	255	255	255	255	255	255	255	255	255	255	255	255	255	255	255	255	255	255	255	255	255	255	255	255	255	255	255	255	
255	255	255	255	255	255	255	255	255	253	218	168	156	149	159	162	147	148	156	159	150	146	154	149	142	143	151	147	140	149	153	145	135	155	194	200	200	200	204	198	196	200	207	213	217	216	220	222	224	222	219	219	220	221	220	221	220	219	216	214	215	224	227	227	227	226	225	228	227	225	222	218	219	219	214	209	206	208	212	215	222	228	230	232	237	244	245	246	247	250	253	255	255	255	255	255	255	255	255	255	255	255	255	255	255	255	255	255	255	255	255	255	255	255	255	255	255	255	255	255	255	255	255	255	255	255	255	255	
255	255	255	255	255	255	255	255	255	246	207	161	151	152	163	164	153	152	157	153	139	144	157	147	142	146	150	142	140	154	156	140	137	157	192	211	205	212	215	207	205	205	209	211	213	212	216	220	221	223	223	221	221	222	223	222	218	219	216	210	213	225	229	225	222	223	225	231	227	225	222	221	228	231	226	219	214	209	206	207	217	225	230	233	234	240	246	244	246	252	255	255	255	255	255	255	255	255	255	255	255	255	255	255	255	255	255	255	255	255	255	255	255	255	255	255	255	255	255	255	255	255	255	255	255	255	255	255	
255	255	255	255	255	255	255	255	255	248	199	155	147	156	165	158	147	153	156	148	136	146	161	150	143	151	153	141	140	156	157	133	139	157	189	217	208	217	220	214	216	212	210	211	211	209	210	215	215	217	218	221	222	222	221	220	219	218	217	213	217	227	229	225	220	220	221	225	224	222	223	222	231	235	234	232	230	223	216	213	215	222	225	229	235	241	246	247	247	253	255	255	255	255	255	255	255	255	255	255	255	255	255	255	255	255	255	255	255	255	255	255	255	255	255	255	255	255	255	255	255	255	255	255	255	255	255	255	
255	255	255	255	255	255	255	255	255	253	197	159	155	170	174	157	142	155	158	146	136	147	157	150	146	157	157	143	144	160	160	133	142	162	193	219	213	219	219	214	217	213	213	214	211	208	208	208	206	209	213	217	223	223	222	222	220	221	218	214	220	228	229	228	224	221	221	222	220	217	219	222	231	236	236	235	235	235	232	231	231	229	226	225	229	236	250	255	255	255	255	255	255	255	255	255	255	255	255	255	255	255	255	255	255	255	255	255	255	255	255	255	255	255	255	255	255	255	255	255	255	255	255	255	255	255	255	255	
255	255	255	255	255	255	255	255	255	236	185	160	160	182	185	160	146	162	165	148	140	146	149	143	144	155	151	139	140	156	159	134	143	171	201	215	211	221	218	213	214	214	215	217	213	207	209	209	208	208	212	217	220	223	222	223	222	220	216	215	219	227	227	228	225	229	229	227	221	217	218	219	227	233	232	236	238	241	241	243	243	243	237	229	227	234	244	255	255	255	255	255	255	255	255	255	255	255	255	255	255	255	255	255	255	255	255	255	255	255	255	255	255	255	255	255	255	255	255	255	255	255	255	255	255	255	255	255	
255	255	255	255	255	255	255	255	251	209	166	156	163	185	191	163	151	173	167	149	148	156	150	141	149	159	150	137	141	151	151	129	142	181	205	206	202	216	215	208	218	219	219	217	209	204	207	213	216	218	219	219	217	217	217	220	222	221	216	216	219	224	226	226	225	230	232	231	226	224	226	229	226	225	226	233	242	246	247	246	246	247	246	240	238	241	245	254	255	255	255	255	255	255	255	255	255	255	255	255	255	255	255	255	255	255	255	255	255	255	255	255	255	255	255	255	255	255	255	255	255	255	255	255	255	255	255	255	
255	255	255	255	255	255	255	255	243	198	164	148	158	183	187	166	160	177	168	150	150	159	152	142	161	171	149	133	144	152	138	133	153	179	207	201	196	203	207	212	219	223	221	214	204	205	215	219	220	222	223	221	219	219	219	220	222	219	213	212	220	227	228	229	229	229	232	234	231	231	231	234	229	226	226	232	237	240	244	247	249	252	253	251	251	253	255	255	255	255	255	255	255	255	255	255	255	255	255	255	255	255	255	255	255	255	255	255	255	255	255	255	255	255	255	255	255	255	255	255	255	255	255	255	255	255	255	255	
255	255	255	255	255	255	255	255	238	193	161	143	156	178	174	157	161	173	165	144	144	155	152	144	165	174	149	139	160	165	135	138	158	179	211	207	205	199	202	208	213	220	222	215	206	208	218	221	221	224	227	225	225	224	223	221	219	216	214	215	219	224	225	232	231	230	231	234	233	232	231	232	230	230	233	236	237	237	240	244	246	251	255	253	254	255	255	255	255	255	255	255	255	255	255	255	255	255	255	255	255	255	255	255	255	255	255	255	255	255	255	255	255	255	255	255	255	255	255	255	255	255	255	255	255	255	255	255	
255	255	255	255	255	255	255	255	234	187	156	141	160	179	163	143	151	164	154	140	147	155	149	140	155	162	142	142	168	170	143	144	162	187	217	215	212	210	206	207	210	215	215	209	204	209	220	225	222	225	229	227	227	227	226	224	222	221	222	223	219	220	220	228	229	229	232	235	235	232	231	232	233	233	238	241	243	243	241	243	241	243	248	253	255	255	255	255	255	255	255	255	255	255	255	255	255	255	255	255	255	255	255	255	255	255	255	255	255	255	255	255	255	255	255	255	255	255	255	255	255	255	255	255	255	255	255	255	
255	255	255	255	255	255	255	255	234	182	154	145	168	185	162	136	146	158	146	141	155	156	144	138	147	151	137	142	160	155	133	143	165	194	216	216	216	219	219	218	212	214	211	205	205	209	222	225	223	227	229	228	229	228	228	228	228	231	231	229	224	220	221	221	221	224	227	234	237	233	234	237	239	238	240	242	244	247	249	249	241	239	244	250	254	255	255	255	255	255	255	255	255	255	255	255	255	255	255	255	255	255	255	255	255	255	255	255	255	255	255	255	255	255	255	255	255	255	255	255	255	255	255	255	255	255	255	255	
255	255	255	255	255	255	255	255	228	175	157	158	179	186	159	138	150	159	146	142	157	155	143	140	152	152	138	146	155	141	124	143	162	196	215	215	217	223	225	220	217	217	216	212	210	213	216	220	221	225	228	229	229	230	232	231	234	237	235	232	228	226	225	225	221	219	221	228	234	238	239	242	243	242	240	241	245	249	254	253	244	240	244	250	253	254	255	255	255	255	255	255	255	255	255	255	255	255	255	255	255	255	255	255	255	255	255	255	255	255	255	255	255	255	255	255	255	255	255	255	255	255	255	255	255	255	255	255	
255	255	255	255	255	255	255	255	222	171	158	165	183	182	155	142	155	159	146	137	144	144	142	147	161	154	137	149	153	138	127	152	169	201	215	215	214	222	224	219	218	220	222	222	219	218	217	215	215	217	222	226	227	229	232	231	234	235	235	231	231	230	227	231	228	224	224	228	232	236	239	241	245	245	243	241	244	249	250	250	246	244	250	255	255	254	251	253	255	255	255	255	255	255	255	255	255	255	255	255	255	255	255	255	255	255	255	255	255	255	255	255	255	255	255	255	255	255	255	255	255	255	255	255	255	255	255	255	
255	255	255	255	255	255	255	252	215	168	154	166	183	174	153	150	161	156	144	140	144	140	138	149	168	156	135	149	155	137	130	158	183	208	209	212	212	221	221	219	219	217	218	222	223	224	225	221	215	215	217	220	221	224	227	229	231	232	236	236	237	234	231	233	234	235	236	235	235	234	234	240	245	244	243	243	247	248	246	249	246	247	252	255	255	255	254	253	255	255	255	255	255	255	255	255	255	255	255	255	255	255	255	255	255	255	255	255	255	255	255	255	255	255	255	255	255	255	255	255	255	255	255	255	255	255	255	255	
255	255	255	255	255	255	255	246	209	168	150	170	183	167	148	160	174	155	143	155	163	149	135	148	162	147	135	157	163	144	140	169	188	207	203	212	214	221	220	216	219	216	217	221	223	224	225	225	223	219	220	219	217	221	225	229	230	232	240	244	240	235	235	236	238	239	239	239	239	239	238	240	243	240	241	245	250	248	248	250	249	247	251	255	255	255	255	255	255	255	255	255	255	255	255	255	255	255	255	255	255	255	255	255	255	255	255	255	255	255	255	255	255	255	255	255	255	255	255	255	255	255	255	255	255	255	255	255	
255	255	255	255	255	255	255	236	208	167	158	173	181	165	157	172	177	153	153	165	165	148	137	151	158	145	141	162	161	140	139	168	185	203	198	193	204	217	223	226	219	214	215	219	221	221	223	224	223	220	219	220	224	223	222	223	225	231	237	243	243	243	244	238	235	238	242	245	245	245	247	249	247	245	245	247	248	246	248	250	246	250	255	255	255	255	255	255	255	255	255	255	255	255	255	255	255	255	255	255	255	255	255	255	255	255	255	255	255	255	255	255	255	255	255	255	255	255	255	255	255	255	255	255	255	255	255	255	
255	255	255	255	255	255	255	231	188	158	160	176	180	158	154	175	176	152	156	166	164	146	141	153	150	138	142	157	157	145	151	179	189	209	206	197	204	204	210	214	215	214	213	217	220	220	220	222	225	223	223	224	229	230	230	227	225	227	230	233	236	239	244	242	239	241	245	243	242	244	247	249	251	251	252	251	248	246	246	245	244	245	254	255	255	255	255	255	255	255	255	255	255	255	255	255	255	255	255	255	255	255	255	255	255	255	255	255	255	255	255	255	255	255	255	255	255	255	255	255	255	255	255	255	255	255	255	255	
255	255	255	255	255	255	255	220	167	144	157	178	177	150	149	171	170	149	158	169	160	144	148	158	149	140	147	153	146	141	155	183	191	211	213	203	205	203	205	207	210	211	213	216	219	220	224	228	230	227	227	227	228	231	233	230	229	232	232	232	233	233	236	238	235	235	236	236	240	247	253	255	255	255	255	253	251	249	247	244	240	244	249	254	255	255	255	255	255	255	255	255	255	255	255	255	255	255	255	255	255	255	255	255	255	255	255	255	255	255	255	255	255	255	255	255	255	255	255	255	255	255	255	255	255	255	255	255	
255	255	255	255	255	255	245	199	152	138	156	186	182	153	157	172	165	148	160	170	154	139	149	166	152	141	149	153	141	134	149	179	190	208	207	204	210	210	213	212	208	211	214	214	215	219	224	230	235	234	232	226	226	227	227	226	230	237	241	239	235	233	233	234	231	230	228	227	234	246	255	255	255	255	255	255	253	254	254	251	245	245	251	254	255	255	255	255	255	255	255	255	255	255	255	255	255	255	255	255	255	255	255	255	255	255	255	255	255	255	255	255	255	255	255	255	255	255	255	255	255	255	255	255	255	255	255	255	
255	255	255	255	255	255	231	184	153	139	158	184	179	157	160	169	158	146	161	172	153	136	149	167	152	138	145	150	139	135	153	185	198	206	205	203	208	209	214	213	211	215	215	211	212	216	223	229	236	236	234	229	228	227	227	226	230	235	236	235	235	239	243	239	236	234	231	227	231	240	248	251	254	255	255	255	255	254	254	251	247	249	252	255	255	255	255	255	255	255	255	255	255	255	255	255	255	255	255	255	255	255	255	255	255	255	255	255	255	255	255	255	255	255	255	255	255	255	255	255	255	255	255	255	255	255	255	255	
255	255	255	255	255	255	227	181	153	151	168	185	173	156	165	173	161	148	160	167	153	144	154	162	147	134	141	148	140	136	158	195	203	211	207	206	205	204	210	212	212	217	217	214	215	223	229	230	230	231	230	228	230	231	230	226	229	234	235	233	235	240	245	241	240	240	239	235	235	237	241	242	244	249	254	255	255	253	252	250	248	248	251	255	255	255	255	255	255	255	255	255	255	255	255	255	255	255	255	255	255	255	255	255	255	255	255	255	255	255	255	255	255	255	255	255	255	255	255	255	255	255	255	255	255	255	255	255	
255	255	255	255	255	249	214	171	142	159	173	185	170	157	164	172	160	147	157	156	149	156	167	166	150	141	148	151	141	136	163	202	203	207	204	204	207	205	211	210	211	217	219	216	220	228	233	232	229	228	226	224	226	229	226	224	228	235	235	234	234	235	235	239	238	239	242	242	240	242	241	238	239	241	247	251	252	248	246	249	248	249	249	252	255	255	255	255	255	255	255	255	255	255	255	255	255	255	255	255	255	255	255	255	255	255	255	255	255	255	255	255	255	255	255	255	255	255	255	255	255	255	255	255	255	255	255	255	
255	255	255	255	255	245	202	163	131	144	162	167	153	142	149	155	151	150	152	144	142	162	177	168	155	151	158	154	140	143	169	205	205	203	199	202	209	206	209	206	212	219	219	218	219	225	228	230	234	233	228	222	223	224	221	223	229	234	232	231	232	235	236	237	235	235	239	239	243	242	244	240	238	238	243	245	247	244	245	247	248	248	249	252	252	255	255	255	255	255	255	255	255	255	255	255	255	255	255	255	255	255	255	255	255	255	255	255	255	255	255	255	255	255	255	255	255	255	255	255	255	255	255	255	255	255	255	255	
255	255	255	255	255	239	197	154	136	140	149	150	141	137	147	149	147	150	155	148	143	156	170	166	151	149	156	144	135	158	183	195	201	203	207	208	205	205	210	211	209	217	215	216	221	228	229	228	231	233	231	230	230	227	224	224	225	226	229	229	230	237	239	240	237	239	239	237	240	244	244	246	244	241	242	243	241	242	241	242	244	244	247	251	255	255	255	255	255	255	255	255	255	255	255	255	255	255	255	255	255	255	255	255	255	255	255	255	255	255	255	255	255	255	255	255	255	255	255	255	255	255	255	255	255	255	255	255	
255	255	255	255	255	236	184	150	133	146	149	143	134	136	149	149	142	147	156	153	145	151	162	163	154	153	152	138	131	154	184	202	203	205	208	209	209	210	214	213	209	211	209	214	222	227	226	227	230	232	230	230	233	236	237	233	228	224	223	223	225	235	236	241	240	241	242	239	242	246	247	243	241	239	241	244	243	241	236	237	242	245	245	249	252	255	255	255	255	255	255	255	255	255	255	255	255	255	255	255	255	255	255	255	255	255	255	255	255	255	255	255	255	255	255	255	255	255	255	255	255	255	255	255	255	255	255	255	
255	255	255	255	255	230	178	148	133	155	157	146	134	145	158	149	140	144	152	151	147	153	161	158	151	149	148	135	135	157	186	209	208	210	213	214	213	215	216	216	213	215	214	214	218	224	225	226	230	230	229	228	230	233	234	233	230	224	219	221	224	232	236	239	239	242	241	240	242	246	246	245	240	237	237	242	242	239	234	234	242	247	247	246	248	253	255	255	255	255	255	255	255	255	255	255	255	255	255	255	255	255	255	255	255	255	255	255	255	255	255	255	255	255	255	255	255	255	255	255	255	255	255	255	255	255	255	255	
255	255	255	252	254	220	169	147	134	151	156	143	135	150	161	146	137	149	147	141	143	157	164	153	147	154	152	138	139	159	186	207	208	210	214	218	219	219	220	221	220	223	224	223	221	219	223	225	225	226	225	226	228	229	231	230	231	229	225	225	228	233	237	236	235	238	240	234	238	246	246	244	242	238	236	238	239	238	235	239	245	248	249	248	246	247	255	255	255	255	255	255	255	255	255	255	255	255	255	255	255	255	255	255	255	255	255	255	255	255	255	255	255	255	255	255	255	255	255	255	255	255	255	255	255	255	255	255	
255	255	255	255	251	209	158	144	138	148	153	142	136	152	163	150	145	160	155	136	134	152	159	143	145	161	159	141	142	160	183	202	206	210	214	218	219	219	219	222	225	224	225	227	227	222	222	223	221	221	223	225	226	229	233	233	231	234	233	229	232	236	242	236	236	240	234	229	233	242	242	241	243	242	238	238	238	239	238	241	248	251	253	253	249	248	255	255	255	255	255	255	255	255	255	255	255	255	255	255	255	255	255	255	255	255	255	255	255	255	255	255	255	255	255	255	255	255	255	255	255	255	255	255	255	255	255	255	
255	255	255	255	251	197	150	142	145	149	152	140	138	154	161	150	151	171	168	142	135	150	151	138	144	164	159	135	142	167	192	203	208	211	214	216	217	219	218	221	224	222	223	228	232	232	226	224	226	224	225	225	224	225	227	232	234	237	236	234	238	242	245	242	244	244	236	227	228	236	237	237	241	243	243	243	242	241	239	245	249	252	255	255	255	255	255	255	255	255	255	255	255	255	255	255	255	255	255	255	255	255	255	255	255	255	255	255	255	255	255	255	255	255	255	255	255	255	255	255	255	255	255	255	255	255	255	255	
255	255	255	255	245	186	148	140	151	154	151	140	139	153	153	142	145	168	171	149	144	156	148	137	146	171	160	131	144	178	202	210	211	214	216	217	218	219	218	219	222	221	220	226	231	231	227	226	227	226	229	230	229	226	225	228	232	234	236	237	237	240	242	243	245	247	239	228	232	236	236	238	239	236	238	244	246	242	239	245	251	253	255	255	255	255	255	255	255	255	255	255	255	255	255	255	255	255	255	255	255	255	255	255	255	255	255	255	255	255	255	255	255	255	255	255	255	255	255	255	255	255	255	255	255	255	255	255	
