9	9	3	16	23	37	29	15	23	10	10	4	1	4	12	0	0	0	10	10	8	0	0	30	19	13	4	0	9	21	29	31	33	31	11	21	54	68	43	42	40	12	2	30	28	22	49	123	32	18	7	0	25	53	27	17	0	0	37	9	46	33	18	48	29	0	15	25	18	56	13	57	54	39	35	6	31	57	53	40	0	42	60	41	19	21	63	57	56	41	23	38	39	29	18	44	36	49	13	39	39	49	32	71	55	30	50	75	55	34	39	23	28	18	33	18	12	27	64	8	49	65	42	29	47	34	21	57	
26	26	16	15	13	13	1	0	1	0	1	1	0	5	8	0	0	6	22	31	27	26	14	16	16	6	2	9	9	0	0	0	0	0	0	0	31	56	31	0	9	40	36	43	29	30	70	142	41	44	23	17	33	50	47	26	28	8	25	8	41	40	31	58	28	9	42	49	48	67	16	69	58	52	37	2	34	53	41	39	0	48	66	50	40	24	56	71	90	40	25	22	42	29	20	40	37	47	19	46	47	35	31	59	36	10	56	84	62	31	47	36	33	33	30	19	10	25	57	12	54	69	43	48	68	40	24	69	
37	37	22	4	5	4	4	2	2	5	3	0	2	12	19	0	0	8	51	88	97	76	56	39	42	39	33	37	53	47	42	61	41	18	18	25	5	0	0	0	0	19	40	73	36	12	45	73	66	77	53	32	19	38	80	83	83	55	34	16	67	63	67	79	31	26	88	72	79	53	15	54	26	58	36	0	42	51	34	27	0	22	44	52	35	13	61	57	65	23	16	23	36	12	24	32	33	43	18	48	33	6	31	53	43	1	44	66	57	20	48	31	6	47	42	29	24	41	44	13	71	78	28	59	65	14	9	58	
47	47	38	24	24	24	27	29	30	25	22	20	24	27	34	0	0	11	54	106	138	120	90	68	69	67	59	57	62	51	54	89	100	102	103	77	73	56	46	82	52	10	36	45	71	14	24	29	39	28	24	10	17	30	53	42	60	43	34	23	61	68	77	79	42	39	88	75	89	79	42	81	70	86	57	17	47	66	51	42	0	38	59	68	74	43	98	95	85	46	32	56	59	15	44	54	57	44	42	73	70	15	48	70	69	9	45	74	64	7	36	23	6	46	44	24	35	48	31	6	76	85	16	66	45	8	33	52	
21	21	17	8	8	12	15	21	23	11	9	18	25	26	33	0	0	0	28	84	128	146	124	86	72	63	55	55	55	40	29	39	33	33	14	45	36	49	75	48	4	9	60	63	93	31	84	121	114	72	55	26	28	40	53	31	44	30	31	16	18	11	21	35	27	9	31	22	38	40	17	68	81	83	66	51	65	74	57	61	27	75	90	94	72	55	114	104	75	45	62	65	56	17	46	64	78	39	54	69	65	12	57	71	76	14	51	71	47	21	48	43	29	71	74	25	31	39	32	23	58	58	11	67	35	2	54	37	
21	21	24	23	24	28	31	32	34	31	24	33	34	31	41	0	0	25	59	102	146	192	183	133	102	81	75	72	61	52	44	46	35	48	66	73	78	90	85	61	5	49	113	104	63	24	67	125	130	142	146	118	87	77	101	112	102	73	60	46	59	62	74	73	51	62	69	60	59	59	35	74	73	66	48	43	51	42	37	45	19	60	59	59	69	76	122	108	76	58	76	60	69	46	64	77	84	49	82	94	80	29	72	76	79	37	77	79	41	37	60	59	46	86	93	15	36	35	11	12	51	39	8	55	35	11	47	27	
30	30	32	34	39	42	42	39	37	39	24	29	26	19	31	11	16	42	68	101	138	183	182	150	121	95	96	101	101	111	114	102	74	79	90	89	79	41	31	14	52	83	96	66	19	31	68	115	61	77	56	65	54	74	59	85	67	63	52	57	87	102	121	113	69	99	116	107	85	75	53	97	98	108	81	75	98	74	77	80	51	85	77	76	59	54	62	61	64	61	56	51	61	26	36	53	51	32	55	75	67	42	62	66	69	45	78	68	42	56	76	74	61	96	104	25	71	62	13	22	76	53	35	69	48	41	59	40	
49	49	47	46	53	58	53	44	38	36	21	27	25	18	35	27	30	51	69	88	121	171	187	166	133	95	87	75	40	47	59	72	77	104	68	61	64	13	9	86	81	56	60	40	22	37	55	107	62	105	52	69	55	89	44	90	68	69	35	44	62	58	78	97	69	72	91	95	78	72	65	120	129	158	113	91	131	101	102	95	66	102	97	100	82	95	108	128	128	90	162	193	173	101	121	154	135	97	63	67	58	53	46	44	47	32	52	41	38	41	58	56	43	71	81	21	63	53	15	40	64	38	44	69	38	41	57	41	
61	61	44	42	46	50	43	32	20	13	14	12	12	17	27	25	52	57	71	89	110	143	167	145	138	99	84	70	52	55	42	29	33	44	77	99	66	47	55	4	59	124	53	16	63	63	80	84	65	78	98	90	64	82	68	87	70	94	51	43	58	74	56	44	65	65	77	119	144	55	71	103	127	142	104	78	132	95	115	68	54	102	77	72	48	77	73	96	85	68	114	68	47	42	85	68	78	70	80	85	102	73	61	69	67	92	80	78	61	56	64	56	57	51	54	54	62	53	55	46	62	63	58	53	48	62	70	55	
89	89	73	61	64	65	62	57	52	55	46	33	26	38	55	61	71	64	76	92	110	140	156	142	124	107	126	119	129	115	101	103	119	132	120	94	67	29	7	62	130	104	14	0	29	50	73	71	53	63	83	87	77	70	89	108	86	89	49	53	56	65	49	35	52	83	70	88	122	46	69	84	123	105	82	60	132	74	94	62	56	96	69	58	36	55	55	80	70	45	76	78	52	32	108	41	40	60	39	41	53	56	35	52	42	93	72	62	45	26	61	50	62	53	60	60	75	62	64	64	70	64	69	71	68	84	91	73	
121	121	111	91	91	91	89	86	86	88	84	76	65	60	62	97	103	94	108	111	110	128	142	144	115	100	134	108	134	130	125	115	95	70	62	95	31	3	26	84	119	61	0	0	23	50	63	52	44	50	61	73	78	49	61	86	72	87	54	44	39	46	40	34	53	69	42	50	95	27	55	61	117	63	56	44	128	48	56	38	41	73	53	44	21	43	33	22	29	43	34	78	78	68	138	45	29	67	18	20	30	60	30	61	64	79	24	14	41	16	63	41	62	46	42	47	72	49	48	58	49	40	62	84	106	132	122	91	
115	115	114	106	103	97	94	91	87	75	80	80	70	62	57	93	89	84	107	115	120	137	151	150	106	95	137	116	149	133	126	126	120	107	106	143	87	50	36	66	90	57	7	13	34	60	59	50	51	50	53	56	75	65	39	75	68	95	54	23	15	20	19	23	50	81	74	85	122	47	60	62	128	58	59	54	129	51	54	41	41	57	54	50	32	48	38	14	33	61	60	71	64	65	84	48	37	72	21	26	40	67	29	38	47	31	26	18	36	20	56	32	69	54	37	49	73	47	44	57	41	48	69	50	65	115	112	77	
116	116	112	103	101	96	91	88	85	76	70	61	54	62	74	100	87	76	97	105	123	152	170	142	103	96	147	148	161	144	128	125	119	111	116	136	94	64	59	72	101	85	37	28	39	71	65	49	50	51	49	51	61	54	49	63	66	82	52	52	42	41	32	37	74	77	85	99	128	67	64	66	121	64	68	63	107	61	59	51	47	42	48	49	48	36	41	47	64	53	12	5	16	51	39	29	38	67	27	40	67	68	27	17	68	31	34	36	60	59	68	43	65	50	37	40	50	29	31	36	30	42	61	46	68	126	121	76	
104	104	107	112	114	113	110	107	102	87	71	48	35	43	57	73	76	89	119	122	136	148	166	133	107	100	134	148	151	144	139	137	137	139	136	137	98	58	67	78	111	97	73	83	80	119	124	104	99	99	102	109	110	87	113	54	56	45	47	63	57	54	38	47	94	100	109	113	140	101	87	90	129	91	92	85	99	75	60	61	64	56	67	68	56	39	46	49	71	64	12	2	8	45	37	13	26	42	14	28	66	48	24	14	55	15	25	51	73	70	66	45	46	38	39	32	29	16	27	24	33	44	60	54	66	121	126	89	
99	99	111	100	94	102	107	106	105	98	87	72	31	55	61	79	74	77	127	144	161	168	175	163	122	122	124	131	118	117	109	105	122	107	97	84	76	48	37	58	116	102	94	88	79	91	94	88	87	90	87	90	102	82	123	99	94	64	76	72	71	67	63	73	98	103	95	110	141	71	91	78	132	64	78	70	96	58	44	44	50	54	58	58	30	27	28	29	40	43	20	16	23	41	50	45	49	46	33	38	58	53	40	34	37	32	26	28	46	43	45	36	31	33	38	51	49	38	35	27	21	29	42	50	86	130	141	133	
97	97	110	98	100	105	92	81	85	95	102	104	70	78	68	105	90	90	120	119	131	155	172	163	119	120	104	101	104	94	98	98	91	85	78	69	70	57	45	51	119	104	91	70	49	49	53	54	52	56	49	55	62	50	94	107	119	89	81	79	74	70	82	109	137	124	97	110	135	59	83	73	142	70	87	75	92	48	38	37	43	47	50	49	27	35	36	35	38	41	42	38	35	32	24	12	16	36	50	33	20	20	22	23	50	83	76	62	67	39	30	33	28	14	17	29	40	43	41	33	27	20	26	50	97	137	143	140	
99	99	107	91	99	96	71	45	39	29	39	48	43	57	49	59	46	58	71	65	85	131	164	154	112	114	116	134	138	125	128	128	123	126	122	108	75	53	42	48	114	102	88	63	39	41	47	50	51	51	46	51	56	66	132	132	108	85	88	80	78	77	81	91	103	104	88	102	126	58	78	69	123	58	72	64	74	41	39	39	43	47	47	43	21	35	40	34	31	35	28	28	36	47	50	45	31	31	39	29	23	21	16	15	39	67	59	47	54	30	14	14	21	29	43	25	38	53	49	38	36	20	16	35	79	114	119	126	
99	99	112	101	102	103	75	38	20	41	47	54	75	95	90	98	108	101	83	71	101	138	163	154	105	112	154	222	223	251	255	255	255	255	189	181	107	48	38	48	109	99	86	61	37	41	41	43	44	41	41	48	54	69	98	124	118	100	82	77	80	84	86	81	78	82	91	108	119	49	66	64	109	40	53	59	71	54	44	44	47	49	45	40	29	43	51	45	39	41	30	31	40	48	50	43	38	33	22	18	33	43	40	37	40	37	23	23	36	24	30	23	33	46	28	16	36	50	47	34	33	29	27	29	62	90	93	116	
99	99	115	105	104	108	89	51	34	81	90	92	117	107	76	122	189	144	88	70	99	146	164	150	95	100	158	242	226	255	255	255	255	233	150	180	108	55	55	70	115	102	87	53	22	26	28	37	39	32	38	46	47	53	50	110	114	105	92	92	85	80	84	88	90	82	94	106	103	37	44	50	85	23	32	47	51	46	46	46	49	46	41	33	20	29	34	37	34	29	23	27	35	41	40	30	26	38	33	9	9	41	60	53	56	47	36	38	48	43	37	14	23	50	32	20	30	35	29	24	32	41	46	34	57	84	86	114	
101	101	112	96	101	105	88	66	76	195	203	197	219	178	122	138	255	187	103	73	98	145	154	141	97	98	134	216	246	255	255	255	255	231	181	211	117	59	54	56	113	103	85	48	10	14	20	31	37	32	41	52	45	39	33	118	101	90	102	95	87	81	84	86	83	84	88	94	113	78	85	83	110	68	78	83	56	45	45	48	48	44	33	24	16	16	22	35	36	26	22	28	40	49	49	38	32	43	47	27	24	41	55	53	63	53	39	34	36	33	0	0	30	48	60	56	41	26	16	18	28	36	37	33	61	89	93	122	
96	96	116	99	107	108	100	76	102	252	255	254	248	189	126	182	255	215	109	80	92	128	151	137	95	99	129	180	221	255	255	255	243	248	181	206	114	65	65	76	120	101	82	56	25	29	39	41	38	47	65	78	75	67	60	115	109	96	94	85	80	81	90	90	85	89	89	96	113	103	103	88	91	70	70	66	43	39	45	45	44	34	23	24	40	29	25	30	36	33	48	41	44	42	23	15	37	40	36	52	57	52	55	63	59	41	32	34	27	10	9	38	66	61	60	73	28	5	11	19	18	19	34	46	70	97	108	135	
89	89	121	98	109	106	109	78	97	196	225	255	255	224	152	182	202	202	117	66	92	120	151	135	96	105	146	177	204	227	222	237	230	232	181	206	126	69	62	79	128	101	85	78	64	71	75	57	51	65	80	96	99	91	104	108	104	98	97	90	85	82	85	89	89	85	85	85	80	70	61	55	52	45	40	37	35	36	34	34	29	18	9	10	27	19	12	7	6	4	17	33	35	16	17	46	45	16	17	43	41	29	35	41	45	34	27	27	19	24	39	46	44	41	31	55	18	8	30	39	13	14	50	72	87	105	119	141	
89	89	122	99	108	109	116	82	94	140	170	216	230	169	125	162	242	213	127	80	90	110	138	123	95	99	129	169	198	216	211	222	213	214	180	205	124	69	62	79	122	97	83	88	90	100	97	80	80	90	79	85	106	107	111	112	105	96	92	90	90	91	89	88	90	88	83	74	64	52	44	37	35	37	39	36	34	32	33	30	32	34	28	18	39	41	43	42	42	44	39	37	28	27	39	33	32	45	58	62	57	43	33	41	62	47	27	25	27	45	48	43	36	34	33	38	45	47	50	54	26	14	42	68	96	120	131	145	
91	91	124	102	111	114	122	89	92	117	155	175	153	132	164	205	255	205	138	80	80	91	109	97	88	94	118	167	206	217	219	229	223	217	178	203	122	69	61	78	129	102	83	86	92	94	102	93	103	118	98	84	103	118	119	117	111	100	95	87	84	87	89	86	78	83	79	63	50	39	34	32	29	26	25	26	24	26	27	17	19	36	43	28	8	8	7	9	20	34	19	5	31	53	31	12	30	55	59	52	53	41	29	58	60	37	25	35	44	44	45	48	48	51	56	67	58	56	65	68	69	46	45	71	104	126	129	134	
93	93	126	102	109	117	127	92	96	126	160	169	147	123	132	209	233	162	136	61	75	71	73	67	78	94	120	174	204	213	217	229	227	215	178	202	122	65	57	74	134	107	84	88	95	86	89	89	106	122	109	84	91	109	109	110	107	102	95	92	86	85	89	78	64	68	64	48	36	25	20	15	10	9	11	17	27	32	30	16	6	25	37	22	23	31	37	30	29	32	19	40	51	42	34	28	46	63	49	36	42	31	17	41	41	34	42	52	45	43	40	45	42	34	37	60	34	39	62	59	68	67	63	79	111	128	119	120	
92	92	125	100	107	117	128	94	94	121	159	179	206	199	162	199	225	151	129	73	78	51	50	39	62	80	105	173	211	212	219	228	226	210	179	202	119	61	52	69	125	100	79	86	96	78	77	97	115	120	120	110	110	122	115	111	107	99	90	91	93	89	68	49	38	46	43	32	22	11	7	2	0	3	12	23	35	41	44	36	18	30	37	17	13	28	35	25	14	9	35	43	28	40	90	78	59	58	43	30	23	10	11	37	46	54	69	71	54	45	39	44	41	31	38	50	37	42	57	50	51	50	47	59	100	120	114	117	
94	94	129	102	107	119	128	92	92	129	167	169	202	221	195	193	174	148	152	46	65	39	29	27	60	89	123	186	210	210	215	223	219	203	179	204	119	63	54	69	123	103	82	90	94	79	71	100	117	110	117	126	119	109	105	106	107	103	97	84	94	90	44	15	15	31	33	26	19	11	8	6	6	13	25	36	38	28	24	29	17	26	29	9	16	23	21	12	14	25	51	38	27	36	37	35	42	46	42	22	2	0	17	50	59	59	64	65	54	49	37	37	34	27	38	50	56	51	43	44	47	52	59	61	101	119	116	120	
102	102	137	113	116	120	124	84	86	116	163	164	189	207	198	197	172	148	149	53	59	25	27	39	56	89	132	177	195	204	206	220	215	209	179	207	122	67	63	77	110	96	70	83	73	89	90	99	103	108	111	113	111	107	104	102	98	95	95	96	93	101	45	28	35	41	39	34	31	29	31	33	28	21	31	40	37	32	50	53	38	46	49	30	39	31	24	24	30	39	23	28	29	48	38	21	33	41	30	10	14	32	46	56	60	46	44	49	42	36	24	19	23	28	30	32	20	23	32	30	30	39	51	51	94	115	138	139	
102	102	133	114	120	120	126	88	88	124	171	170	192	210	203	193	161	140	151	57	60	32	54	87	94	91	100	156	199	211	216	231	224	215	187	212	123	64	59	73	119	103	78	87	82	98	96	100	102	106	107	108	108	102	102	100	98	95	95	94	100	92	34	31	44	37	41	41	36	36	41	39	38	36	26	22	31	33	28	28	21	33	40	21	25	6	5	33	38	20	13	30	39	59	43	20	33	34	17	13	34	49	48	40	34	31	48	63	58	59	50	43	47	48	48	45	39	40	39	35	36	40	49	52	97	115	135	134	
101	101	130	118	123	120	127	91	86	116	163	158	176	189	183	187	146	123	144	55	64	64	92	92	82	79	105	173	202	216	223	240	229	218	189	212	121	62	59	74	123	105	91	98	94	94	98	103	103	105	105	106	104	102	100	100	96	95	95	92	100	70	24	30	36	24	35	44	40	32	36	34	39	40	27	17	27	42	42	37	35	50	52	34	33	41	44	39	31	24	20	34	44	57	38	14	31	36	21	23	42	45	39	46	52	64	74	74	63	33	29	31	40	44	45	51	51	49	35	23	24	32	49	57	104	122	139	134	
103	103	125	119	126	120	129	96	86	111	164	168	184	198	194	187	138	115	137	50	63	95	126	101	89	84	106	181	210	223	229	242	231	219	181	205	118	59	55	72	133	115	107	108	110	99	105	104	102	98	98	97	97	96	96	96	94	92	95	91	94	54	28	36	38	28	26	25	22	22	29	35	42	48	47	42	43	47	47	38	31	38	36	25	27	43	46	26	12	10	18	34	40	55	44	35	34	34	39	36	39	38	34	42	58	72	66	61	64	74	72	76	82	81	75	58	61	62	55	56	59	60	70	74	119	136	152	142	
103	103	121	121	129	120	131	99	86	108	173	183	202	217	210	185	141	126	147	49	60	90	125	107	97	82	95	179	208	220	221	234	225	212	174	202	116	57	47	62	122	117	134	141	140	110	110	107	101	97	94	93	93	94	93	93	93	92	96	94	94	54	33	43	75	74	59	49	43	35	25	25	30	35	35	33	33	37	37	32	28	27	30	33	39	39	41	37	28	14	22	37	38	43	29	23	27	35	47	44	46	48	48	53	63	72	62	49	52	53	58	67	74	75	67	62	67	69	68	80	79	75	80	75	115	133	158	147	
101	101	118	123	133	120	132	101	84	109	177	190	203	208	199	178	147	146	165	50	52	84	131	119	101	73	90	182	210	215	214	227	218	209	170	201	117	53	39	48	100	126	186	209	189	118	110	109	103	97	94	91	93	94	93	93	91	92	96	99	102	61	37	53	125	150	144	144	135	92	34	28	45	46	38	35	43	49	44	44	34	22	22	34	32	37	35	20	12	11	15	34	38	46	32	26	40	48	46	43	50	54	51	54	84	142	166	161	158	147	151	157	157	150	139	118	112	100	90	91	78	77	84	71	107	127	156	146	
106	106	121	128	124	122	128	122	78	101	168	193	203	217	207	195	162	141	171	49	50	76	122	123	93	67	68	167	193	206	201	212	218	187	158	197	85	55	33	31	59	67	167	152	167	125	78	83	92	95	99	98	95	101	97	90	87	92	99	101	97	76	34	56	132	157	160	157	162	112	26	29	44	47	44	38	46	39	33	24	39	14	37	46	39	21	31	32	17	15	17	32	34	28	33	41	43	48	44	43	55	65	62	46	123	213	214	216	212	202	209	221	231	239	239	221	219	212	207	213	209	200	208	126	138	149	146	148	
104	104	118	124	133	139	136	117	66	100	169	198	208	221	212	188	169	152	172	47	53	78	123	129	94	65	68	172	194	192	202	206	201	188	160	188	86	45	24	57	77	39	64	43	73	44	30	63	98	97	96	100	98	97	105	109	106	99	96	99	95	75	32	58	133	146	112	124	136	121	37	40	39	36	47	72	74	86	84	46	39	49	71	102	122	45	38	24	14	7	15	35	37	33	40	47	49	52	44	38	43	43	47	53	136	223	219	220	215	211	221	235	243	247	246	222	218	211	208	213	208	206	218	125	127	144	144	152	
102	102	118	131	133	135	133	122	80	88	156	185	194	212	209	200	183	164	174	48	49	71	121	130	89	57	64	173	197	194	198	194	189	187	148	179	92	46	30	67	42	20	15	0	26	31	40	73	113	110	102	106	111	113	108	102	100	100	100	97	97	71	30	59	135	149	59	70	76	122	55	39	52	55	34	108	78	64	115	70	47	65	24	38	135	33	40	19	18	10	18	41	44	39	45	50	49	52	46	44	53	51	50	53	148	228	226	226	221	218	234	248	252	249	244	228	221	216	214	217	211	211	225	124	112	142	147	143	
100	100	111	118	108	108	102	98	71	100	161	180	185	212	219	183	154	133	157	55	50	66	119	131	84	55	60	166	207	217	186	174	179	175	140	180	93	47	29	23	0	0	0	0	8	24	55	81	109	113	117	124	120	110	101	98	101	104	102	95	92	64	22	55	130	157	35	38	38	131	65	37	27	38	40	96	37	21	60	39	47	85	33	35	131	46	59	23	22	20	27	48	50	42	45	47	46	47	41	37	44	36	32	43	153	227	230	228	223	221	239	250	249	238	233	229	225	221	223	221	216	219	231	120	108	141	144	126	
98	98	88	67	66	81	87	96	85	113	175	188	185	210	224	177	145	129	154	62	47	65	119	129	82	58	61	144	171	185	146	135	145	137	133	158	81	49	37	21	5	0	0	9	49	44	61	75	79	76	80	77	66	51	29	26	52	86	105	95	94	57	16	53	128	142	27	36	32	134	44	35	50	48	37	86	61	39	65	44	67	105	109	119	85	46	51	20	25	37	29	44	48	42	45	45	38	34	32	37	49	39	30	35	158	224	230	225	222	224	241	250	241	229	224	224	216	218	223	220	216	221	222	115	117	145	133	118	
96	96	99	92	73	68	69	85	88	116	183	200	190	207	214	165	152	145	162	61	42	58	108	114	71	51	49	124	139	145	150	158	167	168	165	155	83	47	35	58	25	6	8	20	45	35	17	15	25	26	34	34	29	31	34	57	86	100	100	95	92	51	7	45	118	137	37	40	30	136	37	29	42	41	40	71	83	56	57	36	46	28	31	22	32	38	48	34	31	26	19	35	44	43	46	48	42	42	39	45	57	44	34	38	167	227	230	223	217	229	243	248	236	221	219	222	213	216	226	223	221	224	212	106	123	143	118	105	
84	84	85	86	73	89	103	117	86	119	185	189	207	210	187	159	160	168	169	87	57	63	98	50	24	11	26	122	168	156	152	150	154	159	168	165	120	55	35	60	98	77	89	53	24	20	9	30	39	65	80	102	100	101	51	99	111	103	89	86	81	51	18	57	133	122	26	27	21	137	34	36	40	41	40	44	47	30	28	33	28	18	15	35	41	33	42	25	12	4	12	30	42	42	48	38	44	54	51	53	56	47	40	48	190	222	226	214	205	219	242	241	227	229	225	223	218	220	223	221	221	214	222	78	111	139	124	104	
83	83	91	103	98	119	132	140	86	114	188	198	206	217	197	172	165	171	168	104	60	57	78	82	132	65	11	101	155	158	153	135	112	94	79	67	39	12	34	73	127	91	127	116	86	101	108	134	111	108	86	88	84	101	41	100	100	93	92	82	78	51	23	62	140	103	19	26	27	135	33	44	52	42	36	51	57	58	76	46	64	129	134	141	85	46	45	38	35	24	18	37	48	47	48	38	31	33	36	43	49	44	40	56	199	219	223	209	201	216	240	235	224	229	226	222	220	220	220	220	219	208	211	68	105	124	119	107	
89	89	96	113	111	124	129	135	76	92	173	201	165	171	157	127	119	123	133	91	53	50	43	36	91	56	0	44	56	46	36	36	44	51	45	49	50	50	47	43	83	40	82	91	51	49	40	62	56	58	40	59	56	73	40	111	100	90	93	82	81	50	21	62	138	142	92	94	82	137	28	37	47	51	69	120	156	154	122	51	64	139	133	125	98	43	37	43	48	30	20	44	56	52	46	43	33	28	41	56	63	57	53	70	204	219	220	207	203	223	238	232	222	224	219	217	219	218	218	218	216	209	179	78	113	116	111	116	
90	90	92	108	115	120	126	132	72	81	125	145	109	131	133	120	119	119	117	79	54	49	51	1	1	21	21	28	54	56	57	57	57	55	59	50	40	28	20	17	28	1	19	34	28	30	26	56	55	54	32	54	58	75	42	114	103	90	88	80	83	50	19	65	138	161	146	151	138	145	32	39	52	52	71	123	153	140	115	61	78	131	126	144	84	38	37	40	42	25	21	43	61	55	42	43	31	18	33	53	57	49	50	88	207	221	214	204	204	228	237	230	221	219	214	215	215	215	215	214	214	214	148	85	116	121	111	115	
89	89	89	101	118	120	122	131	71	64	100	130	119	117	95	76	79	76	68	38	27	33	70	55	39	28	49	54	51	49	49	57	65	70	52	43	28	20	30	46	55	55	50	44	33	23	22	56	57	57	38	61	64	70	30	106	105	95	88	81	85	48	20	67	137	148	153	162	162	139	32	34	45	54	79	144	168	145	117	58	84	134	119	139	70	41	48	43	38	25	28	44	59	58	44	42	36	23	34	56	55	47	53	103	212	221	211	202	206	231	231	227	219	216	211	212	213	213	213	213	211	214	113	88	111	121	107	107	
76	76	81	97	119	114	113	122	61	61	41	18	32	40	52	39	41	44	57	55	55	48	73	80	73	57	89	85	81	80	70	51	31	16	21	38	58	69	66	59	60	85	102	92	37	15	31	66	58	57	35	48	47	65	29	106	103	92	88	79	86	46	18	67	138	160	168	160	166	126	34	40	52	51	71	137	158	130	105	39	81	142	133	156	62	33	40	37	34	20	38	45	61	67	51	45	33	11	18	42	39	34	48	118	215	221	208	199	207	231	227	224	219	215	211	210	210	210	209	209	207	205	86	104	102	112	109	109	
48	48	55	80	106	100	101	101	40	36	43	43	68	52	49	44	44	56	68	75	60	50	60	54	55	70	83	50	33	25	18	26	45	61	68	68	74	92	106	113	114	116	114	90	22	27	43	73	59	62	43	50	49	68	35	111	103	90	87	80	85	45	23	67	138	161	168	152	157	121	37	44	52	53	80	146	176	140	110	44	86	129	108	154	57	36	38	35	33	24	41	50	63	67	56	45	38	23	31	50	52	50	50	124	216	221	208	202	209	233	225	221	217	214	213	203	213	203	211	207	204	195	88	107	105	109	109	111	
27	27	33	58	81	73	77	71	33	28	30	31	46	38	44	37	31	52	48	60	45	22	15	15	19	34	52	44	33	48	63	71	80	90	95	101	107	110	107	100	103	110	108	85	27	36	45	80	59	64	43	41	45	66	34	110	103	90	87	82	83	40	30	63	138	172	179	163	156	118	32	40	52	54	86	145	178	139	105	41	99	136	103	161	47	45	40	33	30	29	39	57	63	58	54	43	36	24	38	51	55	59	43	133	214	217	203	205	213	235	225	216	214	214	215	196	221	196	211	202	199	169	87	92	107	103	103	114	
10	10	5	9	21	19	28	30	24	42	44	54	51	50	56	41	33	64	54	54	47	22	18	22	38	64	92	88	76	86	96	101	105	112	110	105	99	98	96	96	99	106	104	85	31	39	46	81	63	66	49	50	50	66	34	108	101	88	85	81	81	36	28	65	137	180	191	173	162	121	32	40	52	54	88	149	181	140	104	43	106	136	104	158	41	39	36	32	27	24	39	59	64	60	56	45	36	24	40	51	58	60	52	149	219	212	193	201	219	231	222	216	214	215	213	198	221	196	200	194	195	137	72	102	98	100	108	119	
43	43	44	38	49	60	63	67	71	62	64	95	73	79	91	69	54	91	80	74	100	85	80	81	92	113	135	129	114	114	114	110	107	103	104	101	99	99	100	103	98	104	104	85	31	43	50	91	75	71	54	57	52	68	34	108	100	87	83	77	80	32	26	67	133	184	198	178	164	119	32	42	52	52	90	150	179	135	99	44	114	136	108	149	37	38	36	33	29	24	36	55	61	57	53	42	30	18	33	46	55	59	55	161	220	214	195	201	224	225	219	214	213	213	210	198	215	199	195	192	195	114	71	105	93	106	104	104	
80	80	79	93	82	60	48	52	61	67	73	126	83	101	118	112	79	105	79	77	142	120	105	97	101	113	128	119	103	103	108	111	109	104	97	99	100	100	98	96	93	100	102	87	33	46	56	102	84	72	51	52	47	68	32	106	98	85	82	74	78	27	26	70	132	190	208	188	168	118	32	43	51	53	92	152	180	132	92	43	119	130	106	139	36	38	38	35	29	25	33	50	56	52	47	37	23	9	26	41	50	55	57	167	217	216	202	205	228	220	215	211	211	209	206	194	207	200	195	193	181	94	69	98	95	121	106	100	
121	121	131	146	122	58	37	45	49	61	69	135	76	101	121	102	74	119	94	66	133	115	102	93	97	106	122	118	108	105	106	108	102	98	99	98	98	97	93	90	91	98	100	87	35	48	56	106	88	71	48	51	46	68	32	106	98	84	78	72	76	23	25	71	130	190	211	193	170	118	31	43	53	51	92	154	179	129	86	41	122	127	104	130	31	34	36	33	29	22	33	50	56	52	48	35	21	6	23	40	50	55	67	184	214	209	202	207	228	215	212	211	209	210	205	194	197	199	195	186	155	74	74	100	101	127	103	104	
115	115	124	143	130	72	51	59	48	63	69	140	74	100	120	108	75	119	92	68	154	123	104	95	98	106	117	114	103	99	103	107	104	99	97	95	94	91	95	96	89	94	99	87	37	50	58	108	94	72	53	59	51	68	36	106	96	83	77	72	77	22	23	73	129	182	206	190	168	117	31	43	52	51	91	154	173	124	82	38	122	126	106	123	26	31	33	28	24	19	31	50	58	53	49	39	21	6	25	43	50	55	80	204	214	203	200	207	226	212	210	207	209	208	203	194	197	197	192	180	127	62	88	109	108	121	91	103	
120	120	115	107	87	76	46	60	50	48	52	102	67	95	115	116	67	99	71	43	132	117	117	111	111	109	110	108	100	100	100	100	100	100	100	99	97	99	100	100	68	73	91	87	49	59	58	84	92	63	56	76	68	73	47	98	82	81	68	87	95	42	30	84	118	132	152	149	145	109	42	48	53	48	84	149	144	113	80	36	117	129	114	108	26	31	30	18	15	20	19	38	50	53	53	37	19	14	32	47	45	47	100	212	226	209	205	216	220	209	215	206	199	204	201	195	222	201	198	179	109	54	98	103	97	104	98	113	
122	122	116	116	99	86	47	61	56	50	54	100	69	92	108	121	72	96	74	46	132	117	117	111	111	109	110	108	100	100	100	100	100	100	100	100	99	99	98	100	70	75	91	87	45	55	56	79	81	54	48	70	67	73	35	90	81	82	69	84	92	40	32	88	120	177	185	156	137	101	52	55	49	46	83	144	143	112	62	41	130	122	116	98	28	31	26	17	15	24	23	40	51	55	52	37	21	16	31	50	52	50	100	212	224	206	205	216	217	209	212	204	199	205	200	197	213	196	194	174	84	66	102	106	97	100	103	123	
122	122	120	121	107	94	47	58	60	51	54	95	69	87	100	105	70	94	76	43	130	119	117	111	111	109	110	108	100	100	100	100	100	102	102	100	99	97	99	100	72	77	93	87	43	51	47	60	64	43	41	62	63	68	32	90	78	79	71	81	87	37	34	91	121	182	200	189	176	116	56	45	41	53	93	144	138	114	67	43	119	98	109	80	28	30	25	15	17	29	26	42	53	54	53	36	19	13	27	47	55	52	102	216	221	203	205	216	212	207	207	201	199	201	198	202	207	195	191	164	60	81	100	109	97	99	110	128	
125	125	121	119	105	97	47	51	58	51	54	88	74	80	90	72	62	91	78	34	122	121	117	111	111	109	110	108	100	100	100	100	100	102	104	102	99	97	97	99	76	83	95	87	36	39	35	41	43	27	23	41	48	70	42	102	74	71	73	81	83	33	34	93	121	191	197	183	170	105	64	55	48	55	91	136	138	117	56	38	108	96	116	79	28	30	25	17	22	32	30	43	53	53	50	33	15	6	21	41	48	53	107	219	214	196	203	213	205	207	199	198	200	196	193	205	198	193	189	136	49	87	97	106	97	98	116	116	
127	127	125	117	99	99	50	53	55	48	51	82	77	79	86	72	64	84	79	38	120	121	117	111	111	109	110	108	100	100	100	100	100	102	105	102	99	97	97	97	78	85	95	88	32	36	30	32	39	34	30	45	60	88	46	101	77	71	73	83	82	32	34	91	118	189	197	191	182	101	63	50	35	33	65	106	116	104	51	45	93	72	72	44	23	28	27	20	24	34	30	44	52	52	45	28	10	6	23	34	39	54	117	221	213	193	203	211	200	207	194	194	199	195	190	201	190	189	184	101	56	80	88	101	99	101	119	101	
129	129	126	117	93	102	59	56	55	45	49	77	78	77	85	96	74	74	82	49	122	121	117	111	111	109	110	108	100	100	100	100	100	102	105	102	99	97	95	95	81	89	97	86	28	28	24	29	49	62	70	90	106	111	41	93	84	79	71	84	84	32	34	91	115	181	190	188	183	98	64	41	22	39	72	102	100	80	38	35	45	14	11	13	22	28	30	26	26	34	30	42	50	50	43	25	10	11	28	35	35	58	129	222	209	189	201	211	197	207	189	193	199	191	188	195	181	183	176	68	62	70	83	94	98	106	121	94	
127	127	123	122	118	107	57	56	61	48	47	72	90	74	90	85	69	73	86	41	120	119	117	111	111	109	110	109	107	105	105	104	104	104	105	100	96	92	96	97	84	95	103	94	80	89	92	82	89	86	106	109	115	108	39	95	79	78	65	78	72	32	32	94	105	175	191	186	185	90	71	50	25	22	42	51	48	37	14	13	32	9	16	10	24	32	36	31	31	38	37	39	44	47	39	24	14	14	27	34	35	44	150	216	199	194	198	200	200	196	189	193	193	187	186	196	164	176	151	63	71	83	91	84	86	106	114	94	
125	125	121	117	120	105	59	58	61	50	49	70	95	74	88	78	70	76	91	38	122	121	113	109	109	108	108	106	104	104	102	102	100	100	104	100	95	94	94	96	81	86	105	112	113	114	100	92	99	57	40	35	64	88	33	82	69	74	63	78	70	30	29	93	102	137	153	162	176	84	62	54	47	36	34	33	28	24	26	16	26	8	15	15	22	29	31	24	28	38	38	39	44	46	37	22	12	9	25	36	41	49	160	211	194	196	200	198	202	192	187	191	191	183	185	191	166	172	132	49	62	80	84	78	86	107	114	96	
127	127	121	114	120	102	62	59	61	51	49	69	100	74	86	78	72	72	94	33	109	116	111	108	108	106	106	104	102	102	101	99	99	99	100	101	99	97	96	92	95	95	101	92	63	47	29	41	73	21	0	12	48	75	46	87	76	79	61	79	72	30	31	91	100	142	148	146	160	76	58	53	54	42	30	31	37	26	16	18	36	41	55	73	29	32	31	24	31	43	40	41	44	46	36	21	11	11	27	37	44	61	169	206	191	196	200	198	200	191	186	190	188	182	183	179	165	169	117	47	68	83	79	77	89	107	110	94	
127	127	121	111	122	100	65	61	59	53	50	65	108	73	84	85	74	69	107	41	104	114	112	106	106	104	105	104	104	104	102	102	100	101	99	101	101	97	96	92	96	102	105	72	17	0	0	25	75	30	16	38	65	71	57	72	64	76	62	81	74	34	32	94	104	172	173	157	160	75	60	56	56	46	31	37	49	49	58	69	86	96	91	118	32	34	31	26	33	46	40	41	45	44	36	19	13	18	33	39	46	66	176	203	189	194	200	196	198	187	183	186	185	178	182	169	165	162	102	50	76	91	80	76	89	102	100	87	
129	129	124	112	126	100	70	64	56	55	54	64	116	73	83	68	64	59	114	43	102	117	113	109	108	108	108	106	104	104	102	102	100	100	102	101	99	96	96	94	92	101	108	73	8	0	0	32	84	40	35	49	65	70	46	14	17	56	65	78	70	32	32	96	105	167	183	179	176	76	57	53	51	63	84	98	111	114	102	117	117	119	85	115	24	29	30	23	28	40	41	40	43	45	35	16	15	21	36	39	48	74	184	199	189	194	198	193	194	184	179	185	183	175	176	166	165	150	79	46	68	91	82	75	89	97	93	84	
129	129	128	115	133	102	75	66	54	54	55	60	119	73	81	68	82	76	119	31	99	124	115	111	109	109	110	106	100	100	101	99	97	97	104	101	96	92	94	96	97	96	102	75	11	0	0	32	87	40	31	42	53	62	46	0	14	51	65	68	62	26	27	93	104	160	183	181	171	70	59	58	48	83	135	144	138	132	103	119	113	116	72	112	24	31	33	28	30	38	39	40	43	43	33	16	12	18	36	41	53	84	194	201	191	194	196	190	189	182	178	181	180	173	175	162	163	140	69	52	73	92	79	68	86	95	95	85	
130	130	136	138	144	101	73	50	45	40	40	46	97	71	87	76	91	96	112	18	97	129	126	121	116	114	116	106	89	87	87	87	88	88	93	91	88	86	86	88	98	98	85	78	31	20	14	44	89	55	33	49	72	66	51	22	27	69	67	65	53	15	14	80	103	165	173	177	175	70	59	63	52	93	148	151	137	121	102	112	105	101	74	88	24	36	36	24	23	33	28	34	45	48	38	21	13	9	25	39	52	129	204	200	190	197	195	187	182	181	179	179	178	173	173	166	159	129	62	54	91	89	75	60	82	92	90	82	
132	132	138	150	142	96	73	43	50	79	86	78	114	100	105	99	96	100	106	16	91	123	118	118	118	119	119	104	81	81	81	83	83	83	85	85	84	80	81	81	108	90	43	46	22	19	27	63	109	99	61	36	33	23	41	43	31	75	97	78	42	2	5	78	83	155	183	184	155	57	59	67	55	95	143	152	143	116	85	81	81	85	82	74	17	28	30	19	17	29	20	28	47	52	42	25	15	9	25	41	54	164	211	197	190	197	196	184	181	179	179	179	176	174	171	172	152	116	53	64	90	82	72	62	84	89	88	86	
132	132	139	148	142	113	123	117	120	116	132	120	142	123	113	100	79	82	98	18	87	129	127	120	121	119	107	100	101	101	101	99	99	99	99	97	96	90	89	89	108	70	19	50	65	77	70	54	29	14	12	16	30	32	24	56	58	52	40	64	46	23	40	91	80	106	145	147	107	35	32	35	27	66	110	120	117	97	82	86	94	86	52	15	11	23	28	22	23	35	26	28	46	57	42	23	14	12	33	42	54	165	210	197	192	197	194	182	181	177	179	179	177	174	172	171	146	86	46	75	70	77	69	70	88	92	97	93	
133	133	135	137	130	104	127	126	126	115	104	105	125	74	74	77	63	87	109	28	98	137	127	114	114	113	102	101	109	109	109	107	105	103	103	101	97	94	90	91	110	73	20	30	20	20	24	27	29	37	40	30	22	20	44	83	70	61	82	56	40	44	44	77	114	88	93	123	121	61	32	32	29	71	106	112	107	89	78	55	30	22	19	18	18	27	28	24	24	32	26	22	42	57	44	21	13	14	34	40	53	162	206	196	192	197	191	181	181	177	179	179	179	177	174	167	147	56	54	67	68	76	72	70	89	99	97	81	
135	135	133	129	124	89	108	103	95	87	47	75	114	48	62	78	74	109	125	26	85	136	131	119	112	104	97	103	119	119	117	115	113	111	109	105	101	96	92	91	98	70	19	27	22	37	42	41	39	36	31	27	29	29	33	77	97	85	91	79	44	59	54	58	87	65	56	96	94	46	39	44	28	57	74	72	64	35	17	23	28	23	20	19	29	34	33	28	27	30	30	25	47	66	53	30	18	14	31	37	56	160	201	194	194	197	187	179	180	177	179	179	179	179	177	171	139	52	69	67	80	79	77	70	89	104	94	66	
135	135	128	120	124	88	99	85	73	57	19	61	127	63	67	106	95	133	156	53	95	126	119	123	113	95	84	97	117	115	113	109	107	103	101	97	93	88	84	82	103	77	25	31	28	43	49	51	53	44	34	29	27	47	67	60	49	29	51	84	80	88	63	52	53	50	39	62	54	47	54	55	29	39	38	36	40	28	34	32	32	38	43	46	33	35	34	29	27	29	34	24	49	74	59	36	25	19	29	39	63	163	194	192	194	197	186	177	182	177	179	181	181	179	177	175	95	60	66	83	81	82	75	75	88	99	88	63	
133	133	126	115	114	77	65	58	35	58	33	71	142	80	71	71	55	91	132	49	71	72	59	100	103	92	92	93	107	109	108	105	101	97	98	93	88	82	80	77	99	66	24	35	29	30	33	33	33	33	34	37	36	36	36	31	38	18	16	66	88	64	9	27	59	58	43	50	55	74	62	59	47	50	47	52	69	50	39	43	49	56	46	35	30	31	31	31	29	29	27	14	41	62	55	38	32	37	35	41	70	152	189	192	194	194	184	179	182	180	179	182	180	184	179	166	50	58	56	87	70	74	72	75	88	92	88	68	
130	130	128	119	119	98	52	69	49	88	59	82	131	70	89	92	106	121	143	72	76	71	45	107	107	88	94	78	95	100	98	95	89	86	87	80	75	71	68	61	85	43	22	43	56	62	60	52	50	47	41	36	38	41	35	38	28	21	26	23	38	41	23	31	54	63	60	54	50	45	57	67	57	68	66	66	86	59	41	43	38	45	30	32	29	29	31	39	41	38	40	23	40	44	52	58	40	51	45	39	57	105	173	192	192	189	184	182	185	189	182	184	177	187	181	128	43	47	63	65	65	56	65	57	79	83	84	61	
132	132	130	129	111	109	81	77	63	70	61	87	139	89	81	109	159	169	149	68	72	72	55	106	121	98	91	86	86	86	86	89	94	96	87	87	89	87	79	69	112	82	59	63	55	48	52	54	52	49	40	33	31	32	29	32	29	24	29	30	67	74	39	43	86	49	41	34	29	57	72	89	79	85	76	69	85	62	34	28	34	39	22	27	25	30	37	42	42	43	44	21	33	39	59	78	72	51	41	38	39	99	183	190	192	189	186	184	185	184	184	186	174	186	180	87	48	55	51	59	58	50	62	53	74	74	77	56	
133	133	134	137	104	100	82	80	108	67	60	63	104	96	85	98	98	69	52	42	56	58	54	85	122	106	87	103	99	93	89	90	87	83	92	87	84	77	68	56	34	21	28	51	58	63	55	47	45	40	33	26	25	25	22	26	31	33	32	42	61	93	99	68	38	39	42	39	32	40	48	46	41	57	71	77	71	48	27	16	34	46	30	41	38	47	50	42	39	39	44	21	31	39	55	77	82	61	20	12	28	96	180	189	192	189	186	184	187	186	184	187	180	184	153	70	53	58	49	41	38	48	67	60	78	74	77	58	
133	133	143	119	45	66	91	66	51	53	58	62	80	80	59	39	41	36	39	54	58	60	64	73	116	118	91	106	99	100	107	110	106	100	89	77	61	43	28	17	21	21	29	38	37	42	41	36	31	27	25	23	23	22	21	24	36	42	37	36	57	92	104	92	98	90	74	61	49	33	46	41	39	30	46	61	47	35	28	23	32	45	35	47	36	47	49	36	33	41	47	27	44	49	53	62	54	65	27	33	89	137	179	189	190	189	186	186	189	191	184	189	192	181	111	70	52	46	53	34	35	51	61	55	70	61	66	54	
132	132	140	97	52	68	79	51	37	38	26	17	16	32	33	50	62	77	79	80	83	67	58	52	95	122	102	112	119	105	89	74	54	40	57	53	51	48	45	38	17	18	22	20	21	28	38	34	28	24	27	34	30	12	18	28	51	67	60	56	41	48	58	69	96	80	63	52	46	43	62	71	77	44	40	51	42	52	58	61	41	45	40	44	42	55	54	37	39	56	53	38	65	75	80	83	56	57	18	33	126	184	189	187	191	189	186	185	191	191	184	187	191	171	87	60	62	43	46	34	38	56	64	58	71	61	66	58	
130	130	144	97	65	41	19	8	1	0	15	42	51	73	83	90	70	82	87	77	55	36	31	27	71	122	111	87	53	40	36	36	32	28	52	55	56	53	44	33	4	10	13	5	9	24	28	21	11	9	17	33	41	42	42	45	63	72	60	60	47	45	22	11	35	75	82	77	64	63	55	63	83	63	50	49	42	73	96	103	57	48	45	43	66	76	70	47	49	69	72	59	78	79	73	68	49	42	36	68	157	197	179	187	189	189	186	187	191	187	186	186	181	161	80	52	84	51	33	31	32	50	65	62	71	59	64	58	
127	127	128	94	61	49	41	43	66	69	72	64	66	76	73	70	67	54	41	37	49	64	77	97	97	71	51	52	60	75	67	46	36	43	47	47	39	36	36	28	36	36	39	47	41	21	12	13	15	21	26	32	31	26	34	43	44	58	74	44	50	60	35	5	13	23	47	41	47	29	14	24	59	6	15	2	6	42	32	37	29	31	47	70	36	28	55	34	63	65	66	73	86	77	41	45	60	59	62	109	176	208	192	187	190	189	182	184	191	188	193	191	183	140	64	59	48	57	61	29	34	58	71	74	60	54	56	49	
124	124	121	82	53	61	69	63	63	63	69	68	69	66	53	52	49	46	47	59	72	75	64	46	51	69	72	66	62	51	34	28	35	40	17	29	31	29	27	21	25	24	29	38	43	32	32	35	38	41	42	39	39	39	41	47	46	47	60	84	73	83	55	25	56	61	95	45	42	59	12	13	64	68	89	51	41	53	0	2	28	73	84	83	43	26	58	51	76	98	87	74	72	63	40	49	59	61	64	77	107	131	145	163	165	175	185	187	182	184	184	186	177	110	57	64	52	62	61	42	39	52	71	76	63	52	44	42	
121	121	120	84	49	51	61	51	45	48	36	30	38	46	43	69	59	49	49	59	62	61	42	29	44	62	61	46	34	26	19	18	23	27	30	35	24	9	13	19	20	25	38	51	51	41	44	47	44	44	44	47	45	37	39	56	62	61	62	57	93	115	77	45	64	54	76	33	33	37	51	57	54	58	68	29	22	20	6	30	66	65	83	95	67	36	65	58	62	89	77	63	63	63	49	47	51	59	65	54	51	60	77	86	86	105	136	164	179	186	183	180	159	71	60	64	47	57	53	45	40	45	62	68	60	50	43	49	
119	119	105	56	30	25	32	38	45	45	48	60	65	51	37	52	62	74	84	72	47	41	29	32	46	27	21	29	23	29	25	13	10	17	38	45	34	21	31	42	46	35	27	29	46	61	62	59	63	67	72	79	79	69	73	90	94	89	91	99	87	86	103	102	68	39	42	28	36	24	82	136	95	59	84	62	51	39	35	60	102	83	85	76	65	43	75	80	66	94	80	62	57	55	44	34	38	48	59	57	47	42	44	46	46	48	62	87	112	140	160	177	138	52	67	60	46	48	48	41	48	51	48	49	52	50	54	66	
122	122	97	51	68	84	93	96	96	83	58	39	27	33	57	62	62	64	62	54	44	33	23	29	34	18	10	14	19	19	10	3	7	17	30	47	52	52	56	54	31	36	48	55	56	53	58	65	78	95	118	142	131	89	91	96	87	77	75	68	88	89	119	135	87	50	44	33	27	39	41	38	62	68	39	0	34	59	23	10	0	44	69	54	58	46	67	78	65	90	95	79	60	47	40	38	40	36	41	50	42	23	24	44	52	54	53	55	60	60	92	129	89	47	55	56	57	45	56	41	71	84	47	44	50	50	56	68	
127	127	126	106	96	78	68	64	57	57	60	64	44	27	36	39	41	38	29	24	29	31	34	15	8	44	42	11	11	11	21	35	40	42	47	54	51	51	53	45	31	34	44	53	68	80	85	99	132	154	162	157	132	94	99	105	93	88	94	82	67	93	107	93	97	62	45	58	50	91	92	68	68	45	42	0	25	65	60	31	0	30	56	51	57	53	60	75	67	92	88	83	78	66	56	50	46	35	32	42	38	26	27	30	32	40	50	54	54	53	52	72	35	53	60	55	68	41	63	36	85	111	53	49	58	52	49	57	
58	58	43	52	55	59	62	67	72	50	39	33	36	42	52	23	19	24	24	19	13	14	21	16	14	31	31	24	38	48	50	43	45	52	49	53	51	56	61	55	41	52	51	64	81	90	97	113	142	179	190	154	131	108	103	109	130	120	117	85	69	84	116	101	78	55	63	52	76	128	109	103	135	112	113	50	83	88	98	79	8	17	35	48	62	55	75	70	67	79	88	88	74	62	68	68	68	62	50	45	41	41	39	26	23	38	48	59	49	55	55	49	32	49	54	60	65	53	46	37	88	96	46	56	56	58	46	44	
36	36	41	47	66	72	62	47	41	41	31	21	16	15	15	19	11	3	3	9	16	10	6	29	47	61	66	57	48	53	55	53	54	52	44	49	51	45	53	75	68	67	48	56	70	73	98	109	109	156	185	149	140	164	176	168	191	145	105	81	92	91	88	78	88	60	88	61	65	92	83	120	170	154	132	63	123	142	57	55	57	39	37	49	58	69	74	69	69	69	93	95	78	66	74	73	73	66	47	41	49	63	63	28	16	43	63	70	44	51	57	46	35	44	48	64	69	60	39	32	66	75	43	61	56	63	53	48	
30	30	26	39	36	35	33	31	30	23	23	18	12	13	20	52	36	15	5	13	25	39	47	57	62	66	64	61	53	45	46	54	61	64	78	65	70	75	75	95	92	87	59	57	67	71	80	92	101	141	183	190	185	164	168	144	156	123	99	164	174	122	46	21	48	25	72	53	51	71	84	126	166	170	158	120	123	156	72	53	60	32	13	32	50	74	65	65	53	45	94	104	89	77	77	80	73	66	60	56	58	61	54	28	38	53	47	52	45	54	56	47	41	47	52	67	71	58	38	30	51	61	36	54	51	61	53	52	
34	34	48	64	31	12	13	17	15	23	20	10	3	3	9	31	36	44	51	54	49	47	46	42	43	46	52	58	64	67	70	76	82	89	86	73	80	77	59	59	95	103	72	56	61	76	86	121	155	174	184	176	166	157	139	118	104	104	112	160	160	101	39	30	65	41	71	46	48	53	51	98	121	98	86	107	65	85	35	4	26	31	28	51	52	70	75	85	53	56	87	88	77	65	60	67	65	60	64	61	51	39	27	23	53	56	26	29	42	54	52	48	47	51	56	69	66	48	34	40	58	58	29	47	46	56	54	54	
29	29	21	10	6	7	15	15	7	2	4	7	14	25	37	66	56	41	36	43	46	47	47	49	51	51	51	51	66	92	110	111	102	96	96	118	115	72	51	63	76	98	84	82	96	115	148	161	125	121	156	176	160	157	150	157	108	97	92	109	103	66	44	41	64	51	64	37	46	49	48	58	50	46	42	78	62	81	28	0	63	52	48	58	81	84	99	90	42	44	76	72	60	49	40	56	62	59	55	48	45	44	37	20	28	42	39	43	33	51	44	44	50	55	61	71	63	42	34	53	70	61	29	47	46	58	59	57	
34	34	22	23	55	53	25	4	4	14	20	38	61	72	71	44	39	43	49	52	52	49	46	44	46	54	66	89	124	125	130	132	121	105	87	105	81	51	59	66	74	99	107	126	132	117	91	99	107	126	162	156	128	138	138	154	119	103	70	58	80	86	89	76	89	111	121	70	33	6	17	40	18	43	58	33	13	73	84	28	64	28	30	43	83	95	108	78	52	33	58	50	39	27	21	46	53	47	46	45	43	44	44	30	26	43	50	57	43	46	37	45	56	62	68	75	65	44	39	57	58	50	25	42	43	58	59	57	
12	12	8	8	34	37	26	29	46	57	48	46	49	50	51	54	53	48	45	44	39	43	59	79	99	121	134	126	102	78	83	87	80	89	89	69	43	44	60	64	95	106	100	137	131	69	56	75	74	73	109	163	159	135	144	195	199	182	104	47	72	89	52	38	41	84	94	53	35	7	53	103	100	74	55	22	24	40	78	85	55	25	22	36	38	58	79	84	78	77	72	36	38	41	49	59	67	60	59	55	51	43	30	39	46	55	54	62	64	47	35	42	55	57	62	75	67	41	34	48	49	47	42	42	52	55	51	47	
0	0	0	12	38	58	60	58	57	54	47	55	57	55	62	33	34	34	41	65	75	92	116	126	120	112	89	65	53	41	62	64	61	93	78	55	48	50	48	55	102	104	86	143	140	55	28	33	42	54	98	170	164	145	180	255	255	255	149	15	32	51	23	16	0	74	80	28	31	10	40	49	68	21	0	0	0	0	0	62	37	10	0	15	10	41	67	99	65	97	52	28	45	43	73	84	59	52	63	49	45	58	48	42	50	58	63	66	72	47	37	45	58	56	55	78	67	39	29	43	48	52	61	46	65	54	43	38	
56	56	69	67	62	50	47	52	60	62	62	67	60	46	41	42	55	67	82	109	121	98	85	77	67	69	73	64	59	66	66	65	57	82	57	52	61	72	68	64	57	54	52	124	129	53	38	42	53	76	124	173	152	160	214	255	255	255	173	66	45	40	58	75	100	104	95	65	63	16	15	26	66	79	55	61	0	17	20	69	55	55	48	48	17	54	95	65	34	49	91	94	74	52	77	109	86	72	63	52	54	61	42	48	60	68	64	58	58	37	39	52	56	53	54	87	67	37	34	48	48	53	59	44	58	47	39	35	
62	62	55	57	62	69	74	77	77	60	52	49	52	64	76	82	100	108	105	89	66	62	64	56	53	56	61	62	65	78	60	66	50	55	44	46	56	77	83	79	26	24	36	119	125	59	48	44	44	71	120	161	133	132	199	255	255	255	163	96	67	45	33	19	96	117	161	112	69	68	21	48	77	71	80	82	28	34	40	61	72	82	69	60	45	64	85	72	43	52	98	82	72	84	86	89	82	67	61	60	69	75	51	56	70	75	68	55	51	37	42	46	45	48	56	87	60	34	37	48	43	50	60	41	52	38	34	33	
71	71	82	87	84	77	65	51	41	57	69	79	92	100	100	94	93	78	65	60	54	56	57	63	68	66	64	63	58	79	53	78	63	55	62	69	80	90	86	64	5	5	22	107	115	58	56	52	44	57	92	133	121	107	170	255	255	255	238	131	94	90	87	72	153	161	121	87	96	96	53	64	29	0	50	95	123	83	81	78	85	84	72	78	82	74	56	98	60	78	122	140	117	94	83	65	78	72	75	66	63	69	57	69	78	79	70	61	56	55	54	45	45	57	65	80	54	36	44	47	40	48	58	40	49	35	36	37	
85	85	71	51	43	44	56	67	74	91	101	96	84	71	51	59	70	68	67	70	64	57	51	52	59	57	59	68	80	113	66	94	81	69	80	86	86	86	68	34	19	21	35	111	119	64	61	59	47	34	42	76	82	74	129	158	187	214	216	199	136	72	35	58	113	152	142	134	100	51	56	50	36	16	48	111	179	212	197	111	89	92	81	81	88	82	86	96	103	114	118	122	89	68	68	103	96	42	33	56	91	100	78	80	81	77	69	64	66	70	65	54	57	70	69	68	48	44	52	46	40	50	60	42	50	37	42	44	
37	37	40	48	58	77	92	94	86	83	73	49	43	53	58	64	74	69	62	62	62	64	57	45	54	60	75	92	129	171	85	101	81	66	74	68	54	46	38	16	24	31	38	119	126	76	64	61	52	24	15	46	68	89	152	110	132	166	187	192	203	159	94	89	61	105	120	94	96	142	67	55	117	28	4	104	166	255	255	239	192	137	77	72	75	95	96	100	106	128	113	69	63	94	50	48	67	37	37	33	45	67	74	81	77	71	64	66	71	72	67	61	67	74	61	62	50	53	57	50	45	53	57	42	50	39	49	50	
68	68	86	94	84	68	66	64	46	43	46	43	53	41	46	60	72	62	57	45	54	43	55	70	104	132	143	94	121	174	63	103	89	59	47	43	36	31	27	22	46	60	49	138	135	89	79	58	34	29	42	67	24	24	54	11	35	89	121	100	108	101	113	84	63	118	113	106	126	126	66	69	110	34	44	125	201	255	255	240	205	159	107	84	91	108	98	88	118	103	19	0	0	3	56	0	30	30	41	61	62	43	76	90	83	79	76	77	73	68	67	71	76	73	65	62	56	70	47	52	46	55	44	45	49	50	53	54	
83	83	81	73	61	44	44	44	36	43	38	34	50	39	48	52	67	48	42	30	63	94	119	126	138	154	156	88	121	171	56	99	93	72	47	34	28	23	24	39	68	83	63	121	116	89	87	77	56	35	38	83	52	25	30	17	0	13	44	27	72	86	93	83	44	60	131	130	116	69	48	46	66	69	97	164	255	255	255	255	255	162	123	97	97	119	102	59	81	72	54	0	26	25	37	0	7	22	34	85	85	15	71	116	98	87	89	87	80	60	64	72	79	76	68	62	56	74	54	51	39	46	38	45	56	59	55	53	
53	53	53	48	46	43	44	46	44	44	36	33	44	31	41	38	38	38	111	125	131	113	108	116	114	137	155	92	141	179	52	92	93	80	55	34	33	32	18	24	83	73	64	127	111	80	99	93	66	53	66	102	75	28	52	0	10	0	0	47	63	13	61	49	49	139	148	201	190	244	162	123	26	69	121	255	255	255	255	249	235	148	119	108	112	96	80	63	73	90	76	48	82	83	6	0	31	38	93	128	107	84	70	114	97	89	92	85	73	60	67	77	81	75	65	62	54	74	54	53	42	51	42	47	60	61	56	46	
36	36	41	41	46	51	48	42	44	44	31	27	41	41	75	126	129	93	124	63	46	41	59	99	118	132	140	82	133	168	36	77	88	92	76	41	30	36	32	30	54	45	72	123	88	63	93	123	144	101	39	15	31	42	39	13	43	44	4	13	7	73	91	95	164	153	142	205	139	239	151	52	104	41	177	255	255	255	255	255	187	124	92	109	106	65	85	121	87	85	123	154	84	101	5	32	2	10	58	57	37	34	23	103	99	100	99	85	68	68	77	84	81	74	66	62	49	68	49	57	54	62	54	57	57	52	55	50	
39	39	42	41	43	44	34	27	34	32	44	65	85	85	131	149	122	68	124	64	42	28	34	79	114	124	137	95	122	159	27	71	91	103	99	68	29	24	44	48	45	41	43	68	89	91	127	135	120	104	84	51	63	104	98	65	89	102	54	45	30	38	94	204	255	213	162	207	203	226	222	118	111	82	175	255	255	255	210	205	148	103	99	112	124	87	119	138	129	103	164	209	127	109	39	31	0	34	20	15	11	4	26	107	111	112	101	87	77	75	81	87	81	75	73	64	48	68	51	56	55	58	50	62	57	42	47	51	
31	31	37	37	31	29	21	24	47	87	115	143	134	101	129	147	135	80	123	40	27	9	15	62	103	102	113	94	119	155	21	64	82	98	109	102	53	23	42	43	42	46	26	62	155	109	95	119	121	100	90	92	133	170	158	112	102	107	71	15	69	42	108	195	235	195	143	168	251	255	186	91	102	132	195	240	255	213	82	112	128	92	68	64	97	128	196	174	211	148	255	255	248	111	64	34	12	39	0	0	0	39	55	117	125	114	96	83	83	76	83	87	81	81	83	65	50	74	55	58	49	41	37	66	59	37	41	48	
53	53	37	57	35	64	76	129	141	126	88	127	134	73	119	128	128	79	133	41	38	32	25	46	40	32	28	27	72	69	44	20	27	52	97	125	153	104	85	77	13	16	0	39	88	55	51	96	148	111	96	60	83	145	151	161	197	217	255	255	150	137	121	75	74	95	236	184	187	182	117	105	94	146	182	169	228	194	141	137	176	110	36	29	68	86	89	141	172	214	255	255	255	255	255	104	73	15	0	0	0	0	36	125	117	106	93	82	78	80	85	78	91	80	86	90	86	94	89	80	65	55	67	79	74	58	38	29	
48	48	47	98	121	126	102	89	68	69	68	107	146	69	96	131	130	82	130	50	42	43	48	79	73	63	52	28	46	50	97	81	6	55	64	86	110	87	91	61	36	30	35	56	20	27	34	83	167	186	150	69	94	157	209	255	255	255	255	255	209	106	101	29	139	129	134	125	122	138	178	178	202	255	186	156	126	204	179	181	168	102	41	34	53	92	93	201	232	253	255	255	255	255	255	221	157	78	42	19	52	37	69	133	125	113	100	88	83	83	78	87	83	88	90	94	85	88	76	61	45	47	65	67	60	48	31	29	
69	69	78	143	123	53	45	44	50	66	84	91	154	79	104	123	117	74	112	55	44	59	70	91	106	120	109	28	6	18	0	16	5	29	0	73	57	5	26	33	0	85	137	78	0	0	0	15	140	213	195	106	166	255	255	255	255	255	255	255	255	194	143	100	88	79	91	97	83	59	68	115	159	255	173	101	156	103	98	109	153	100	78	55	57	66	87	110	163	190	249	255	255	255	255	255	255	197	113	89	134	130	106	133	125	113	98	87	80	79	75	113	92	98	85	81	70	76	63	45	39	42	57	58	49	38	25	26	
77	77	66	134	98	18	43	38	39	90	108	76	144	78	108	117	109	75	107	74	61	60	65	85	95	125	145	70	17	34	68	47	29	8	0	46	51	19	43	68	3	80	84	80	57	0	0	43	136	207	218	214	255	255	255	255	255	255	255	255	255	255	255	206	133	86	44	102	45	47	67	95	146	255	165	47	40	38	148	180	175	139	139	43	85	93	127	110	178	219	229	255	255	255	255	255	255	250	194	225	177	170	145	131	122	111	97	86	77	72	61	107	88	85	65	58	48	65	56	39	39	40	47	51	51	43	31	25	
95	95	70	137	96	16	41	53	60	93	121	92	149	76	96	109	104	75	97	87	69	43	60	90	75	88	150	118	34	8	69	65	51	18	0	0	37	78	60	131	64	50	13	36	28	0	16	89	255	255	255	255	255	255	255	255	255	255	255	255	255	255	255	247	162	126	87	100	75	58	120	163	255	235	161	102	35	72	122	120	182	124	184	198	153	136	162	173	172	161	169	238	255	255	251	255	255	242	247	255	195	192	162	136	129	114	102	92	81	72	56	76	89	62	59	57	53	71	60	31	31	37	45	52	54	51	43	35	
135	135	87	126	113	33	19	32	55	69	102	96	151	82	102	116	112	80	92	90	61	40	43	50	52	76	106	71	66	86	98	113	66	41	11	31	65	56	105	161	92	47	27	19	46	62	97	68	219	255	255	255	255	255	255	255	255	255	255	255	255	255	255	255	230	135	134	133	107	58	155	255	255	226	178	108	82	99	146	113	167	151	189	165	216	231	139	180	203	154	151	129	175	246	249	255	255	248	190	255	195	143	150	135	130	118	108	98	89	86	85	92	134	66	55	62	66	96	89	51	48	47	45	45	47	53	61	56	
148	148	108	120	113	16	6	18	43	59	84	92	144	85	100	129	118	85	94	104	67	41	13	21	35	73	66	33	30	51	23	51	29	58	20	31	65	41	64	93	135	145	171	164	115	79	77	52	150	245	255	240	255	255	255	255	255	255	255	255	255	255	255	255	255	255	118	174	217	177	230	255	255	255	200	211	154	183	119	117	218	215	255	255	255	255	178	161	181	178	166	234	219	184	255	255	255	255	255	238	150	143	139	136	122	125	116	114	95	99	109	90	194	89	56	65	69	101	101	64	54	43	50	46	47	49	77	60	
146	146	112	108	114	44	55	47	40	64	73	77	139	87	92	132	132	102	101	117	89	54	18	8	44	105	81	83	66	38	14	20	43	54	0	33	48	30	131	137	212	255	255	198	108	104	107	92	96	196	255	238	255	255	255	255	255	255	255	255	255	255	255	255	227	255	255	255	255	255	255	255	255	255	241	255	255	232	220	152	253	245	239	255	210	209	212	152	119	128	201	255	255	211	255	255	255	233	255	233	132	133	117	133	132	127	110	120	138	110	91	97	132	102	71	74	63	87	96	72	60	50	59	49	48	47	89	91	
136	136	113	101	108	56	85	78	55	48	56	57	129	92	91	130	143	111	87	104	81	60	22	13	50	66	14	51	79	61	24	18	27	29	0	13	27	152	184	255	255	255	255	255	178	25	0	13	88	208	255	204	223	236	255	255	210	221	255	255	255	255	196	163	144	158	255	255	255	255	255	255	255	255	255	255	255	255	255	255	255	255	221	217	188	129	138	212	176	207	255	255	255	255	255	255	255	255	255	203	170	142	133	130	121	126	142	132	139	178	146	108	107	82	59	63	57	71	92	88	69	42	25	16	44	48	65	76	
130	130	119	102	106	46	73	78	65	41	67	68	134	99	93	127	137	103	75	97	71	74	31	30	81	79	62	78	74	86	49	69	72	78	69	64	111	163	219	162	210	255	255	255	255	54	0	0	76	132	195	208	253	255	200	162	162	143	179	210	255	255	140	86	163	123	198	225	255	255	255	255	255	255	255	255	255	255	255	255	223	255	255	174	221	176	135	158	200	255	255	255	255	255	255	255	255	255	255	171	172	169	131	135	129	128	148	148	176	176	191	174	79	100	75	51	55	60	81	83	54	69	36	0	20	23	23	35	
123	123	119	97	119	55	63	62	54	55	97	91	143	104	90	122	128	94	73	105	70	55	35	37	88	79	47	54	98	113	127	127	148	140	169	98	111	143	159	184	220	245	255	255	231	56	15	31	152	203	228	200	209	255	219	133	131	79	83	217	192	142	114	51	156	172	183	202	178	137	166	255	255	255	255	255	255	255	255	248	178	255	255	178	161	171	163	172	227	241	255	255	255	255	255	255	255	255	255	207	179	153	131	129	139	145	148	152	186	228	146	162	130	60	81	50	63	60	73	74	44	104	63	1	19	35	35	26	
114	114	115	92	122	63	67	60	46	58	95	81	137	108	83	100	111	83	61	100	62	40	70	74	121	128	83	50	91	120	122	97	150	160	139	126	105	108	67	101	67	138	230	255	255	255	141	90	46	69	116	112	142	157	137	79	55	56	34	130	169	184	166	69	113	163	119	60	29	41	94	206	255	255	255	255	255	245	170	143	158	233	238	165	204	210	175	176	183	255	255	255	255	255	255	255	208	245	176	172	167	138	144	127	127	152	158	170	172	233	163	101	115	111	48	17	63	52	46	48	36	79	15	22	35	32	36	6	
120	120	127	90	128	64	71	65	55	50	69	46	121	113	91	120	123	95	49	101	78	93	122	110	103	86	81	47	57	96	59	67	182	239	172	126	101	106	90	147	87	95	161	225	255	255	191	208	70	59	73	63	121	124	80	59	23	117	132	99	113	123	143	141	96	240	214	116	58	89	146	179	242	255	255	255	255	218	160	144	168	210	255	255	166	155	180	237	193	255	255	255	255	255	255	255	255	212	173	179	161	151	125	126	121	145	128	184	249	173	136	133	158	96	96	65	47	39	44	54	53	68	0	15	16	4	9	2	
132	132	137	86	134	70	77	66	59	43	51	30	105	114	89	138	126	99	31	105	91	103	131	149	136	113	114	57	40	92	77	96	255	255	255	155	140	109	125	164	105	74	150	165	157	195	184	234	63	62	60	61	42	93	71	67	106	101	151	124	157	154	171	253	252	255	255	239	148	184	252	255	238	242	255	255	255	232	255	221	158	225	255	216	191	209	230	255	196	255	255	255	255	255	255	255	255	235	187	177	159	126	131	124	113	124	154	234	255	174	161	152	135	126	99	89	37	43	59	76	57	33	0	0	2	6	0	25	
124	124	133	97	131	85	93	76	55	40	27	26	84	108	85	90	93	78	35	120	95	121	169	142	110	94	60	20	47	95	73	85	232	255	255	197	151	96	78	106	100	93	117	68	86	122	167	152	70	94	66	54	106	157	95	47	58	93	130	142	199	210	240	235	255	255	255	255	255	255	255	255	255	255	255	255	255	235	255	255	255	255	255	255	206	229	251	255	190	234	255	255	255	255	255	255	255	255	205	190	165	132	121	109	111	106	157	255	255	167	143	139	134	168	115	41	82	79	81	78	76	83	52	0	45	43	0	0	
122	122	120	87	118	78	57	38	30	42	32	61	80	103	79	91	94	61	16	114	113	139	152	115	90	45	45	60	46	55	62	87	146	188	255	195	154	180	145	125	112	125	63	53	91	171	184	155	154	72	90	113	208	199	208	102	56	130	146	158	235	207	251	255	255	255	255	255	255	255	255	255	255	255	255	255	255	222	255	222	255	255	255	236	243	250	255	255	209	173	255	255	255	255	255	255	255	255	204	182	157	125	107	91	101	130	124	161	243	153	124	141	130	96	84	36	46	48	91	63	118	149	94	14	35	23	21	49	
119	119	120	100	114	68	25	29	53	59	76	115	108	108	55	87	90	55	16	88	91	112	116	75	52	32	40	32	0	3	27	64	107	104	140	208	219	181	191	211	142	91	57	72	56	113	129	101	103	104	103	125	126	166	150	77	79	71	120	157	189	213	248	219	255	255	255	255	255	255	255	255	255	255	211	212	255	224	243	255	255	255	230	184	206	255	255	255	226	244	255	255	255	255	255	255	255	229	190	174	154	140	118	104	99	115	136	141	154	185	251	221	149	119	119	34	0	10	56	85	182	255	200	102	76	60	20	45	
121	121	120	101	94	73	42	55	79	97	96	97	98	112	62	98	97	58	27	51	22	44	59	10	5	13	13	11	14	28	34	66	148	147	155	226	236	229	198	170	190	106	108	134	94	85	163	187	138	104	91	186	145	192	135	130	106	84	88	149	117	201	255	239	255	255	255	255	255	255	255	255	255	255	233	197	255	229	212	255	255	255	255	215	233	255	255	255	255	255	255	255	255	255	255	255	255	203	184	173	155	155	133	104	97	121	142	128	146	163	255	255	237	217	138	16	0	12	29	95	216	255	255	255	255	146	6	18	
118	118	118	100	89	117	104	101	86	85	79	67	95	118	55	93	82	44	44	46	0	63	93	21	11	0	0	10	0	0	0	31	145	156	216	167	193	175	195	117	110	130	120	99	71	98	155	124	176	124	88	83	110	147	74	84	155	135	57	93	77	90	160	237	255	255	255	255	255	255	255	255	255	248	254	205	255	255	245	255	255	255	255	253	255	255	255	255	255	255	255	255	255	255	255	255	224	208	195	181	156	157	135	119	112	120	159	157	170	191	154	255	167	133	121	36	14	50	28	82	232	255	255	255	255	245	60	21	
112	112	127	108	82	113	79	73	74	79	77	83	63	116	57	90	114	57	94	70	31	30	61	36	14	19	0	0	0	10	0	20	89	150	189	188	142	172	180	137	107	98	134	121	124	78	104	104	143	128	88	81	135	162	113	95	151	135	123	93	142	127	107	197	213	255	255	255	255	255	255	255	255	255	179	203	255	255	255	255	255	255	255	255	255	255	255	255	255	255	255	255	255	255	255	255	203	218	191	201	166	168	139	109	102	134	134	128	152	189	147	192	105	102	122	83	77	69	54	96	255	255	255	255	255	255	35	14	
117	117	134	97	67	95	66	74	85	67	82	73	74	118	48	54	82	39	57	91	86	60	77	67	24	20	17	8	8	36	1	25	107	141	113	164	143	144	132	161	240	128	113	131	174	118	85	97	174	171	128	104	158	227	220	163	160	162	141	107	128	127	88	125	176	255	255	255	234	255	255	255	255	255	255	190	228	255	255	255	255	255	255	255	255	255	255	255	255	255	255	255	255	255	255	233	205	207	197	221	170	132	150	111	113	122	129	132	134	151	121	106	171	128	142	129	74	35	54	94	255	255	255	255	255	255	104	18	
109	109	118	81	65	100	62	61	65	55	62	53	84	103	46	24	60	38	3	15	34	21	22	80	59	33	26	0	55	55	64	30	118	114	158	232	181	100	143	174	185	206	151	113	128	179	131	174	141	164	131	150	228	255	255	190	212	119	155	146	159	139	101	77	172	255	205	255	255	255	255	255	255	255	255	229	171	255	255	255	255	255	230	255	255	255	255	255	255	255	255	255	255	255	255	214	214	202	249	197	169	148	135	110	117	128	130	126	118	120	114	75	123	104	131	99	49	0	17	91	255	255	255	255	255	255	178	29	
145	145	116	59	60	101	55	44	47	47	39	66	102	70	41	12	39	55	47	33	38	54	38	36	50	28	0	0	46	47	71	40	132	151	116	230	184	108	125	167	231	187	170	183	171	131	137	184	147	167	179	111	175	218	169	161	198	144	159	168	195	132	207	157	150	255	255	255	255	255	255	255	255	255	255	255	189	244	255	255	255	191	234	255	255	255	255	255	255	255	255	255	255	255	255	238	220	211	255	173	167	175	134	127	129	164	148	117	121	116	111	108	65	83	103	33	41	65	88	105	255	255	255	255	255	255	255	133	
136	136	77	51	51	88	39	36	45	25	29	76	79	45	59	79	62	38	56	70	60	75	35	43	59	51	28	9	18	63	68	64	99	157	132	208	255	158	156	174	231	179	233	183	191	207	144	115	192	220	255	183	103	143	206	145	167	153	226	200	212	183	145	123	145	246	255	255	248	218	255	255	255	255	255	254	176	225	255	255	248	223	255	255	255	255	255	255	255	255	255	255	255	255	255	255	234	221	223	197	178	176	161	151	148	181	165	133	140	115	89	102	73	82	81	17	11	45	90	94	255	255	255	255	255	226	245	94	
158	158	77	51	55	88	32	19	30	20	40	72	41	63	135	119	141	105	103	92	38	52	40	60	63	79	88	18	18	13	46	56	119	184	200	174	160	184	81	91	193	202	187	184	99	156	142	129	135	168	230	230	98	80	107	96	113	159	208	175	171	215	132	91	203	255	255	255	211	191	229	243	255	255	255	255	180	220	231	255	255	255	255	255	255	255	255	255	255	255	255	255	255	255	255	237	222	201	178	194	175	180	156	160	157	157	149	139	138	155	109	104	78	85	91	68	24	33	38	70	216	178	136	146	255	255	191	104	
132	132	99	67	58	88	91	75	64	83	79	35	0	36	94	10	17	54	80	20	12	5	29	19	38	72	87	46	43	25	107	97	219	255	255	255	255	255	239	88	101	121	121	143	131	123	99	90	152	153	111	150	135	87	48	88	110	194	255	255	255	214	162	121	146	176	134	140	166	138	161	186	223	255	255	207	162	195	141	237	255	255	255	255	255	255	255	255	255	255	255	255	255	255	255	227	184	172	255	250	187	187	168	164	183	213	160	140	159	120	154	120	109	97	92	75	61	45	48	126	178	127	80	105	155	221	197	71	
