183	183	184	184	184	183	184	178	170	145	111	92	85	79	76	73	74	80	86	88	88	88	84	77	70	63	61	60	56	52	50	48	73	91	111	130	148	165	173	177	177	172	168	166	166	165	161	161	165	151	125	92	64	52	51	50	53	65	85	106	124	137	146	154	158	157	163	167	161	149	123	82	51	33	31	35	38	37	39	41	38	36	35	34	36	40	45	51	54	53	51	47	42	39	37	38	39	40	43	43	44	43	39	41	38	36	39	50	75	105	131	132	117	98	82	69	64	76	87	95	96	107	136	164	167	164	165	167	
183	183	184	185	184	182	182	178	169	140	106	89	83	79	77	76	77	84	88	88	88	87	84	78	71	64	61	57	53	48	44	41	40	43	51	65	87	114	138	152	165	163	163	164	165	166	165	163	158	141	105	65	41	33	30	32	34	37	45	56	69	88	105	122	134	147	155	161	157	139	106	59	39	33	35	40	46	47	45	44	41	38	37	36	38	41	46	51	55	57	55	51	44	43	38	38	37	40	41	42	42	44	41	37	34	36	42	61	92	129	151	154	151	140	131	122	116	108	104	98	93	99	120	152	167	166	164	163	
183	183	184	185	186	182	183	178	165	125	91	79	75	75	79	79	82	86	90	88	84	83	83	79	66	59	57	57	59	56	54	54	32	30	36	44	50	63	77	89	108	118	133	147	159	162	163	160	147	118	77	47	35	34	33	32	33	37	39	41	44	50	54	69	85	107	127	141	145	128	95	54	40	37	40	47	52	51	48	44	42	40	40	37	38	38	42	45	48	51	53	49	44	43	37	37	36	38	40	40	41	39	36	38	37	41	52	81	118	150	160	160	161	160	161	160	155	142	136	121	110	109	111	133	161	166	164	164	
185	185	184	185	186	183	185	177	158	108	83	73	71	72	76	77	81	87	89	88	85	82	81	79	71	66	62	59	58	53	51	53	47	42	41	42	45	47	49	44	50	63	82	104	125	140	151	152	133	97	59	39	34	36	38	41	42	41	40	42	43	42	41	42	46	55	81	106	126	124	101	75	57	49	47	48	49	48	45	43	41	38	38	38	38	38	37	38	40	43	47	47	43	40	35	35	38	39	39	38	37	34	30	36	42	48	68	103	140	157	156	159	158	160	161	163	164	162	160	150	142	133	124	132	152	163	164	165	
185	185	185	186	188	186	186	175	152	100	80	75	75	76	79	79	81	86	88	86	84	83	83	81	80	80	76	67	59	49	41	41	53	53	53	51	51	50	45	35	37	39	46	58	76	96	120	134	122	90	61	46	41	40	43	48	49	47	46	45	45	42	39	38	37	42	57	81	113	134	134	118	98	81	68	60	52	42	40	40	37	35	34	35	37	40	39	38	37	38	40	42	42	41	31	35	36	38	39	38	36	33	30	36	43	59	89	126	154	156	151	152	151	156	162	164	161	165	168	165	164	153	146	149	151	161	161	165	
178	178	183	185	190	190	188	171	139	96	85	84	84	82	84	85	84	85	85	84	84	84	83	79	80	81	83	79	72	63	56	53	54	54	56	59	63	63	54	46	43	44	43	37	37	55	90	125	139	127	108	86	66	51	44	45	46	46	46	45	43	42	44	38	38	41	60	96	134	154	158	153	147	136	120	102	84	69	56	45	41	36	34	34	39	44	48	46	40	37	35	35	38	43	36	36	36	37	37	38	38	38	39	46	57	85	124	146	155	157	156	157	157	159	162	164	164	164	166	166	167	164	160	156	154	148	150	163	
153	153	161	169	182	186	186	166	132	89	84	84	88	88	90	92	94	96	96	93	90	87	82	78	80	84	86	86	82	73	66	61	54	52	54	57	59	57	49	43	41	40	39	34	37	62	103	141	159	159	149	132	110	89	73	60	54	50	48	43	41	38	38	32	33	42	70	113	151	163	161	161	162	161	155	143	127	112	97	81	65	53	48	44	42	42	42	40	37	36	37	40	41	45	46	45	44	41	38	37	35	36	40	50	70	103	137	157	161	162	165	165	164	165	164	165	164	165	167	167	167	167	166	159	151	127	126	145	
112	112	122	138	156	170	178	162	132	92	90	89	92	94	97	96	100	106	103	99	94	89	81	75	77	80	83	82	80	75	69	62	49	45	46	48	48	46	40	37	38	34	32	32	41	71	120	156	167	168	166	161	154	140	123	103	88	73	61	51	45	39	37	37	39	54	92	136	163	166	161	161	163	164	166	163	158	151	143	130	114	97	81	65	54	53	46	42	37	34	37	39	43	46	56	53	47	43	40	36	33	32	39	56	87	121	147	161	164	166	167	168	168	166	166	165	164	166	166	167	166	166	166	159	143	107	99	115	
88	88	89	95	115	138	159	162	143	119	113	105	100	101	99	96	98	100	95	90	87	83	75	69	68	68	70	70	68	66	63	59	49	45	45	46	44	38	36	36	34	28	26	29	44	83	135	164	165	167	168	167	165	162	159	148	136	119	100	80	65	54	49	58	59	80	120	154	167	163	157	159	161	163	164	164	164	162	160	156	150	142	128	107	89	82	66	57	50	44	39	38	40	41	46	47	45	42	39	37	37	37	43	69	111	145	158	160	162	162	163	164	166	167	166	166	165	166	166	167	167	162	162	151	130	95	86	96	
86	86	80	79	90	108	139	167	170	161	150	134	121	110	102	95	92	89	86	82	80	75	71	69	65	61	61	59	55	56	56	57	48	44	45	47	43	36	34	34	31	26	24	33	55	97	145	166	162	164	167	167	165	165	167	166	164	157	144	126	107	95	90	103	104	115	137	156	163	161	157	157	159	160	160	160	162	163	163	162	160	160	155	145	135	126	110	98	85	69	56	48	43	41	41	43	43	44	42	43	41	42	49	83	132	163	166	162	161	163	163	163	166	167	167	166	166	167	166	168	168	165	158	139	114	88	87	91	
87	87	80	75	82	101	139	177	186	183	177	169	156	140	126	114	104	94	89	84	78	71	67	68	66	64	61	54	50	51	52	52	48	46	46	46	43	38	36	36	32	30	29	43	72	115	152	164	163	163	164	165	165	165	165	167	169	167	164	157	147	138	133	139	138	137	141	150	157	160	157	158	159	158	159	160	161	163	161	160	161	162	162	161	159	155	147	141	131	115	97	81	68	60	52	51	50	49	47	46	43	43	58	95	141	166	168	165	166	168	165	164	166	167	167	166	167	167	166	166	167	165	153	129	101	87	86	89	
84	84	81	78	84	103	144	183	191	184	182	184	182	173	165	154	141	128	112	98	85	73	65	62	66	68	65	57	53	53	53	54	53	51	48	45	38	37	36	37	35	35	37	55	89	131	158	164	167	167	165	164	163	164	164	165	166	164	165	165	162	159	157	150	143	130	125	132	145	154	158	161	162	161	161	162	162	163	161	161	162	163	164	163	161	159	160	158	156	149	140	129	115	105	88	78	68	60	53	49	44	43	69	108	148	163	161	163	168	170	167	165	166	167	167	167	167	166	166	167	166	158	141	116	95	90	89	88	
100	100	86	76	84	115	159	185	184	184	184	185	186	185	184	182	176	167	151	133	113	97	82	70	68	67	62	54	49	52	57	58	61	62	56	47	39	34	33	33	35	33	40	60	97	137	160	164	168	169	167	166	166	166	166	164	165	165	166	168	166	166	166	156	137	101	83	87	102	120	133	149	153	157	159	161	164	165	164	162	161	162	162	162	162	161	161	160	160	161	160	156	151	148	134	126	110	93	80	69	59	58	83	121	153	164	164	165	166	166	167	165	165	167	168	167	164	164	167	168	165	152	127	102	89	89	91	89	
133	133	107	81	86	128	176	188	179	186	186	185	186	186	185	185	185	182	180	170	158	142	122	101	86	74	64	52	47	49	52	55	61	62	60	52	45	40	35	32	33	31	39	60	98	140	162	166	168	169	168	168	168	168	168	166	166	166	167	167	166	165	165	160	134	78	52	52	57	73	84	102	114	128	140	149	158	162	163	162	163	163	163	163	163	164	162	160	160	161	162	160	160	160	158	155	146	138	125	112	100	89	103	131	154	165	171	169	164	165	167	166	166	167	168	166	163	166	167	167	161	144	115	93	85	89	91	92	
169	169	145	115	109	142	179	191	186	187	186	185	183	184	184	186	186	182	183	183	180	173	159	141	125	112	93	74	60	53	49	48	51	55	54	49	48	46	43	40	37	34	40	63	106	149	169	168	168	168	168	169	168	168	167	168	167	167	167	167	168	166	166	160	128	73	45	44	47	52	52	54	62	77	94	110	127	139	150	160	162	164	163	161	162	163	162	162	162	162	160	159	159	158	161	162	158	157	155	148	137	125	119	127	142	154	164	169	168	167	166	167	168	170	170	168	166	172	172	168	154	129	103	90	90	90	90	92	
187	187	177	160	158	161	171	185	191	186	187	185	184	183	185	187	185	182	184	185	186	186	180	171	164	155	140	122	104	87	70	57	50	49	48	47	48	50	48	44	41	37	40	61	105	151	170	169	167	168	168	168	168	168	168	168	168	168	168	168	168	167	166	156	122	68	41	39	41	44	42	39	41	47	55	65	77	89	109	129	140	147	148	153	159	162	162	163	164	161	160	162	161	161	161	163	161	164	164	161	155	144	117	104	110	128	144	155	160	162	164	166	167	168	170	170	169	172	173	162	139	111	92	90	92	90	90	92	
183	183	183	185	182	174	169	175	181	184	184	184	184	185	186	187	185	181	185	187	186	188	186	185	182	179	178	172	160	143	119	99	75	60	49	47	48	48	45	42	43	39	40	59	100	145	164	166	168	169	168	168	168	168	168	166	166	166	166	166	166	166	165	153	114	62	34	34	38	38	37	43	42	45	46	45	45	50	59	77	91	101	111	127	144	153	160	163	164	162	161	162	164	163	158	162	165	168	166	163	156	139	96	76	83	101	112	124	133	144	152	156	161	163	166	167	166	168	166	151	120	95	87	92	93	92	92	92	
183	183	183	181	181	183	182	176	167	177	181	183	183	182	184	187	186	183	185	184	184	186	186	186	185	186	187	190	187	180	167	155	126	100	81	70	59	51	48	44	45	39	39	58	98	143	164	167	168	169	169	169	169	169	168	166	165	167	164	164	166	164	163	150	112	62	38	34	37	37	37	47	46	47	46	42	40	40	39	42	50	58	68	85	104	120	131	140	147	153	156	160	162	164	161	163	163	166	163	159	150	125	74	60	73	91	97	99	106	116	123	130	137	143	148	153	156	160	159	143	112	92	91	94	94	96	96	94	
182	182	178	175	177	185	183	167	151	151	161	173	177	179	182	183	183	184	184	184	184	187	187	184	185	184	185	186	185	186	183	181	167	151	137	123	102	85	71	61	57	48	44	59	98	144	164	167	169	169	169	169	169	169	168	167	167	167	165	164	165	164	162	143	109	68	43	37	35	35	37	43	45	46	45	43	40	38	37	38	41	45	49	53	59	69	78	88	103	118	132	144	152	157	156	161	162	163	160	153	139	110	63	59	76	94	98	96	95	100	105	106	106	111	118	130	139	150	153	143	122	107	104	104	100	100	100	96	
174	174	170	172	180	181	175	164	154	120	125	135	148	163	173	179	179	182	184	184	183	184	184	183	183	183	183	180	180	181	178	178	180	172	168	165	156	144	128	107	84	68	57	68	105	148	168	169	169	169	169	169	169	169	168	167	168	168	165	164	164	163	162	139	103	66	44	39	40	39	37	39	41	42	40	40	41	42	44	45	44	46	44	41	39	40	43	47	57	70	86	101	119	132	145	154	157	156	152	144	129	100	63	66	84	98	100	98	96	96	96	95	96	98	103	113	123	144	154	154	147	136	128	122	120	108	106	101	
178	178	175	174	177	177	174	173	172	158	131	104	95	105	126	145	166	186	178	175	178	184	187	182	179	180	181	180	179	178	175	175	179	175	170	170	172	168	162	153	143	131	112	106	122	152	168	170	168	169	167	167	167	167	165	166	166	166	167	168	166	166	165	143	106	62	40	37	40	43	42	44	43	40	38	37	38	39	41	43	44	45	43	41	37	37	37	37	40	44	48	55	63	71	97	108	124	135	141	144	133	113	87	86	90	93	93	92	92	93	95	96	96	97	100	104	111	136	154	163	162	161	160	158	155	144	139	128	
180	180	179	177	175	174	173	174	176	178	164	140	112	90	85	95	108	124	142	163	175	180	181	179	179	182	186	185	185	182	176	173	171	171	168	169	171	173	172	169	168	164	156	149	145	150	155	159	166	169	170	170	169	168	166	165	164	166	168	171	168	166	160	138	93	51	38	37	39	42	44	47	45	41	40	39	40	42	42	43	44	44	44	41	39	36	38	39	40	42	40	43	45	47	60	64	76	94	117	138	140	130	117	109	101	98	96	94	95	96	96	97	96	94	98	104	113	143	160	165	164	166	168	169	169	165	162	159	
182	182	181	178	177	176	172	175	176	182	182	176	154	123	97	82	74	78	95	113	124	137	155	175	181	186	190	189	183	179	174	171	169	168	169	170	169	172	173	172	172	171	170	167	151	131	117	124	142	152	160	164	167	170	170	168	167	170	170	169	165	162	158	132	80	45	36	38	40	44	48	47	44	41	39	39	42	44	46	47	47	46	46	42	38	37	40	42	44	44	44	43	43	42	45	45	47	62	90	122	143	149	144	133	119	111	106	104	103	99	95	95	94	96	101	111	128	154	166	168	166	167	166	165	166	169	169	169	
183	183	182	181	179	176	176	176	175	181	177	174	175	169	147	119	93	79	78	73	70	81	107	135	142	151	167	177	179	176	174	175	170	172	174	175	174	175	172	171	171	170	165	164	148	116	80	73	83	99	118	137	151	162	166	168	168	166	165	167	167	163	157	121	73	45	37	34	43	45	46	45	43	39	38	38	41	44	49	50	50	49	46	44	41	39	39	40	44	46	47	46	43	42	40	41	42	54	82	122	151	163	160	154	145	138	135	131	125	115	107	103	100	100	108	121	144	163	169	171	171	171	168	167	169	171	169	169	
182	182	182	182	181	181	178	178	175	177	175	175	183	186	176	156	131	101	89	75	66	66	70	73	80	93	109	131	149	156	162	168	176	176	179	176	174	171	169	165	168	171	170	166	147	106	63	49	50	53	63	79	97	118	136	151	159	162	165	162	162	162	160	114	63	44	39	39	48	45	45	46	44	39	38	38	40	44	47	50	50	49	45	43	42	40	38	38	43	46	46	47	42	41	39	40	42	57	95	139	163	168	167	169	168	166	161	157	153	148	139	131	122	118	123	136	158	171	174	172	172	172	170	170	172	169	170	170	
182	182	184	185	184	183	181	180	178	179	184	187	184	179	175	174	169	142	114	85	72	68	66	58	60	66	71	80	89	98	110	125	147	158	168	171	171	169	167	166	165	168	171	167	147	104	57	42	41	43	48	52	57	68	77	97	113	126	136	143	148	156	162	114	67	42	41	44	48	45	45	45	44	41	40	40	40	42	46	51	50	47	44	42	41	41	40	41	45	45	46	45	41	38	41	43	47	69	115	154	167	167	164	170	173	171	169	167	169	170	166	161	157	152	148	145	152	160	164	168	170	173	171	168	170	166	168	169	
184	184	185	186	186	185	185	184	184	185	186	187	183	177	174	177	179	174	152	119	90	73	68	72	67	65	67	61	50	44	49	62	79	96	122	143	156	164	165	166	169	169	171	169	151	108	62	46	43	45	47	48	49	49	54	53	55	62	76	99	126	145	153	130	93	65	57	56	52	49	47	45	44	40	39	38	40	42	47	51	49	45	41	40	41	41	39	42	46	47	48	45	39	37	37	43	58	89	131	159	170	169	166	169	171	171	171	172	173	171	170	173	172	167	152	132	124	129	135	140	147	156	161	162	166	167	169	169	
181	181	184	183	183	185	185	187	186	187	177	175	183	192	192	183	179	181	177	161	128	94	71	61	66	74	71	57	40	30	30	39	35	44	60	79	106	130	151	158	158	163	169	165	147	108	63	46	45	45	47	51	54	54	50	41	38	41	46	64	93	125	145	149	132	105	90	80	70	63	53	49	46	41	38	38	41	44	49	54	51	45	41	39	41	42	39	42	45	48	49	46	41	36	39	49	71	106	147	165	169	168	170	171	170	171	171	170	169	169	170	172	171	164	146	119	100	103	107	110	113	121	129	136	145	154	159	163	
179	179	181	181	182	181	180	180	181	181	182	182	181	179	178	180	181	179	171	168	161	141	107	70	67	77	73	54	34	30	38	50	37	37	39	42	45	53	66	83	122	139	153	160	155	125	87	61	46	42	41	44	49	56	59	47	46	49	46	40	46	83	126	152	155	155	150	143	129	114	102	79	70	61	51	42	37	37	42	51	49	44	42	43	45	48	52	53	49	46	43	38	36	36	38	59	91	126	152	162	166	172	171	171	172	171	171	171	170	172	171	168	167	155	129	108	100	100	100	100	100	98	98	101	104	114	124	134	
184	184	184	184	184	185	186	185	186	185	186	185	185	183	181	180	181	183	178	177	176	167	145	121	93	79	67	52	49	48	44	37	40	42	42	43	43	44	46	53	63	77	99	125	146	143	123	96	70	59	51	48	46	49	50	51	53	54	48	45	51	79	119	152	159	163	164	163	160	154	148	131	117	101	87	75	69	65	59	55	51	47	44	40	42	46	49	48	48	47	47	43	43	42	42	65	101	138	157	162	168	174	171	170	171	171	172	172	171	171	169	167	162	144	118	102	97	98	99	100	102	101	99	99	99	99	103	107	
187	187	185	183	181	184	186	186	186	185	183	184	185	184	182	180	180	183	180	181	184	184	175	160	129	101	76	56	55	57	51	38	42	45	46	49	49	45	44	44	38	42	54	80	117	146	153	137	115	91	69	56	50	49	51	55	55	53	45	41	48	76	123	158	168	169	168	168	166	163	163	168	162	154	146	137	126	115	96	76	69	62	54	47	45	48	46	44	43	46	46	46	46	46	44	67	113	155	168	167	169	172	169	169	171	171	172	172	171	171	169	166	155	132	110	101	97	97	98	100	102	102	101	99	98	93	94	95	
185	185	184	184	181	182	182	184	184	185	184	182	182	183	183	185	182	178	175	176	179	181	178	171	156	134	101	69	52	49	48	47	44	45	47	49	49	47	42	41	38	35	40	61	102	147	168	164	152	136	119	103	89	78	70	62	54	49	43	40	47	74	124	159	168	170	168	168	167	167	168	173	172	172	170	168	165	158	143	126	116	107	92	74	65	57	52	50	48	47	47	46	45	45	49	76	125	164	172	168	168	169	170	169	171	171	171	171	170	171	170	161	144	121	107	103	97	98	99	99	102	102	102	101	100	96	95	95	
187	187	187	186	183	184	183	183	183	184	185	185	185	185	185	186	185	179	176	175	175	176	175	172	170	154	129	100	75	55	49	48	45	45	47	48	48	43	41	40	43	36	38	59	102	149	172	171	168	165	161	153	143	133	122	105	88	76	64	61	67	88	129	162	169	170	168	167	169	168	167	167	167	168	167	168	171	168	167	165	161	156	142	126	111	97	82	74	67	57	52	45	42	42	61	94	142	167	169	164	165	167	169	169	170	171	171	171	171	170	168	156	135	113	103	101	99	99	100	99	100	102	102	101	101	101	99	97	
187	187	186	188	185	184	182	183	184	183	183	185	185	185	184	184	185	184	182	181	180	180	179	177	167	156	147	134	114	86	63	51	45	46	48	51	50	46	40	40	48	37	37	59	104	150	168	169	169	171	173	172	171	171	167	160	147	133	120	112	111	121	146	159	164	166	165	169	170	169	170	165	164	167	167	166	167	166	168	171	172	171	167	163	156	146	134	123	109	94	80	67	57	54	82	117	155	170	166	162	167	170	169	169	170	171	172	172	171	170	165	152	128	107	99	98	99	99	99	99	102	102	101	101	101	107	106	104	
184	184	184	185	185	184	185	183	183	179	179	179	181	182	183	183	181	177	179	181	181	179	177	173	160	149	144	145	137	120	94	71	46	45	49	50	51	46	42	37	40	31	32	58	106	150	166	168	171	171	173	173	172	173	171	174	172	168	162	156	149	144	138	148	155	160	162	167	167	166	168	169	167	166	166	166	166	168	168	166	167	167	169	171	168	167	169	165	155	143	131	118	102	96	116	139	158	162	159	161	169	174	168	170	171	172	172	172	171	170	164	145	118	103	98	97	100	99	99	100	102	102	101	102	102	106	109	108	
184	184	184	183	184	185	187	184	183	179	178	180	184	186	187	185	174	159	165	176	174	170	167	165	155	145	140	140	142	137	122	103	62	54	48	49	52	52	44	38	35	30	34	62	107	150	170	173	172	171	170	170	169	168	169	170	168	166	168	166	162	148	120	106	113	124	136	148	157	162	166	169	168	168	170	169	169	169	167	163	164	166	169	169	167	169	170	172	170	169	165	159	150	142	146	152	150	146	146	153	168	175	168	169	171	172	172	171	172	172	162	137	110	100	101	99	99	102	102	101	102	102	102	103	105	105	107	107	
184	184	181	181	183	188	193	190	191	191	190	195	201	203	201	196	178	147	148	166	166	161	157	157	149	143	142	141	140	140	137	133	108	86	62	51	52	53	45	37	36	38	49	73	110	150	172	174	172	172	172	172	172	171	171	171	169	169	171	170	164	147	104	61	60	69	83	99	113	127	139	150	156	158	162	166	167	166	168	167	167	170	171	170	169	166	167	168	167	166	167	166	161	154	151	138	124	115	112	123	144	154	158	161	165	170	171	172	174	172	160	130	107	106	108	106	103	105	104	103	102	102	103	104	101	105	105	105	
185	185	188	190	191	196	199	199	201	210	206	203	202	201	201	203	191	161	136	133	142	147	150	146	143	141	141	141	138	137	134	134	127	115	96	73	55	45	40	38	38	39	49	73	110	148	166	169	172	172	173	173	172	172	172	170	169	170	170	170	165	146	100	60	56	59	59	59	62	72	81	97	107	122	136	149	154	158	161	163	166	168	168	170	172	170	167	167	167	167	168	168	165	161	144	116	81	67	67	76	101	123	134	138	144	150	154	159	161	163	154	131	111	107	110	109	104	105	103	101	100	97	98	97	96	104	104	103	
203	203	205	207	204	202	201	196	193	198	194	198	207	210	204	194	185	185	166	124	110	116	128	133	133	135	135	137	139	137	134	131	132	132	127	108	83	60	45	39	39	39	48	71	111	150	166	167	171	171	172	172	171	171	171	171	169	170	170	170	164	142	94	55	52	52	53	52	49	48	51	55	62	72	88	103	114	123	132	142	149	156	160	166	170	170	168	168	168	168	169	168	169	166	147	110	60	43	49	61	85	105	109	111	114	118	125	132	142	147	147	134	120	115	116	115	111	110	108	105	100	99	97	94	93	102	102	102	
197	197	192	189	185	190	198	200	198	194	189	189	192	196	196	191	190	197	186	156	119	99	103	115	124	128	130	134	136	135	134	132	132	133	133	129	116	95	67	48	43	37	42	66	109	153	169	170	170	170	171	171	170	169	169	169	168	170	171	171	163	140	94	55	48	46	48	50	53	52	52	50	50	51	56	62	65	73	84	96	108	121	133	141	149	154	163	167	168	168	169	168	171	171	152	112	64	46	50	67	89	102	101	103	104	106	108	110	114	126	138	145	146	144	140	135	130	126	120	114	108	104	101	99	99	101	101	101	
206	206	203	195	188	186	193	196	195	194	195	196	196	198	198	195	194	202	195	183	151	107	92	100	110	117	122	127	130	133	133	136	137	129	123	126	132	124	98	78	57	44	38	58	106	153	173	171	170	170	170	170	169	168	168	169	168	167	170	172	160	136	95	52	45	43	43	45	50	56	59	53	52	48	50	48	47	50	56	61	65	73	82	90	102	113	131	141	150	157	162	164	166	167	149	107	64	49	51	67	92	100	101	101	102	104	103	103	105	115	134	156	169	169	165	161	160	154	145	138	131	123	118	115	111	105	104	104	
214	214	211	211	208	201	203	203	198	192	196	204	206	200	196	192	192	199	199	195	169	121	97	97	97	100	109	117	122	126	129	131	137	127	117	120	130	132	122	112	88	65	48	58	104	153	173	171	171	171	170	170	169	170	168	170	170	168	169	170	158	134	94	57	50	44	45	46	49	55	57	57	55	51	50	48	46	47	50	51	50	49	50	53	60	66	79	90	102	115	128	137	147	154	143	107	69	55	56	68	89	100	105	105	104	103	102	102	102	111	131	158	177	176	173	173	175	172	167	164	160	154	148	142	135	122	121	118	
211	211	208	217	221	215	209	202	193	191	196	201	202	194	190	191	193	193	198	199	172	123	100	101	98	95	97	102	111	119	124	125	126	125	127	128	127	128	126	124	118	89	61	66	107	153	171	170	170	170	170	170	169	169	170	169	170	169	168	171	160	136	98	66	58	49	45	44	48	48	51	49	52	49	48	50	50	52	52	48	47	46	44	45	47	50	49	52	60	70	81	91	106	116	133	124	103	89	82	85	99	108	111	110	108	105	103	103	103	109	125	153	174	173	170	171	175	176	174	173	173	170	168	165	160	156	152	147	
207	207	203	215	218	210	210	209	200	195	196	199	205	202	195	190	186	188	197	199	171	125	106	105	105	101	94	90	94	107	118	124	118	123	130	132	128	127	124	123	122	109	92	95	122	153	166	165	168	169	171	173	173	170	170	171	169	164	165	171	165	145	102	59	53	48	45	46	50	48	49	45	47	49	51	55	55	55	54	51	50	48	47	48	52	55	52	53	56	58	59	61	68	75	118	142	147	138	130	127	129	131	126	120	116	110	106	104	105	111	124	150	169	172	171	171	173	176	176	176	176	174	174	174	173	173	170	169	
207	207	200	209	211	201	208	215	207	199	198	197	202	205	196	189	185	187	193	195	169	127	111	110	111	107	101	94	90	94	105	113	120	122	122	121	121	125	125	125	121	120	117	120	132	147	159	162	164	166	168	170	172	170	168	175	171	163	166	173	170	145	95	50	47	44	45	49	51	50	50	46	47	49	53	59	61	63	60	58	54	53	52	54	56	58	58	59	60	59	57	54	55	63	112	148	165	164	165	164	161	156	150	143	135	127	119	114	113	119	132	150	165	171	174	174	172	174	176	177	176	176	176	174	173	173	173	173	
205	205	196	201	206	199	201	208	200	195	196	198	203	200	196	194	190	189	195	189	159	123	111	112	113	113	110	105	99	93	94	96	113	114	116	116	117	120	123	126	126	125	124	123	124	130	145	152	149	150	153	160	167	166	165	175	177	169	170	176	172	143	93	53	48	49	50	52	54	55	55	50	51	53	57	61	65	68	67	61	59	56	53	52	52	55	54	56	58	57	53	51	55	63	114	150	166	168	173	174	171	168	170	166	161	154	146	140	137	142	150	156	164	169	175	176	174	173	172	172	173	174	173	173	173	174	173	173	
203	203	193	197	203	196	199	201	194	194	201	204	204	195	188	192	194	191	196	184	148	119	114	113	114	114	112	110	106	101	95	93	93	100	109	118	120	119	118	118	122	124	126	124	121	121	126	125	117	112	112	123	138	151	159	165	168	168	169	174	170	144	100	58	50	50	51	53	55	57	56	54	52	54	55	58	62	67	68	62	59	54	53	51	50	50	51	55	57	53	50	48	52	62	114	151	168	166	168	170	172	172	175	175	174	172	169	165	162	161	161	163	163	164	168	171	171	173	173	172	173	174	174	174	174	176	176	175	
206	206	196	197	205	201	203	205	198	194	204	206	201	190	183	190	195	192	192	175	139	116	114	115	111	110	109	109	109	106	100	96	86	89	99	106	113	117	116	113	116	122	121	120	120	121	122	119	112	95	77	73	82	101	119	126	132	145	156	165	168	152	120	67	53	51	54	56	58	58	56	55	52	51	50	51	54	58	60	59	57	54	52	50	48	48	50	54	55	51	47	46	53	65	118	152	167	166	169	172	174	174	173	173	175	176	175	174	173	171	167	158	147	141	144	151	159	165	166	171	176	177	177	175	176	175	175	174	
207	207	198	200	207	204	206	210	203	192	200	200	199	191	186	191	192	189	184	163	129	112	114	116	110	108	109	108	107	107	104	100	94	95	94	92	94	103	113	118	110	112	114	115	117	118	119	122	122	108	93	80	70	63	60	71	83	96	110	125	139	140	130	87	71	64	63	62	61	58	56	53	50	47	45	47	50	53	57	56	55	52	50	50	49	51	53	55	54	51	46	49	57	72	122	154	167	169	174	176	175	172	172	173	173	175	176	177	177	175	170	152	133	123	124	125	129	137	143	148	154	160	165	168	174	171	172	175	
203	203	196	198	206	203	207	206	202	194	197	195	196	195	190	188	187	188	181	155	120	109	114	114	110	109	109	109	107	106	105	104	103	101	95	89	83	86	97	108	107	109	112	114	115	115	117	118	119	119	120	116	97	68	44	51	59	62	66	74	87	103	112	114	111	103	91	81	74	67	62	59	53	48	46	48	50	53	57	56	53	53	52	52	53	55	57	58	56	52	48	51	62	75	119	151	166	169	175	178	176	173	173	173	173	174	176	176	176	174	169	148	123	115	115	115	115	117	118	121	125	127	132	141	150	156	161	172	
201	201	195	198	204	202	204	206	202	197	195	187	187	190	189	187	187	191	181	156	125	112	111	111	114	113	110	108	108	106	104	103	110	102	95	95	91	83	81	86	107	110	112	112	112	112	113	115	117	117	115	113	107	95	88	67	56	57	52	48	51	67	86	134	149	152	136	122	111	98	87	77	68	59	52	50	50	53	55	56	53	53	52	55	57	60	60	60	57	51	48	51	61	74	122	152	167	169	176	177	173	171	175	175	176	177	177	179	177	174	166	146	121	111	113	112	112	109	107	108	109	106	106	111	120	131	139	155	
191	191	191	190	190	193	194	197	198	180	177	177	173	175	176	182	186	180	173	151	124	110	109	113	115	111	109	108	106	104	109	114	105	106	105	104	101	88	80	75	81	90	103	110	110	111	114	116	119	117	117	116	113	112	114	98	85	70	57	44	41	51	60	116	153	167	158	156	154	147	143	130	117	102	89	79	72	66	61	54	53	50	50	50	51	53	58	61	60	58	56	58	62	70	118	154	166	168	173	174	172	172	175	175	177	177	176	176	175	172	163	143	123	112	110	109	109	109	111	112	110	107	105	106	110	112	120	122	
192	192	191	184	176	176	168	150	138	119	118	110	107	124	140	160	171	170	159	130	114	114	110	109	110	107	108	113	112	104	104	110	102	101	100	103	100	94	91	81	78	81	92	100	105	111	113	112	113	112	113	115	115	116	117	111	101	87	71	56	48	47	48	95	138	165	166	167	166	166	166	161	155	147	136	126	115	104	91	78	71	63	59	57	55	54	58	58	59	59	58	58	58	60	105	141	164	171	173	173	173	177	174	176	176	176	176	174	174	171	162	143	124	116	113	112	112	111	114	114	112	109	108	107	111	112	117	115	
176	176	164	138	115	103	96	92	96	105	111	116	128	140	131	126	126	125	117	101	104	110	105	108	110	107	112	118	116	108	103	102	108	103	102	108	105	103	101	90	83	80	81	85	92	101	107	109	108	110	111	113	115	115	116	116	114	105	92	79	65	53	46	81	121	157	168	168	169	173	174	170	172	169	164	162	157	148	139	131	119	105	92	81	70	61	59	59	60	60	60	58	57	57	86	125	158	172	176	175	173	173	173	174	175	175	175	174	174	172	162	144	125	116	115	114	114	114	113	113	112	109	108	111	112	118	120	117	
92	92	93	93	98	102	106	122	141	149	155	156	151	139	129	126	115	104	89	83	93	102	104	108	110	107	110	117	120	113	107	103	113	105	102	107	108	106	101	92	83	81	83	82	80	84	98	107	107	108	109	111	112	113	113	116	117	115	112	102	88	71	61	66	102	146	166	170	168	170	170	172	172	170	167	169	171	169	168	166	159	151	142	129	115	101	85	76	71	67	66	62	61	57	76	114	157	173	176	179	175	171	175	176	174	175	175	176	174	174	168	148	129	117	114	114	114	115	114	114	113	112	112	114	118	119	120	117	
116	116	129	147	157	161	160	160	162	157	149	149	148	132	119	125	127	118	101	85	81	87	99	107	109	104	101	110	120	118	111	110	113	104	97	102	109	105	97	96	87	86	88	86	79	76	85	98	106	106	108	110	113	115	115	113	116	120	121	116	107	93	84	73	102	140	161	162	162	164	163	168	167	166	167	170	169	169	170	168	166	166	166	164	157	150	141	127	114	99	89	82	75	72	72	105	151	172	175	176	174	174	175	175	176	177	177	177	176	176	174	156	133	119	114	114	114	114	115	114	112	115	116	119	122	121	121	119	
158	158	157	153	153	150	149	147	148	146	149	145	146	149	141	136	128	116	107	92	84	82	84	93	101	105	107	107	113	120	116	109	107	105	102	103	112	107	96	103	99	94	92	91	89	85	87	97	108	109	110	113	115	116	116	112	113	119	120	118	114	110	106	96	115	143	156	155	158	161	163	162	162	163	166	168	166	166	165	163	164	164	167	167	168	167	167	166	160	155	145	131	114	103	96	110	145	168	175	175	170	175	175	175	177	178	178	178	177	178	175	162	137	120	115	115	114	115	113	112	113	114	117	119	122	125	125	125	
148	148	142	141	146	145	141	140	146	146	147	150	150	148	138	135	125	98	85	83	92	92	84	77	86	100	106	104	106	116	113	103	105	106	110	104	106	102	100	104	107	103	96	93	93	94	96	100	108	108	111	113	113	114	115	115	115	114	114	115	117	118	118	107	116	133	144	148	147	151	158	162	161	164	165	165	166	166	166	167	168	168	168	168	168	168	171	171	169	167	164	164	162	159	142	141	151	158	166	173	170	173	172	173	176	178	178	178	178	177	176	164	143	124	116	114	114	115	114	113	116	118	118	118	119	124	124	127	
141	141	140	141	139	139	145	146	145	143	140	144	136	127	122	118	103	77	61	66	77	85	92	85	80	83	91	96	102	101	99	103	110	112	115	100	92	99	105	110	99	104	99	94	94	96	95	97	102	106	109	110	109	109	110	117	117	113	111	111	113	118	120	124	117	115	118	121	124	132	145	154	158	161	163	166	166	167	168	173	171	169	167	165	165	165	168	169	170	171	170	171	170	169	167	167	164	145	142	154	158	166	168	171	174	176	176	177	177	179	180	170	150	129	117	114	115	115	115	116	120	122	121	120	118	123	123	127	
145	145	147	151	151	148	147	147	152	167	154	146	141	136	137	121	98	69	55	56	65	74	85	92	87	78	78	86	98	102	98	96	105	107	110	103	108	112	108	110	109	100	100	103	95	90	101	106	107	108	111	111	111	110	110	114	115	114	113	114	112	113	115	113	115	119	120	112	100	90	86	99	111	128	144	155	158	157	158	163	166	169	169	168	166	165	167	167	166	167	168	170	171	171	166	168	163	143	125	121	128	134	143	148	157	163	167	170	172	173	175	174	162	143	125	116	112	116	118	119	120	120	118	120	119	122	123	124	
151	151	156	159	161	161	157	157	160	161	159	162	158	144	144	136	115	80	61	59	62	58	63	78	89	91	91	86	84	88	94	102	104	113	115	100	99	107	101	102	107	102	107	112	106	95	98	102	104	105	107	107	107	107	108	111	111	111	112	112	113	115	115	110	112	118	118	114	105	97	88	70	66	68	79	98	118	132	139	146	155	160	163	166	169	170	172	172	171	170	170	168	168	168	167	168	161	145	124	114	116	119	121	125	130	134	140	144	149	155	161	166	165	154	137	127	122	121	122	122	123	123	120	119	116	120	121	122	
158	158	159	160	161	161	159	158	161	159	168	177	167	147	141	140	128	103	82	73	65	56	57	61	74	87	95	93	83	79	84	98	108	115	115	100	100	104	98	99	105	96	99	108	106	97	96	98	102	102	103	104	104	106	108	108	109	110	111	112	113	114	114	107	108	111	115	115	115	111	104	86	75	58	51	53	64	76	88	100	116	128	135	149	160	164	166	168	169	169	169	166	165	165	171	169	166	154	132	114	110	112	119	119	118	120	120	122	122	130	138	146	155	156	151	146	143	134	133	132	128	126	125	125	120	124	123	123	
164	164	163	162	165	167	168	169	173	179	183	185	173	155	145	133	111	90	85	85	76	65	59	56	62	69	76	86	93	93	89	85	91	102	111	105	102	105	103	105	105	97	97	107	108	96	92	96	101	102	102	103	104	106	106	107	107	107	110	111	111	112	112	111	111	110	111	114	118	120	120	117	102	84	68	55	46	40	46	58	66	73	82	98	117	129	137	143	151	158	163	164	168	170	170	169	170	163	141	122	114	114	113	116	117	118	117	115	114	117	122	126	137	147	157	164	166	163	163	160	152	146	143	138	135	131	130	132	
175	175	174	173	176	184	189	192	196	200	195	188	180	176	165	133	94	69	64	79	87	78	66	62	57	56	62	69	84	95	94	86	85	84	87	97	105	104	103	108	105	105	109	113	110	96	89	95	99	101	102	103	104	104	104	103	102	104	107	109	110	109	110	118	116	114	112	114	117	119	122	127	117	106	97	83	66	49	42	44	44	45	50	59	71	78	82	90	104	120	134	146	155	161	165	166	172	172	155	137	126	121	113	114	116	119	118	116	113	115	118	120	124	135	152	172	185	185	186	186	182	176	173	169	164	159	157	156	
194	194	196	192	191	200	205	203	202	197	193	187	187	194	187	152	101	68	63	64	69	79	83	79	65	59	56	58	66	75	81	87	95	87	74	77	89	97	100	104	107	106	106	113	107	92	86	95	95	97	100	101	102	102	103	101	102	103	106	108	110	110	111	116	116	116	116	118	118	117	117	121	119	119	117	110	98	82	64	52	49	48	49	51	53	56	54	56	62	70	83	97	111	119	126	135	153	164	163	154	145	137	125	122	120	120	121	118	115	116	118	121	123	127	145	169	189	191	190	191	189	190	190	190	187	187	185	181	
207	207	206	198	197	205	212	210	202	194	196	194	194	199	193	168	119	82	74	67	64	68	76	88	87	77	66	59	59	60	65	74	84	90	84	78	79	85	93	100	108	105	104	108	101	86	84	96	94	95	98	100	101	103	105	106	106	107	107	107	109	111	112	110	113	115	117	118	117	116	115	112	117	119	122	120	114	108	89	69	63	56	52	54	55	56	51	49	52	56	59	61	63	65	75	92	119	139	148	154	158	156	143	137	130	128	127	125	122	120	120	120	121	126	140	164	185	188	187	188	187	187	187	189	189	190	189	191	
208	208	204	199	199	207	214	209	203	201	203	197	195	194	192	171	128	100	93	83	74	70	69	75	85	89	84	74	63	56	58	60	67	76	84	94	93	81	82	92	105	107	109	110	100	85	86	96	90	94	98	101	103	103	103	106	107	106	107	107	109	109	112	109	110	114	114	115	114	116	115	120	119	117	118	118	116	113	105	93	84	73	65	60	58	56	52	51	52	53	53	54	55	55	55	76	105	120	126	139	160	171	162	157	153	148	146	141	135	131	128	125	125	130	140	157	178	184	185	186	186	185	186	186	187	186	188	189	
206	206	202	201	199	205	209	201	196	202	202	191	186	180	184	166	125	108	104	99	92	81	71	64	68	78	87	89	81	69	58	54	57	62	70	80	89	87	81	77	86	100	110	105	98	84	84	90	86	91	96	99	101	100	97	100	101	104	108	109	109	109	111	111	111	111	108	109	110	112	115	117	116	116	117	117	116	118	118	116	110	100	88	75	65	56	53	53	53	57	58	59	60	60	54	74	103	115	115	122	153	178	173	172	173	173	169	164	160	155	151	148	146	146	147	156	172	186	191	191	188	189	189	188	190	190	189	189	
212	212	210	205	197	202	208	205	202	194	198	190	181	169	167	151	118	110	108	107	102	94	84	74	73	72	72	80	87	87	75	63	57	55	55	60	70	83	89	86	81	87	94	93	89	80	80	89	93	91	90	91	92	96	100	101	102	103	106	108	108	107	108	107	108	109	109	111	111	113	113	113	115	117	119	119	120	121	120	118	119	117	111	100	89	79	61	55	54	54	55	57	60	61	63	75	98	114	112	113	138	162	175	176	177	177	177	176	175	174	173	172	172	170	165	166	174	184	187	186	186	189	190	187	192	190	189	189	
201	201	204	196	188	194	200	194	194	183	190	185	180	164	157	140	109	102	104	109	109	106	100	92	84	77	70	68	74	85	87	82	70	58	49	50	52	62	78	85	84	82	81	78	80	83	80	82	85	86	87	91	92	94	95	97	98	100	104	106	105	104	104	104	107	109	111	113	114	115	116	115	116	117	118	119	119	121	122	125	125	122	120	116	111	109	89	75	64	55	50	53	59	65	65	74	94	112	112	111	125	146	172	178	177	179	180	179	179	180	181	185	187	186	183	182	184	180	176	171	172	177	181	182	187	186	187	188	
197	197	198	191	182	191	197	189	188	184	190	182	180	166	158	136	106	94	95	105	111	110	109	106	99	90	78	70	67	70	78	86	85	74	60	51	46	50	60	68	72	80	82	78	79	87	88	85	83	80	84	89	94	93	93	95	96	98	102	102	102	103	104	106	108	109	109	111	113	115	115	113	114	114	116	118	119	121	124	126	122	119	117	118	124	128	119	107	92	74	62	59	58	61	63	71	89	107	111	114	120	137	164	176	180	180	181	179	181	184	186	190	190	189	188	188	189	179	167	153	148	153	159	159	165	169	173	176	
202	202	202	193	187	197	203	194	191	190	193	181	179	166	158	132	106	93	94	102	107	107	110	113	108	104	96	83	72	70	72	73	79	84	75	63	57	50	51	55	59	69	76	77	76	84	93	92	90	87	85	84	85	90	93	94	93	94	98	100	102	103	105	104	106	107	109	110	110	112	111	112	113	114	116	116	118	119	119	116	117	119	120	121	123	126	126	124	120	110	96	80	65	55	66	75	89	102	109	116	122	132	154	170	179	182	182	180	182	184	187	189	188	187	188	188	189	183	168	147	134	133	137	137	138	146	148	151	
200	200	197	192	190	199	203	193	189	192	195	184	176	168	156	122	100	92	93	101	102	99	104	111	110	110	107	100	90	84	79	74	72	76	73	73	71	62	53	53	57	59	63	72	81	87	90	94	96	94	91	88	86	88	90	88	88	90	93	98	100	101	102	102	104	105	109	111	112	112	113	112	114	115	116	117	117	117	115	112	117	123	125	125	122	120	121	126	132	132	123	106	86	73	78	85	93	98	105	113	118	123	142	159	175	181	182	182	184	186	187	188	188	187	188	189	189	186	176	154	136	129	129	128	130	133	133	134	
197	197	195	192	191	198	201	192	188	188	188	179	168	170	153	115	96	91	96	100	95	91	98	106	106	110	112	111	108	102	91	79	72	67	64	65	70	72	67	61	66	71	75	86	93	95	94	93	97	95	95	97	100	96	90	91	91	88	91	94	97	98	100	102	105	105	108	111	112	112	113	114	114	116	115	115	115	117	120	122	121	121	123	123	124	126	124	126	127	129	127	122	117	111	95	96	98	98	102	107	106	109	131	149	168	180	184	185	188	187	187	188	189	188	189	189	189	188	183	163	139	128	125	126	126	131	130	129	
197	197	197	191	194	201	200	194	192	187	188	181	171	166	146	118	92	94	95	99	97	95	101	104	96	102	110	111	116	113	102	96	87	75	65	60	66	67	73	75	85	95	99	100	100	100	99	98	99	100	101	101	101	103	102	101	97	91	87	87	91	95	100	101	103	105	106	107	106	108	110	114	113	114	113	114	115	117	121	123	122	120	119	120	124	127	124	122	124	125	125	129	130	131	121	121	120	111	105	102	97	98	118	133	159	177	185	188	191	190	189	189	190	190	191	191	190	189	187	176	149	131	126	125	124	131	132	130	
195	195	198	190	195	201	198	194	194	188	187	180	174	158	136	121	95	95	96	99	98	99	104	102	92	99	109	105	109	113	111	115	100	90	83	70	64	61	68	71	84	97	104	100	99	101	105	105	104	103	103	103	102	104	106	102	100	99	97	93	93	92	91	95	97	100	106	107	108	107	108	112	113	112	114	114	115	116	116	117	120	121	120	120	123	124	123	123	125	127	127	127	128	128	129	135	136	130	120	111	103	99	107	120	150	179	192	191	188	188	190	190	190	191	191	191	190	188	187	180	160	137	132	129	125	131	132	132	
201	201	201	192	195	199	194	191	192	190	185	177	172	155	132	119	100	98	101	101	97	97	100	97	90	100	106	99	100	104	107	115	108	101	97	94	80	67	64	67	83	96	105	104	102	103	106	109	107	106	106	106	106	106	107	104	102	103	105	105	104	96	88	90	92	97	104	107	108	109	111	112	113	113	115	115	114	115	115	116	119	120	120	120	122	125	125	125	125	127	126	126	129	130	130	139	143	145	137	129	119	113	104	114	144	177	196	194	184	184	188	188	190	190	190	191	190	190	189	184	170	147	134	129	124	130	132	131	
208	208	203	195	197	195	189	189	194	191	185	179	174	160	133	112	95	98	103	102	97	97	100	93	90	100	104	96	95	100	99	102	113	112	106	108	104	91	81	88	99	105	107	107	107	105	107	109	111	110	109	109	109	109	109	106	102	102	104	107	108	106	100	99	95	90	92	98	103	107	109	110	110	113	112	111	112	114	115	117	120	120	119	118	121	124	126	126	126	127	128	129	133	135	141	146	149	148	146	143	143	140	128	127	138	160	180	188	188	188	188	187	187	189	190	190	191	193	192	188	178	157	134	128	123	128	131	129	
210	210	203	196	197	193	185	190	198	186	176	174	175	162	130	100	88	99	103	103	100	100	101	93	90	100	100	93	98	109	103	92	105	119	115	111	114	114	107	113	112	111	109	108	108	108	108	111	113	112	111	110	111	112	112	110	107	105	104	106	109	110	107	106	104	103	96	90	92	96	101	107	107	109	110	111	111	112	116	119	120	119	118	119	120	124	125	127	129	130	132	134	136	138	142	144	148	148	151	152	159	160	152	146	143	154	173	186	189	189	188	186	187	187	188	191	194	195	192	189	185	164	135	128	125	127	128	129	
213	213	203	201	202	195	186	193	203	183	171	175	175	161	128	96	89	104	105	103	102	105	103	96	92	100	100	90	96	110	105	90	96	105	111	116	115	116	116	118	113	113	113	112	112	109	109	111	112	112	112	112	112	113	113	113	112	113	112	111	111	110	110	107	106	108	106	105	100	93	91	98	100	103	107	110	111	113	115	119	120	121	122	121	122	123	127	128	130	131	135	136	138	140	132	141	149	155	155	156	157	158	159	164	166	174	184	187	185	187	190	189	188	187	189	191	193	193	192	192	189	171	144	131	127	128	131	133	
215	215	203	207	203	196	190	196	199	189	176	181	173	153	127	98	91	102	101	99	99	104	105	97	96	107	105	91	94	104	101	93	96	95	100	103	106	111	117	116	112	114	114	114	113	112	111	111	115	114	114	114	113	114	114	116	116	117	116	115	114	114	114	110	109	108	107	111	110	106	100	98	96	97	101	105	107	109	113	118	118	120	122	122	124	126	126	127	129	132	135	137	139	142	131	141	149	156	155	159	158	161	173	182	183	183	183	181	183	184	184	183	181	183	185	187	191	191	191	191	188	179	157	134	131	131	134	135	
212	212	201	206	202	195	192	197	196	195	174	177	164	138	117	101	103	107	105	98	95	101	101	94	97	108	101	86	93	103	99	94	99	99	97	95	104	105	111	114	113	113	112	114	117	115	114	115	118	116	117	117	116	115	115	116	117	117	117	116	115	114	114	116	116	113	112	113	113	114	113	113	107	103	101	103	107	110	112	112	115	117	119	120	122	123	125	128	130	132	135	137	139	140	148	153	154	150	151	156	162	168	183	185	184	183	182	179	184	175	160	158	158	162	169	177	183	185	185	186	186	184	166	139	136	134	135	133	
210	210	205	212	211	207	200	203	197	188	179	168	166	140	110	102	105	108	100	93	97	104	99	92	97	102	101	96	97	96	97	101	108	102	92	95	107	106	106	107	109	108	111	113	116	117	118	121	119	117	118	119	120	119	119	119	117	119	120	120	118	118	119	121	122	120	120	120	118	116	115	118	117	114	110	106	104	102	107	113	115	117	118	119	121	125	134	137	137	135	133	135	140	144	148	149	153	154	150	154	164	172	178	181	185	185	187	185	187	189	183	167	149	136	135	140	147	152	155	164	172	177	172	164	160	157	156	152	
206	206	204	207	203	199	196	200	195	185	177	171	167	136	106	99	104	109	100	94	101	103	95	90	98	99	97	99	106	103	99	102	113	112	97	97	112	112	103	99	103	103	108	111	115	116	119	121	121	122	123	122	121	121	121	120	119	120	121	123	119	119	120	125	126	124	123	122	121	119	117	115	116	118	120	118	115	109	106	106	106	111	117	123	128	127	131	132	133	136	138	142	145	147	145	150	157	163	164	170	174	179	187	186	186	187	186	185	180	179	181	178	172	161	149	138	130	127	128	131	137	146	155	171	185	183	181	177	
205	205	204	203	195	193	196	201	199	179	171	167	155	125	99	95	103	111	100	95	104	107	97	92	97	96	91	96	109	107	96	98	110	113	101	100	119	119	108	99	96	99	102	108	112	115	118	120	120	123	123	124	125	124	120	121	121	121	124	124	120	121	123	127	127	127	124	123	123	122	121	122	119	117	118	121	122	123	119	110	104	102	107	116	126	132	131	130	134	139	141	142	144	145	150	154	154	152	169	187	193	187	185	187	187	187	185	185	183	180	182	190	194	189	175	158	146	133	127	122	117	123	134	162	189	193	192	191	
201	201	199	197	192	192	196	202	198	178	168	166	148	117	98	95	103	110	100	95	106	108	96	94	99	98	91	96	104	98	89	93	101	109	102	104	123	126	115	108	110	106	101	100	105	110	116	118	118	120	120	123	125	126	123	124	125	125	125	123	122	123	124	127	129	128	127	125	124	123	122	125	127	125	124	122	122	121	123	122	118	115	114	117	123	132	133	133	138	142	143	142	143	144	154	158	161	168	174	176	185	196	188	183	180	182	186	188	192	193	194	191	188	185	183	182	179	169	156	136	120	114	121	146	177	186	190	190	
200	200	201	196	192	194	201	202	194	183	171	167	145	113	98	97	105	109	101	95	101	99	91	96	104	102	97	98	104	96	89	96	101	105	99	107	127	128	119	114	119	116	111	108	107	108	108	107	110	115	119	120	122	122	124	126	127	127	125	123	123	125	126	131	132	133	131	129	128	126	125	127	133	136	134	129	124	122	125	128	130	130	128	128	130	138	151	153	147	143	143	144	149	153	159	169	173	176	184	186	183	183	188	194	193	188	190	193	190	194	198	191	183	180	184	192	199	190	181	167	150	139	130	133	148	174	185	189	
201	201	205	200	195	195	203	200	195	179	171	165	140	109	97	100	107	105	94	92	97	95	89	97	103	99	94	98	109	102	95	103	107	103	97	111	131	130	122	116	119	120	120	120	117	112	107	104	103	107	111	115	118	122	123	126	127	126	126	125	124	127	129	130	132	133	131	132	131	127	127	132	134	136	135	134	132	131	132	133	132	132	131	130	135	141	152	161	164	161	158	156	156	157	157	165	180	189	191	186	187	192	192	191	197	205	197	187	185	187	187	190	193	192	192	192	194	189	191	195	195	183	160	139	129	173	184	189	
196	196	202	197	192	194	203	199	196	183	170	157	133	107	95	101	107	101	90	96	104	96	89	97	104	94	89	100	109	102	95	108	112	102	98	118	132	128	122	118	122	122	119	119	120	121	120	115	107	105	106	110	114	116	118	121	123	125	126	127	127	129	131	131	131	131	130	133	133	132	131	128	129	132	136	137	136	135	133	133	131	132	132	132	133	136	138	150	166	172	174	175	170	163	165	176	184	189	195	200	194	189	195	193	188	187	195	200	191	183	183	189	196	197	195	189	186	186	189	197	199	194	181	171	165	180	189	192	
193	193	200	196	192	197	207	202	199	187	171	149	125	102	92	97	101	97	93	106	114	98	87	98	105	93	86	99	108	96	92	108	113	102	103	119	129	126	122	119	125	124	122	122	123	125	123	122	119	114	112	109	108	109	114	118	121	123	125	126	129	131	133	135	134	132	131	134	133	133	131	128	130	131	134	136	137	137	137	134	133	135	135	135	137	140	152	156	155	157	166	177	183	178	188	190	195	196	192	193	193	193	192	191	192	191	190	189	195	196	195	193	192	194	195	193	188	193	193	192	188	186	192	199	205	175	183	189	
205	205	198	200	187	196	214	195	181	167	165	157	126	96	87	101	107	98	98	102	102	95	95	106	101	97	101	102	99	97	101	106	103	100	105	122	121	125	122	119	121	123	124	124	126	126	126	124	123	123	123	120	119	116	113	113	117	119	122	124	126	129	133	134	132	133	133	133	134	133	135	134	137	137	137	138	141	143	143	141	139	138	138	139	143	143	148	152	161	164	159	170	186	185	187	192	196	197	194	195	192	193	200	196	195	194	193	195	196	195	195	193	188	188	191	196	196	194	193	192	195	193	192	192	195	193	194	193	
197	197	193	197	190	202	213	186	168	173	168	148	117	98	91	105	114	101	99	101	100	95	95	106	102	98	101	102	99	97	102	110	103	94	99	116	121	127	126	123	124	125	124	125	128	129	128	126	124	127	129	129	126	126	125	121	118	117	117	120	124	128	130	130	129	131	132	135	135	134	135	139	140	140	141	139	140	142	144	143	143	143	143	145	146	149	150	152	159	160	156	168	184	188	189	190	193	194	196	200	200	200	198	199	201	202	199	199	199	202	203	195	194	200	203	198	186	193	195	195	192	192	192	195	191	193	193	191	
196	196	195	198	196	208	211	186	170	171	168	138	108	98	94	106	112	99	96	99	101	94	93	105	100	95	101	103	98	96	100	107	96	94	102	121	127	132	129	127	126	127	126	126	129	131	129	128	129	130	131	130	130	131	132	130	129	125	120	115	116	120	126	127	126	128	130	132	133	137	139	141	143	146	144	141	141	144	145	143	143	145	146	149	150	151	155	154	159	159	154	169	185	193	192	192	192	191	194	200	203	201	198	195	199	203	204	204	202	205	205	203	201	201	199	194	190	197	197	197	194	194	193	197	197	195	196	196	
206	206	204	205	205	210	208	188	180	168	166	133	104	98	96	103	103	95	97	103	103	96	92	102	97	92	100	103	99	95	100	101	92	94	108	127	132	130	130	130	133	131	129	129	131	131	129	129	129	132	133	132	131	132	133	135	134	133	131	126	122	120	121	121	121	123	125	128	132	136	140	141	145	146	146	144	143	144	144	141	142	145	148	150	152	153	155	154	161	159	153	168	185	198	199	199	196	192	192	196	195	195	197	193	194	200	203	204	204	201	198	199	201	202	202	203	201	197	200	203	201	192	196	196	195	196	195	197	
202	202	203	209	207	206	201	182	174	170	165	133	101	95	100	105	99	94	98	106	107	98	96	106	99	95	100	101	97	97	101	100	94	96	109	125	131	129	130	132	135	134	134	132	133	133	131	129	130	133	136	135	136	136	137	138	137	135	135	135	135	132	130	121	120	119	121	123	128	131	135	139	141	143	144	144	145	145	144	143	144	146	149	151	153	152	153	155	161	161	154	164	187	199	198	200	199	199	197	196	193	191	193	193	197	201	199	200	200	202	201	200	200	200	199	202	205	194	192	196	201	196	196	198	199	197	196	196	
191	191	190	206	205	201	196	173	164	173	161	131	101	95	103	110	98	95	101	110	108	98	100	111	101	97	104	101	93	94	101	101	95	94	105	121	132	129	128	129	135	135	135	136	136	136	135	134	134	133	133	133	133	137	141	141	141	139	138	137	138	138	139	133	129	123	122	120	122	126	129	134	137	139	142	143	145	147	146	147	147	149	151	153	153	152	154	155	162	161	153	164	191	197	192	195	199	200	201	199	196	193	191	193	196	201	200	200	198	200	205	204	201	198	194	196	202	200	200	200	194	193	195	202	196	200	199	201	
193	193	187	206	206	197	191	176	174	173	155	123	100	97	105	109	98	95	100	110	105	97	99	108	98	97	109	104	91	92	103	104	94	95	107	119	133	128	127	129	134	136	137	139	140	138	138	139	140	138	134	133	132	134	138	138	140	143	144	142	139	139	140	141	138	134	131	128	126	126	127	130	132	135	138	140	145	147	149	150	150	151	154	155	155	155	157	156	161	162	154	166	198	198	195	194	196	198	198	197	198	198	195	194	193	194	197	199	198	196	198	199	202	204	202	200	201	206	204	201	199	199	199	203	203	200	199	202	
203	203	197	206	202	196	187	179	187	169	150	116	102	101	106	107	96	93	98	109	106	97	98	100	91	96	109	105	92	94	105	106	90	98	115	119	127	122	127	129	133	135	138	141	141	140	140	140	140	141	138	137	137	136	135	135	138	140	141	143	142	141	142	142	142	143	143	141	137	132	129	129	129	132	136	140	143	145	148	149	149	152	154	157	158	158	158	158	160	163	158	169	196	197	199	197	196	197	197	196	198	201	200	197	193	192	194	197	199	197	196	198	201	205	205	204	203	204	204	204	205	202	206	203	202	201	202	203	
203	203	204	198	191	198	184	174	181	166	145	112	104	101	107	107	96	98	101	107	104	101	100	98	95	97	104	101	93	97	100	98	87	103	127	122	122	120	126	125	130	132	136	141	142	140	141	141	140	141	138	139	141	140	137	137	137	137	138	141	143	143	143	144	144	146	146	148	145	142	140	134	131	131	134	137	138	141	142	143	146	148	152	155	158	159	158	161	160	162	165	174	189	199	195	196	196	198	198	198	198	197	197	197	197	197	197	197	196	197	198	198	199	202	206	206	203	200	202	204	207	206	206	204	205	205	205	204	
199	199	202	200	196	198	188	173	173	161	140	110	104	101	107	108	99	101	105	106	101	99	104	100	97	99	104	101	96	101	103	98	91	107	131	131	128	129	132	128	126	129	133	136	138	137	140	141	143	141	139	140	140	141	141	141	141	140	138	138	138	144	146	146	146	146	145	147	147	146	144	141	141	142	139	135	134	135	137	139	144	148	149	151	154	159	160	160	161	164	167	177	194	204	196	196	196	199	198	198	198	197	197	197	198	197	197	197	197	193	192	195	197	199	202	205	206	205	206	209	207	204	202	204	206	200	203	204	
191	191	195	199	199	196	187	173	169	157	133	105	101	103	110	109	103	103	105	102	94	98	106	99	97	101	103	98	96	104	104	94	93	108	130	137	131	136	138	133	132	132	134	135	136	135	137	140	141	142	142	141	141	142	142	142	140	140	138	135	137	144	147	144	143	144	145	149	147	145	144	143	147	149	146	142	139	136	134	135	141	146	149	151	152	156	160	158	160	165	168	180	197	202	196	197	198	197	198	198	197	197	198	198	198	198	197	197	197	196	194	193	195	199	201	202	202	208	204	200	201	204	205	206	205	203	205	207	
189	189	189	196	198	189	182	172	168	158	128	102	98	105	111	106	99	103	105	99	93	99	108	100	97	103	104	96	96	105	104	89	95	109	128	141	132	139	141	137	139	136	135	135	135	134	134	137	137	139	139	141	142	142	141	141	140	140	139	137	140	146	147	145	141	142	143	145	145	144	144	144	149	152	151	150	149	145	140	139	140	144	146	148	152	156	159	160	160	165	167	181	202	202	197	197	197	199	198	198	197	197	198	198	198	198	198	197	197	199	201	197	193	194	197	197	194	194	196	200	204	206	205	204	207	202	207	209	
193	193	188	194	199	183	177	173	171	162	127	104	104	114	116	104	95	104	106	98	92	100	105	100	98	105	106	97	98	107	106	89	98	112	130	141	135	140	141	137	139	136	137	137	135	133	133	133	132	134	136	139	142	142	141	142	141	141	140	138	141	146	147	146	144	142	142	143	143	141	142	144	149	153	153	152	152	152	151	150	150	149	147	146	149	153	162	166	167	171	174	185	199	199	198	198	199	198	198	198	197	197	198	198	198	198	198	198	197	198	198	199	198	198	198	193	191	195	197	200	203	202	204	203	203	198	206	209	
200	200	190	197	199	182	173	174	171	152	120	106	107	121	122	106	97	108	110	99	95	99	101	96	97	104	102	95	96	105	107	91	99	118	134	138	134	141	140	135	137	137	138	139	136	133	134	134	134	134	136	139	140	142	142	142	142	141	138	138	141	146	146	146	144	147	147	146	143	141	141	142	147	151	150	153	154	156	156	158	157	158	154	149	148	152	159	165	171	178	183	193	200	194	199	199	198	198	198	198	198	198	198	198	198	198	198	197	197	193	191	196	200	202	202	201	197	200	200	197	194	192	197	203	207	193	198	205	
209	209	197	205	201	180	170	174	164	136	109	103	109	123	126	107	100	115	111	100	100	105	101	94	99	106	101	94	98	104	104	89	99	124	136	132	127	138	138	132	139	140	140	139	134	131	133	137	139	140	140	140	138	138	138	140	141	141	138	139	141	145	146	145	144	148	149	149	146	145	146	149	147	146	147	151	157	159	160	159	159	160	160	156	155	157	160	165	168	175	188	201	204	191	198	198	199	199	198	198	198	198	197	198	198	198	198	197	197	198	199	198	197	197	198	201	203	199	199	196	195	195	200	201	197	206	200	200	
213	213	197	204	195	179	176	176	162	131	109	99	106	122	124	109	106	117	111	100	101	107	102	95	107	113	99	91	99	103	95	93	107	122	135	128	124	130	132	136	140	143	141	137	131	132	138	141	141	142	143	141	140	139	139	140	142	140	137	136	142	146	147	147	148	147	149	151	149	149	149	151	149	147	147	151	154	156	158	160	161	163	164	163	163	165	168	169	170	174	185	198	200	193	198	199	200	200	199	199	198	199	198	198	198	198	197	197	197	198	201	199	198	196	196	198	201	198	197	198	198	199	200	196	193	193	196	200	
206	206	192	201	189	175	174	175	158	128	107	96	105	119	116	105	107	114	109	96	98	104	102	97	111	115	99	94	108	110	92	97	110	122	137	132	131	127	129	134	136	141	142	138	133	134	141	142	141	143	145	144	143	142	142	141	140	138	137	138	141	144	145	150	149	148	149	151	150	149	149	150	149	149	152	154	154	154	156	158	160	163	165	164	165	169	171	174	173	175	189	200	199	195	198	199	199	199	199	199	199	199	199	198	197	197	197	196	196	197	198	198	198	198	198	198	198	196	196	198	198	199	198	197	196	201	199	197	
192	192	186	199	191	176	172	173	153	124	104	95	107	119	108	96	101	108	102	94	99	104	100	94	105	108	95	96	113	114	98	101	113	126	141	137	135	134	132	133	135	137	137	134	131	134	141	144	142	144	146	145	145	144	144	143	142	141	142	143	141	142	142	147	148	148	150	152	151	150	149	150	151	151	155	156	157	157	156	158	157	158	161	164	167	170	175	176	176	180	193	202	198	193	197	198	198	196	197	199	200	200	198	198	198	198	197	198	197	197	198	198	198	198	198	198	199	198	198	198	198	198	198	198	197	210	203	191	
192	192	189	200	190	177	177	175	151	120	103	98	112	122	107	92	98	106	98	95	104	105	97	94	100	101	92	96	109	104	91	100	114	130	140	138	138	140	140	139	135	137	135	131	132	134	142	144	142	145	146	145	146	145	145	145	145	147	147	147	144	141	142	143	143	145	147	151	153	150	151	153	155	154	155	157	158	159	161	162	157	155	159	162	165	169	171	174	177	185	196	201	197	194	196	197	197	196	196	197	198	198	198	198	199	199	199	199	198	197	198	197	197	197	197	198	199	198	198	198	198	198	198	199	198	196	196	193	
206	206	203	202	181	169	175	171	147	115	105	106	119	122	105	93	101	107	99	97	107	105	98	97	104	102	93	99	105	96	86	100	111	130	139	137	138	142	144	140	139	138	138	136	135	137	139	141	141	144	145	146	146	147	148	147	149	151	150	148	146	145	145	146	143	142	143	147	151	153	154	156	157	156	155	156	158	160	164	164	158	156	159	162	164	165	166	170	176	186	198	198	197	197	197	198	198	196	196	196	195	196	197	198	199	199	199	199	199	199	199	197	198	197	197	198	198	198	198	197	197	199	198	198	197	196	194	195	
211	211	210	206	178	164	175	164	144	112	105	110	121	119	102	95	105	107	99	94	99	99	98	102	110	104	92	101	104	94	88	105	115	132	139	137	136	142	143	139	139	141	142	142	140	139	139	137	137	139	142	144	145	146	148	147	149	150	150	148	148	147	145	149	147	145	145	147	150	152	154	155	158	158	156	155	157	160	162	162	160	159	162	165	166	165	162	164	171	183	196	198	196	198	199	199	200	199	199	199	198	196	196	197	199	199	200	200	200	199	197	198	196	197	198	197	199	198	198	197	198	199	198	197	195	199	198	200	
204	204	210	207	176	169	183	159	138	109	102	111	122	114	100	100	109	105	97	95	99	96	96	104	114	105	90	101	105	93	89	108	123	136	135	136	135	141	141	139	140	139	139	142	143	143	144	141	138	138	139	141	141	143	145	146	147	148	150	150	151	149	148	150	151	152	152	151	151	151	151	155	158	157	156	156	159	160	159	162	160	160	164	167	169	168	165	165	171	183	196	197	194	199	198	199	200	200	201	201	200	198	196	197	198	198	199	198	199	198	196	196	198	198	198	197	197	198	198	199	199	200	199	197	196	196	197	199	
196	196	202	199	170	174	189	154	134	109	100	114	121	109	97	107	117	103	96	104	109	101	93	103	111	99	90	105	110	97	95	115	126	135	131	136	136	141	140	137	140	138	139	141	143	143	144	144	143	140	141	140	139	142	145	146	147	148	153	156	153	150	150	152	153	154	154	154	154	154	153	155	156	154	155	157	161	160	160	162	162	160	163	166	169	171	169	172	180	192	199	195	195	202	198	199	199	199	200	201	199	199	199	199	198	198	197	197	197	198	197	198	198	197	197	197	197	197	197	199	200	200	199	198	197	203	203	198	
195	195	202	197	185	185	177	148	134	109	105	115	120	109	104	114	117	101	103	110	108	98	94	104	107	98	96	108	107	94	94	114	122	132	128	124	130	139	143	145	140	137	137	140	141	141	142	143	142	141	140	141	143	143	142	142	143	147	151	155	155	155	156	153	151	153	155	157	158	158	159	160	158	157	157	158	159	158	160	162	160	163	167	168	167	167	170	174	178	190	199	195	195	197	198	196	196	201	200	200	198	198	197	197	197	196	197	196	195	195	195	197	199	201	201	201	200	199	198	197	196	197	197	196	197	196	197	197	
193	193	199	195	183	178	172	145	122	104	107	118	119	104	102	116	116	100	105	111	107	97	97	105	102	94	96	106	105	98	102	120	125	136	133	126	131	131	135	137	137	137	136	139	141	141	140	142	144	142	142	143	146	147	147	145	143	145	147	149	151	153	156	155	154	155	157	156	156	157	159	160	161	161	162	161	159	158	158	158	158	159	165	166	166	165	168	173	179	191	198	195	194	197	197	197	197	201	200	199	197	197	197	197	197	197	196	196	196	196	197	198	198	198	199	199	200	199	198	199	199	198	197	196	195	196	196	197	
193	193	195	193	181	173	168	140	110	96	106	118	117	99	99	113	112	99	106	112	105	97	102	108	100	94	100	104	99	96	105	123	125	137	137	130	131	130	132	133	134	135	136	138	140	140	143	145	147	145	145	145	146	148	149	147	146	148	148	148	149	149	152	153	151	151	152	152	155	159	162	163	163	165	164	162	161	160	159	158	155	158	162	165	166	165	166	173	182	194	199	193	195	198	198	198	197	200	200	199	197	197	197	197	197	197	197	196	196	198	199	198	197	196	196	198	198	198	197	199	198	198	198	196	196	197	197	197	
195	195	187	186	177	173	159	129	101	94	105	124	120	102	104	114	109	98	108	113	102	94	102	113	102	95	101	104	97	92	102	121	124	134	133	131	134	135	137	136	133	135	137	137	137	140	143	147	149	149	148	144	144	145	145	145	147	151	154	153	151	149	149	150	148	148	147	146	151	158	165	166	166	166	165	164	162	163	164	162	158	159	163	165	166	165	168	172	184	197	199	193	195	198	199	198	197	199	198	200	197	197	197	197	197	197	197	197	197	198	200	199	198	198	197	197	197	197	198	198	199	200	200	200	200	200	200	200	
196	196	186	182	175	173	151	122	103	95	107	122	118	104	106	111	104	97	108	114	102	93	103	113	101	93	99	103	96	93	105	125	129	133	132	130	133	134	137	137	135	137	137	135	136	138	142	146	150	150	149	146	146	145	145	145	148	150	151	151	150	153	155	153	152	150	148	146	149	154	159	161	163	163	164	164	165	163	164	162	160	161	164	166	167	167	169	173	184	199	200	193	195	198	198	198	197	199	197	200	197	197	196	196	196	196	196	197	197	197	200	200	200	199	199	198	197	197	198	198	198	198	198	200	201	200	200	200	
197	197	186	182	175	176	150	122	103	103	113	122	114	104	110	114	106	99	107	110	102	98	105	109	98	90	96	101	96	94	108	132	131	135	133	132	132	131	135	136	136	139	139	137	137	142	146	147	146	147	146	145	147	148	147	145	147	150	151	149	151	154	157	155	154	154	153	151	151	153	155	156	157	160	163	166	164	163	163	162	161	161	163	166	167	169	169	171	184	201	200	192	195	201	199	198	197	198	198	200	197	196	196	196	196	196	196	196	197	199	199	199	199	199	199	199	200	200	200	199	198	197	197	197	198	200	200	200	
197	197	181	176	172	166	143	117	96	108	116	122	112	105	110	114	106	98	105	104	99	106	113	110	100	95	100	102	96	93	111	136	131	133	130	131	133	132	135	134	135	139	140	138	141	145	149	148	146	145	144	143	144	147	145	144	146	151	151	150	150	150	150	153	153	153	155	155	154	156	155	154	154	155	159	161	162	160	159	161	161	162	162	164	166	167	167	169	185	202	200	190	196	202	199	198	197	198	197	199	197	196	196	196	196	196	196	196	197	198	199	199	198	198	198	199	199	199	200	199	198	197	196	197	198	198	198	199	
203	203	179	173	171	164	136	113	89	99	109	110	101	96	101	104	101	101	102	96	95	109	119	111	103	101	106	104	95	97	114	137	132	130	127	129	134	132	134	132	136	140	140	139	140	144	145	147	149	149	145	142	143	143	142	144	148	151	149	148	149	151	151	152	151	151	153	153	156	156	157	155	153	154	157	158	159	157	159	160	161	161	162	165	164	166	166	171	187	203	200	189	196	202	198	198	197	198	197	199	198	196	196	196	196	196	196	196	198	198	198	198	198	198	199	199	199	198	199	199	199	197	196	196	196	197	197	197	
197	197	188	170	168	159	133	106	94	98	102	101	96	94	101	102	100	102	104	99	96	104	113	110	99	98	104	97	93	109	124	127	129	130	133	133	131	131	135	135	133	139	138	139	141	146	146	145	148	149	148	147	147	145	143	144	145	146	148	148	149	153	155	154	152	154	154	152	155	157	157	159	158	156	157	157	156	157	157	158	159	159	161	164	167	168	172	175	188	200	199	196	197	198	199	198	197	197	196	198	200	200	199	200	199	199	199	199	199	199	199	198	197	198	198	199	198	199	198	198	200	200	199	199	198	199	198	197	
196	196	189	173	171	157	125	103	92	103	103	98	93	94	103	102	98	101	106	103	98	102	109	108	102	102	103	94	91	107	125	132	130	131	133	134	134	135	137	136	133	135	134	137	142	145	144	145	147	148	147	147	149	151	152	150	147	145	144	144	146	152	153	155	154	155	155	154	156	158	159	157	156	155	156	158	157	156	154	154	157	160	160	162	165	167	172	177	191	199	200	197	197	197	199	199	198	197	196	197	198	199	199	198	199	199	199	199	199	198	198	198	198	199	199	198	197	198	199	199	198	200	200	200	200	200	200	199	
196	196	190	170	171	154	121	102	93	109	109	101	93	100	108	102	97	100	104	102	100	104	109	106	101	100	101	93	94	110	127	136	134	135	136	137	136	137	138	138	136	137	137	137	140	144	144	144	147	147	146	146	147	149	150	150	148	144	142	143	145	150	153	153	153	155	155	154	156	158	158	158	155	153	154	157	157	155	152	152	158	161	161	160	162	165	171	180	195	200	199	200	198	196	199	199	199	198	195	195	197	198	199	198	198	198	197	199	199	198	198	198	198	199	198	198	197	198	199	199	198	199	198	199	201	199	200	200	
199	199	190	170	170	148	115	101	93	106	108	99	93	103	110	99	94	103	100	96	97	106	110	103	98	104	103	94	96	111	127	134	133	135	137	140	140	140	140	141	140	142	143	143	142	141	143	144	144	145	144	145	146	147	148	148	148	148	145	145	147	151	153	151	151	153	154	151	153	158	158	157	156	154	153	155	155	155	153	156	160	161	162	161	160	161	169	181	196	200	198	200	200	197	197	198	199	197	195	195	195	196	196	196	196	196	197	197	198	198	199	198	198	198	198	199	200	199	199	199	198	197	198	199	200	199	200	200	
200	200	190	173	169	141	108	99	96	103	105	98	94	103	110	101	98	108	104	92	91	103	107	96	97	107	107	95	96	110	124	130	132	135	137	139	140	140	140	142	143	143	144	146	146	142	142	143	141	141	143	145	145	147	150	150	148	150	150	147	150	152	156	152	152	154	151	148	150	156	156	156	157	156	154	155	155	155	155	157	161	163	165	165	162	162	168	183	198	197	197	198	199	198	198	199	199	198	197	196	197	198	196	196	196	196	196	196	196	197	198	198	198	198	199	199	199	198	199	199	198	197	196	197	199	199	199	199	
193	193	186	176	169	133	102	98	101	103	104	96	95	105	109	101	102	114	112	95	91	102	102	94	97	109	106	91	96	114	129	131	133	135	137	138	139	140	139	141	143	142	143	146	149	149	145	143	145	144	144	145	144	144	146	149	150	152	152	151	153	156	157	156	157	157	152	146	147	152	153	153	156	157	157	158	157	157	156	160	162	164	166	167	166	166	172	186	198	195	194	198	199	199	196	198	198	197	197	197	197	197	197	197	197	197	196	196	196	195	196	197	198	199	199	199	198	198	199	199	198	197	196	196	197	199	199	199	
188	188	178	174	165	126	101	97	106	107	104	97	96	106	105	97	98	112	113	99	97	106	101	94	99	114	107	89	98	121	135	135	135	137	138	139	140	140	139	140	142	142	141	145	149	148	145	145	146	145	147	148	147	145	145	146	149	150	152	152	152	155	156	157	158	159	154	147	150	153	153	154	154	153	154	158	159	157	156	160	163	164	166	168	167	168	175	189	198	195	194	198	196	197	198	197	196	197	198	198	197	196	197	197	197	197	197	196	196	196	196	196	196	197	198	198	197	197	198	199	199	197	196	196	197	198	199	198	
