36	36	39	44	42	37	41	36	36	35	34	35	38	68	88	109	123	115	92	51	26	28	31	49	73	66	69	73	73	72	71	68	57	59	72	76	67	66	63	54	60	68	54	33	41	69	56	58	55	42	33	31	41	55	49	39	43	26	47	47	40	42	24	36	45	44	36	43	19	36	34	30	30	21	34	44	40	35	19	38	44	36	26	24	38	33	29	23	18	24	24	21	16	26	23	28	14	24	24	28	23	39	33	23	31	41	33	24	26	19	22	18	23	20	19	25	38	16	31	38	29	23	29	24	19	33	19	19	
38	38	37	37	34	31	35	34	35	35	35	37	39	76	91	98	101	90	69	46	26	19	25	34	51	54	49	46	39	44	46	42	45	47	68	79	71	55	56	67	69	68	49	36	50	78	54	59	53	43	35	32	44	48	52	39	36	26	43	44	39	43	24	36	52	51	47	49	24	44	39	38	34	21	36	44	40	38	21	41	48	41	34	26	36	39	43	24	19	18	26	21	18	26	25	29	19	30	30	26	25	36	27	16	35	44	36	24	29	24	24	23	21	17	14	21	34	15	34	39	31	33	39	28	21	39	26	26	
37	37	38	39	40	40	41	43	42	39	39	43	44	71	79	66	50	41	31	24	22	27	29	29	22	31	52	52	55	67	66	61	69	76	72	69	68	54	61	60	62	66	44	30	42	53	52	56	46	36	28	29	46	49	50	41	34	27	46	43	43	46	27	36	61	54	56	44	26	44	34	47	39	24	43	49	46	43	20	37	43	43	33	21	40	36	38	21	16	18	24	13	21	26	27	31	24	36	31	22	30	38	34	16	33	41	36	21	31	23	14	28	26	14	11	21	24	14	41	46	29	41	43	22	19	38	29	29	
36	36	37	39	41	43	44	42	41	39	39	40	41	54	57	46	36	33	32	24	18	21	28	33	31	37	46	43	48	64	71	76	79	72	73	67	63	73	78	60	62	56	58	32	34	36	41	37	34	26	26	24	35	33	41	36	33	29	43	44	46	45	29	38	58	51	55	49	33	48	43	50	40	26	38	46	42	39	18	35	41	43	43	29	49	48	43	27	23	32	34	16	29	33	35	31	31	43	43	23	35	43	43	18	32	41	37	15	24	18	11	25	24	17	21	28	24	16	47	51	24	46	38	21	33	39	34	34	
26	26	26	29	32	35	36	32	31	33	34	34	36	38	34	25	17	16	21	24	20	15	20	26	29	36	39	36	34	40	40	43	37	50	47	53	62	53	57	59	72	64	66	38	57	71	69	52	44	23	22	29	34	28	34	30	31	26	26	21	24	27	23	24	34	29	33	32	19	39	44	44	39	34	40	45	40	41	27	44	48	49	39	33	53	48	37	26	34	36	33	17	30	37	42	29	34	41	40	18	36	42	44	19	33	39	29	18	28	24	18	33	34	19	23	28	27	26	42	43	21	48	36	22	41	35	33	33	
23	23	24	26	29	31	31	30	27	29	29	27	29	17	10	12	10	9	11	22	16	8	12	21	37	42	46	43	41	43	39	44	51	53	54	57	54	44	52	76	91	78	54	34	48	69	71	74	74	60	47	41	51	57	54	46	41	36	39	39	43	41	31	39	46	41	37	34	22	34	33	30	24	23	26	23	21	24	14	30	29	29	33	36	53	48	36	29	41	36	39	31	37	42	44	31	43	46	41	22	38	41	43	25	39	39	24	21	29	28	23	36	39	19	31	31	22	25	42	38	24	44	36	26	40	31	31	31	
26	26	29	31	33	32	31	32	26	26	24	21	24	8	6	12	13	8	7	11	6	4	8	19	41	56	69	73	76	74	64	67	72	71	66	51	38	38	72	85	80	59	33	33	44	61	39	44	34	34	31	40	35	46	41	42	38	40	51	55	59	56	38	59	68	61	49	41	30	44	43	46	36	34	44	36	35	36	26	39	36	36	31	29	33	33	34	33	35	34	37	24	27	32	31	23	30	38	34	24	32	35	36	26	38	34	24	28	34	33	28	41	44	24	44	41	21	27	49	40	33	46	36	33	41	33	31	31	
31	31	35	37	37	34	32	31	24	24	23	20	25	7	6	12	13	5	2	4	3	2	5	13	35	46	51	54	61	68	72	84	71	69	70	49	45	77	81	71	63	46	31	31	36	55	36	51	29	31	28	46	29	48	41	43	32	34	41	38	43	49	38	51	61	59	49	41	34	53	54	65	49	41	57	46	44	43	31	46	44	47	41	46	53	61	61	47	77	88	81	52	59	70	61	46	32	33	28	26	24	25	26	20	27	23	21	22	28	27	21	32	36	23	41	38	23	32	42	32	34	42	29	31	36	30	28	28	
38	38	41	43	41	36	33	29	28	26	24	25	28	10	19	24	26	23	12	4	4	0	9	9	24	38	41	44	44	44	50	59	77	89	79	74	77	58	68	84	51	28	38	34	38	39	31	34	39	33	28	44	41	50	44	55	39	36	41	46	37	31	38	57	64	76	81	42	43	53	61	66	53	44	67	53	58	41	35	54	45	44	36	47	46	55	52	45	60	41	33	31	46	37	39	35	36	38	43	31	26	31	31	41	37	37	31	30	34	31	31	29	30	34	38	35	34	29	34	32	29	26	24	28	31	26	28	28	
49	49	51	53	51	49	48	48	43	36	33	36	41	29	33	33	36	33	23	15	11	5	8	14	39	49	55	53	51	57	69	80	81	75	69	58	47	66	90	74	34	18	24	28	34	33	27	29	34	32	33	42	50	59	52	54	39	41	42	44	36	29	35	66	63	66	74	41	44	48	61	56	48	42	71	49	55	43	41	56	46	41	33	40	40	49	46	36	45	46	34	26	54	26	25	31	21	21	24	25	17	24	21	41	34	31	26	21	35	32	38	35	38	40	46	39	38	36	36	31	32	31	29	35	37	31	31	31	
65	65	65	66	66	64	64	64	61	57	50	48	47	48	50	51	56	50	35	24	18	14	9	15	40	37	39	41	44	46	44	42	46	63	43	36	47	69	81	54	19	15	19	27	30	27	24	24	27	28	36	36	41	53	49	56	43	39	38	39	34	30	36	63	54	53	66	35	41	41	62	43	42	40	74	45	47	40	41	52	44	39	29	38	33	28	30	36	30	45	44	39	64	28	20	33	14	13	16	26	14	27	29	36	16	14	27	19	39	34	43	38	36	38	46	36	33	34	27	21	27	34	41	51	46	35	44	44	
72	72	71	69	69	68	66	59	60	58	52	48	45	49	48	49	58	59	53	50	46	40	26	23	43	36	41	37	38	41	44	44	46	63	45	33	28	39	68	56	28	24	28	35	34	32	34	33	32	31	42	45	36	51	50	63	47	35	31	32	30	29	39	63	63	63	72	39	40	39	64	40	44	46	77	49	50	45	44	48	44	41	31	34	29	18	23	34	36	41	39	38	43	29	23	36	15	17	21	31	16	18	22	19	19	19	29	27	43	37	54	51	46	49	56	44	39	39	30	29	35	25	30	48	48	34	46	46	
70	70	69	68	67	66	64	60	55	49	45	47	50	51	46	44	53	56	58	63	62	46	31	28	48	49	52	47	44	45	46	46	50	59	45	34	33	38	71	67	42	32	31	41	39	35	38	37	35	34	39	43	41	48	51	59	48	47	43	41	36	37	49	59	64	65	72	43	39	39	59	41	46	48	68	53	53	49	46	43	41	39	35	28	27	27	31	26	17	16	20	33	26	22	24	34	19	22	31	32	16	11	31	19	23	28	40	44	51	44	56	53	48	49	52	41	39	36	29	30	34	26	33	54	53	38	48	48	
72	72	73	73	73	71	68	62	54	44	36	38	42	37	38	46	59	63	67	70	73	56	41	34	45	54	62	60	59	59	61	62	61	62	46	29	32	36	76	74	59	55	51	63	66	61	62	61	62	63	62	56	67	46	48	46	47	53	50	47	39	42	58	66	68	66	72	53	44	45	59	49	54	55	64	58	54	54	52	46	47	43	34	24	24	21	28	24	15	13	13	29	26	16	20	24	14	18	33	25	14	9	26	13	21	34	47	51	54	49	53	53	54	53	50	43	43	37	36	36	39	34	38	58	59	47	53	53	
74	74	71	73	73	69	66	62	56	49	33	41	43	48	46	48	68	73	79	78	75	63	43	38	33	40	44	44	43	43	51	48	48	44	43	33	30	39	73	69	63	57	50	53	52	48	48	48	46	48	54	53	71	65	67	59	66	66	66	63	60	63	71	69	63	66	74	43	49	43	64	42	50	51	63	55	56	54	54	52	50	46	30	25	22	19	21	21	18	18	19	26	29	26	26	24	19	20	28	25	21	21	25	29	33	40	53	57	59	57	55	55	56	54	51	48	46	42	37	35	35	31	39	49	49	53	54	54	
76	76	76	74	67	59	58	59	60	60	46	49	45	58	53	54	66	64	68	74	74	64	41	35	24	28	37	34	37	39	39	39	40	39	41	39	35	39	73	68	61	51	39	37	36	33	32	32	29	31	38	40	59	68	77	69	69	71	69	68	71	79	89	78	64	67	74	41	47	43	69	46	55	54	63	52	55	54	53	51	49	44	31	29	26	23	21	21	26	25	23	22	18	14	14	21	25	18	13	13	14	19	32	52	56	57	66	60	58	61	57	51	51	47	49	52	51	48	44	38	34	33	44	52	49	54	58	58	
75	75	76	72	59	46	40	34	36	38	35	40	36	39	33	39	45	43	50	66	73	64	43	38	34	43	48	43	46	47	48	53	53	51	41	35	33	36	72	69	61	49	36	33	33	32	30	29	27	29	34	46	73	78	73	68	73	73	72	71	71	73	76	73	64	67	73	44	49	45	66	44	53	53	58	51	54	53	52	50	46	41	28	29	28	22	18	19	21	22	24	28	29	27	21	20	23	19	17	16	14	17	30	48	53	55	64	60	56	57	59	61	65	56	61	68	68	63	59	49	42	40	50	56	51	57	63	63	
79	79	79	75	61	44	33	38	37	38	45	53	50	49	53	53	48	45	57	69	76	68	44	43	55	79	77	88	93	94	104	98	76	76	51	32	29	36	71	69	61	49	36	34	31	29	28	25	24	26	33	48	60	74	76	74	71	71	73	74	73	71	68	67	68	72	73	44	49	48	64	41	49	54	61	56	54	53	51	49	44	38	30	32	31	26	22	21	21	23	26	29	30	28	26	24	20	19	24	29	28	28	33	39	43	49	62	63	68	66	69	74	66	61	69	76	75	70	68	62	55	48	52	56	52	59	63	63	
83	83	79	78	66	49	38	52	53	51	60	55	43	55	80	67	48	44	57	73	79	69	44	42	61	88	76	104	108	107	106	87	59	74	50	33	35	43	74	71	62	47	31	29	26	26	24	22	23	26	30	41	42	69	75	76	75	77	75	73	73	73	73	68	70	73	70	41	43	46	59	38	44	51	55	54	53	52	51	47	41	35	26	26	25	23	20	18	19	21	24	26	26	23	23	28	27	18	18	31	38	36	41	46	49	57	68	73	74	66	70	79	72	68	72	74	74	72	72	72	67	54	56	58	55	62	62	62	
82	82	82	79	68	55	53	94	93	88	94	78	56	55	104	78	51	44	55	75	78	71	51	48	60	81	79	104	104	110	88	82	67	83	51	33	34	37	75	74	64	46	28	26	24	26	25	22	24	28	29	36	37	73	71	71	79	79	76	73	73	73	71	69	69	71	76	62	63	63	73	58	64	67	58	53	49	48	46	43	36	29	24	20	19	22	21	16	18	21	26	31	33	31	29	36	39	33	32	41	44	41	48	52	55	61	70	75	66	68	79	86	90	83	77	72	69	69	71	69	64	54	57	61	57	64	69	69	
84	84	86	81	73	59	63	114	114	108	103	79	54	69	104	86	51	46	53	69	78	71	52	50	60	68	69	84	84	95	81	87	65	79	49	35	38	45	79	74	64	51	35	33	33	31	28	29	36	41	43	48	48	74	75	74	77	75	74	73	74	74	71	70	69	71	76	71	71	64	66	58	60	59	53	48	45	44	42	37	31	28	31	24	20	21	21	19	28	26	28	29	23	23	34	38	39	47	50	49	49	46	48	49	54	63	69	68	71	84	94	93	91	86	65	56	62	64	61	58	57	53	55	58	57	65	71	71	
86	86	88	82	78	59	61	93	99	111	116	90	62	67	75	80	53	40	54	66	79	71	54	54	68	68	61	71	69	76	74	79	64	79	53	37	37	46	83	74	66	61	51	50	48	39	34	38	43	49	54	59	66	73	74	76	78	78	76	74	73	72	71	67	66	65	63	58	54	52	51	49	48	48	48	44	38	38	35	29	23	21	24	20	15	11	9	9	15	23	24	20	22	37	40	31	36	48	49	46	44	39	44	48	54	62	66	74	85	88	88	87	82	74	56	53	64	66	54	51	58	58	56	56	55	64	68	68	
89	89	90	85	81	63	59	70	76	88	91	65	47	58	89	83	56	44	52	61	73	65	52	51	60	63	59	66	64	69	67	70	63	77	53	38	39	49	82	74	67	66	64	65	61	52	51	54	49	52	63	70	74	78	78	77	78	78	77	74	71	68	68	62	58	56	51	47	44	42	41	42	42	41	39	38	34	32	31	31	27	22	28	27	26	24	24	24	23	24	23	25	33	36	39	48	58	63	64	61	51	41	52	54	55	62	70	83	88	86	83	83	81	63	61	63	65	66	53	44	49	51	54	55	54	63	67	67	
91	91	92	88	84	64	58	61	69	72	59	49	60	74	103	80	59	44	48	54	61	55	48	47	54	61	63	67	67	71	71	72	61	77	53	39	40	51	85	76	67	66	64	63	64	59	62	68	59	54	64	77	79	81	81	80	79	76	73	71	70	66	61	57	53	48	44	40	38	38	36	35	34	33	33	32	30	26	26	31	32	25	15	14	13	12	16	20	15	13	24	36	31	28	41	54	61	61	65	63	52	47	52	51	54	65	76	81	84	86	86	87	88	75	68	68	71	73	71	59	52	53	58	59	54	61	64	64	
93	93	93	89	86	66	59	63	70	68	55	43	45	75	87	64	59	36	46	46	46	41	41	44	51	62	63	65	66	71	72	71	62	78	53	39	40	51	87	79	68	68	68	63	62	61	66	73	68	59	64	77	78	81	82	81	79	77	73	70	68	61	53	46	41	38	33	31	29	28	25	24	24	26	28	30	29	23	19	25	28	22	20	23	23	20	19	19	14	25	31	32	34	36	48	60	60	60	66	64	51	41	44	49	60	71	76	79	81	83	81	78	77	74	62	65	74	73	74	69	63	59	65	63	54	59	62	62	
93	93	93	90	88	66	58	61	69	70	77	71	56	72	84	60	57	41	46	38	36	29	33	36	43	59	66	66	68	72	73	70	63	78	53	39	40	51	84	76	66	68	69	61	59	66	73	76	76	73	75	84	83	83	84	81	78	76	75	69	58	48	41	33	29	27	24	22	21	19	17	18	20	23	26	30	33	29	23	26	27	19	16	21	23	18	13	11	21	26	23	31	55	57	55	60	61	60	61	60	51	39	46	57	69	77	77	78	78	81	78	74	75	76	71	74	79	77	75	71	63	59	68	68	59	64	63	63	
93	93	93	90	88	67	59	64	73	66	73	76	66	69	64	58	65	31	42	34	31	26	34	40	49	64	67	66	68	71	71	68	63	79	53	39	40	50	82	76	69	73	73	64	59	68	73	71	76	83	81	79	79	81	84	83	81	74	75	69	47	33	30	27	24	23	21	19	18	18	18	21	24	28	27	24	21	23	18	21	23	15	17	19	18	14	14	18	29	26	25	32	37	42	49	56	58	55	50	50	50	44	52	59	68	76	79	81	79	79	76	72	74	78	81	80	78	79	77	76	71	63	70	68	61	64	65	65	
93	93	93	91	88	68	60	63	73	64	66	66	61	69	63	56	61	32	42	35	38	40	40	44	52	63	65	68	68	73	73	73	64	80	53	38	41	49	68	66	68	80	77	79	70	66	63	68	77	88	85	76	77	79	79	79	79	77	71	69	41	30	30	29	28	25	23	21	21	23	21	21	25	30	29	23	17	19	16	21	25	20	26	24	21	21	24	26	25	29	33	43	44	41	48	53	48	39	38	44	47	47	53	58	66	75	80	83	79	76	74	73	72	74	73	76	83	83	81	80	76	63	68	64	64	64	64	64	
94	94	94	91	89	69	61	68	76	68	68	69	64	67	58	53	63	34	44	38	49	59	56	46	42	53	64	68	69	75	73	73	67	82	54	38	40	49	76	74	71	79	78	80	74	71	69	71	77	84	82	78	79	81	81	81	80	77	74	64	36	30	32	29	30	29	27	26	27	26	26	26	24	23	27	24	12	13	13	21	24	19	23	16	17	27	29	22	22	31	38	49	48	43	49	51	43	41	48	53	49	46	48	54	68	80	84	88	85	82	79	77	75	77	78	81	83	81	81	78	73	63	69	66	64	64	68	68	
95	95	96	91	90	71	61	64	74	64	62	61	57	65	53	46	60	35	46	52	65	62	52	42	44	59	62	68	70	76	74	74	67	82	53	38	41	51	79	79	76	81	79	78	76	74	73	74	77	81	81	79	81	82	83	82	81	76	74	56	32	29	28	26	30	33	30	26	26	25	27	29	24	22	26	28	20	19	20	28	31	27	28	31	33	31	28	25	25	33	39	49	46	41	49	53	47	46	52	53	48	51	57	68	78	84	85	76	75	73	73	72	69	77	82	82	79	76	74	74	73	64	72	68	66	64	69	69	
96	96	98	92	92	74	62	63	76	69	68	67	63	64	49	44	58	34	48	66	81	69	58	48	49	62	59	64	68	74	73	72	63	80	53	39	43	52	89	84	76	74	75	73	79	83	84	83	79	74	77	83	84	85	85	84	83	76	71	49	31	28	27	32	33	31	28	26	27	29	31	33	33	32	33	33	30	28	28	31	33	30	31	38	39	31	24	24	27	35	41	50	51	51	54	54	57	55	55	53	51	56	64	73	74	75	78	81	79	78	76	73	69	71	76	78	78	78	79	76	73	65	74	72	71	68	71	71	
97	97	99	92	93	75	62	63	79	75	75	74	71	64	50	49	63	34	48	67	83	73	63	49	47	62	58	63	64	71	70	70	61	79	54	39	42	50	83	81	80	78	78	71	80	86	89	87	81	73	76	84	86	86	87	86	84	78	72	49	33	31	40	51	48	43	38	33	28	26	28	29	30	30	31	31	31	30	31	31	34	36	39	39	39	38	33	28	29	38	41	48	46	48	53	57	61	59	59	58	58	61	66	71	68	64	65	64	64	64	64	61	56	63	71	72	74	78	78	74	69	60	68	68	71	69	71	71	
98	98	99	92	93	76	63	64	82	78	76	73	67	61	53	56	70	37	48	68	88	81	68	48	46	64	58	61	61	68	67	68	61	79	55	40	40	46	72	81	95	98	90	71	79	89	93	91	83	73	76	86	86	88	88	87	85	81	75	53	34	34	58	83	83	81	76	57	34	29	35	35	32	31	35	38	38	39	36	33	35	39	39	41	39	33	28	28	28	37	42	49	49	51	59	63	63	61	63	63	61	62	73	94	103	100	98	91	89	88	86	80	74	78	79	76	74	75	69	66	65	53	61	63	69	68	69	69	
98	98	96	91	89	83	59	60	78	80	76	76	69	66	58	54	74	39	51	69	89	88	70	50	43	64	58	64	62	68	72	65	59	81	46	42	39	41	53	54	84	73	78	71	66	81	91	91	88	77	78	86	86	84	84	85	86	81	74	59	36	38	64	88	91	88	88	66	33	33	37	38	36	34	38	38	39	38	43	35	45	48	44	37	40	38	31	30	29	37	41	43	51	57	62	65	64	63	67	69	66	56	83	113	109	107	101	94	94	96	98	99	99	101	104	101	101	104	101	98	98	64	64	65	62	68	69	69	
95	95	98	96	92	80	54	59	78	82	78	78	72	63	60	59	76	40	53	72	92	92	72	52	45	70	64	63	67	69	69	68	63	80	48	39	35	51	64	49	52	39	50	46	50	72	89	89	84	78	78	81	85	89	89	86	84	81	74	60	37	41	67	83	73	76	78	71	37	37	36	34	39	48	49	57	60	46	44	49	58	69	76	46	42	34	29	26	28	38	42	45	53	60	64	68	65	62	63	63	61	57	86	114	109	104	98	92	94	97	100	101	100	98	99	97	96	99	96	95	98	61	59	64	63	69	78	78	
96	96	96	94	89	81	57	54	73	76	71	73	70	68	66	63	77	43	54	71	94	96	73	52	46	76	75	73	74	73	71	73	63	79	51	40	37	55	58	51	44	35	45	49	57	73	91	88	82	79	81	82	81	82	83	84	84	80	75	61	39	44	71	84	52	54	56	71	44	36	41	43	35	64	53	50	73	57	49	56	41	45	81	41	41	31	29	25	29	39	44	47	54	61	64	67	66	64	67	66	62	56	89	113	107	101	93	89	93	97	99	99	98	95	94	93	92	93	91	91	97	57	53	63	64	68	79	79	
88	88	84	80	75	69	53	56	73	73	67	71	73	61	54	53	71	46	57	73	96	99	75	53	46	80	92	94	81	74	76	75	64	83	54	41	37	38	56	67	64	61	68	68	72	75	79	78	78	80	78	72	71	74	79	82	83	79	76	60	40	49	75	87	40	41	39	73	47	36	32	38	39	61	39	36	53	44	48	63	42	43	77	43	46	30	28	26	30	41	45	48	53	59	63	65	63	63	64	61	56	55	93	113	108	101	93	89	95	101	102	101	100	98	95	94	94	94	93	94	99	58	55	69	69	69	74	74	
68	68	67	70	69	67	57	61	76	74	66	71	74	58	51	51	70	49	56	74	97	99	75	56	47	75	83	88	70	64	66	63	63	76	50	41	39	36	75	81	78	87	98	85	78	72	62	58	59	60	54	47	41	44	58	74	83	79	76	59	39	50	76	81	36	39	36	74	38	36	41	41	38	58	49	43	54	46	56	70	70	74	59	42	42	28	28	31	30	39	44	47	53	58	59	61	61	63	66	62	56	53	96	113	108	100	93	91	97	103	103	101	101	98	93	93	95	94	94	96	98	59	62	73	70	68	74	74	
76	76	68	63	60	62	56	61	79	78	68	69	69	53	53	57	74	50	56	73	94	94	72	55	44	71	79	79	79	79	79	80	79	76	51	41	39	49	99	109	111	116	118	98	69	48	35	32	33	39	35	33	37	51	66	76	79	78	76	59	38	51	76	78	38	38	34	74	36	33	38	40	40	54	59	49	50	43	46	39	41	36	38	38	39	31	28	24	25	35	42	46	53	59	61	63	63	66	69	64	58	58	103	117	111	101	93	95	101	106	106	105	106	100	94	95	98	97	97	99	97	60	69	78	70	69	71	71	
78	78	73	75	78	79	61	68	85	79	79	76	65	65	66	66	68	46	51	73	100	89	74	59	51	79	91	86	83	81	81	82	85	83	66	43	36	46	90	90	94	79	65	57	44	44	41	49	53	63	61	61	47	73	83	85	81	78	72	56	40	52	80	80	43	41	36	77	35	34	36	36	38	41	43	38	40	42	39	34	33	39	39	35	36	28	23	18	25	37	43	48	55	57	62	68	67	66	67	63	56	53	104	113	109	101	94	97	105	104	101	103	103	96	93	94	96	96	96	95	99	46	60	71	67	65	74	74	
87	87	85	89	92	91	64	68	89	86	83	81	73	78	74	68	64	45	48	68	97	109	124	87	51	74	86	86	84	77	67	59	53	48	36	26	33	48	83	72	84	79	66	71	71	78	68	66	56	56	53	61	44	76	83	85	84	76	70	55	41	53	83	76	44	44	41	78	36	38	41	37	35	41	45	49	59	48	53	76	77	78	56	39	37	34	32	28	29	40	47	51	56	57	57	59	61	63	63	61	55	53	105	110	108	101	95	99	106	103	99	101	99	94	93	93	94	94	96	92	94	41	56	64	63	64	71	71	
95	95	94	96	96	95	67	68	92	97	78	76	68	67	63	56	57	44	46	64	79	80	99	74	38	44	43	39	34	34	38	40	38	38	39	38	37	36	63	48	62	64	46	44	38	44	40	39	32	38	39	49	44	80	83	83	85	76	71	55	41	54	83	88	69	68	60	78	34	35	38	40	48	68	82	84	76	49	53	80	76	72	61	38	34	36	37	29	29	43	51	53	55	59	58	58	63	68	69	66	59	58	106	110	107	99	95	101	106	103	98	99	97	93	92	93	93	94	95	93	83	46	59	61	59	68	69	69	
94	94	96	97	96	96	69	67	78	81	63	68	67	69	68	59	55	43	48	63	76	59	57	53	36	33	39	40	41	41	41	41	41	39	35	31	28	27	41	31	36	39	34	32	28	38	35	34	25	33	37	51	45	82	84	83	83	76	72	54	40	54	82	92	86	87	80	79	35	36	41	41	48	68	80	78	73	53	58	77	74	79	55	36	34	34	34	28	30	43	52	54	54	59	57	54	59	66	66	63	58	63	108	110	106	98	96	103	104	101	97	97	95	92	91	92	93	93	94	95	71	48	61	63	59	68	72	72	
93	93	99	98	97	98	71	64	73	80	73	68	59	58	58	48	41	31	38	54	79	78	65	48	40	38	36	35	36	39	43	45	39	36	31	28	32	38	50	51	46	40	33	25	21	34	32	31	24	33	37	49	41	78	85	85	83	76	73	54	39	56	82	85	86	89	88	77	36	35	39	41	51	75	84	79	74	51	61	78	72	78	50	38	39	36	33	28	33	43	52	56	54	58	59	56	60	68	66	62	59	69	109	110	104	98	97	104	103	100	96	95	94	91	91	91	92	93	93	95	58	49	59	63	59	64	73	73	
87	87	94	91	88	90	64	62	51	39	43	43	48	49	48	42	43	43	50	58	72	74	66	47	43	44	51	50	47	41	34	31	33	41	49	55	54	52	57	66	68	59	33	19	21	33	29	28	21	27	31	47	40	78	84	84	83	76	73	54	39	56	82	83	85	83	85	71	36	38	42	40	47	71	78	72	70	44	59	81	76	83	46	34	36	33	31	26	36	43	52	59	58	59	58	51	54	61	59	57	57	74	110	109	102	96	97	103	100	98	96	94	93	91	90	91	91	92	93	93	49	57	56	61	60	64	71	71	
76	76	85	81	79	77	52	48	48	45	53	45	44	49	48	47	48	51	53	58	65	62	56	49	41	33	36	33	31	36	44	52	55	56	61	68	74	78	81	82	76	60	29	24	26	35	29	31	25	29	33	48	43	80	84	83	83	76	73	53	41	55	82	81	81	77	80	68	37	39	43	41	49	73	84	75	72	47	61	76	67	83	45	35	34	33	31	28	38	46	53	58	59	59	60	56	59	65	64	63	58	76	109	109	101	96	97	103	99	96	95	94	93	89	92	89	93	92	92	89	49	58	58	60	60	64	69	69	
61	61	68	63	63	58	42	38	38	36	40	36	39	45	43	46	42	48	48	46	45	43	39	34	29	32	42	48	54	58	64	69	72	76	81	83	82	80	83	85	78	62	32	28	26	38	29	33	28	29	33	48	41	79	84	84	83	76	72	51	43	54	82	80	81	77	77	66	35	38	43	42	53	72	83	73	70	45	66	79	65	86	41	38	35	32	30	29	37	48	53	56	59	59	59	56	62	66	66	66	55	79	108	108	99	98	97	103	99	94	93	93	93	86	96	87	93	91	90	80	51	54	59	59	59	66	67	67	
34	34	36	34	34	33	28	33	32	35	34	32	35	37	36	45	42	44	49	45	46	48	49	51	52	57	66	71	74	78	81	84	85	84	84	84	84	84	88	89	81	64	34	29	24	36	30	33	29	33	36	48	41	79	84	83	83	76	71	49	43	55	81	78	79	76	76	65	34	39	44	43	53	72	81	71	69	46	68	79	66	84	39	36	34	31	29	28	37	48	53	56	59	59	59	56	61	66	67	67	58	85	110	106	96	95	99	102	98	94	93	93	92	87	96	88	90	88	90	69	45	58	58	58	61	68	66	66	
41	41	44	46	44	43	42	36	36	46	37	40	44	43	38	52	50	53	69	68	71	71	72	73	74	78	83	84	84	84	83	84	86	85	85	86	88	89	89	89	81	64	33	29	24	39	33	34	31	35	38	48	41	79	83	83	81	74	71	48	43	56	80	77	79	76	75	64	35	40	44	42	53	73	80	69	68	46	71	79	67	81	38	36	34	32	29	28	36	48	53	55	58	58	56	54	59	64	66	66	59	89	111	106	95	95	101	99	96	93	92	92	91	87	95	89	89	88	90	61	45	59	56	61	61	63	63	63	
59	59	54	41	34	33	33	32	33	51	36	43	48	50	38	51	46	51	84	82	81	80	80	81	81	82	82	83	85	86	86	86	84	85	86	87	87	86	88	89	80	63	31	26	23	39	33	31	27	31	34	48	41	79	83	81	80	74	70	46	42	57	79	75	78	76	74	63	34	41	45	42	53	73	78	67	65	46	74	78	67	78	37	36	35	33	29	28	34	46	51	53	56	56	54	51	57	62	64	65	60	92	109	106	97	96	102	97	94	92	91	91	89	87	92	90	89	89	86	54	45	58	56	67	62	62	64	64	
80	80	68	41	30	29	26	28	29	53	30	40	47	40	31	52	48	46	80	80	83	83	83	84	86	86	84	83	84	85	84	82	83	84	84	84	83	83	86	87	78	61	29	24	19	37	31	26	23	27	31	48	41	78	83	81	80	73	69	44	41	58	79	74	78	76	74	62	34	41	46	42	53	73	77	64	63	45	75	76	66	74	35	35	34	32	29	27	34	46	50	53	56	56	53	49	56	61	64	65	64	98	107	103	98	97	102	95	93	91	91	90	88	86	89	89	89	87	76	46	47	58	59	70	61	63	62	62	
81	81	73	46	33	32	24	29	29	56	29	38	45	41	29	51	48	46	88	84	83	83	84	86	88	87	83	82	83	86	85	83	83	83	82	82	83	84	86	86	77	59	28	23	19	37	33	28	24	28	32	48	43	78	83	81	79	73	69	43	41	59	78	71	75	75	73	61	34	41	44	41	53	73	76	64	61	44	75	75	66	71	33	33	33	30	27	25	34	46	51	54	57	56	53	49	56	62	64	66	68	104	106	100	96	96	101	94	92	90	90	89	88	86	88	89	88	84	66	41	53	63	63	68	57	64	63	63	
89	89	69	51	27	28	24	29	33	53	33	38	41	47	34	51	47	44	85	85	88	88	88	86	84	85	87	87	87	87	87	87	86	86	86	86	86	87	88	88	76	58	27	26	27	38	43	29	23	23	26	48	48	81	84	84	78	74	67	42	37	59	75	58	61	63	64	54	32	37	39	39	53	76	74	67	61	44	73	76	69	65	32	33	30	25	23	24	35	46	52	55	57	54	49	49	56	61	61	61	73	99	104	97	94	98	98	93	94	90	87	88	87	83	94	87	87	82	58	39	58	61	61	64	64	69	62	62	
92	92	74	54	28	28	26	29	34	52	34	36	38	49	36	49	48	46	86	86	88	88	88	86	84	85	87	87	87	87	87	87	86	86	86	86	86	87	88	88	76	59	28	26	28	39	43	30	23	24	28	48	44	78	83	84	79	73	65	41	37	60	75	74	73	64	60	50	35	39	38	38	51	74	73	66	53	45	78	74	70	61	33	33	29	24	23	25	36	47	52	55	58	54	49	48	55	62	63	62	73	99	103	96	94	98	97	93	93	89	87	88	86	84	91	86	86	80	48	43	58	63	61	64	66	73	68	68	
94	94	78	58	28	27	28	30	34	50	34	34	35	43	35	49	49	44	84	86	88	88	88	86	84	85	86	86	86	86	86	87	87	86	86	86	86	86	88	88	76	59	28	26	27	34	38	29	23	25	29	46	43	78	82	83	79	71	63	40	38	61	76	76	78	78	76	56	36	35	35	39	55	74	71	66	55	46	73	64	67	54	33	32	28	24	24	28	37	48	53	56	57	53	48	47	53	61	64	62	73	100	102	94	94	98	95	93	91	88	87	86	85	86	88	85	85	76	39	49	59	64	61	63	69	75	69	69	
94	94	77	59	28	26	28	30	34	48	36	33	32	30	32	48	49	41	81	86	88	88	88	86	84	85	86	86	86	86	86	87	87	86	86	85	85	85	89	89	78	60	30	29	29	36	39	33	27	27	31	46	46	81	81	79	79	70	61	38	37	61	75	78	77	74	73	51	39	38	36	40	54	71	71	67	49	42	68	62	68	53	32	31	28	24	25	29	38	48	53	54	55	51	45	44	49	57	59	60	74	101	99	93	94	97	93	93	88	86	86	85	84	88	86	85	85	67	36	52	58	64	62	63	71	71	66	66	
93	93	75	60	31	26	27	29	33	46	38	32	31	31	33	45	51	43	81	86	88	88	88	86	84	85	86	86	86	86	86	86	88	86	85	84	84	84	89	89	78	60	30	29	29	35	42	39	34	33	38	53	46	81	82	79	79	70	61	37	37	61	74	78	77	77	77	49	38	36	31	32	43	59	63	61	47	44	61	53	52	39	30	31	29	26	26	29	38	48	51	53	53	49	44	43	49	53	55	59	77	103	98	91	94	96	91	92	86	85	87	84	83	87	83	84	83	54	39	50	55	62	63	66	73	66	59	59	
94	94	74	62	33	28	27	28	33	44	39	32	31	40	36	42	52	47	81	86	88	88	88	86	84	85	86	86	86	86	86	86	87	86	85	84	84	84	89	89	78	61	31	29	31	38	51	54	53	54	58	61	44	78	84	81	78	71	61	36	37	60	72	74	73	75	77	48	38	31	26	33	46	57	56	51	41	39	42	29	28	27	29	31	31	28	27	30	38	47	51	53	52	47	43	44	50	52	52	60	80	103	98	90	93	96	89	92	85	84	87	83	81	85	80	82	81	42	42	46	53	59	63	67	74	64	62	62	
96	96	83	64	34	28	30	30	33	43	44	31	33	36	34	41	53	44	81	86	88	88	87	86	84	85	87	87	86	86	86	86	87	84	83	82	83	84	87	89	79	64	52	54	60	62	69	67	69	64	63	58	43	78	81	81	74	68	56	36	36	61	68	71	73	74	76	44	39	35	27	26	34	37	36	34	30	29	36	27	29	24	29	32	31	29	29	31	40	45	48	50	49	44	42	43	48	49	49	52	87	100	93	92	93	92	91	88	84	85	84	81	81	86	76	80	71	40	45	53	57	56	59	68	73	64	58	58	
95	95	84	64	34	29	31	31	33	43	46	31	33	33	34	42	54	43	81	87	87	87	86	85	84	84	86	86	85	85	84	84	86	84	83	83	83	83	85	86	79	70	64	65	64	67	74	55	44	35	43	51	39	72	77	79	74	68	55	36	34	60	66	56	58	64	73	41	36	36	34	31	30	29	28	28	33	30	33	25	27	26	28	30	29	27	28	31	41	44	47	49	48	44	41	40	46	49	50	53	90	98	92	92	93	91	91	87	84	84	83	80	81	84	76	79	65	36	43	51	55	56	60	69	73	65	56	56	
94	94	84	63	36	30	31	32	34	42	49	32	33	34	35	41	56	40	76	84	86	86	86	84	83	84	84	84	84	84	83	83	84	84	84	83	82	81	89	87	76	62	46	39	36	47	63	41	26	24	36	45	44	74	79	80	73	68	55	35	34	59	65	57	56	57	65	38	34	34	36	33	28	28	29	28	29	29	36	37	41	48	30	31	29	27	29	33	41	44	47	49	47	43	39	39	45	48	50	55	92	96	91	92	93	91	91	86	83	83	82	79	80	81	77	79	61	36	46	53	54	55	62	70	72	64	56	56	
93	93	86	63	38	31	31	33	36	42	52	33	33	36	36	39	61	44	74	84	86	86	86	84	83	84	85	84	84	84	84	83	84	84	84	83	81	81	88	87	76	53	27	20	21	39	61	41	29	29	38	44	49	68	74	79	72	68	56	36	34	60	66	68	64	61	65	36	34	35	36	33	28	29	33	36	43	48	54	57	54	64	31	31	30	28	29	34	41	44	46	48	46	41	39	41	46	48	49	56	93	95	90	91	93	91	90	84	82	82	81	78	79	77	77	77	55	38	49	57	54	56	63	69	69	63	55	55	
94	94	88	63	40	33	29	34	36	41	55	33	31	31	32	36	63	44	74	86	86	87	86	84	84	84	85	85	84	84	84	84	84	83	83	82	81	81	85	86	76	52	23	18	22	40	63	44	34	31	36	43	44	46	56	71	73	66	54	34	34	60	66	66	68	69	71	37	33	34	34	39	48	53	57	60	59	65	65	65	52	63	28	29	29	26	28	32	41	44	46	48	45	40	39	42	47	48	49	59	96	94	90	91	92	89	88	83	81	81	80	77	78	76	78	72	47	36	46	57	56	55	62	67	67	61	52	52	
96	96	90	64	42	34	29	34	38	40	57	33	31	31	39	42	66	40	73	88	88	88	87	86	84	84	84	84	83	83	83	83	85	83	81	81	81	82	86	82	73	51	23	18	19	38	61	40	29	24	29	39	44	38	49	69	74	63	51	32	33	59	66	63	68	69	69	34	33	35	33	46	67	70	67	66	59	64	63	63	46	61	28	30	30	28	29	32	41	44	46	47	44	39	37	40	46	47	50	62	99	94	90	92	91	88	86	83	80	81	79	76	77	75	78	69	43	39	49	58	54	53	61	66	68	62	48	48	
98	98	92	66	48	36	36	39	42	46	64	51	55	55	63	66	74	41	73	88	87	86	84	84	84	84	85	85	84	84	84	84	85	84	82	81	81	81	78	73	61	52	29	23	20	34	52	37	26	29	38	38	38	35	43	62	63	58	49	33	31	57	66	66	65	69	71	34	33	37	34	50	71	72	66	63	63	66	64	61	50	54	29	33	33	28	26	30	41	45	45	43	39	36	38	41	48	51	51	75	98	91	88	89	89	85	83	82	81	81	79	78	77	76	75	64	41	39	55	56	53	50	60	65	65	60	44	44	
97	97	90	66	53	41	44	59	67	68	82	77	78	80	79	79	80	44	73	83	82	81	83	84	84	85	86	86	86	86	86	85	85	84	83	81	81	80	76	62	41	38	25	21	20	34	51	48	35	28	25	20	29	34	33	53	64	59	46	28	31	58	58	63	70	73	64	30	34	39	36	51	69	72	69	63	60	59	58	58	56	51	28	31	31	26	24	28	41	45	44	41	36	35	39	43	53	54	51	84	96	88	86	88	87	83	81	81	81	81	79	79	78	78	72	59	36	42	54	54	52	50	60	64	64	60	43	43	
100	100	93	76	75	71	73	75	84	81	91	83	78	73	65	66	71	40	67	83	83	83	86	86	84	82	83	83	82	82	82	82	82	82	81	80	79	79	75	54	33	41	41	42	36	29	19	14	14	18	23	22	21	37	41	41	40	51	44	35	41	60	55	51	65	68	55	31	31	33	30	45	61	63	61	56	55	56	59	54	40	26	23	26	26	23	23	27	38	40	39	38	33	31	36	43	54	54	51	84	96	88	86	88	86	83	81	81	81	81	80	79	78	78	69	48	34	47	47	52	51	53	61	64	68	63	42	42	
98	98	90	74	78	76	76	76	74	75	83	62	61	59	54	63	71	41	68	84	83	82	84	86	85	83	81	81	81	81	81	81	82	81	81	80	79	79	76	56	33	33	24	19	17	18	18	21	24	21	18	16	28	45	43	43	53	46	39	40	40	53	65	48	50	63	63	43	33	34	33	48	60	61	58	52	50	41	32	28	26	24	23	25	25	22	22	24	34	34	34	36	30	28	34	42	54	54	51	84	95	87	86	88	85	81	81	81	81	81	81	80	79	77	70	36	37	44	46	51	52	53	62	67	68	59	39	39	
98	98	90	71	73	69	66	66	53	64	77	50	53	54	51	64	71	36	59	81	83	84	85	86	86	83	79	79	79	79	80	81	81	81	81	80	79	79	72	55	34	32	24	24	23	22	20	19	18	18	18	18	21	39	51	48	53	51	38	43	41	42	53	44	41	58	58	41	39	41	34	44	49	46	42	29	23	26	27	25	22	21	24	24	24	21	19	20	32	31	32	36	30	28	33	41	52	53	52	84	92	86	86	88	84	81	82	81	81	81	81	81	80	78	67	34	43	44	51	53	54	53	62	69	66	53	38	38	
96	96	93	73	72	66	59	55	41	56	78	51	49	56	51	65	74	38	57	73	76	84	86	85	86	84	81	81	81	82	82	83	84	84	84	83	83	83	74	56	34	32	24	26	24	23	23	20	17	16	16	23	31	30	28	21	32	46	44	49	40	36	36	38	36	45	43	41	43	43	31	32	30	26	26	21	25	24	24	25	26	26	21	21	20	18	17	17	28	24	26	33	28	26	33	40	49	51	54	83	89	86	87	88	83	80	82	81	81	81	81	81	81	80	50	38	41	50	51	54	53	54	61	67	64	53	39	39	
94	94	89	68	59	54	45	56	46	59	81	55	49	39	31	46	62	33	44	49	51	74	81	83	89	84	81	83	83	83	83	84	86	85	84	84	84	84	71	51	32	31	24	20	18	16	15	15	16	19	18	18	18	17	21	14	16	36	45	38	18	24	36	40	35	38	41	49	44	41	34	33	30	29	34	28	26	26	29	31	26	21	19	18	18	18	17	16	24	19	21	26	24	26	34	46	51	51	55	79	88	86	87	87	83	81	83	82	81	82	82	83	81	76	33	37	38	51	47	51	51	55	61	64	64	54	41	41	
93	93	89	76	54	59	50	66	54	61	75	48	51	42	46	51	61	36	41	44	42	74	81	81	89	81	84	86	87	86	86	86	88	86	84	84	83	81	65	39	29	33	33	30	25	21	19	19	18	17	18	19	16	18	14	12	15	13	22	24	19	23	33	37	37	36	34	33	36	39	33	34	31	28	33	25	24	25	24	25	19	19	18	17	18	20	20	19	26	19	19	18	21	31	35	49	53	48	49	59	79	86	86	85	83	83	84	84	82	83	81	84	81	62	31	33	40	43	45	44	49	48	58	60	63	52	44	44	
93	93	81	76	62	60	54	57	54	61	74	51	44	48	65	68	61	31	36	41	41	69	82	81	83	84	84	84	84	85	87	88	84	84	84	84	81	77	71	50	40	38	29	23	21	21	20	19	18	16	16	15	13	14	13	11	13	13	30	34	23	26	43	29	26	24	23	34	39	45	39	38	33	28	31	26	23	19	22	24	17	18	18	19	21	23	23	23	28	19	17	16	23	38	46	47	49	46	39	54	82	85	86	85	83	83	84	83	83	83	79	83	82	46	33	36	36	41	42	41	48	47	56	58	60	50	43	43	
91	91	76	70	60	59	69	56	53	50	60	53	44	43	42	29	23	20	28	33	39	59	79	81	79	88	88	86	84	83	81	79	81	78	76	73	69	64	38	26	26	31	29	28	22	18	18	16	16	14	14	13	11	12	13	13	13	18	26	40	45	35	24	24	26	26	24	28	29	29	25	28	31	32	27	22	21	16	23	28	21	24	24	27	28	24	23	23	29	20	17	15	23	37	49	51	40	34	34	51	80	84	86	85	83	83	84	83	83	84	82	83	71	39	34	37	35	34	35	41	49	49	58	57	59	51	42	42	
78	78	47	52	59	51	46	48	50	48	49	44	33	21	21	18	18	23	26	30	37	49	72	80	76	83	80	79	81	80	76	71	64	56	48	39	33	28	24	22	23	22	19	17	15	13	13	13	13	15	14	13	11	11	14	14	12	14	23	38	45	43	46	45	41	36	33	28	33	31	29	23	28	31	25	21	23	21	24	29	26	29	26	30	30	26	24	28	33	25	24	21	23	32	39	51	41	40	53	63	77	84	86	84	83	83	85	85	83	84	86	81	55	40	34	33	36	31	34	42	47	47	54	53	55	50	46	46	
66	66	47	51	53	44	38	36	35	30	24	26	22	27	30	34	33	32	34	31	33	39	61	79	77	80	81	74	66	58	47	38	41	36	31	28	25	22	19	20	19	14	11	11	13	12	11	11	15	20	18	9	9	12	19	24	21	20	16	21	28	34	46	44	39	36	35	35	43	46	48	34	30	33	28	31	35	36	29	30	28	29	29	34	34	28	28	34	37	31	33	32	34	41	40	47	36	39	66	78	81	84	85	84	83	84	85	85	83	84	85	78	46	36	38	31	34	31	35	44	48	49	55	53	55	51	48	48	
63	63	49	38	26	20	19	23	31	39	37	41	41	42	34	36	36	31	23	18	22	26	50	76	78	67	50	44	39	37	32	27	31	28	25	21	15	11	12	15	13	8	6	9	9	7	5	6	12	20	23	21	19	18	23	26	20	21	18	19	14	11	23	43	48	48	44	45	43	47	54	44	38	36	32	43	53	54	37	33	31	30	40	44	42	33	34	41	46	39	39	34	32	36	37	41	42	51	78	83	77	84	85	84	83	84	85	83	83	83	81	74	44	33	46	35	29	30	32	41	49	49	55	53	55	51	46	46	
53	53	39	34	31	32	39	41	42	39	38	42	41	36	33	29	24	23	26	32	37	45	45	35	27	28	29	35	31	23	19	21	21	21	17	16	16	12	11	11	14	18	17	11	10	13	16	19	23	26	24	19	21	21	19	21	27	16	21	28	23	15	19	18	27	32	43	45	47	57	74	56	56	46	44	73	83	74	52	36	34	43	37	41	55	47	54	51	46	47	51	46	31	31	36	36	39	58	85	98	92	86	87	85	82	81	82	79	81	79	76	60	31	39	38	38	37	23	24	34	42	49	48	51	56	55	49	49	
48	48	36	39	42	39	38	38	40	39	39	38	33	29	26	25	26	31	36	37	33	26	27	34	36	32	30	26	19	17	18	20	10	14	14	13	13	10	9	8	10	15	18	16	16	18	21	23	24	23	23	21	19	20	17	15	19	30	28	36	29	22	35	34	48	35	41	56	46	54	79	84	93	80	76	83	59	61	54	55	51	49	40	39	56	53	59	63	56	50	48	43	33	36	39	41	44	49	63	74	78	81	81	84	86	85	83	83	81	81	78	52	31	42	39	40	38	28	26	33	43	50	50	51	53	53	52	52	
48	48	34	35	38	34	31	32	28	24	27	30	29	34	31	26	27	30	32	31	24	19	25	32	31	25	20	17	14	14	14	15	16	18	13	6	8	9	8	11	15	20	21	17	18	20	19	19	19	21	20	17	16	19	19	18	18	18	34	46	37	29	38	34	43	32	39	48	62	71	76	84	92	81	79	83	80	76	72	56	54	57	50	44	58	55	53	60	56	49	48	46	40	39	41	45	49	46	46	53	57	57	56	62	73	82	87	88	86	84	75	41	37	42	36	38	34	30	28	30	40	47	49	50	51	54	56	56	
36	36	26	24	26	28	30	30	31	35	36	31	26	29	32	36	39	35	26	24	19	21	26	19	16	19	16	19	16	12	11	12	20	22	16	11	15	19	23	19	14	14	18	22	20	18	16	16	17	18	20	19	19	24	24	22	23	29	29	33	45	48	39	34	36	33	39	38	66	94	86	82	99	98	100	96	93	93	93	71	61	55	51	46	60	62	54	63	58	51	49	48	44	41	43	48	54	56	54	53	54	51	50	49	54	63	71	79	86	90	74	41	46	41	34	34	33	30	33	36	38	42	46	50	54	59	57	57	
34	34	40	46	49	49	49	44	34	26	21	24	32	32	32	32	31	29	25	21	17	19	21	15	11	14	16	15	11	8	9	12	16	22	23	23	24	23	18	19	23	24	21	18	16	16	18	22	29	37	35	23	23	23	19	14	14	16	28	33	49	60	46	39	39	35	33	40	44	49	66	78	75	64	86	101	89	75	54	60	59	49	50	46	56	61	54	63	63	57	50	45	43	43	44	45	49	54	53	47	47	51	54	54	53	52	53	52	61	74	58	39	43	39	38	33	36	31	43	49	38	41	46	50	54	59	54	54	
53	53	49	43	39	36	33	33	34	34	27	20	23	23	24	22	19	18	19	19	21	13	11	24	24	13	12	12	16	20	22	21	23	24	23	22	23	19	19	21	23	23	24	26	24	25	33	38	38	34	28	19	20	20	16	14	18	18	18	33	44	43	49	46	43	44	38	52	53	47	53	53	59	48	67	95	103	84	58	61	61	52	51	48	52	58	56	66	59	57	55	51	49	48	48	45	47	53	52	48	49	48	48	51	54	55	54	51	48	54	38	43	44	36	41	31	39	31	51	63	43	44	49	50	50	54	51	51	
31	31	33	33	35	36	38	29	24	21	22	25	28	17	16	17	18	16	13	14	16	14	14	19	20	17	21	25	25	23	23	24	23	23	22	23	24	22	22	26	24	26	29	29	27	28	35	46	47	33	25	22	18	19	28	24	26	17	18	28	48	46	41	43	47	38	43	58	48	46	61	59	64	46	64	83	113	102	66	61	58	54	53	48	55	55	56	64	58	55	50	48	51	53	53	53	50	49	49	49	49	44	43	49	53	55	50	50	48	43	33	36	37	36	39	35	34	33	54	59	42	49	49	51	48	48	51	51	
29	29	36	38	34	28	25	25	21	16	14	14	13	16	13	9	9	12	14	9	11	19	26	31	33	29	24	26	26	25	24	23	19	21	21	18	21	29	31	31	22	22	23	21	27	28	24	38	47	31	30	43	46	43	51	34	20	16	26	31	36	37	44	43	55	39	36	42	35	49	70	68	65	43	69	96	93	91	85	71	62	57	52	51	53	54	59	61	59	57	51	48	52	54	55	54	48	46	48	54	56	43	39	49	57	59	48	48	47	39	32	33	33	36	38	38	33	32	48	54	43	51	50	53	49	47	51	51	
25	25	24	22	21	21	19	17	16	14	11	12	14	28	22	13	10	13	16	23	26	29	32	33	33	29	23	20	19	22	24	25	30	24	26	27	27	34	36	34	22	19	21	21	22	24	25	38	52	54	53	46	46	35	39	28	20	48	57	43	20	14	28	24	42	32	29	34	38	53	69	73	71	59	61	91	91	85	85	71	56	52	49	51	48	53	55	57	61	62	58	54	56	58	56	54	51	49	49	50	47	41	45	51	49	50	46	46	44	36	30	29	28	36	38	36	32	33	44	51	44	50	49	51	48	47	51	51	
34	34	21	13	14	14	14	16	15	10	5	5	8	19	22	24	28	29	27	26	25	24	24	26	28	28	26	26	28	29	31	33	31	26	28	26	19	18	33	36	23	16	18	23	26	38	51	58	61	58	53	46	38	29	23	23	27	48	53	36	18	19	34	24	36	28	31	34	36	57	68	63	60	69	54	71	71	62	70	70	61	59	48	48	50	59	56	63	64	63	59	56	56	59	58	56	56	53	48	43	39	39	51	53	41	43	46	48	43	36	31	29	29	35	36	33	31	38	49	52	43	49	47	49	46	47	53	53	
13	13	9	11	14	13	9	8	8	8	10	14	19	33	29	23	22	24	26	26	26	27	27	28	27	24	24	34	41	41	38	34	33	41	39	23	14	18	23	30	26	26	31	38	51	56	43	41	55	63	55	49	44	46	26	21	20	30	32	23	21	24	34	24	30	24	32	39	44	52	53	55	55	70	64	75	64	51	83	78	69	62	58	52	58	62	53	60	64	61	58	54	53	58	60	58	54	50	47	45	43	38	42	48	47	48	43	46	40	36	33	29	30	35	34	29	32	44	54	54	43	49	48	50	48	48	52	52	
17	17	29	29	18	9	7	11	14	20	29	32	32	24	23	24	27	28	28	27	26	24	26	29	33	39	45	46	47	47	43	36	28	34	24	13	16	18	18	27	31	39	44	39	32	37	42	51	66	65	50	47	45	48	34	26	15	13	24	32	38	37	44	42	46	36	32	33	49	68	68	82	90	82	74	90	78	63	81	68	62	56	57	56	59	58	58	58	66	63	59	56	54	63	65	61	57	54	51	49	48	44	44	51	54	58	50	48	40	38	36	33	34	36	33	30	33	46	52	52	43	49	46	49	47	46	49	49	
14	14	25	26	22	23	28	32	28	26	27	26	27	29	29	27	25	24	21	21	27	34	41	48	53	50	42	32	33	33	31	33	33	25	16	16	23	24	28	28	26	42	43	26	29	41	43	42	51	64	61	49	49	64	63	58	33	19	38	53	46	43	49	48	51	45	48	48	74	98	101	94	89	78	80	84	94	99	89	77	71	68	58	57	61	63	63	65	71	58	58	56	57	59	61	58	58	56	56	53	49	51	53	54	53	54	52	43	34	35	38	37	38	36	33	33	38	48	51	49	44	42	45	47	48	44	43	43	
22	22	31	39	39	37	36	34	31	33	33	33	35	23	23	22	24	31	33	38	44	46	43	38	29	24	28	23	29	29	28	39	33	24	23	25	25	28	33	26	18	41	45	26	30	39	46	46	51	63	61	56	64	88	96	95	56	19	38	61	60	61	57	63	62	53	64	65	81	84	91	72	59	71	70	58	70	107	95	81	73	75	65	68	69	73	53	63	62	56	58	52	59	60	49	47	54	53	55	65	61	54	56	55	52	49	48	36	31	34	41	40	41	37	32	34	43	51	53	51	46	36	44	45	49	43	38	38	
39	39	37	33	31	32	34	35	34	36	33	27	24	23	28	31	36	45	48	39	33	28	24	24	24	24	27	29	29	26	23	32	23	22	27	33	33	32	26	20	16	41	44	24	29	38	44	51	60	67	57	58	71	81	83	88	43	14	18	27	43	54	64	54	51	51	62	56	63	69	84	88	79	82	49	62	57	77	74	76	74	74	61	73	85	69	54	58	71	69	61	49	56	66	58	54	54	54	59	64	56	53	56	55	50	44	41	31	31	35	38	38	39	40	33	34	44	53	53	50	45	34	41	41	46	41	36	36	
34	34	35	38	39	39	39	33	29	27	28	32	36	37	43	46	44	37	28	24	24	21	19	19	21	24	28	32	24	25	18	20	18	19	25	34	39	38	18	13	13	40	44	24	29	34	39	48	61	68	55	51	69	84	79	77	34	19	16	19	21	19	50	50	68	61	56	69	59	73	86	83	84	82	59	58	53	63	70	78	74	73	67	72	78	70	57	58	72	62	58	61	60	60	58	53	54	57	63	67	57	54	57	56	49	43	38	30	31	32	33	35	38	41	31	33	46	53	51	48	44	32	38	38	43	40	34	34	
42	42	40	38	33	28	23	29	33	36	41	44	44	39	37	31	26	24	21	22	23	24	26	25	25	24	23	31	19	28	22	19	21	27	33	40	40	34	16	13	13	39	41	22	27	33	36	42	55	66	61	53	67	84	84	82	58	23	15	21	24	22	53	53	39	39	55	70	64	75	64	46	64	76	82	60	53	54	61	64	63	68	71	68	59	73	58	62	77	83	74	65	61	54	59	58	61	59	58	61	55	54	56	54	48	42	38	36	34	31	31	36	39	38	29	34	49	53	49	48	43	31	36	34	42	40	35	35	
25	25	21	23	27	31	33	39	43	41	36	31	23	23	26	27	26	28	26	24	22	23	26	25	26	28	30	41	22	31	26	21	27	32	36	38	34	24	16	16	14	39	39	21	24	33	38	39	48	63	72	73	84	79	78	78	77	71	49	29	17	26	46	48	43	51	50	46	61	69	66	53	60	74	90	99	89	59	54	58	56	58	61	58	57	57	58	60	81	88	76	69	69	82	79	56	51	56	66	68	56	53	52	48	44	41	40	40	38	33	34	39	38	34	29	38	53	53	50	48	43	30	34	33	42	41	37	37	
22	22	26	34	39	40	36	35	31	23	20	24	25	24	28	27	25	26	26	27	25	22	25	28	34	39	49	63	29	34	26	20	24	24	23	24	24	17	14	14	13	40	42	24	24	31	39	38	43	61	79	96	112	81	76	79	84	86	91	76	51	48	34	33	36	36	46	79	63	69	96	59	41	68	79	129	129	99	86	68	48	49	51	58	57	56	56	63	84	74	74	88	71	71	76	61	56	49	49	54	51	49	47	43	41	40	41	40	38	34	37	39	34	32	30	43	54	54	51	48	41	29	32	33	42	41	38	38	
38	38	35	28	28	28	21	19	21	20	24	19	21	24	29	25	24	21	24	22	27	34	48	59	64	43	48	67	23	36	29	18	13	14	16	18	20	19	13	14	10	44	44	28	29	30	34	46	64	82	82	98	108	81	79	93	103	94	96	91	90	76	62	51	44	45	58	71	61	74	94	62	56	72	88	123	111	78	71	61	48	45	53	63	61	58	69	63	61	58	59	71	92	68	80	73	68	66	57	45	47	46	44	42	43	42	41	39	38	38	40	38	34	33	33	50	51	56	51	48	35	28	30	33	41	40	37	37	
31	31	27	21	21	21	18	21	19	19	24	21	24	24	30	24	21	18	31	44	54	59	64	70	71	44	54	71	24	37	32	23	14	10	12	14	18	25	17	21	16	41	41	32	34	36	39	44	59	85	93	98	99	87	76	79	93	86	103	104	97	88	64	44	62	62	58	46	49	60	72	72	74	84	116	104	96	72	88	52	47	48	58	74	73	61	72	70	74	54	74	81	91	75	81	82	76	85	75	44	49	53	46	44	45	45	43	37	38	39	41	39	36	33	35	53	54	56	49	44	31	26	31	34	41	38	36	36	
22	22	21	21	21	22	22	23	19	19	24	19	23	21	21	22	49	56	59	53	53	56	56	65	73	48	64	77	24	36	33	27	17	10	14	18	16	20	22	16	18	46	43	32	40	41	39	47	66	89	99	96	103	76	82	76	79	107	111	78	91	80	69	84	76	94	88	110	89	86	51	69	81	127	140	131	85	57	64	41	43	52	65	69	71	69	77	86	81	74	94	102	81	84	96	95	107	109	91	76	52	49	44	43	46	45	41	37	39	42	42	39	35	34	35	53	54	57	50	45	32	26	31	34	39	34	29	29	
21	21	24	26	25	24	25	26	21	21	26	26	39	61	62	48	60	38	32	30	38	54	61	67	70	49	71	81	25	36	35	34	27	14	12	18	21	21	18	15	34	60	48	36	41	49	57	46	33	34	43	49	51	50	71	83	78	87	83	99	91	77	95	99	93	103	66	102	74	45	71	47	91	134	136	115	119	91	64	48	43	58	64	54	65	81	69	69	72	84	71	91	69	95	88	94	109	101	84	77	45	43	43	46	48	45	41	41	44	46	44	39	35	34	34	51	53	58	54	49	35	28	29	29	36	33	29	29	
23	23	23	24	21	19	23	23	28	36	44	44	62	71	61	41	62	40	32	24	28	48	61	64	69	56	70	81	24	36	38	39	36	24	13	14	24	28	21	21	30	46	56	52	56	51	41	38	38	36	38	45	48	48	69	89	85	88	81	76	78	104	122	124	106	105	88	93	94	63	68	58	86	118	87	89	88	88	69	56	58	64	69	55	66	70	64	54	69	89	73	84	77	91	78	103	99	92	83	75	57	43	47	49	49	46	44	44	47	48	44	40	38	35	35	52	54	59	55	47	34	30	28	24	32	32	26	26	
23	23	20	20	18	19	28	44	56	66	64	52	63	72	68	48	64	33	28	20	23	42	58	57	61	58	72	82	24	34	36	38	39	37	21	13	23	26	24	29	31	52	87	63	46	43	35	28	29	38	45	43	44	44	56	76	79	66	84	66	71	86	92	118	102	93	106	116	74	46	58	71	88	90	81	78	66	77	82	68	57	51	58	63	83	66	74	48	88	111	106	75	79	89	92	109	97	90	79	96	74	47	51	51	47	46	47	46	48	49	45	42	42	36	36	54	56	59	53	41	28	31	29	22	29	30	23	23	
19	19	16	29	36	56	59	50	37	53	64	48	69	71	68	46	63	26	23	22	24	39	44	50	54	54	71	68	56	44	43	44	54	56	58	31	18	13	39	67	56	100	119	80	46	31	33	26	38	51	46	40	46	56	76	88	114	113	77	79	82	73	76	68	106	79	72	65	41	41	40	59	70	58	69	68	73	73	94	75	56	59	75	78	66	69	63	69	106	104	113	96	94	59	76	81	96	92	92	81	66	50	50	50	50	49	50	51	53	48	49	42	42	42	41	49	51	49	40	31	31	32	31	28	25	23	24	24	
34	34	48	54	47	41	31	29	29	46	69	46	61	74	71	49	62	28	23	23	29	48	53	58	58	57	78	81	95	86	56	69	63	68	68	46	39	22	51	78	87	108	99	93	61	43	41	44	42	44	44	48	71	104	135	138	140	133	90	57	66	48	94	78	69	63	58	59	72	71	79	103	71	58	44	81	87	91	90	72	57	60	71	82	71	94	91	90	91	94	84	101	114	86	89	86	91	79	91	81	64	54	54	53	53	52	53	53	51	52	48	46	46	46	43	48	46	41	33	29	31	29	28	25	24	23	24	24	
52	52	49	27	27	25	25	28	36	39	72	50	64	74	71	49	58	29	21	27	32	46	58	69	68	61	95	102	86	91	86	95	74	109	93	55	46	41	37	86	108	106	98	114	76	48	32	38	29	34	59	94	127	134	141	144	149	136	96	76	65	57	58	54	60	66	61	49	43	52	60	100	66	48	78	62	59	64	84	70	68	66	71	71	71	66	75	75	78	83	76	83	114	111	107	98	82	74	87	79	55	55	54	53	52	51	51	52	50	64	54	54	48	45	41	46	44	38	32	30	31	29	26	24	23	21	22	22	
49	49	40	16	28	25	24	39	46	34	68	49	65	75	71	52	57	37	28	25	27	38	48	63	74	76	103	101	103	91	89	91	94	115	108	66	49	43	34	71	76	98	121	121	101	78	43	31	26	44	77	108	135	138	144	153	153	141	127	103	93	72	51	52	50	79	63	60	52	42	48	98	60	36	57	53	79	89	89	77	83	53	74	78	88	73	92	99	86	110	99	93	114	102	121	85	76	89	69	60	53	56	55	53	51	49	48	48	46	64	56	54	48	43	39	45	42	34	33	31	31	31	29	26	23	19	19	19	
51	51	41	15	28	31	33	42	52	42	69	48	60	72	69	52	54	43	31	19	26	41	41	51	77	94	104	80	92	86	88	91	93	91	106	86	49	56	49	51	43	76	98	96	106	94	111	114	102	79	85	104	136	149	154	155	148	144	116	116	83	78	55	66	68	79	73	63	68	63	89	73	55	55	56	66	67	64	87	66	93	105	94	90	100	99	93	83	73	86	109	93	58	74	96	74	86	99	68	61	58	59	58	55	52	49	48	48	43	52	58	49	48	44	41	48	41	29	28	29	31	33	33	29	26	21	21	21	
48	48	49	24	22	27	34	35	47	45	70	49	61	73	69	53	52	46	31	24	26	34	42	58	73	77	94	87	74	75	68	83	96	102	111	63	44	41	31	36	42	60	82	91	97	64	93	103	95	60	82	119	136	143	145	151	149	133	109	92	109	101	76	70	82	82	69	43	62	99	78	61	53	47	60	64	68	51	69	63	80	79	106	118	86	101	106	86	81	66	67	78	66	67	84	71	59	89	69	49	59	62	60	56	52	49	48	49	52	58	78	54	52	48	45	53	46	31	29	31	31	30	29	29	28	26	28	28	
47	47	50	20	20	24	32	34	41	44	68	50	59	73	68	51	51	53	37	30	24	36	48	74	77	76	86	78	52	58	61	96	101	103	119	66	40	23	33	44	66	81	79	75	74	58	74	86	74	38	71	119	139	141	148	151	141	115	98	110	117	127	115	118	68	79	84	55	63	109	106	84	51	66	53	69	46	42	78	76	111	116	125	127	93	88	94	91	81	99	80	53	78	84	94	85	104	84	59	61	63	64	58	57	51	50	44	48	56	53	98	63	53	48	42	49	44	28	27	26	33	33	31	26	30	26	29	29	
44	44	51	31	40	36	33	38	38	39	66	51	56	71	70	56	53	58	48	40	34	40	64	97	95	103	101	75	52	49	69	96	89	111	115	63	72	45	54	94	96	72	57	74	81	76	58	70	75	39	68	98	124	143	142	146	140	133	124	128	133	139	93	126	128	122	110	86	84	96	79	78	61	82	78	71	78	49	84	81	83	122	90	98	103	81	69	69	89	128	116	61	69	81	106	61	86	83	56	63	59	64	61	56	47	49	56	49	46	53	73	67	58	51	39	41	38	28	26	28	37	35	32	26	33	39	39	39	
43	43	51	39	54	52	43	34	34	33	63	52	54	67	71	58	48	54	49	48	43	48	78	96	84	96	96	78	55	49	60	78	81	88	90	105	94	98	87	99	104	93	50	46	58	73	56	64	72	35	43	52	95	120	96	99	125	98	106	111	71	77	82	83	119	105	104	110	108	102	105	93	56	63	80	99	101	78	93	104	71	79	79	65	71	99	84	93	126	128	123	116	64	68	101	104	92	64	64	64	65	65	58	54	55	46	47	63	56	48	56	54	49	47	38	34	33	30	28	28	32	34	41	35	31	42	43	43	
43	43	52	36	51	53	48	33	39	38	64	54	54	68	71	56	45	53	44	51	45	56	86	96	97	97	77	74	54	59	66	79	84	82	96	93	96	58	64	74	93	94	65	38	41	59	53	41	46	47	64	73	66	76	90	81	86	78	86	83	54	54	95	66	83	84	83	69	76	97	89	82	79	94	94	96	103	88	65	116	106	68	97	87	73	79	93	114	133	131	121	119	99	53	97	117	90	51	65	76	66	68	61	53	54	48	56	58	67	68	40	56	51	45	43	33	33	31	28	46	45	30	38	35	23	34	35	35	
42	42	57	40	49	49	45	39	51	47	67	55	53	68	69	54	45	56	44	43	44	56	85	92	88	78	71	73	74	73	84	86	102	74	73	69	61	63	76	71	94	81	41	32	49	66	83	74	66	54	57	87	82	75	90	68	59	88	66	45	50	47	99	83	79	83	67	40	39	87	91	87	88	95	95	93	99	73	49	114	111	75	79	89	86	86	102	101	128	122	117	108	108	76	78	108	78	66	68	70	67	66	65	58	52	46	55	72	44	58	54	36	49	47	51	37	32	31	28	66	63	45	49	48	34	37	36	36	
41	41	59	44	51	49	43	41	51	44	66	56	49	65	69	54	43	54	39	32	49	58	84	96	85	64	63	74	75	66	86	88	76	66	54	49	28	40	51	72	71	56	74	63	36	44	48	53	61	40	48	57	70	74	79	76	54	64	63	66	73	56	86	77	58	48	43	43	45	63	86	94	90	93	91	67	44	36	46	83	96	81	107	111	99	91	88	139	140	119	112	111	114	105	59	76	58	66	76	77	79	66	60	59	51	48	45	68	44	29	43	49	31	41	60	41	29	29	34	66	58	72	73	62	49	42	48	48	
40	40	59	42	49	49	45	39	44	33	59	57	49	68	69	58	40	57	48	53	66	67	71	72	77	58	47	62	48	51	93	111	81	61	47	45	35	57	56	58	61	66	80	78	64	87	49	47	50	39	56	53	50	60	57	91	88	58	53	52	66	76	66	89	77	50	36	48	61	59	68	98	85	76	93	61	44	38	50	71	121	114	91	92	101	116	92	143	137	131	120	118	118	117	109	68	61	73	77	84	73	64	56	55	39	51	71	43	31	39	59	43	50	55	51	39	28	28	39	69	59	71	74	55	43	51	59	59	
38	38	59	39	45	44	43	38	39	29	55	56	44	67	64	58	36	64	56	58	66	74	73	71	79	54	39	57	48	53	113	139	121	62	54	41	46	61	57	51	80	85	79	88	80	98	36	44	53	64	50	54	48	51	69	71	90	78	86	79	79	105	101	113	98	64	38	60	93	102	90	88	89	101	107	69	98	68	44	71	108	91	98	113	123	129	92	136	134	135	128	128	122	128	132	81	74	79	81	76	76	61	51	44	46	66	72	39	39	44	49	54	51	59	42	44	33	32	36	66	78	73	81	61	51	73	77	77	
43	43	58	45	51	48	42	37	31	29	47	53	43	63	65	58	37	62	46	53	71	69	71	79	83	63	57	73	60	61	112	151	144	85	65	43	34	45	56	59	68	49	54	63	76	70	42	59	58	64	77	80	58	44	51	68	81	84	103	102	108	102	119	113	110	110	102	98	121	133	131	99	98	124	118	83	116	114	98	121	134	126	109	122	132	137	91	99	103	136	134	131	126	128	133	90	77	78	78	72	66	56	50	38	47	76	79	36	30	38	46	66	53	44	66	68	51	40	41	69	86	68	82	71	63	66	84	84	
39	39	53	43	38	34	33	38	34	42	46	52	41	64	68	53	31	61	54	61	67	63	69	68	86	86	65	66	64	68	84	94	116	88	70	77	63	55	61	71	48	44	58	83	85	73	76	53	69	88	116	97	103	65	51	81	88	91	118	103	114	113	138	132	108	95	99	111	129	140	138	126	108	99	101	84	106	84	108	119	108	109	124	130	136	141	99	76	96	137	137	133	125	131	129	89	74	73	70	64	58	48	46	47	34	39	66	31	23	38	43	37	39	44	56	60	60	36	53	84	86	61	67	59	76	94	78	78	
45	45	52	39	27	31	42	46	51	63	57	54	33	56	62	49	33	59	57	66	67	61	66	71	89	84	64	63	65	72	80	70	78	98	99	81	84	92	72	57	46	54	46	64	68	56	61	69	78	97	89	86	82	57	60	58	78	90	100	107	116	103	145	137	119	99	94	91	111	101	91	103	81	89	121	101	105	113	131	114	106	96	112	138	147	130	103	103	124	143	142	139	130	138	113	75	64	64	61	59	56	53	46	41	40	33	33	44	71	66	46	41	47	44	48	55	59	45	67	105	96	63	58	61	83	96	108	108	
46	46	45	41	33	42	53	61	59	56	54	57	35	43	46	43	43	63	54	68	73	54	53	61	66	71	81	81	74	77	99	88	83	104	104	100	87	76	90	62	66	78	62	56	83	91	76	71	74	121	98	98	78	77	69	62	64	86	73	104	133	115	146	144	131	103	99	94	105	91	83	103	93	91	129	111	94	114	143	134	121	107	118	140	153	136	123	129	136	137	140	141	141	139	93	65	61	60	57	58	56	52	45	45	44	31	33	38	74	94	79	77	52	35	46	63	51	48	66	113	92	92	99	77	72	77	77	77	
46	46	44	59	58	60	56	56	53	46	53	60	33	34	33	35	52	71	59	88	99	69	62	50	47	68	71	71	61	66	98	91	105	80	86	79	85	56	59	71	70	64	54	62	81	68	91	79	74	82	84	82	54	59	86	79	51	64	58	63	88	116	146	148	144	112	99	101	96	99	83	87	103	99	129	134	106	118	132	146	137	121	123	141	157	147	142	149	146	140	141	139	146	123	74	68	66	62	54	56	54	58	51	44	51	44	44	51	38	83	53	44	45	41	54	78	52	41	65	126	104	112	118	104	86	78	51	51	
49	49	42	58	49	50	52	54	53	53	42	60	34	36	48	44	75	85	79	81	93	79	68	66	56	63	78	78	58	58	71	82	88	81	62	73	76	61	57	57	74	73	74	55	62	61	78	78	71	77	90	87	68	61	82	75	72	61	81	77	71	107	113	141	134	114	115	122	109	113	112	104	78	100	147	149	133	131	133	144	147	144	153	154	159	159	156	153	151	141	116	124	144	102	72	76	67	70	58	58	53	53	48	53	46	39	44	56	41	63	34	36	47	58	79	84	59	39	79	128	129	106	117	95	48	57	39	39	
47	47	37	52	44	51	56	50	56	49	46	61	33	38	53	46	63	83	84	76	83	81	69	73	79	78	80	84	58	55	74	74	55	71	61	63	59	71	106	67	65	76	92	69	53	56	86	90	81	79	95	111	108	84	83	83	75	64	74	76	64	81	101	128	102	99	79	129	130	136	138	146	118	91	114	141	153	157	134	134	141	151	158	159	159	159	156	149	150	138	112	102	133	88	78	78	73	83	63	48	60	54	53	50	47	44	43	48	38	35	64	51	59	78	76	67	58	38	88	131	124	126	114	96	53	44	43	43	
41	41	37	54	44	46	50	46	48	42	51	56	33	41	60	54	42	46	52	47	48	78	81	83	93	82	96	89	78	53	74	61	70	94	74	45	64	78	86	95	79	68	73	91	69	83	71	84	78	93	118	143	135	93	100	64	78	76	84	80	70	64	103	110	81	123	113	137	148	144	141	149	141	102	86	111	145	149	132	116	103	135	154	159	158	158	156	150	155	134	126	119	118	85	85	81	97	78	66	58	55	53	54	54	51	45	41	41	40	28	51	46	59	67	67	51	43	36	100	128	122	113	105	102	74	37	40	40	
33	33	36	56	41	41	44	44	40	47	58	43	31	49	63	68	61	51	47	50	44	51	71	76	74	78	89	83	79	55	78	73	54	98	81	56	67	86	103	86	84	93	88	69	68	81	66	76	85	66	91	104	84	78	90	68	74	80	94	75	109	96	96	120	138	112	132	130	145	148	150	156	144	102	74	89	106	101	120	93	109	131	151	159	156	158	154	153	150	143	142	144	111	102	96	94	114	78	74	76	61	60	60	71	63	50	51	49	50	52	39	48	58	51	72	84	73	48	103	114	119	106	96	75	88	54	34	34	
30	30	33	51	36	38	43	36	36	52	49	34	38	67	67	59	67	70	63	65	49	56	71	77	79	76	79	90	78	64	66	76	62	91	113	79	83	93	103	83	108	93	95	98	69	53	81	93	132	89	61	75	97	71	77	69	97	91	99	94	86	84	94	112	150	131	114	104	119	130	154	154	138	97	63	78	109	104	106	106	126	137	151	154	149	157	146	144	141	153	146	136	118	114	104	99	101	90	81	79	73	69	68	78	70	58	60	52	45	53	46	51	53	46	58	79	76	46	97	85	87	91	63	43	70	33	31	31	
30	30	34	51	33	32	37	34	41	51	35	41	67	73	90	81	88	86	66	69	61	66	68	78	84	69	81	73	71	58	72	88	91	81	79	94	61	67	89	91	90	91	59	78	67	56	56	70	97	102	56	51	59	50	54	69	88	78	82	105	80	72	116	128	118	123	107	103	118	121	150	154	138	93	56	70	77	98	113	131	144	146	146	140	137	153	138	134	134	143	143	125	117	107	103	96	88	93	84	85	74	73	71	71	67	63	63	71	57	58	51	57	61	76	67	78	60	41	75	61	49	38	74	73	44	28	28	28	
34	34	33	47	49	43	38	45	46	38	35	58	88	64	74	91	103	82	74	64	68	61	69	84	94	78	69	58	78	62	94	111	114	119	91	98	95	46	61	72	73	83	79	76	64	58	79	76	58	71	68	56	40	51	53	78	100	95	111	76	67	59	77	96	82	87	99	91	101	110	121	147	135	97	75	92	83	119	129	133	145	145	133	118	132	143	135	132	130	120	122	110	115	101	87	83	121	111	84	84	74	68	75	86	66	58	67	55	71	61	60	58	58	56	61	62	67	91	102	71	41	36	49	72	68	28	33	33	
