0	0	0	0	0	0	0	0	0	0	0	0	0	0	0	0	0	0	0	0	0	0	0	0	0	0	0	0	0	0	0	0	0	0	0	0	0	0	0	0	0	0	0	0	255	255	255	255	255	255	255	255	255	255	255	255	255	255	255	255	255	255	255	255	255	255	255	255	255	255	255	255	255	255	255	255	255	255	255	255	255	255	255	255	255	255	255	255	255	255	255	255	255	255	255	255	255	255	255	255	255	255	255	255	255	255	255	255	255	255	255	255	255	255	255	255	255	255	255	255	255	255	255	255	255	255	255	255	
255	255	255	255	255	255	255	255	255	255	255	255	255	255	255	255	255	255	255	255	255	255	255	255	255	255	255	255	255	255	255	255	255	255	255	255	255	255	255	255	255	255	255	255	255	255	255	255	255	255	255	255	255	255	255	255	255	255	255	255	255	255	255	255	255	255	255	255	255	255	255	255	255	255	255	255	255	255	255	255	255	255	255	255	255	255	255	255	255	255	255	255	255	255	255	255	255	255	255	255	255	255	255	255	255	255	255	255	255	255	255	255	255	255	255	255	255	255	255	255	255	255	255	255	255	255	255	255	
255	255	255	255	255	255	206	191	143	0	0	0	0	0	0	43	95	146	193	214	185	136	103	81	35	0	0	11	46	57	48	49	23	4	0	0	0	0	0	0	0	0	0	0	0	76	141	157	122	18	0	0	0	0	0	0	0	0	0	0	0	0	0	0	0	0	0	30	75	39	0	0	0	0	0	0	89	149	142	113	96	82	66	57	65	76	96	105	105	107	105	79	44	27	19	29	33	45	55	65	65	52	34	27	20	31	69	169	255	255	255	255	255	255	255	255	255	255	255	255	255	255	211	255	255	255	255	177	
255	255	255	255	255	255	216	193	128	0	0	0	0	0	0	39	95	147	186	193	165	114	88	83	56	18	3	25	52	62	57	65	78	68	51	73	83	72	22	0	0	0	0	0	0	0	57	106	64	0	0	0	0	0	0	0	88	112	112	106	99	74	23	0	0	0	0	0	0	0	0	0	0	0	0	37	118	132	111	79	53	42	40	43	52	61	62	62	56	51	51	40	11	0	0	0	17	36	55	65	62	40	14	8	26	57	139	255	255	255	255	255	255	255	241	255	255	255	255	255	255	255	255	255	255	255	255	218	
255	255	255	255	255	255	229	196	104	0	0	0	0	0	53	105	133	149	164	162	135	104	90	95	97	82	77	89	97	69	27	6	34	66	89	118	165	160	117	30	0	0	0	0	0	0	0	0	0	0	0	0	0	0	0	79	127	134	131	120	113	98	77	49	19	0	0	6	80	145	130	20	0	0	75	164	157	108	61	25	3	1	2	12	29	49	58	61	52	44	36	35	22	0	0	0	11	38	63	68	66	43	19	15	39	110	238	255	255	255	255	255	255	199	198	235	242	239	236	248	255	255	255	255	255	255	255	255	
255	255	255	255	255	255	240	189	57	0	0	0	0	28	136	175	185	185	176	158	124	99	92	91	97	102	119	138	140	112	79	63	75	102	117	133	179	198	160	81	0	0	0	0	0	0	0	47	108	42	0	0	0	0	67	113	124	119	106	91	84	81	73	47	36	42	95	225	255	255	255	255	255	255	255	255	255	234	148	74	39	20	11	16	37	67	92	97	81	63	51	42	39	40	22	14	25	56	64	63	57	53	46	67	117	234	255	255	255	255	255	255	246	202	217	246	255	235	216	213	214	221	218	228	255	255	255	255	
206	206	232	255	255	255	219	156	0	0	0	0	0	96	176	194	208	212	211	202	169	138	115	99	91	101	129	150	149	122	99	102	114	137	144	141	137	130	79	7	0	0	0	32	37	79	206	255	255	255	255	236	225	242	230	189	152	121	88	58	43	32	27	17	16	37	137	255	255	255	255	255	255	255	255	255	255	255	255	255	203	149	110	86	84	90	100	91	67	46	47	62	69	74	77	70	67	81	85	64	50	44	50	87	173	255	255	255	255	255	255	255	255	255	255	255	255	233	203	201	204	194	187	174	162	113	63	65	
46	46	6	51	138	179	150	111	0	0	0	0	0	130	191	202	215	236	235	225	204	174	144	105	76	80	114	138	130	102	67	50	41	38	39	53	51	24	0	0	0	0	0	0	19	115	255	255	255	255	255	255	255	255	255	255	255	255	186	116	70	40	25	28	33	73	219	255	255	255	255	255	255	232	232	255	255	255	255	255	255	255	255	229	173	151	130	100	50	10	7	37	75	98	130	137	116	89	83	60	43	34	48	98	221	255	255	255	255	255	255	255	255	255	255	255	242	222	203	202	199	190	184	169	111	0	0	0	
0	0	0	0	0	0	57	80	0	0	0	0	54	195	218	205	193	197	187	156	120	90	55	18	0	7	44	62	51	22	0	0	0	0	0	8	17	0	0	0	0	0	0	0	35	172	255	255	255	255	255	255	243	247	255	255	255	255	255	255	191	129	96	109	130	209	255	255	255	255	255	255	211	181	186	186	193	209	248	255	255	255	255	255	255	255	220	175	120	79	53	56	72	81	92	102	100	66	42	32	32	42	66	150	255	255	255	255	255	255	255	246	234	226	212	209	202	195	194	202	202	182	168	136	45	0	0	0	
0	0	0	0	0	0	80	162	180	123	68	119	218	255	234	192	138	104	84	54	15	0	0	0	0	0	0	14	0	0	0	0	0	0	0	27	47	3	0	0	0	0	0	7	81	255	255	255	255	255	255	244	194	183	196	230	255	255	255	255	255	255	255	255	255	255	255	255	255	255	255	247	161	165	174	167	169	175	183	200	226	255	255	255	255	255	255	255	255	226	168	125	104	97	82	75	62	42	13	23	38	59	97	215	255	255	255	255	255	255	255	210	201	198	194	185	183	189	191	201	204	191	164	93	0	0	0	0	
0	0	0	0	0	0	249	255	255	255	255	255	255	255	255	250	178	109	75	49	20	0	0	0	0	26	50	45	17	0	0	7	7	0	6	35	46	7	0	0	0	6	16	52	166	255	255	255	255	255	255	212	199	186	179	188	207	232	255	255	255	255	255	255	255	255	255	255	255	255	255	187	152	168	179	171	173	181	181	174	175	186	205	229	251	255	255	255	255	255	255	255	228	188	152	123	99	84	68	62	62	73	118	255	255	255	255	255	255	255	255	241	225	222	217	199	189	187	191	190	193	187	146	43	0	0	0	0	
0	0	7	2	21	112	255	255	255	255	255	255	255	255	255	255	255	255	229	174	125	77	33	11	31	71	88	76	50	35	47	70	80	64	47	40	24	0	0	0	0	42	64	120	255	255	255	255	255	255	255	205	199	189	178	180	186	187	190	198	206	231	255	255	255	255	255	255	255	255	252	189	171	182	191	192	189	193	188	177	164	168	181	188	193	201	236	255	255	255	255	255	255	255	255	255	219	168	126	92	69	58	121	255	255	255	255	255	255	251	245	241	226	221	219	206	190	183	186	188	182	157	91	0	0	0	0	0	
127	127	141	124	117	201	255	255	255	255	255	255	242	255	255	255	255	255	255	255	255	214	138	79	68	85	89	59	28	29	67	112	139	141	116	65	6	0	0	0	0	30	65	137	255	255	255	255	255	255	255	212	204	199	189	179	177	182	186	189	186	186	208	239	226	100	0	0	0	0	56	94	115	147	172	186	196	205	201	186	170	170	180	185	181	175	175	184	205	236	255	255	255	255	255	255	255	255	255	198	145	111	165	255	255	255	255	255	255	221	208	198	183	187	202	202	185	175	177	184	181	140	32	0	0	0	0	0	
211	211	242	215	172	240	255	255	255	255	255	246	226	242	244	245	255	255	255	255	255	255	255	253	193	159	128	68	11	0	35	85	124	139	127	64	0	0	0	0	3	23	53	126	255	255	255	255	255	255	243	211	195	193	198	194	189	187	194	198	199	194	190	190	125	0	0	0	0	0	0	0	0	0	20	79	130	168	186	184	182	184	189	187	178	175	173	174	179	185	195	207	224	255	255	255	255	255	255	255	255	255	255	255	255	255	255	255	255	235	212	191	169	167	186	197	184	174	173	180	173	114	0	0	0	0	0	31	
255	255	255	255	255	255	255	255	255	255	255	248	228	224	224	221	221	223	233	255	255	255	255	255	255	255	253	178	87	40	46	69	79	79	64	6	0	0	0	20	50	59	72	141	255	255	255	255	255	255	225	202	189	187	186	187	186	189	195	199	199	191	181	165	68	0	0	0	0	0	0	0	0	0	0	0	0	17	81	125	150	168	179	178	176	179	180	182	179	182	185	186	180	173	196	228	254	255	255	255	255	255	255	255	255	255	255	255	255	239	207	193	186	184	194	205	196	187	191	197	161	55	0	0	0	0	0	86	
255	255	255	255	255	255	255	255	255	255	255	245	239	216	215	218	217	214	215	221	238	255	255	255	255	255	255	255	255	239	200	161	116	75	35	0	0	0	0	35	61	67	77	145	255	255	255	255	255	255	212	193	191	184	181	181	183	189	190	193	192	187	179	153	37	0	0	0	0	0	17	0	0	0	0	0	0	0	0	0	13	64	88	112	136	158	173	180	184	180	179	181	177	171	170	186	195	200	213	238	255	255	244	199	225	255	255	255	224	196	174	176	185	188	196	207	206	197	205	196	115	0	0	0	0	0	36	117	
255	255	255	255	255	255	255	255	255	255	255	207	214	211	218	227	228	216	213	219	228	237	240	240	244	255	255	255	255	255	255	255	255	175	75	1	0	0	7	37	48	46	55	114	255	255	255	255	255	255	197	194	193	192	188	183	184	183	184	181	181	181	177	147	6	0	0	0	0	0	38	42	28	22	21	0	0	0	0	0	0	0	0	0	0	82	146	176	187	181	170	161	171	178	167	176	192	206	196	196	186	134	0	0	0	0	64	109	98	86	81	97	131	157	176	182	178	173	175	145	18	0	0	0	0	0	87	124	
255	255	255	255	255	255	255	255	255	255	233	207	194	200	201	218	225	216	206	207	218	221	221	223	219	233	255	255	255	255	255	255	255	255	204	116	57	41	48	49	41	32	39	95	255	255	255	255	255	255	205	203	203	199	194	184	179	181	179	176	177	176	169	134	0	0	0	0	0	0	53	62	70	87	94	88	53	6	0	0	0	0	0	0	0	0	16	47	76	109	130	143	161	184	182	178	182	202	197	180	143	43	0	0	0	0	51	125	73	9	0	0	3	37	69	90	106	117	127	87	0	0	0	0	0	68	129	133	
255	255	255	255	255	255	219	200	137	82	88	144	177	189	196	206	212	210	206	213	222	225	221	214	210	206	215	231	250	255	255	255	255	255	255	255	255	255	225	168	124	82	62	92	248	255	255	255	255	255	221	207	198	195	192	186	183	185	187	185	181	182	172	113	0	0	0	0	0	0	66	65	78	101	100	83	61	36	26	24	14	0	0	0	0	0	0	0	0	0	0	25	90	145	161	171	181	198	190	148	77	0	0	0	0	0	203	255	161	68	31	0	0	0	0	0	0	45	81	69	0	0	0	0	59	142	155	145	
255	255	255	255	255	255	143	114	39	0	0	0	0	52	111	160	189	204	210	217	221	224	221	220	209	200	201	197	196	196	190	187	185	176	190	255	255	255	255	255	255	239	161	153	255	255	255	255	255	255	214	197	192	189	186	183	187	196	198	188	178	176	174	97	0	0	0	0	0	0	61	64	72	82	71	45	38	35	47	65	74	83	79	47	0	0	0	0	0	0	0	0	0	0	53	104	137	146	126	85	17	0	0	0	0	44	255	255	218	130	111	91	45	0	0	0	0	67	128	149	105	28	7	97	213	228	195	169	
255	255	255	255	255	255	129	107	75	32	0	0	0	0	0	0	46	141	181	195	195	205	217	212	195	188	195	202	198	192	178	155	131	105	87	123	233	255	255	255	255	255	255	255	255	255	255	255	255	255	209	190	183	183	180	180	181	188	194	190	178	180	180	115	0	0	0	0	0	0	73	98	101	93	67	32	17	22	39	59	81	93	92	76	39	7	0	0	0	0	0	0	0	0	0	0	0	6	32	32	4	0	0	0	0	165	255	255	178	106	107	121	111	91	88	97	119	179	251	255	255	224	233	255	255	255	255	255	
255	255	255	255	255	255	148	127	119	145	147	114	51	0	0	0	0	0	0	36	99	149	183	200	198	196	210	218	222	220	195	153	106	87	82	94	145	210	246	255	255	255	255	255	255	255	255	255	255	255	211	204	197	192	183	174	168	175	184	192	189	184	169	101	0	0	0	0	0	0	70	96	100	99	82	58	51	61	72	72	72	72	67	55	40	23	30	46	52	50	34	2	0	0	0	0	0	0	0	0	33	48	8	2	100	255	255	255	160	107	105	114	117	113	120	144	180	255	255	255	255	255	255	255	255	255	255	255	
255	255	255	255	255	255	147	140	138	162	184	188	161	129	94	60	8	0	0	0	0	0	17	112	165	194	224	245	236	208	173	122	84	80	99	118	138	179	207	209	206	230	255	255	255	255	255	249	178	119	127	158	181	195	201	193	187	195	204	206	197	179	156	69	0	0	0	0	0	3	87	100	89	73	57	49	66	91	110	114	108	100	90	70	47	33	42	64	90	99	100	83	62	41	18	0	0	0	0	13	133	208	211	193	218	255	255	231	179	144	132	126	121	122	131	163	235	255	255	255	255	255	245	224	235	246	255	255	
255	255	255	255	255	244	156	158	159	178	184	176	174	178	179	174	159	116	50	0	0	0	0	0	0	6	71	153	197	182	136	94	63	83	134	173	197	207	213	203	189	183	178	182	151	35	0	0	0	0	0	0	44	104	144	172	183	184	189	196	198	179	144	28	0	0	0	0	0	37	86	97	89	55	34	25	45	75	101	114	113	107	94	77	59	46	45	60	87	107	109	99	82	70	63	56	46	37	90	244	255	255	255	255	255	255	255	255	255	237	192	157	134	130	147	202	255	255	255	255	255	255	231	203	202	201	191	190	
226	226	184	145	127	157	168	172	174	182	187	179	178	191	201	192	188	175	161	128	72	0	0	0	0	0	0	0	0	12	25	38	81	131	181	208	211	206	204	193	180	178	179	164	104	0	0	0	0	0	0	0	0	0	0	42	100	138	156	154	149	144	140	11	0	0	0	0	0	79	102	93	81	50	23	24	44	68	89	99	98	89	74	58	47	44	40	47	67	87	90	81	64	55	48	57	57	92	217	255	255	255	255	255	255	255	255	255	255	255	255	255	255	251	251	255	255	255	255	255	255	255	211	194	197	203	211	203	
139	139	102	66	67	127	185	185	181	185	195	210	209	203	204	194	178	158	135	107	90	74	67	56	11	0	0	0	0	0	0	0	0	0	108	168	194	185	178	170	158	158	180	181	119	0	0	0	0	0	0	0	0	0	0	0	0	0	0	14	53	96	129	11	0	0	0	0	0	107	132	106	80	63	43	41	55	72	85	98	92	75	49	31	24	29	37	45	65	86	93	76	46	25	25	43	65	129	255	255	255	255	255	255	255	255	255	255	255	255	255	255	255	255	255	255	255	255	255	255	255	233	210	186	177	178	191	191	
153	153	124	91	89	142	200	196	199	200	211	224	225	199	173	156	147	155	161	135	91	55	57	98	108	96	79	26	0	0	0	0	0	0	0	0	47	110	142	166	184	188	196	198	138	0	0	0	0	0	15	62	54	18	0	0	0	0	0	0	0	0	68	50	0	0	0	0	58	117	114	87	61	54	41	33	48	66	84	102	103	79	41	14	11	24	35	48	71	99	111	92	54	26	9	30	91	206	255	255	255	255	255	255	255	244	219	203	218	245	255	255	255	255	255	255	232	209	194	140	79	82	117	140	151	170	190	191	
135	135	108	75	72	119	175	186	195	202	190	184	198	211	203	185	186	202	206	181	122	69	41	42	67	109	131	104	0	0	0	0	0	0	0	0	0	0	0	65	110	140	166	163	110	0	0	0	0	0	46	106	121	111	77	31	0	0	0	0	0	0	114	158	70	0	0	27	181	201	139	97	65	47	29	25	40	65	94	123	131	99	44	8	13	33	43	49	67	91	101	88	61	33	28	67	156	255	255	255	255	255	255	255	255	255	237	203	193	207	218	216	210	200	154	45	0	0	0	0	0	0	0	0	0	40	102	147	
132	132	108	85	90	131	172	179	188	191	191	191	180	182	186	196	216	230	213	180	146	108	63	26	36	91	128	74	0	0	0	0	0	13	0	0	0	0	0	0	0	0	19	78	79	0	0	0	0	0	12	66	90	108	117	91	65	46	34	22	11	84	208	255	248	206	207	255	255	255	255	255	202	153	108	69	48	55	76	110	121	91	44	24	40	74	103	108	100	95	81	50	23	9	14	83	229	255	255	255	255	255	255	255	255	238	225	213	202	203	200	188	179	142	32	0	0	0	0	0	0	0	0	0	0	0	0	0	
64	64	98	99	103	154	210	218	225	217	207	198	205	207	209	182	155	150	148	140	121	110	95	88	87	119	149	85	0	0	0	0	71	107	96	92	74	8	0	0	0	0	0	0	0	27	0	0	0	0	66	89	78	79	77	72	60	66	88	98	98	148	255	255	255	255	255	255	255	255	255	255	255	255	255	248	205	190	175	152	123	83	34	9	33	75	109	120	115	105	93	63	33	18	34	111	255	255	255	255	255	255	255	255	231	209	198	200	200	195	192	191	166	91	0	0	0	0	0	58	111	96	68	44	19	0	0	0	
0	0	40	95	115	128	181	190	196	200	195	184	182	176	165	151	149	154	142	123	120	145	162	147	114	110	111	65	0	0	0	23	77	93	95	101	129	109	78	55	16	0	0	0	0	49	124	104	74	86	109	115	105	98	99	100	83	69	57	57	59	141	255	255	255	255	255	255	255	255	255	255	255	255	255	255	255	255	255	255	252	182	113	56	50	74	85	80	62	47	43	49	55	62	79	151	255	255	255	255	255	255	255	255	206	184	188	195	196	195	191	179	136	31	0	0	0	0	0	87	121	129	127	121	116	107	86	66	
35	35	138	232	250	169	131	150	154	154	148	138	130	135	135	140	138	136	134	128	127	142	155	140	114	84	43	0	0	0	0	31	45	61	93	112	111	104	80	64	64	42	16	32	133	255	255	255	255	215	222	246	255	235	206	172	132	95	61	39	41	123	255	255	255	255	255	255	234	213	209	231	255	255	255	255	255	255	255	255	255	255	255	250	180	137	124	112	79	56	51	57	55	59	76	164	255	255	255	255	255	255	255	248	200	182	192	195	192	189	184	161	94	0	0	0	0	0	55	116	134	138	134	123	115	108	98	91	
220	220	255	255	255	255	149	164	165	156	151	151	149	152	158	163	167	160	149	142	137	136	138	122	100	57	4	0	0	0	0	14	25	35	64	94	92	71	42	20	32	41	46	96	255	255	255	255	255	255	255	255	255	255	255	255	255	244	159	112	113	192	255	255	255	255	255	233	189	178	178	185	195	198	192	209	255	255	255	255	255	255	255	255	255	255	255	240	187	135	110	87	65	52	91	220	255	255	255	255	255	255	237	230	203	190	199	197	193	187	177	142	46	0	0	0	0	0	87	127	137	138	134	120	113	116	116	110	
255	255	255	255	255	255	171	179	183	176	170	170	171	172	176	183	189	184	168	160	168	174	172	159	124	68	11	0	0	0	1	31	48	53	64	90	103	83	45	18	38	44	46	89	255	255	255	255	255	255	242	255	255	255	255	255	255	255	255	255	255	255	255	255	255	255	255	221	191	190	196	185	181	177	171	162	169	177	189	205	247	255	255	255	255	255	255	255	255	255	255	202	142	101	159	255	255	255	255	255	255	220	224	227	210	196	198	203	197	192	177	127	12	0	0	0	0	38	92	115	136	134	131	125	116	128	137	138	
255	255	255	255	255	255	168	166	168	159	152	147	152	159	164	169	166	148	137	139	156	170	162	145	102	36	0	0	0	40	60	56	41	48	62	87	104	87	52	22	25	32	29	76	255	255	255	255	255	255	209	221	234	254	255	255	255	255	255	255	255	255	255	255	255	255	255	192	178	183	186	193	188	185	185	184	182	184	186	175	174	188	205	227	253	255	255	255	255	255	255	255	255	255	255	255	255	255	255	255	255	233	255	255	228	213	206	207	202	192	172	101	0	0	0	0	0	69	105	114	128	132	130	128	126	131	149	162	
255	255	255	255	255	255	173	167	171	160	151	145	162	185	203	208	178	98	56	70	100	108	92	67	26	0	0	0	8	68	87	73	27	21	36	75	94	89	59	24	13	15	23	82	255	255	255	255	255	255	214	204	197	183	182	193	203	223	255	255	255	255	255	222	154	111	58	59	99	136	155	162	171	178	187	201	196	185	184	181	173	174	177	175	177	191	213	254	255	255	255	255	255	255	255	255	255	255	255	255	182	225	255	255	224	215	212	207	198	191	163	67	0	0	0	0	15	103	135	133	132	136	134	131	134	141	154	158	
255	255	255	255	255	255	209	215	226	233	245	255	255	255	255	255	255	136	0	0	54	81	50	22	0	0	0	0	55	103	118	117	91	59	44	73	94	93	68	31	11	26	69	165	255	255	255	255	255	255	222	208	202	194	186	191	192	186	185	179	177	149	10	0	0	0	0	0	0	0	0	27	84	115	133	163	186	185	187	186	178	178	189	200	203	189	178	177	177	177	195	235	255	255	255	255	255	255	100	0	16	126	198	188	165	178	194	192	191	188	157	42	0	0	0	0	91	144	157	156	142	137	135	134	127	135	138	135	
255	255	255	255	255	255	255	255	255	255	255	255	255	255	255	255	255	255	25	0	0	35	19	0	0	0	0	28	70	92	96	97	89	77	74	89	104	81	53	12	0	1	60	172	255	255	255	255	255	255	205	198	203	207	206	204	203	199	190	189	177	116	0	0	0	0	0	0	0	0	0	0	0	0	0	25	86	113	124	145	165	178	188	202	206	198	180	171	173	166	172	180	176	159	125	56	0	0	0	0	0	0	66	51	25	43	85	105	117	133	119	25	0	0	0	40	139	162	153	146	125	105	101	104	105	114	118	120	
255	255	255	255	255	255	255	255	255	255	255	255	255	255	255	255	255	255	177	0	0	0	0	0	0	0	0	17	60	72	63	51	49	52	63	73	83	70	50	20	0	13	66	165	255	255	255	255	255	255	199	188	193	189	187	189	187	188	187	185	169	94	0	0	0	0	0	33	0	0	0	0	0	0	0	0	0	0	0	0	46	93	123	151	174	184	177	169	172	184	188	194	199	184	128	0	0	0	0	0	0	0	102	51	0	0	0	0	0	22	43	0	0	0	0	86	164	161	143	129	105	89	84	83	82	96	110	123	
255	255	255	255	255	255	255	255	255	255	255	255	245	254	255	246	213	220	222	119	0	0	0	0	0	0	0	19	53	67	66	61	65	71	86	93	97	83	59	42	41	49	74	150	255	255	255	255	255	255	217	196	185	176	170	172	175	178	183	189	167	82	0	0	0	0	0	27	45	38	36	24	0	0	0	0	0	0	0	0	0	0	0	4	50	92	130	146	162	181	191	192	197	193	140	0	0	0	0	0	80	255	255	242	86	0	0	0	0	0	0	36	48	57	123	218	255	243	206	172	141	112	104	110	116	125	132	140	
255	255	255	255	255	255	255	255	255	255	229	200	193	229	255	251	180	152	182	189	33	0	0	0	0	26	23	36	63	76	78	81	90	92	86	83	90	95	77	65	56	61	62	112	255	255	255	255	255	255	213	196	184	175	168	172	175	171	176	187	161	65	0	0	0	0	0	20	46	65	86	93	92	71	48	16	0	0	0	0	0	0	0	0	0	0	0	0	43	95	139	159	168	171	128	0	0	0	0	0	244	255	255	255	179	105	89	76	59	55	87	168	247	255	255	255	255	255	255	255	255	219	195	187	183	170	163	160	
255	255	255	255	255	255	249	255	255	248	210	205	229	255	255	255	201	153	153	173	74	0	0	0	0	39	58	46	49	61	68	76	93	96	70	56	74	105	110	95	77	67	57	94	255	255	255	255	255	255	203	193	188	183	175	179	187	185	178	180	152	48	0	0	0	0	0	34	66	88	98	101	90	75	69	66	57	38	25	8	0	0	0	0	0	0	0	0	0	0	0	0	31	80	76	0	0	0	0	0	229	255	255	255	195	137	121	111	105	124	188	255	255	255	255	255	255	255	255	255	255	255	255	255	255	255	249	222	
255	255	255	255	255	255	197	204	247	255	225	212	232	246	233	219	204	168	140	131	37	0	0	0	0	14	69	49	43	57	71	74	81	80	72	59	77	117	128	107	90	68	38	63	242	255	255	255	255	255	194	189	188	186	185	185	191	193	182	181	162	67	0	0	0	0	0	43	79	97	104	87	66	44	37	52	64	73	76	76	61	31	3	0	0	0	0	0	0	0	0	0	0	0	0	0	0	0	0	45	255	255	255	255	204	154	137	127	124	142	204	255	255	255	255	255	233	251	255	255	255	255	255	255	255	255	255	255	
255	255	255	255	255	255	183	164	210	243	216	194	221	255	238	202	190	195	173	119	0	0	0	0	0	0	76	53	42	56	84	102	90	82	87	92	102	124	127	102	76	61	43	67	248	255	255	255	255	255	193	194	195	189	187	188	191	180	174	174	170	109	0	0	0	0	0	16	64	94	95	65	43	30	38	51	71	89	95	94	81	61	52	58	72	87	84	56	15	0	0	0	0	0	0	0	70	76	149	255	255	255	255	255	255	172	137	127	134	157	211	255	255	255	255	243	189	201	203	196	202	228	251	255	255	255	255	255	
255	255	255	255	255	255	243	213	247	255	252	196	196	238	253	229	211	216	187	108	0	0	0	0	0	19	91	67	43	50	83	109	111	96	87	93	89	94	98	101	93	88	85	113	242	255	255	255	255	226	176	186	196	190	179	187	196	181	171	179	188	123	0	0	0	0	0	0	50	92	96	72	51	52	73	101	121	141	137	120	97	82	82	92	105	125	139	136	126	120	108	67	15	0	64	241	255	255	255	255	255	255	255	255	255	255	201	171	166	190	248	255	255	255	255	255	203	203	208	205	200	206	210	206	207	219	234	255	
255	255	255	255	255	255	255	248	255	255	255	197	179	219	254	239	200	192	186	112	0	0	0	0	0	45	104	93	71	62	87	111	130	110	96	90	94	82	83	103	115	115	117	131	173	255	255	255	254	129	97	124	150	158	151	165	200	205	185	192	214	147	0	0	0	0	0	31	78	111	108	80	66	75	99	132	152	166	162	138	114	95	86	87	89	102	107	101	93	90	82	64	53	69	211	255	255	255	255	255	255	255	255	255	255	255	255	255	255	255	255	255	255	255	255	255	234	210	197	192	185	186	189	191	191	193	192	193	
255	255	255	255	255	255	242	198	212	246	245	222	208	231	252	226	181	168	182	119	0	0	0	0	0	52	98	90	84	86	99	121	118	106	100	97	103	105	98	95	93	94	103	107	105	107	124	115	47	0	0	0	0	32	78	111	154	186	176	172	198	145	0	0	0	0	0	85	110	129	124	103	85	87	102	123	137	145	139	112	82	56	53	52	54	56	60	64	63	54	40	21	24	61	230	255	255	255	255	255	255	255	255	255	255	255	255	255	255	255	255	255	255	255	255	255	232	204	188	183	187	186	186	187	187	191	198	202	
255	255	255	255	255	255	247	199	185	211	242	252	253	255	248	194	139	143	161	98	0	0	0	0	0	60	85	69	68	79	89	102	92	85	75	82	76	89	79	60	57	67	72	69	66	66	69	65	22	0	0	0	0	0	0	0	0	18	66	97	144	136	0	0	0	0	0	94	124	128	123	107	81	69	70	81	81	83	82	64	33	10	8	17	23	32	48	64	75	67	45	23	33	84	255	255	255	255	255	255	249	250	225	211	225	244	255	255	255	255	255	255	255	191	129	116	123	131	130	149	181	210	225	217	208	201	201	200	
255	255	255	255	255	255	228	226	230	235	254	255	255	253	222	175	143	160	174	82	0	0	0	0	0	57	73	66	58	67	78	78	67	68	74	86	78	52	44	48	39	44	58	62	54	54	67	89	90	41	0	0	0	0	0	0	0	0	0	0	0	10	0	0	0	0	0	105	141	130	109	81	52	33	29	38	48	58	66	55	29	5	2	15	26	42	60	83	93	84	55	35	59	132	255	255	255	255	255	255	255	255	255	229	210	214	224	230	233	241	244	194	88	0	0	0	0	0	0	1	41	89	131	156	177	178	185	197	
255	255	255	255	255	255	196	199	200	230	255	255	255	232	206	175	166	190	189	62	0	0	0	0	0	58	67	71	77	78	82	79	62	60	84	113	102	49	27	44	48	44	54	77	73	66	77	89	94	92	89	92	87	53	0	0	0	0	0	0	0	0	0	0	0	0	72	211	220	174	114	74	43	20	13	23	46	70	89	89	67	46	37	42	53	70	90	111	115	95	63	50	82	163	255	255	255	255	255	255	255	255	252	218	204	204	215	219	211	204	192	118	0	0	0	0	0	0	0	0	0	0	0	0	0	49	94	152	
255	255	255	255	255	255	217	226	213	238	254	239	214	204	187	179	177	197	174	48	0	0	0	0	0	78	74	74	91	88	78	75	89	79	82	113	126	80	34	29	64	70	70	85	104	96	87	85	92	91	85	84	95	99	89	57	46	47	0	0	0	0	0	0	84	229	255	255	255	255	255	193	144	102	69	61	71	87	99	101	83	60	52	65	82	107	123	130	118	85	51	43	82	156	255	255	255	255	255	255	255	250	211	199	207	214	219	226	221	198	160	74	0	0	0	0	48	63	50	36	12	0	0	0	0	0	0	43	
232	232	255	255	255	255	205	211	213	213	202	178	107	58	54	98	143	164	132	0	0	0	0	0	24	92	89	94	97	80	75	86	94	104	100	108	147	135	80	27	29	46	71	84	99	92	86	88	99	104	97	86	78	70	70	84	127	146	133	59	0	0	0	119	255	255	255	255	255	255	255	255	255	255	255	225	198	175	147	113	85	58	44	48	60	74	97	112	105	84	62	59	93	151	255	255	255	255	255	255	255	237	199	190	204	209	211	214	211	197	153	58	0	0	0	0	74	93	102	114	111	85	46	15	17	36	50	40	
68	68	222	255	255	137	22	0	0	0	0	0	0	0	0	0	0	64	11	0	0	0	0	0	0	77	90	120	140	118	80	77	81	80	61	70	83	115	95	35	21	36	59	68	68	81	90	95	98	97	99	95	95	104	118	135	139	120	95	74	41	25	51	177	255	255	255	255	255	255	255	255	255	255	255	255	255	255	255	255	200	136	95	76	79	81	84	80	77	67	64	71	90	123	246	255	255	255	255	255	255	251	207	203	210	209	200	193	188	174	133	37	0	0	0	10	105	122	125	140	140	125	103	98	131	176	202	179	
15	15	98	106	0	0	0	0	0	0	0	0	0	0	0	0	0	0	0	0	0	0	0	0	0	61	105	161	211	199	127	85	105	98	63	66	72	80	86	63	40	30	38	56	68	78	83	93	93	88	90	97	105	116	125	132	126	98	65	52	39	37	52	150	255	255	255	255	245	229	255	255	255	255	255	255	255	255	255	255	255	255	255	246	192	144	118	107	101	89	82	77	78	81	151	255	255	255	255	255	255	248	210	202	202	203	192	190	186	180	142	49	0	0	0	33	121	148	149	155	150	124	104	119	161	219	255	247	
0	0	0	0	0	0	0	0	0	0	49	240	255	255	255	255	188	0	0	0	0	0	0	0	0	34	92	173	253	246	159	89	113	137	128	111	121	106	101	107	83	33	13	26	30	36	60	92	98	92	96	109	110	111	103	100	95	84	75	71	73	74	73	98	255	255	255	255	255	200	201	204	203	205	218	246	255	255	255	255	255	255	255	255	255	255	255	207	164	130	112	101	90	72	113	255	255	255	255	255	255	244	210	203	198	190	195	195	194	194	171	88	0	0	0	29	109	133	135	135	132	124	119	146	198	239	255	246	
90	90	94	124	132	194	177	255	255	255	255	255	255	255	255	229	144	87	3	0	0	0	0	23	19	21	50	102	193	222	148	84	97	129	126	101	100	87	69	101	105	51	9	32	44	39	51	94	127	111	95	95	100	101	93	78	74	80	84	90	93	89	89	100	231	255	255	255	255	199	167	177	166	156	158	174	178	201	220	237	255	255	255	255	255	255	255	255	255	255	255	215	171	135	118	233	255	255	255	255	255	250	208	202	213	210	208	210	211	211	200	136	13	0	0	18	98	124	128	127	124	133	154	192	240	255	255	223	
255	255	255	255	255	255	255	255	255	255	255	255	252	197	109	33	42	89	65	0	0	0	19	34	21	42	78	99	152	214	177	83	46	78	92	87	102	113	83	109	159	135	65	70	99	96	88	131	193	189	134	102	108	112	110	96	87	92	103	101	98	95	96	125	237	255	255	255	255	220	175	163	155	154	159	171	177	181	174	159	155	162	186	223	255	255	255	255	255	255	255	255	255	255	255	255	255	255	255	255	255	242	207	196	208	213	208	212	218	217	204	153	37	0	0	0	83	125	127	123	121	131	163	205	242	255	250	218	
247	247	255	255	255	255	255	156	113	102	106	110	117	123	107	80	73	49	0	0	0	0	14	37	41	78	122	140	161	212	203	98	14	19	65	70	88	111	100	85	149	182	115	63	97	120	125	155	220	245	201	143	123	124	118	108	96	90	96	99	93	91	100	99	154	255	255	255	255	192	165	182	178	170	177	178	185	180	171	172	177	177	181	190	198	195	209	238	255	255	255	255	255	255	255	255	255	255	255	255	255	238	203	194	193	199	204	207	207	204	196	154	50	0	0	0	62	118	127	123	128	150	180	211	226	223	205	188	
229	229	246	255	249	185	118	124	123	142	137	142	119	81	38	11	0	0	0	0	0	0	1	87	78	82	124	137	127	107	99	75	23	18	76	78	44	38	53	51	61	126	114	36	47	95	109	103	127	168	168	130	101	92	85	90	91	87	86	88	87	94	107	127	115	116	170	189	118	47	58	113	135	146	165	194	200	191	183	193	203	205	203	202	197	192	188	195	206	209	213	229	255	255	255	255	255	255	255	255	242	177	153	169	183	184	192	196	194	198	202	178	92	0	0	0	51	118	135	140	157	188	220	233	222	208	186	173	
210	210	242	255	255	252	205	193	194	241	255	243	196	137	69	10	0	0	0	0	0	0	9	96	104	88	94	103	88	70	58	36	28	42	94	99	68	52	66	111	129	135	115	79	44	70	106	94	84	101	123	119	105	97	91	94	99	95	84	84	89	98	108	105	100	108	109	99	12	0	0	0	0	0	5	75	123	144	151	163	179	193	191	184	175	172	175	179	179	177	175	185	203	214	207	211	229	211	147	62	37	19	0	18	69	104	139	153	159	163	171	175	135	35	0	0	36	116	150	168	187	210	223	223	206	188	177	174	
211	211	255	255	255	255	255	255	255	255	255	255	255	248	194	149	105	0	0	0	0	0	18	60	87	97	94	102	102	87	76	78	88	148	184	111	34	25	66	114	140	139	132	126	141	113	94	74	66	75	109	118	107	93	92	99	107	102	92	86	101	118	124	113	100	97	109	112	94	26	0	0	0	0	0	0	0	0	0	23	75	115	134	145	168	186	200	208	206	196	186	179	176	179	179	177	160	113	4	0	0	17	0	0	0	0	0	0	0	29	65	99	116	74	0	0	47	129	176	198	213	225	220	197	163	153	150	158	
242	242	255	255	255	255	255	255	255	255	255	255	255	221	151	128	121	14	0	0	0	0	44	31	40	68	98	117	116	96	79	90	134	198	235	179	69	22	38	63	68	65	51	34	91	119	74	26	34	50	64	81	78	77	79	86	91	93	93	98	111	123	128	110	93	85	103	111	98	75	60	41	1	0	0	0	0	0	0	0	0	0	0	27	87	136	167	184	195	195	189	183	177	169	179	178	175	144	57	0	0	21	95	94	55	16	0	0	0	0	0	0	43	76	63	53	106	185	243	255	255	238	220	199	171	164	163	168	
255	255	255	255	255	255	255	236	235	255	255	255	255	207	89	22	0	0	0	0	0	37	71	48	48	70	84	92	108	110	93	91	115	163	203	163	72	10	51	124	135	119	81	37	71	97	33	0	0	39	79	95	93	92	94	102	103	102	104	110	114	114	106	94	76	64	77	91	93	91	98	108	104	85	64	37	0	0	0	0	0	0	0	0	0	0	0	24	56	96	127	146	163	175	180	184	192	179	118	18	0	19	93	131	135	125	109	76	36	10	1	10	34	70	109	146	207	255	255	255	255	255	255	255	230	202	196	212	
255	255	255	255	255	255	255	255	255	255	255	255	255	226	93	0	0	0	0	0	0	1	62	68	64	61	59	57	64	89	101	102	109	107	91	71	39	15	50	128	156	175	159	126	146	170	78	0	0	31	86	102	97	95	95	91	82	76	80	90	96	90	81	89	86	88	92	109	114	114	114	129	127	121	111	117	109	80	32	0	0	0	0	0	0	0	0	0	0	0	0	6	62	108	158	179	200	217	179	88	2	15	80	135	152	158	149	143	125	113	117	121	118	124	169	245	255	255	255	255	255	255	255	255	255	255	255	255	
255	255	255	255	255	255	255	255	255	255	255	255	255	172	106	35	0	0	0	0	0	0	75	84	79	75	53	48	47	56	70	68	77	85	61	23	0	0	1	56	123	154	142	137	163	163	59	0	0	17	74	86	78	76	74	66	61	57	65	78	89	91	88	92	105	116	115	126	134	134	120	118	114	110	102	111	126	124	103	86	87	82	53	13	0	0	0	0	0	0	0	0	0	0	0	0	32	122	190	164	93	80	125	163	172	176	173	155	132	127	142	171	180	180	227	255	255	255	255	255	255	255	255	255	255	255	255	255	
255	255	255	255	255	255	255	255	255	255	255	237	150	93	93	64	0	0	0	0	0	6	66	85	107	125	110	81	70	61	47	29	21	56	79	50	21	20	24	26	90	149	149	118	115	65	0	0	0	15	67	76	72	73	78	82	82	83	89	97	106	110	111	105	110	116	117	115	126	124	109	88	91	96	99	109	131	140	123	98	97	109	113	115	118	106	56	0	0	0	0	0	0	0	0	0	0	0	69	124	126	143	176	207	214	221	222	202	171	147	152	170	187	196	242	255	255	255	255	255	255	249	241	255	255	255	255	255	
255	255	255	255	255	255	255	255	255	251	241	211	152	108	119	85	0	0	0	0	0	68	100	110	120	129	128	119	100	71	55	32	19	29	50	77	85	83	82	85	135	192	207	161	118	43	0	0	0	32	80	89	96	95	94	101	106	105	105	110	110	109	112	111	107	107	111	108	103	95	86	93	101	104	104	98	105	101	100	98	90	97	114	117	113	104	82	63	54	61	71	60	26	0	0	0	0	69	127	135	141	188	224	243	255	255	255	255	255	225	202	197	200	209	249	255	255	255	255	255	224	209	205	204	212	215	224	238	
255	255	255	255	255	244	186	208	207	199	210	198	156	94	108	75	0	0	0	0	16	112	121	114	95	88	97	98	100	92	65	39	24	27	41	55	81	98	88	81	126	182	201	159	99	14	0	0	0	43	83	92	106	107	95	88	86	87	91	97	102	102	108	112	107	102	97	95	79	70	71	84	99	115	118	119	109	110	114	122	122	123	136	141	130	112	83	58	56	80	106	112	101	89	65	98	213	255	255	253	215	255	255	255	255	255	255	255	255	255	255	255	255	255	255	255	255	255	255	255	248	226	225	225	228	231	231	226	
210	210	227	245	211	153	123	150	167	159	183	190	133	42	11	0	0	0	0	0	4	92	100	100	96	77	62	62	81	100	90	68	54	44	32	30	35	52	61	51	73	126	131	83	11	0	0	0	0	43	72	69	81	79	82	80	78	79	82	91	98	98	97	96	98	100	100	99	89	84	85	92	104	111	116	117	127	136	136	129	131	137	142	145	146	142	108	77	65	72	87	98	105	114	118	139	238	255	255	255	242	255	255	255	255	255	255	255	255	255	255	255	255	255	255	255	255	255	255	255	255	239	236	231	235	238	241	238	
191	191	217	248	233	186	167	190	221	210	229	221	156	20	0	0	0	0	0	0	0	85	97	94	86	88	81	63	61	85	94	87	72	58	39	21	3	1	29	54	64	73	78	55	0	0	0	0	0	47	77	71	76	70	67	67	65	70	87	95	98	86	73	77	87	100	114	120	124	127	132	135	137	137	134	131	128	125	125	126	119	107	103	105	123	151	150	127	102	93	77	73	81	96	111	132	218	255	255	255	220	255	255	255	255	231	240	245	249	255	255	255	255	255	255	255	255	255	255	255	185	136	148	169	192	200	214	212	
200	200	225	255	246	222	226	255	255	255	255	200	108	0	0	0	0	0	0	0	0	82	99	104	108	102	82	57	38	52	75	83	76	68	52	29	7	2	15	37	41	33	43	51	56	67	73	63	67	92	89	69	78	91	90	85	75	68	71	83	89	88	84	90	102	118	126	133	124	118	117	116	123	123	122	116	107	102	105	110	106	96	87	87	105	141	163	159	137	125	117	101	98	103	111	132	199	255	255	255	232	226	255	255	255	255	234	225	224	237	255	255	255	255	255	255	255	255	255	154	37	0	6	30	45	66	99	119	
191	191	235	255	249	243	255	255	255	255	255	202	84	0	0	0	0	0	0	0	41	111	104	98	103	112	112	86	55	55	78	74	64	62	52	29	34	37	37	48	45	31	23	27	33	87	167	202	182	162	152	126	107	99	88	81	79	77	85	97	104	99	100	102	111	120	128	122	104	88	78	80	83	90	93	89	91	94	99	99	95	90	81	80	93	121	145	149	146	154	169	157	137	113	120	147	213	255	255	255	242	209	255	255	255	255	255	228	228	243	255	255	255	255	255	253	240	234	180	52	0	0	0	0	0	0	0	0	
106	106	193	253	255	238	255	255	255	227	235	200	72	0	0	0	0	0	0	0	76	126	97	80	95	113	110	103	89	93	121	132	108	75	44	16	17	45	61	64	68	55	30	37	43	73	144	205	201	169	165	168	159	143	114	87	70	69	75	91	102	101	98	94	90	85	96	101	100	90	86	80	83	93	101	108	109	110	103	88	81	85	99	113	121	126	127	125	125	141	164	164	144	123	133	187	255	255	255	255	232	190	236	255	255	255	255	237	232	255	255	255	255	255	241	223	221	218	179	67	0	0	0	31	34	8	0	0	
73	73	202	255	255	248	236	255	229	168	170	153	30	0	0	0	0	0	0	0	83	98	63	58	87	104	100	100	110	127	151	162	131	76	29	0	0	15	60	73	94	146	178	202	220	224	237	251	233	173	138	151	182	199	189	166	136	98	78	80	93	95	86	83	80	75	82	98	105	100	96	97	102	107	111	108	107	111	117	122	115	114	130	138	137	134	130	128	128	131	136	134	131	140	148	212	255	255	255	251	195	154	176	252	255	255	255	255	255	255	255	255	255	255	234	227	229	224	196	113	0	0	0	79	126	132	128	115	
206	206	255	255	255	255	237	250	228	180	174	150	24	0	0	0	0	0	0	7	102	83	48	58	79	80	73	85	118	152	173	167	129	71	16	0	0	0	45	80	144	255	255	255	255	255	255	255	249	195	158	144	156	185	214	219	208	177	132	96	86	84	81	79	85	93	97	101	96	92	89	95	100	104	103	102	95	100	113	128	137	135	130	128	121	120	122	126	134	140	133	128	125	143	170	226	255	255	255	209	155	113	112	174	255	255	255	255	255	255	255	255	255	252	238	234	235	228	213	167	44	0	0	40	117	152	167	172	
255	255	255	255	255	255	255	255	249	218	190	134	27	0	0	0	0	0	0	14	88	67	39	67	88	72	58	80	108	135	169	177	126	84	64	36	18	22	54	66	119	225	255	255	255	255	255	255	215	183	161	153	151	166	178	177	175	179	174	148	128	111	85	75	75	84	95	99	100	94	86	92	98	99	99	97	95	98	106	114	121	120	111	106	117	127	130	128	125	132	139	133	129	127	133	173	236	255	255	221	167	123	109	151	255	255	255	255	255	255	255	255	250	245	240	234	230	221	209	185	96	0	0	20	122	167	184	187	
255	255	255	255	255	255	255	255	228	205	178	102	2	0	0	0	0	0	0	7	85	54	38	58	71	58	58	92	103	89	112	142	114	74	62	104	110	89	74	75	120	203	255	255	244	175	167	183	181	165	153	153	152	155	163	161	146	133	144	164	181	178	151	108	80	79	87	102	104	101	104	110	115	110	106	106	108	109	116	120	123	121	115	112	123	145	153	141	128	129	134	127	122	121	118	146	203	255	255	210	166	158	142	175	255	255	255	255	255	255	255	238	225	225	229	228	220	215	206	190	132	12	0	0	94	161	185	196	
255	255	255	255	255	255	252	246	202	185	166	87	0	0	0	0	0	0	0	0	77	54	46	60	62	49	69	105	100	69	79	98	100	72	44	91	177	184	146	190	255	255	255	255	254	167	147	173	184	169	147	146	154	160	167	163	141	113	109	134	163	184	188	166	142	115	95	86	94	94	91	100	106	113	111	108	107	112	120	132	137	137	128	111	109	126	138	134	121	120	122	120	122	135	163	198	253	255	255	216	190	201	207	224	255	255	255	255	255	255	228	223	222	217	220	221	223	224	224	215	181	82	0	0	30	118	154	177	
255	255	255	255	255	255	235	216	197	186	144	31	0	0	0	0	0	0	0	0	60	40	34	62	69	60	84	119	120	123	152	138	104	108	114	110	171	233	227	255	255	255	255	255	255	181	141	153	170	162	142	132	143	154	160	158	142	115	100	111	130	147	151	154	173	198	182	127	85	65	68	86	95	101	104	107	103	102	114	130	133	124	109	93	85	100	117	122	121	124	132	142	153	167	187	210	255	255	255	227	222	231	255	255	255	255	255	255	255	255	212	213	229	222	218	226	234	240	239	227	208	125	0	0	0	71	133	167	
255	255	255	255	255	255	237	199	200	207	144	0	0	0	0	0	0	0	0	41	92	68	58	81	82	78	110	138	128	146	204	187	100	66	126	158	143	184	224	240	255	255	255	255	198	153	129	129	144	151	136	123	126	138	146	147	141	135	130	137	149	152	146	130	130	157	184	197	183	153	113	91	84	85	95	109	112	112	118	127	127	118	109	97	95	104	126	139	139	141	155	164	174	182	170	186	216	252	245	221	208	217	233	254	255	255	255	255	255	255	247	224	225	224	228	235	241	242	236	227	211	149	13	0	0	48	146	182	
255	255	255	255	255	255	250	195	187	216	165	24	0	0	0	0	0	0	0	76	95	72	79	100	104	128	178	192	151	140	193	186	81	7	67	112	83	88	161	197	195	195	186	155	142	139	131	126	142	150	143	131	131	140	146	147	143	144	147	155	163	169	164	142	126	122	134	156	175	193	194	172	140	108	85	88	95	92	97	109	112	114	114	117	124	135	146	149	151	146	152	158	168	175	158	165	196	250	249	239	214	226	252	255	255	255	255	255	255	255	209	178	176	181	195	211	225	233	229	218	207	179	73	0	0	38	166	201	
255	255	255	255	255	255	221	170	160	202	147	30	0	0	0	0	0	0	0	107	80	40	60	82	91	128	183	185	132	115	166	175	101	38	59	89	95	86	124	170	186	155	130	123	137	139	132	132	152	171	169	155	153	150	148	151	153	155	157	153	144	137	138	145	146	142	140	146	159	173	181	196	201	187	153	119	111	102	95	92	96	100	107	112	115	121	134	148	150	149	147	154	161	164	186	210	245	255	255	224	218	235	255	255	255	255	255	249	215	153	72	20	1	10	41	95	144	175	187	188	188	183	112	0	0	7	145	189	
255	255	255	255	255	255	207	176	188	206	162	44	0	0	0	0	0	0	30	112	80	51	81	99	93	112	169	166	88	44	104	157	145	115	101	105	140	184	215	221	209	155	115	117	129	134	138	148	164	177	173	161	161	164	162	162	162	163	164	159	146	132	138	147	157	160	163	172	179	179	168	171	194	214	212	195	164	128	109	112	120	120	118	114	115	122	147	170	179	177	170	167	173	182	202	219	255	255	251	193	204	239	255	255	255	255	205	176	172	170	146	58	0	0	0	0	0	0	0	21	63	102	98	50	12	74	211	255	
255	255	255	255	255	255	196	176	210	238	189	104	42	0	0	0	0	0	63	96	39	16	58	93	95	108	149	152	111	94	136	163	173	181	162	121	148	237	255	234	181	138	98	92	118	135	147	151	165	185	188	178	167	166	161	159	160	162	160	158	143	129	132	162	186	190	184	172	170	166	153	136	140	160	184	201	210	188	151	116	101	104	121	149	162	160	172	185	190	189	191	195	198	205	202	218	247	255	255	252	255	255	255	255	255	235	196	191	181	173	176	161	119	88	67	30	0	0	0	0	0	0	0	29	126	235	255	255	
255	255	255	255	255	255	199	190	235	237	172	91	21	0	0	0	0	0	81	90	45	51	98	106	79	82	108	109	106	121	133	129	149	199	187	115	133	245	255	207	110	86	79	88	115	141	152	158	165	173	176	181	188	183	163	150	146	147	152	154	142	124	123	154	183	191	172	159	148	143	137	141	142	141	146	157	176	197	206	192	159	118	95	105	143	175	187	187	185	175	169	171	177	187	205	220	215	208	246	255	255	255	255	255	255	237	208	205	195	184	174	196	203	199	194	190	179	142	90	34	0	0	0	35	178	255	255	255	
255	255	255	255	255	255	217	225	255	254	160	69	0	0	0	0	0	0	92	96	59	80	118	108	71	89	110	92	80	98	89	45	32	115	153	106	110	234	255	234	147	128	123	111	107	129	148	159	156	154	149	155	162	165	156	150	150	156	157	151	140	121	123	154	188	194	172	145	132	130	129	140	163	183	185	181	167	155	165	194	200	194	182	180	189	203	199	182	176	186	186	181	172	162	181	205	238	255	255	255	255	255	255	255	216	187	176	188	206	213	212	212	223	218	205	205	217	232	234	198	147	100	92	152	255	255	255	255	
255	255	255	255	255	255	214	210	216	187	93	34	0	0	0	0	0	0	130	113	50	49	83	66	37	72	117	106	91	102	87	37	21	96	143	128	140	245	255	243	160	170	197	189	171	154	138	116	102	105	122	134	139	140	142	137	141	155	160	146	130	120	128	169	207	214	193	162	144	134	131	131	164	205	226	211	190	162	149	158	181	201	230	255	255	255	255	255	255	242	202	179	170	177	209	255	255	255	255	255	255	255	255	221	213	222	225	224	216	213	228	218	201	179	163	163	197	229	251	246	216	186	168	190	255	255	255	255	
220	220	232	239	241	229	224	199	179	103	21	0	0	0	0	0	0	14	113	72	9	7	39	33	17	54	91	83	90	114	126	111	129	180	183	173	218	255	255	234	135	146	189	198	197	202	186	142	86	59	69	99	118	128	132	129	132	138	145	135	123	126	146	181	209	216	191	167	150	137	133	146	169	206	224	213	188	170	167	176	185	187	189	207	255	255	255	255	255	255	255	255	225	200	213	255	255	255	255	255	255	255	255	231	219	249	255	255	254	229	202	203	196	185	187	201	219	217	212	214	234	245	234	223	219	255	255	255	
202	202	224	239	233	197	193	180	173	99	16	0	0	0	0	0	0	53	95	40	2	16	42	56	70	84	65	36	51	89	113	133	181	215	188	179	255	255	255	226	134	135	155	151	149	180	199	184	140	102	98	113	118	109	107	116	120	130	130	129	132	146	172	196	203	191	162	136	133	136	131	130	150	183	206	204	172	152	150	167	176	174	164	154	157	187	238	255	255	255	255	255	255	255	255	255	255	255	255	255	255	255	238	238	219	198	210	242	230	206	182	182	199	203	195	199	200	185	160	158	186	219	227	226	234	255	255	255	
190	190	219	243	234	179	167	189	211	149	55	0	0	0	0	0	0	71	97	58	64	102	103	95	116	116	58	10	42	82	86	101	158	195	162	153	247	255	255	196	115	128	158	158	152	159	166	170	170	162	159	159	141	116	107	110	120	124	130	133	143	164	186	214	216	192	160	141	138	142	134	127	140	162	178	179	178	166	160	150	146	150	157	164	168	183	233	255	255	255	255	255	255	255	255	255	255	255	255	255	255	232	216	228	231	207	196	171	159	164	200	225	220	211	203	181	160	161	163	172	181	182	165	169	211	241	255	255	
222	222	248	255	233	172	180	226	244	136	30	0	0	0	0	0	0	98	121	73	79	128	125	99	114	136	89	32	53	111	119	118	170	195	146	133	211	255	255	163	100	115	144	153	159	183	199	186	158	150	163	189	210	189	149	123	121	131	141	145	147	155	177	200	201	185	160	149	149	149	144	138	152	182	208	213	204	190	177	170	168	169	177	185	194	199	229	255	255	255	255	206	212	255	255	255	255	255	255	255	255	233	218	211	230	232	215	219	211	178	158	177	225	235	215	198	188	184	187	198	212	203	179	163	195	227	244	244	
169	169	234	255	213	150	154	224	219	123	12	0	0	0	0	0	5	179	172	104	90	96	69	52	100	142	99	50	70	115	135	164	211	200	113	90	181	255	255	197	132	129	143	154	163	186	198	177	146	140	164	194	212	228	232	217	193	165	139	130	133	142	151	162	158	144	128	133	145	147	146	156	184	212	233	226	208	199	199	194	188	185	189	200	209	220	242	255	255	252	214	206	239	255	255	255	255	255	255	255	255	255	255	250	243	237	227	214	205	215	216	196	170	185	223	244	218	204	201	211	202	190	185	191	198	205	185	171	
116	116	187	228	207	141	159	236	240	112	13	0	0	0	0	0	26	186	154	60	58	71	42	45	96	119	74	45	69	83	89	134	172	143	72	103	231	255	255	254	199	165	173	181	185	197	195	174	151	151	171	192	197	197	210	226	231	224	201	154	114	104	118	136	132	114	99	106	128	146	159	182	213	240	242	222	192	182	187	183	169	163	174	193	213	231	251	255	255	241	203	192	234	255	255	255	255	255	255	255	255	255	255	236	208	204	210	222	218	222	225	222	209	193	191	198	203	212	220	233	221	216	203	217	228	240	229	226	
236	236	255	255	255	233	201	255	255	120	28	0	0	0	0	0	13	123	103	35	46	80	52	45	90	112	75	52	79	81	69	92	120	98	65	146	255	255	255	255	227	182	177	188	197	202	195	168	146	156	184	200	192	177	179	195	209	216	218	206	173	141	126	122	108	89	84	99	123	142	163	185	219	242	241	215	184	170	174	171	158	151	164	184	199	212	224	226	237	218	191	191	255	255	255	255	255	255	255	255	255	255	255	254	228	218	223	215	207	202	198	196	194	196	206	215	194	168	199	254	255	220	208	215	232	235	222	212	
255	255	255	255	255	255	253	255	217	108	30	0	0	0	0	0	40	95	86	68	98	128	93	78	112	141	107	78	93	90	69	79	111	97	90	183	255	255	255	251	205	180	185	190	201	203	191	163	143	157	187	199	191	181	188	201	202	193	186	192	200	204	210	188	151	105	79	85	112	136	157	177	191	198	202	186	167	157	161	163	154	153	171	192	201	195	192	192	202	197	172	171	255	255	255	255	255	255	255	255	255	255	255	255	255	255	255	255	232	214	204	190	188	189	194	205	220	205	191	198	218	196	182	185	221	208	192	170	
255	255	255	255	255	255	237	241	144	78	23	0	0	0	0	0	95	110	99	126	165	159	103	89	129	165	147	116	101	78	58	77	100	88	95	191	255	255	255	203	180	178	177	182	193	202	197	180	173	177	184	179	162	161	181	205	215	207	190	178	179	186	207	213	202	161	137	118	123	134	144	150	157	164	168	167	156	156	161	167	170	179	200	216	209	192	179	176	191	195	166	162	255	255	255	255	255	255	255	251	252	252	246	255	255	255	255	255	255	255	243	230	218	217	211	205	216	223	214	196	171	141	112	136	167	202	186	191	
255	255	255	255	255	255	185	191	120	64	10	0	0	0	0	0	125	113	66	118	181	156	82	61	94	124	125	119	99	56	52	95	104	74	88	194	255	255	255	210	177	183	187	188	199	203	197	197	204	209	199	173	144	131	144	165	179	196	203	197	183	172	169	183	187	182	183	191	182	172	163	156	153	159	163	162	166	167	173	180	185	196	212	224	218	200	186	182	193	204	178	171	255	255	255	255	255	255	247	236	237	239	238	244	255	255	255	255	255	255	255	251	228	220	225	222	222	239	231	206	193	190	160	165	182	193	178	196	
255	255	255	255	255	255	195	165	123	71	5	0	0	0	0	0	121	86	22	82	176	151	62	25	44	59	70	97	95	47	54	131	135	86	105	223	255	255	255	212	171	184	200	208	212	212	199	191	197	207	198	179	165	164	165	167	167	164	173	181	175	163	160	169	176	184	194	222	231	226	208	191	176	170	174	178	177	177	181	184	184	190	202	215	220	209	194	192	199	207	188	189	255	255	255	255	255	255	255	249	238	243	251	253	252	252	255	255	255	255	255	247	216	196	198	212	223	228	230	211	192	183	193	205	227	218	201	198	
255	255	255	255	255	255	235	146	79	66	0	0	0	0	0	13	122	86	34	95	186	167	78	32	45	43	53	91	96	47	42	118	133	89	133	255	255	255	255	190	152	165	183	203	214	207	190	183	186	190	174	160	166	186	193	186	180	174	169	168	158	146	150	173	193	197	196	209	223	227	222	210	197	185	183	184	178	171	167	163	159	162	174	189	202	203	192	194	198	201	197	219	255	255	255	255	255	255	255	255	253	246	250	248	241	242	252	255	255	255	255	230	194	172	184	208	205	193	190	189	193	198	213	220	233	221	212	200	
255	255	255	255	255	255	255	151	37	28	0	0	0	0	0	42	123	86	60	124	187	154	83	51	58	56	67	104	108	63	60	114	113	78	154	255	255	255	255	225	167	158	159	176	193	188	170	167	179	181	167	152	150	167	181	182	184	192	186	163	147	154	168	182	193	195	189	188	183	178	173	184	203	220	219	203	175	146	131	129	136	149	161	167	176	184	188	186	191	201	202	239	255	255	255	255	255	255	251	255	252	247	244	239	234	231	239	250	255	252	237	228	215	202	203	219	220	210	204	209	213	211	197	196	208	205	198	208	
255	255	255	255	255	255	255	152	42	0	0	0	0	0	0	66	127	97	69	113	138	91	61	62	71	57	64	90	97	92	109	130	99	68	173	255	255	255	255	255	214	197	186	200	199	184	158	149	161	169	163	153	153	164	176	171	160	168	170	150	137	159	187	190	175	163	160	166	167	159	148	146	174	210	232	230	205	169	134	117	128	152	178	187	180	185	197	195	190	198	206	251	255	255	255	255	255	255	255	255	246	238	239	241	245	249	246	242	242	239	229	223	238	255	255	255	255	255	229	213	213	215	203	196	201	208	207	210	
255	255	255	255	255	255	221	119	47	3	0	0	0	0	0	81	115	93	68	87	86	49	58	100	103	72	74	94	98	112	150	141	81	43	163	255	255	255	255	244	216	201	200	216	217	190	157	144	145	147	139	141	148	162	172	168	153	143	140	130	130	164	211	220	176	130	120	133	145	146	138	135	163	202	229	223	205	191	180	169	168	184	197	197	194	201	220	226	210	200	209	255	255	255	255	255	255	251	255	255	247	237	238	243	247	249	248	243	239	245	249	246	237	246	255	255	255	255	255	254	227	209	201	200	219	228	232	228	
255	255	255	255	255	255	176	83	50	28	0	0	0	0	1	140	118	74	65	80	60	32	67	135	140	103	106	129	113	127	183	162	71	36	184	255	255	255	255	210	189	168	173	187	189	173	148	133	123	118	112	123	143	160	167	166	155	147	143	137	145	176	221	235	189	136	124	138	141	126	112	115	154	199	225	209	186	186	199	209	225	244	245	220	189	185	216	248	255	255	255	255	255	255	255	255	255	255	255	253	245	240	239	245	249	246	243	243	240	242	248	249	249	251	255	252	244	254	255	255	255	255	238	220	214	206	216	220	
255	255	255	255	255	255	145	48	21	0	0	0	0	0	97	211	145	85	102	127	87	38	64	121	123	91	90	101	71	77	148	141	49	42	225	255	255	255	255	181	161	143	147	158	160	152	140	136	134	129	129	144	164	175	175	168	163	158	146	137	139	166	201	212	178	156	159	173	170	146	125	123	153	189	205	195	174	180	195	212	234	255	255	236	192	177	199	238	255	255	255	255	255	255	255	255	255	249	255	251	246	242	242	246	249	246	243	240	238	231	226	235	241	247	255	255	255	251	255	255	255	255	255	255	242	199	177	181	
255	255	255	255	255	255	124	3	0	0	0	0	0	0	127	216	126	75	118	154	111	63	84	121	126	114	104	72	18	12	77	71	4	40	251	255	255	255	237	147	145	149	163	167	150	129	116	133	162	177	186	201	206	193	172	159	157	157	141	125	128	153	184	195	170	161	173	187	184	170	161	175	187	191	185	175	173	192	211	217	219	230	236	219	195	197	222	255	255	255	255	255	255	255	255	255	255	254	251	247	243	243	241	244	247	246	243	240	237	235	238	238	241	243	247	255	255	251	252	255	253	247	255	255	255	255	250	211	
254	254	255	255	255	255	93	0	0	0	0	0	0	0	147	200	107	51	107	141	81	48	87	121	144	180	174	95	26	37	77	68	29	79	255	255	255	255	171	128	138	159	188	175	137	104	107	145	190	214	220	226	223	206	183	167	162	154	130	106	121	164	199	205	189	173	177	186	183	168	171	196	212	203	180	172	173	190	207	208	205	206	214	209	201	213	255	255	255	255	255	255	255	255	255	255	255	255	254	250	245	244	243	242	242	244	240	238	236	236	245	252	255	255	249	239	241	238	232	236	245	237	248	255	255	255	255	255	
255	255	255	255	255	236	23	0	0	0	0	0	0	0	160	158	64	23	79	94	20	0	66	104	119	176	198	115	54	104	136	96	60	152	255	255	255	255	150	129	141	162	192	176	117	86	110	171	221	235	229	219	209	196	192	186	180	164	139	112	116	155	191	207	200	187	180	182	185	170	164	179	188	180	169	178	201	212	205	188	177	182	199	209	206	217	255	255	255	255	255	255	255	255	255	255	255	255	251	247	244	246	248	246	242	240	240	233	230	234	241	249	250	245	243	244	248	244	233	225	232	249	252	255	251	255	255	255	
255	255	255	255	255	231	11	0	0	0	0	0	0	28	169	129	15	0	39	40	0	0	56	88	79	116	139	72	30	114	176	113	66	198	255	255	255	255	182	165	177	183	181	148	92	73	122	202	241	231	216	210	201	190	191	190	181	167	157	151	148	164	177	186	177	171	165	176	186	179	163	158	163	161	169	192	228	240	227	204	182	168	170	185	194	204	239	255	255	255	255	255	255	255	255	255	254	250	236	234	240	246	245	243	243	241	238	237	233	235	244	249	248	244	240	244	249	250	244	237	238	246	247	244	237	250	255	255	
255	255	255	255	255	215	50	0	0	0	0	0	0	95	213	130	0	0	44	41	0	10	70	84	56	67	80	33	0	61	98	29	7	186	255	255	255	255	207	202	200	205	191	149	97	79	133	210	243	228	209	209	199	183	180	183	181	182	189	198	194	182	171	162	153	148	143	156	184	187	173	169	180	187	194	209	231	241	239	228	201	173	163	174	187	197	218	255	255	255	255	255	255	255	255	251	245	242	229	223	229	234	237	236	238	243	247	248	245	243	247	251	247	240	237	240	245	246	245	243	246	248	246	242	238	229	234	229	
226	226	196	173	165	130	43	0	0	0	0	0	0	156	246	131	0	0	86	81	38	53	89	66	44	71	93	72	44	60	41	0	0	177	255	255	255	255	203	198	196	194	195	180	142	127	158	208	229	209	191	194	191	179	177	183	190	202	209	210	198	179	167	167	167	146	136	140	171	192	189	189	206	218	212	209	219	230	235	229	200	169	162	186	210	209	203	214	234	255	255	255	255	255	255	245	251	255	238	229	228	227	224	223	230	240	250	250	247	245	248	248	246	235	234	238	242	245	243	237	235	240	239	235	229	225	216	208	
210	210	175	153	134	85	22	0	0	0	0	0	0	179	229	100	0	0	101	90	26	32	67	44	52	110	133	112	92	90	51	12	66	255	255	255	255	255	198	188	169	155	166	184	187	182	194	207	195	169	152	162	169	166	171	179	187	195	200	187	171	160	156	171	181	173	163	173	193	204	202	197	210	224	214	196	196	213	217	208	184	152	154	196	236	234	205	185	187	230	255	255	255	255	255	249	255	255	255	252	248	240	230	229	236	242	246	247	244	241	238	241	238	234	235	240	247	248	245	238	234	238	236	230	217	214	218	230	
172	172	139	115	87	56	32	1	0	0	0	0	0	167	174	55	0	15	100	86	26	24	48	45	85	154	153	109	91	92	52	48	171	255	255	255	255	246	190	181	154	131	134	161	180	190	204	210	190	165	149	146	144	141	147	160	170	174	182	179	168	161	168	172	181	194	199	214	231	235	218	203	202	204	198	184	187	200	203	191	163	143	151	199	248	250	219	189	185	234	255	255	255	255	255	247	252	255	255	255	255	252	240	239	246	247	244	240	239	234	230	227	232	235	237	243	245	248	246	243	242	242	243	236	220	216	222	238	
177	177	121	65	18	5	29	22	0	0	0	0	0	157	134	44	20	65	108	105	96	105	94	86	122	161	135	93	101	128	96	96	225	255	255	255	255	229	192	180	157	133	129	146	165	174	179	188	189	173	168	169	160	150	147	158	169	174	188	205	201	186	182	178	181	193	208	216	230	236	226	209	201	196	186	179	184	193	196	187	172	158	164	197	234	245	225	210	227	255	255	255	255	255	255	250	248	251	249	251	248	242	239	241	248	254	246	236	227	225	224	226	231	239	244	245	247	245	242	244	242	244	243	236	225	229	254	255	
175	175	131	63	0	0	41	29	0	0	0	0	2	165	143	74	81	121	119	104	140	166	123	88	123	162	126	88	109	139	101	98	229	255	255	255	211	182	201	205	175	141	131	140	165	177	175	168	162	150	145	162	185	184	177	174	176	182	192	212	221	210	192	177	169	176	199	215	219	218	221	229	232	228	213	193	189	190	187	178	168	172	190	211	228	220	208	205	225	255	255	255	255	255	255	248	241	247	249	248	239	231	224	232	245	248	249	240	230	223	217	222	235	255	255	255	255	255	251	245	238	236	236	233	229	224	239	255	
126	126	75	16	0	0	35	44	0	0	0	0	21	146	116	66	110	144	104	66	122	157	86	19	57	123	117	90	124	151	102	100	226	255	255	255	194	142	164	154	146	131	124	139	161	176	169	160	163	157	150	156	181	205	214	209	198	185	178	178	180	172	164	166	172	176	193	207	203	199	204	219	233	237	233	226	216	204	181	159	150	150	169	199	218	212	198	197	223	255	255	255	255	255	255	248	236	234	252	255	244	233	227	231	238	240	236	235	236	235	237	239	242	244	248	249	253	255	252	250	247	245	241	235	225	229	238	248	
195	195	145	85	0	0	0	0	0	0	0	0	33	120	63	33	96	122	63	35	95	119	47	0	45	108	103	80	96	105	72	104	250	255	255	255	227	171	186	172	143	115	108	121	158	178	182	183	193	195	184	177	190	209	219	208	197	199	204	196	178	153	138	137	136	134	148	173	180	180	195	214	229	234	226	216	210	196	179	162	144	140	153	188	210	194	181	199	250	255	255	255	255	255	255	253	242	246	255	255	250	230	231	236	242	242	242	239	237	243	252	255	255	250	239	231	227	226	228	231	236	241	247	244	236	234	240	251	
183	183	123	50	0	0	0	0	0	0	0	0	134	166	73	43	110	128	62	39	90	86	14	15	82	123	107	93	96	69	38	102	250	255	255	255	216	167	186	195	177	169	157	151	158	171	183	198	223	233	220	190	176	180	179	169	162	178	209	223	209	185	167	155	139	119	106	112	126	155	206	248	255	249	233	213	194	184	181	179	166	155	170	205	225	216	202	215	255	255	255	255	255	255	255	255	244	241	248	255	250	235	233	239	242	242	242	242	242	244	254	255	252	244	238	233	234	234	230	229	234	243	248	249	248	248	255	255	
185	185	126	40	0	0	0	0	0	0	0	0	220	223	91	50	118	131	68	66	111	71	0	22	112	126	74	65	77	47	41	149	255	255	255	255	191	147	168	190	190	194	187	176	163	161	175	198	226	236	217	183	164	160	163	154	149	161	185	197	188	183	197	198	187	166	145	131	133	158	205	236	233	207	193	183	175	166	171	177	170	165	180	216	242	235	223	227	255	255	255	255	255	255	255	253	240	232	236	252	251	242	233	234	236	236	236	239	241	243	248	253	251	242	242	247	246	245	242	237	237	240	241	245	251	254	255	255	
189	189	137	50	0	0	0	0	0	0	0	75	255	232	85	40	105	109	52	69	123	87	4	44	137	121	34	19	54	46	63	208	255	255	255	255	194	144	156	167	165	173	182	183	174	179	207	228	229	217	191	154	138	149	166	166	163	174	195	189	166	159	180	201	204	196	194	186	182	190	214	218	187	154	148	163	165	159	158	156	151	139	150	188	220	231	219	216	255	255	255	255	255	255	255	254	239	226	228	247	255	247	237	232	234	235	235	235	239	245	247	246	244	241	240	244	251	253	255	255	251	241	233	230	231	240	243	243	
177	177	103	1	0	0	0	0	0	0	0	156	255	222	76	46	104	95	42	54	108	96	55	96	168	143	54	40	81	77	102	248	255	255	255	255	176	149	161	171	170	173	180	184	180	194	236	255	243	210	171	134	111	125	143	146	146	171	197	199	174	162	171	183	171	156	166	189	193	202	216	212	183	150	146	160	163	149	130	130	130	134	140	163	192	202	197	192	248	255	255	255	255	255	255	254	234	226	224	242	255	251	239	231	236	238	241	241	244	246	247	244	238	233	230	234	241	249	254	255	251	241	231	230	234	237	237	235	
189	189	96	0	0	0	0	0	0	0	0	116	182	96	0	0	43	59	12	11	59	87	107	157	187	146	92	94	123	116	138	255	255	255	255	201	145	136	153	159	178	187	188	186	173	180	213	236	228	197	168	143	126	124	129	127	126	151	181	187	165	159	168	174	155	138	141	162	176	181	195	200	181	160	162	171	168	143	120	113	129	140	146	163	178	192	188	189	253	255	255	255	255	255	255	253	229	220	224	242	255	254	240	232	238	241	241	241	244	247	245	239	233	230	234	240	242	241	241	239	236	232	229	231	236	241	242	237	
162	162	88	0	0	0	0	0	0	0	0	67	95	0	0	0	0	25	20	31	57	84	128	182	165	94	59	62	68	77	145	255	255	255	255	202	153	147	160	165	165	175	179	177	171	182	206	211	190	174	167	162	160	159	159	148	136	145	167	166	143	141	162	183	183	178	172	167	171	174	180	188	186	171	171	179	170	151	126	115	130	147	157	165	184	198	208	216	255	255	255	255	255	255	255	255	232	223	222	234	252	255	255	247	247	248	247	247	247	248	248	241	232	233	235	242	245	245	242	238	240	242	245	249	252	255	251	241	
134	134	61	0	0	0	0	0	0	0	0	75	89	2	0	0	48	67	78	95	91	82	123	178	147	58	11	11	0	0	106	255	255	255	255	203	178	181	188	185	173	171	162	163	154	175	202	206	191	177	169	155	154	179	204	201	181	166	154	137	122	135	164	196	200	197	191	190	192	197	201	192	171	158	155	174	181	166	134	118	126	149	158	164	177	197	213	237	255	255	255	255	255	255	255	255	245	228	227	229	244	254	255	247	247	248	247	248	248	245	242	239	236	239	245	245	239	237	237	243	244	249	249	253	255	255	255	255	
136	136	41	0	0	0	0	0	0	0	0	111	101	62	67	104	113	83	80	112	108	82	101	146	129	54	4	0	0	0	129	255	255	255	255	229	197	189	191	201	203	190	174	165	164	180	201	195	177	167	167	158	149	159	176	182	173	156	139	130	132	154	181	208	210	205	190	180	182	192	206	204	171	138	127	137	158	158	136	122	138	169	188	182	176	185	199	241	255	255	255	255	255	255	255	255	255	244	229	225	236	250	255	245	235	229	231	236	241	239	236	234	235	239	245	248	242	236	240	244	243	240	241	244	249	249	250	252	
173	173	59	0	0	0	0	0	0	0	9	128	108	78	122	169	146	97	79	99	102	92	112	138	124	79	41	14	0	31	174	255	255	255	255	225	214	208	206	212	211	206	203	204	201	195	201	188	165	158	157	147	140	145	156	155	144	131	123	129	152	187	217	227	214	195	179	153	150	167	189	187	160	135	123	135	150	153	133	125	152	194	223	211	184	174	191	249	255	255	255	255	255	255	247	255	255	247	229	222	228	244	249	242	232	226	229	234	239	242	241	238	239	241	242	245	246	242	245	251	248	236	233	238	245	246	246	241	
153	153	29	0	0	0	0	0	0	0	22	121	100	68	135	194	164	113	116	126	96	92	122	126	101	88	97	82	55	83	206	255	255	255	255	202	200	195	189	193	203	201	199	204	205	194	185	179	166	149	142	138	134	148	168	176	168	161	159	158	178	214	249	243	220	192	166	133	121	138	170	174	157	145	141	142	157	165	154	149	178	222	248	237	204	183	194	255	255	255	255	255	255	255	243	242	249	247	233	225	231	249	255	253	242	238	237	241	242	241	240	237	238	240	244	245	245	245	250	251	248	236	226	228	239	245	245	239	
126	126	0	0	0	0	0	0	0	0	54	121	105	82	138	191	164	139	180	185	113	80	119	119	71	74	121	104	53	79	223	255	255	255	255	200	194	187	172	168	177	177	169	169	184	191	181	176	182	175	159	153	151	152	163	178	187	191	191	188	191	215	249	252	235	209	186	146	115	126	158	169	153	149	158	165	172	181	177	178	199	229	248	240	222	206	212	255	255	255	255	255	255	249	236	231	235	243	239	236	241	253	255	255	255	253	250	245	241	235	229	229	231	238	243	248	246	245	246	246	240	233	226	225	232	244	244	239	
105	105	0	0	0	0	0	0	0	0	91	116	91	74	111	139	107	106	172	183	101	59	103	116	74	102	162	121	27	63	246	255	255	255	255	211	197	185	172	165	167	167	152	145	163	185	181	168	170	180	185	188	192	181	167	166	172	177	180	184	182	191	215	227	217	206	189	154	125	136	174	188	167	148	152	163	175	182	177	178	199	227	239	234	218	208	221	255	255	255	255	255	255	242	238	232	230	236	241	242	243	244	248	249	246	245	248	244	240	236	231	227	228	233	239	242	238	236	237	246	245	234	223	225	233	244	252	245	
