0	0	0	0	0	0	0	0	0	0	0	0	0	0	0	0	0	0	0	0	0	0	0	0	0	0	0	0	0	0	0	0	0	0	0	0	0	0	0	0	0	0	0	0	158	142	170	255	255	209	127	84	98	156	163	149	89	54	109	102	162	171	154	177	158	107	97	119	124	182	135	181	201	197	171	107	119	182	221	207	113	133	193	205	150	113	176	215	229	196	144	140	150	143	111	139	149	179	124	136	146	180	162	220	228	187	183	237	243	195	166	129	121	99	117	102	84	96	177	128	157	203	206	164	167	157	128	170	
135	135	126	130	141	140	123	94	70	74	85	73	79	83	98	108	91	108	193	255	255	230	166	119	135	144	103	112	111	100	91	81	68	53	48	33	117	255	255	190	129	188	212	219	219	207	234	255	255	255	156	157	146	187	246	217	177	126	112	120	176	189	227	220	198	163	149	204	255	255	211	251	240	255	224	131	130	186	255	247	137	144	220	255	246	155	184	255	255	255	198	125	155	174	141	145	173	217	163	177	180	214	184	220	218	183	172	255	255	255	193	175	171	150	149	124	99	88	176	175	196	216	255	243	238	231	190	210	
192	192	174	132	96	57	2	0	0	0	0	0	0	6	43	16	0	12	143	255	255	249	149	91	104	137	103	42	107	140	136	147	93	19	0	0	0	0	0	0	0	0	0	111	113	68	36	109	233	172	0	0	2	53	181	237	197	124	104	59	150	167	170	178	67	40	92	165	255	229	100	61	25	98	72	0	0	49	136	98	0	0	0	147	119	0	0	103	194	75	0	0	0	0	8	0	28	84	38	13	22	12	26	19	64	0	0	0	133	46	0	0	0	2	39	60	15	32	62	78	102	111	107	119	37	7	0	3	
87	87	88	60	29	23	45	52	69	81	99	96	78	88	114	54	0	0	120	255	255	255	255	147	130	156	185	171	184	199	193	238	255	255	255	255	255	255	216	182	66	0	82	140	165	16	0	0	45	0	0	0	0	0	45	100	119	65	38	7	61	179	241	217	110	41	82	188	255	226	81	39	74	147	127	0	0	57	179	137	0	0	23	164	197	32	61	182	255	125	0	0	0	48	58	60	109	115	93	92	131	70	36	49	155	57	0	45	194	50	0	0	0	0	0	47	15	43	78	59	97	162	121	98	0	0	0	0	
12	12	0	0	0	0	5	51	66	55	38	39	57	75	105	51	0	0	47	255	255	255	255	76	4	35	75	83	76	67	25	0	0	22	0	0	49	94	151	144	137	135	159	210	255	108	65	119	255	247	73	0	0	0	21	67	58	0	0	0	0	0	4	0	0	0	0	0	53	0	0	0	36	198	198	94	66	94	198	185	4	34	160	255	255	151	165	242	255	143	8	17	89	116	73	94	207	179	121	109	156	74	54	73	239	137	11	35	156	92	0	0	2	66	120	135	54	0	46	41	45	104	99	47	0	0	0	0	
0	0	0	0	0	0	0	19	28	23	0	0	8	33	54	0	0	0	81	255	255	255	255	188	13	0	25	43	29	21	0	0	0	0	0	0	0	0	0	36	0	0	48	178	230	126	37	139	255	255	255	255	255	218	255	255	255	201	109	43	32	82	125	109	9	0	0	31	75	0	0	0	0	76	40	0	0	0	37	52	0	0	55	182	202	104	127	197	185	39	0	0	68	86	57	66	188	181	109	113	175	78	9	16	176	134	25	28	112	83	0	0	80	186	233	188	75	0	0	0	0	59	56	0	0	0	0	0	
0	0	0	0	0	47	107	119	107	92	49	27	33	48	42	1	0	0	139	255	255	255	255	255	69	0	10	109	177	225	249	242	204	204	223	251	255	182	112	0	5	27	132	255	198	0	0	56	118	156	0	0	0	54	102	219	216	168	97	102	147	251	255	255	255	255	255	255	255	255	156	183	216	255	204	42	34	55	89	75	5	26	86	141	74	0	0	0	49	0	0	0	32	0	0	0	84	82	0	11	95	73	0	16	144	119	19	27	83	81	15	88	151	193	226	157	64	0	7	6	55	123	111	59	31	73	66	21	
48	48	57	57	73	109	136	116	78	48	8	0	0	0	1	0	0	37	147	255	255	255	255	255	23	0	0	0	0	2	34	101	153	216	200	191	164	7	0	0	0	15	108	124	16	0	0	30	167	184	0	0	0	0	0	0	0	0	0	0	0	30	128	192	140	67	87	202	191	97	44	142	255	255	255	190	205	249	255	228	183	207	240	255	228	153	167	223	208	88	128	255	255	255	217	255	255	255	67	3	18	9	0	0	0	0	0	0	0	0	0	31	79	74	100	53	0	0	0	36	45	140	167	102	64	96	84	47	
81	81	79	75	77	87	88	46	0	0	0	0	0	0	0	12	79	114	174	252	255	255	255	220	53	0	0	0	0	0	0	0	0	0	0	59	46	0	0	0	14	255	227	47	0	0	0	144	211	118	39	50	51	76	98	116	88	133	40	0	0	65	59	0	0	0	0	85	225	16	0	0	188	255	255	86	77	117	203	78	6	60	80	116	47	9	45	153	201	175	179	161	179	92	82	96	212	235	157	125	185	168	48	19	50	121	79	80	59	19	0	41	66	0	0	0	0	0	0	11	0	120	150	38	0	45	45	34	
146	146	159	144	125	114	101	76	31	20	22	15	7	29	95	137	173	180	196	224	254	255	255	240	61	0	0	0	96	147	148	179	227	245	231	162	87	0	0	0	194	255	164	0	0	0	79	152	153	53	20	25	89	16	127	168	166	131	81	0	0	61	105	18	0	20	36	69	203	105	0	0	173	211	118	0	0	0	54	0	0	0	2	22	0	0	0	0	0	0	0	0	0	0	0	0	0	0	0	0	0	0	0	0	0	117	155	159	81	28	27	75	100	59	50	52	73	42	64	108	75	121	165	98	74	123	138	130	
238	238	255	255	255	229	223	207	187	193	224	244	224	203	206	255	255	255	255	255	255	255	255	243	98	0	0	11	116	197	247	242	229	196	198	240	89	0	0	0	131	242	72	0	0	0	66	101	0	0	0	16	65	0	0	39	110	92	29	0	0	0	18	0	0	17	83	76	77	0	0	0	11	130	10	0	0	0	0	0	0	0	0	14	0	0	0	0	0	0	0	0	15	0	67	137	71	0	0	0	0	0	0	0	0	49	0	0	0	0	0	0	44	11	0	1	60	63	37	18	14	11	30	83	142	234	255	255	
235	235	251	255	255	196	172	174	153	126	135	145	133	110	118	197	240	225	195	219	250	255	255	255	109	0	0	45	138	110	87	67	60	58	30	49	0	0	0	0	148	244	14	0	0	0	193	184	67	0	0	13	75	46	0	0	39	78	0	0	0	0	0	0	0	61	171	172	154	51	0	0	70	152	29	0	0	39	31	0	0	0	0	7	0	0	0	0	0	0	0	9	52	91	48	81	44	0	0	0	0	20	44	7	0	19	12	0	0	0	0	0	116	89	22	0	39	52	6	0	0	0	0	0	34	148	218	169	
215	215	233	234	195	120	41	56	43	24	0	0	0	0	0	81	140	128	76	63	133	201	255	251	128	0	0	128	236	189	128	94	48	45	59	147	195	121	0	10	249	255	56	0	0	108	255	207	80	13	15	44	73	61	19	0	38	132	46	0	0	0	0	0	67	139	223	236	247	196	114	0	130	220	103	0	27	153	100	0	0	6	28	48	2	0	0	46	77	61	59	4	0	0	0	0	0	0	0	21	24	98	144	29	16	3	0	0	0	50	183	151	136	109	35	0	0	38	0	0	0	0	17	42	85	170	217	103	
56	56	74	103	111	88	70	74	71	50	6	0	0	0	0	3	80	116	134	148	220	240	255	219	82	0	0	122	255	217	133	118	86	126	130	142	113	0	0	0	146	255	210	57	36	255	255	255	240	180	208	239	249	222	226	102	49	35	35	0	0	0	59	115	207	255	255	255	255	206	96	0	107	248	165	28	45	165	79	0	0	56	74	99	71	0	0	12	92	117	72	0	0	0	0	0	0	0	0	0	0	58	103	0	0	0	25	0	106	199	224	173	104	69	22	0	0	0	0	0	0	0	34	63	89	166	255	255	
67	67	95	103	88	70	64	89	95	94	69	23	0	0	0	76	97	66	118	215	255	255	255	255	98	0	0	88	159	85	0	0	0	10	23	0	0	0	0	0	86	225	211	77	29	145	255	255	192	135	172	209	236	223	255	246	219	103	108	53	63	64	94	109	186	255	255	242	237	142	52	0	79	165	113	0	33	98	15	0	0	19	43	70	39	0	0	0	0	38	0	0	0	1	144	148	55	7	44	10	1	57	85	0	0	0	45	0	12	118	103	36	0	0	0	3	0	19	7	0	0	3	38	73	137	222	255	255	
53	53	94	108	102	67	26	0	0	0	24	52	20	28	63	218	235	203	195	227	255	242	241	224	81	0	0	10	46	0	0	0	0	0	0	0	0	0	0	0	66	237	199	25	0	0	0	0	0	0	0	0	0	0	0	24	122	94	69	141	158	140	134	170	255	255	255	195	143	51	0	0	29	79	68	0	0	0	0	0	0	0	0	0	0	0	0	0	0	11	0	0	0	7	99	67	0	0	68	74	10	6	19	0	0	130	215	191	151	162	61	0	0	0	0	0	5	48	47	50	42	21	2	47	131	255	255	255	
59	59	83	87	89	48	0	0	0	0	0	0	0	0	0	44	81	51	21	33	61	77	104	115	0	0	0	0	88	84	69	62	91	100	97	63	0	0	0	0	108	255	255	29	0	0	0	0	0	0	0	0	0	0	67	163	182	103	5	18	56	87	67	106	176	228	179	90	94	40	0	0	19	97	31	0	0	16	0	0	0	5	35	18	0	0	0	0	33	37	28	12	12	57	117	100	20	0	0	0	0	0	0	0	0	57	161	161	129	100	39	0	0	0	1	5	36	62	63	31	21	0	0	19	132	255	255	255	
136	136	145	145	129	87	14	0	0	0	0	0	0	0	2	60	135	117	58	0	21	81	173	217	56	0	0	215	255	255	255	255	255	255	255	255	255	80	0	0	90	237	240	29	0	0	0	0	10	0	0	0	19	69	155	255	255	213	25	0	0	44	72	80	84	70	18	0	0	0	0	0	8	72	0	0	0	0	0	0	0	44	56	33	0	0	0	50	58	30	15	7	5	33	65	75	67	57	48	44	21	0	18	63	86	101	91	20	0	0	0	0	0	39	51	34	62	112	140	88	28	3	2	12	103	224	251	189	
127	127	136	131	114	99	59	0	0	0	87	216	255	255	251	255	255	255	255	169	155	253	255	255	148	0	0	255	255	255	255	255	255	255	255	255	129	0	0	0	137	255	255	31	0	0	0	0	10	0	0	0	15	45	61	176	219	140	0	0	21	52	58	81	89	65	55	62	79	0	0	0	0	9	0	0	0	6	0	0	0	54	42	8	0	0	0	33	48	0	0	0	13	49	72	41	0	0	0	0	0	0	88	141	159	159	131	63	0	0	1	0	0	81	127	78	15	25	46	37	0	0	24	40	95	205	249	210	
61	61	63	43	38	43	34	0	0	179	255	255	255	255	255	255	255	255	255	29	0	152	255	255	94	0	0	236	255	255	255	255	255	161	0	0	0	0	0	0	86	255	255	28	0	0	0	0	0	1	3	28	51	46	15	134	187	160	40	0	13	43	63	72	66	59	62	90	149	84	0	0	81	168	77	11	20	79	0	0	0	14	3	0	0	0	0	0	3	0	0	0	0	53	90	58	0	0	22	26	0	28	121	158	134	103	86	49	47	77	30	0	0	51	139	146	63	30	36	0	0	0	16	40	80	172	249	255	
76	76	62	32	33	39	53	0	0	255	255	255	255	255	255	255	255	255	255	0	0	29	255	255	67	0	0	173	255	255	255	255	168	0	0	0	0	0	0	0	99	255	207	0	0	0	0	16	78	84	104	141	179	170	114	181	255	255	121	0	0	0	28	52	71	71	58	73	117	130	81	44	140	218	145	74	67	99	23	5	10	0	0	0	0	0	0	6	44	30	36	38	69	92	65	7	0	11	49	106	112	101	162	219	169	59	0	0	0	0	0	0	13	121	190	219	102	0	0	0	0	0	17	45	75	155	250	255	
84	84	79	37	32	50	91	36	7	222	255	255	255	255	84	0	56	255	217	0	0	0	234	255	84	0	0	202	255	255	255	127	0	0	0	0	0	0	0	0	114	255	231	57	0	0	43	158	193	172	187	237	255	255	246	251	255	255	165	15	33	16	3	43	74	66	53	56	53	35	0	0	0	0	0	0	0	0	0	0	0	0	0	0	0	0	0	0	0	0	0	0	44	29	7	5	0	0	0	14	45	38	39	72	75	18	0	0	0	0	6	38	97	171	185	137	9	0	0	0	0	0	48	116	173	235	255	255	
0	0	0	0	0	5	90	43	0	85	255	255	255	0	0	0	14	255	157	0	0	0	186	238	93	0	0	183	255	255	255	174	48	0	0	0	0	0	0	0	95	244	175	25	0	67	160	228	238	209	197	218	254	245	210	206	232	189	108	6	25	45	54	70	78	64	35	13	0	0	0	0	0	0	0	0	0	0	0	0	0	0	0	0	0	37	71	40	26	53	47	34	18	0	0	0	20	89	127	128	124	99	18	0	15	24	0	0	0	35	77	112	135	126	57	0	0	0	0	26	114	62	35	128	250	255	255	255	
0	0	0	0	0	8	101	71	3	32	207	255	166	0	0	0	24	255	227	0	0	0	93	161	33	0	0	147	255	255	255	235	165	116	22	0	0	0	0	0	82	251	177	9	0	61	132	154	163	182	207	197	181	198	194	164	151	113	51	19	14	22	37	52	43	41	24	0	0	0	0	0	0	0	0	0	0	0	0	0	0	0	30	30	0	3	14	0	0	61	81	57	72	112	68	15	39	102	127	117	152	153	68	39	85	100	42	0	26	84	120	142	128	91	65	79	85	85	114	144	223	151	54	123	255	255	255	255	
0	0	2	5	13	33	111	85	13	35	193	255	237	1	0	0	195	255	188	0	0	0	0	13	0	0	0	182	255	255	255	255	211	166	75	38	0	0	0	0	88	255	199	24	0	56	75	58	74	116	171	138	77	113	172	147	92	67	33	20	22	25	37	26	0	0	0	0	0	0	0	0	0	0	0	0	0	0	0	0	0	0	5	19	0	0	10	14	0	0	0	0	0	31	70	46	41	96	127	109	57	0	0	0	0	41	29	11	24	87	110	96	65	13	11	69	67	56	76	102	119	112	97	134	255	255	255	213	
0	0	34	51	56	48	105	83	0	5	169	255	255	255	121	151	255	255	0	0	0	0	0	0	0	0	10	218	255	255	255	252	192	143	44	8	0	0	0	0	65	246	181	1	0	36	43	45	91	136	164	138	69	90	167	162	80	28	0	0	11	31	5	0	0	0	0	0	0	0	0	0	0	0	0	0	1	49	80	70	17	0	40	49	0	0	4	64	69	33	67	81	55	96	212	226	147	127	167	114	0	0	0	0	0	62	87	86	115	126	85	50	29	5	0	0	6	0	0	16	41	14	0	0	117	255	255	174	
4	4	79	107	106	72	105	83	0	2	173	255	255	255	255	246	255	249	45	0	0	0	0	0	0	18	160	255	255	255	255	228	183	130	30	2	0	0	0	0	65	255	191	11	0	31	25	30	108	170	173	157	110	85	127	149	102	62	41	1	12	32	0	0	0	0	0	0	0	0	0	0	0	0	2	65	105	101	71	43	0	0	20	43	7	0	0	4	0	0	12	59	72	47	41	49	75	72	78	21	0	0	0	0	60	137	163	155	151	108	32	3	7	0	0	22	85	85	42	45	75	39	15	17	83	193	230	155	
79	79	150	187	183	115	109	74	0	0	151	255	255	255	231	145	54	26	0	0	0	0	0	0	0	107	255	255	255	255	255	204	153	130	28	15	0	0	0	0	64	246	178	14	0	46	71	66	108	181	152	94	72	58	44	42	26	5	15	21	26	61	0	0	0	0	0	0	0	0	0	25	52	61	88	137	156	121	93	67	28	15	32	52	50	9	28	47	31	21	29	82	94	77	46	26	0	0	0	0	0	0	0	83	166	180	132	82	46	0	0	0	0	0	0	0	7	8	0	0	2	0	12	41	120	222	255	255	
148	148	183	208	206	131	106	72	0	0	174	255	255	255	232	158	7	0	0	0	0	0	0	65	154	244	255	255	255	255	255	215	187	167	73	64	0	0	0	0	77	252	185	30	0	52	86	104	123	160	139	82	60	49	17	4	26	36	31	23	37	44	0	0	0	0	60	104	73	41	56	85	108	116	95	80	86	63	9	0	3	24	52	51	37	0	0	35	60	54	46	58	48	77	66	58	25	14	6	0	0	0	78	146	158	113	62	39	51	48	13	0	8	34	67	71	65	46	3	0	0	0	34	47	116	196	255	250	
145	145	162	172	164	110	83	50	0	0	169	255	255	238	180	146	0	0	0	0	0	0	0	162	230	255	252	255	255	255	255	255	253	209	104	74	0	0	0	0	71	245	209	76	32	96	135	138	138	116	107	91	76	57	38	31	36	39	40	41	60	17	0	0	0	0	6	41	41	18	20	36	54	57	35	3	5	38	37	15	4	19	24	27	7	0	19	30	36	54	15	1	38	106	126	46	0	0	27	6	0	52	121	144	109	84	89	113	131	80	16	0	19	65	105	119	115	101	78	53	38	27	54	89	171	252	255	255	
70	70	73	78	90	79	90	53	0	0	150	255	255	231	177	133	0	0	0	0	0	0	69	255	255	191	119	227	255	255	255	255	247	186	55	21	0	0	0	0	90	255	255	111	60	106	137	122	120	86	77	63	53	43	35	34	37	41	41	41	45	0	0	0	0	0	0	0	0	0	0	0	31	50	58	47	39	69	108	89	42	45	76	72	36	28	78	102	62	38	0	0	48	145	143	63	0	0	55	60	39	80	108	76	58	102	145	172	169	147	82	51	89	113	129	98	78	83	78	75	72	78	112	144	225	255	255	255	
30	30	31	38	64	74	96	50	0	0	149	255	255	255	255	223	59	0	0	0	0	0	95	255	218	83	39	223	255	255	255	255	208	138	6	0	0	0	0	0	56	255	255	200	160	159	138	108	112	87	59	39	34	31	33	34	40	41	48	51	53	0	0	0	0	98	162	112	80	51	0	0	0	28	34	29	16	39	79	70	17	0	0	15	5	0	31	66	13	0	0	0	61	103	77	8	0	0	74	107	84	92	112	89	83	132	146	84	18	0	0	33	109	185	173	134	106	102	111	115	132	163	202	210	255	255	255	255	
7	7	7	22	64	83	107	47	0	0	146	255	255	255	247	168	20	0	0	0	0	0	111	255	195	0	0	174	255	255	255	217	155	100	0	0	0	0	0	0	0	255	255	255	255	255	140	74	84	74	44	34	37	48	55	60	56	54	59	70	82	6	0	0	59	255	255	255	255	255	187	79	67	83	62	23	6	18	33	38	6	0	0	2	23	37	55	32	0	0	0	26	105	131	82	10	0	7	62	83	87	87	86	93	150	255	255	255	255	255	255	255	255	255	255	215	167	156	156	159	133	126	126	98	137	209	255	255	
11	11	24	48	70	93	98	73	0	0	106	255	255	255	220	140	1	0	0	0	0	0	65	255	211	0	0	91	255	255	255	174	142	75	0	0	0	0	0	0	0	93	255	255	255	195	0	0	0	20	32	44	52	71	83	73	54	51	66	81	79	32	0	0	78	255	255	255	255	255	143	0	0	78	115	78	60	54	55	27	30	0	8	49	81	48	21	11	0	0	0	0	55	78	53	35	35	74	120	109	92	99	102	73	182	255	255	255	255	255	255	255	255	255	255	255	255	255	255	255	255	255	255	255	255	255	255	255	
0	0	16	51	101	136	133	80	0	0	74	255	255	255	223	138	32	0	16	0	0	0	36	255	239	0	0	66	255	255	255	152	103	76	0	0	0	0	0	0	0	78	94	14	0	0	0	0	0	0	36	47	63	70	94	119	109	89	79	85	78	22	0	0	51	255	255	242	80	28	0	0	0	0	73	112	117	170	203	120	37	25	86	184	255	240	113	8	0	0	0	37	96	105	77	54	74	93	105	70	24	23	49	55	181	255	255	255	255	255	255	255	255	255	255	255	255	255	255	255	255	255	255	255	255	224	255	255	
53	53	50	90	135	147	133	93	0	0	26	255	255	255	213	141	52	0	13	0	0	0	16	255	251	0	0	61	255	255	255	173	120	78	0	0	0	0	0	0	0	61	3	0	0	0	0	0	0	105	177	123	108	112	102	96	93	80	86	89	81	12	0	0	51	255	255	23	0	0	0	0	0	0	77	168	186	182	244	229	128	103	71	91	255	244	89	0	0	0	0	20	108	124	102	93	113	121	88	52	40	46	54	36	182	255	255	255	255	142	155	212	255	255	255	184	109	66	79	109	119	129	149	0	0	0	0	135	
99	99	89	99	98	89	26	0	0	0	40	255	255	255	207	106	0	0	0	0	0	0	0	255	241	0	0	31	255	255	255	138	80	53	0	0	0	0	0	0	0	0	0	0	0	0	0	85	192	255	255	200	138	128	100	73	65	63	49	37	36	0	0	0	45	255	255	0	0	0	0	0	0	0	43	133	124	76	0	0	0	0	0	24	127	117	0	0	0	0	0	73	155	163	111	79	88	84	45	9	1	8	18	24	221	255	255	255	255	124	157	220	255	251	183	121	77	62	91	135	145	156	175	1	0	0	0	136	
0	0	0	0	0	0	0	0	0	0	97	255	255	255	255	158	0	0	0	0	0	0	0	255	253	0	0	2	255	255	255	0	0	0	0	0	0	0	0	0	0	0	0	0	10	123	204	249	236	211	135	13	0	0	0	0	0	0	19	56	49	0	0	0	38	255	238	0	0	0	105	4	0	0	0	101	122	55	0	0	0	22	104	233	175	167	112	0	0	0	15	92	142	151	94	50	44	25	0	0	0	8	0	0	181	255	255	255	255	106	143	208	242	192	104	55	36	48	82	123	137	144	154	0	0	0	0	135	
0	0	0	0	0	0	0	0	0	39	227	255	255	255	238	144	0	0	0	0	0	0	0	255	210	0	0	0	255	255	230	0	0	0	45	31	0	0	0	0	0	0	22	63	175	235	193	106	44	0	0	0	0	0	0	0	0	0	70	86	51	0	0	0	28	255	252	0	0	0	199	76	0	0	13	107	192	142	27	0	82	25	14	6	0	0	0	0	0	0	0	48	81	103	68	37	41	38	12	14	47	59	39	7	241	255	255	255	239	103	146	210	224	157	67	42	47	66	94	125	136	136	123	0	0	0	0	96	
0	0	0	0	0	10	97	181	139	136	255	255	255	255	170	86	0	0	0	4	0	0	0	149	55	0	0	0	255	255	255	72	37	86	194	211	117	0	0	0	91	214	245	222	174	140	54	0	0	0	3	54	89	100	14	80	202	255	255	250	116	0	0	0	72	255	237	0	0	5	209	92	0	0	32	27	37	27	0	0	0	0	0	0	0	0	0	0	0	0	0	0	38	66	75	33	39	60	61	74	99	104	64	21	255	255	255	255	201	75	136	207	197	141	74	62	87	105	119	144	156	127	134	0	0	0	0	76	
0	0	0	25	40	93	167	255	228	192	255	255	255	255	189	84	0	0	51	45	0	0	0	186	255	39	0	0	255	255	255	131	31	0	0	0	0	0	0	0	147	255	255	255	255	255	252	255	255	255	255	255	255	255	195	222	255	255	255	122	21	0	0	0	119	255	229	0	0	0	193	105	0	0	51	60	65	72	59	0	0	171	255	255	255	207	108	70	25	0	0	0	80	127	119	62	18	0	4	21	44	50	24	11	255	255	255	255	161	51	128	202	186	113	74	84	106	123	129	142	150	110	86	0	0	0	0	83	
16	16	40	92	136	184	231	255	171	39	122	255	255	206	39	0	0	0	0	0	0	0	0	0	95	72	0	0	89	178	0	0	0	0	0	0	0	0	0	0	0	133	148	69	4	0	0	110	196	214	143	92	35	14	0	0	50	168	141	12	0	0	0	0	133	255	255	30	0	157	255	113	0	0	120	213	255	255	255	234	160	255	255	255	255	255	77	19	47	34	5	70	163	203	147	79	25	0	0	43	64	59	44	51	255	255	255	255	126	79	156	230	203	115	69	84	96	97	113	125	127	107	33	0	0	0	0	145	
35	35	50	104	163	183	178	174	49	0	0	151	214	25	0	0	0	0	0	0	0	0	0	0	0	0	0	0	0	22	0	0	0	0	0	0	0	0	0	0	12	0	0	0	0	0	0	0	0	0	0	0	0	0	0	34	121	192	147	16	12	0	0	0	139	255	255	255	162	255	255	83	0	0	117	220	255	255	255	220	84	144	255	255	122	0	0	0	0	0	0	2	104	175	128	51	1	0	0	49	116	111	77	112	255	255	255	255	110	103	180	244	199	109	62	79	87	87	103	113	116	115	0	0	0	0	0	168	
83	83	79	114	175	188	148	127	16	0	0	83	196	18	0	0	0	0	0	0	0	0	0	11	23	0	0	0	0	72	132	55	80	133	123	76	6	0	0	0	8	47	22	0	0	0	0	0	35	78	18	0	35	105	61	108	194	245	140	0	14	0	0	0	136	255	255	255	188	205	71	0	0	0	153	255	255	255	234	0	0	0	200	255	90	0	0	0	0	0	0	0	76	163	123	24	0	0	0	42	117	102	39	89	255	255	255	255	96	117	189	232	174	90	56	73	90	100	113	117	111	115	0	0	0	0	17	127	
72	72	53	82	153	182	141	96	0	0	0	0	0	0	0	0	0	0	0	0	0	0	0	98	156	101	165	255	255	236	195	110	4	0	0	0	0	43	64	99	150	236	255	255	202	97	5	51	127	142	49	0	6	94	58	96	175	233	135	0	9	0	0	0	138	255	255	255	162	68	0	0	0	0	127	255	255	255	183	0	0	0	232	255	84	0	0	0	0	0	0	18	108	183	141	39	0	0	0	0	79	79	23	123	255	255	255	255	85	124	197	219	152	79	59	74	92	104	114	113	110	104	0	0	0	0	47	109	
0	0	0	0	46	118	102	30	0	0	0	0	0	0	0	0	0	0	0	12	13	16	74	142	145	90	57	84	89	17	0	0	0	20	39	35	64	143	255	255	255	255	255	255	89	0	0	63	161	176	72	0	0	71	50	106	191	255	157	0	0	0	0	0	140	255	255	255	148	44	0	0	0	0	152	255	255	255	155	0	0	0	185	255	59	0	0	0	0	0	0	37	131	176	145	53	0	0	0	14	93	108	39	143	255	255	255	255	81	137	207	207	135	78	76	73	100	101	119	115	107	85	0	0	0	0	87	111	
0	0	0	0	0	24	25	0	0	0	0	0	0	10	85	73	24	27	38	96	76	1	0	0	0	0	0	0	0	0	0	0	9	91	187	255	255	255	255	255	237	232	247	195	0	0	0	19	173	180	48	0	0	71	77	152	230	255	157	0	6	0	0	0	144	255	255	255	134	0	0	0	0	0	150	255	255	255	187	0	0	22	229	255	26	0	0	0	0	0	5	75	150	163	109	35	0	0	0	43	141	183	110	213	255	255	255	255	86	155	220	202	119	77	91	72	107	96	122	106	108	36	0	0	0	0	104	89	
0	0	0	0	0	0	0	0	0	0	0	0	54	62	47	0	0	17	51	70	28	0	0	0	0	0	70	130	106	82	145	255	255	255	255	255	255	214	192	166	120	81	59	5	0	0	0	38	185	151	29	0	0	55	64	142	213	247	134	0	4	0	0	0	149	255	255	255	166	20	0	0	0	0	146	255	255	255	150	0	0	13	232	255	30	0	0	0	0	0	4	80	149	161	93	24	0	0	0	38	121	147	93	212	255	255	255	231	87	159	210	186	109	73	97	84	107	99	112	82	88	0	0	0	0	0	102	87	
0	0	0	0	0	0	58	0	0	0	0	128	195	208	202	176	108	137	170	191	196	169	150	136	223	255	255	255	255	255	255	255	255	255	218	179	132	95	75	62	44	54	72	38	0	0	0	60	198	161	43	0	12	71	77	160	218	246	132	0	0	0	0	0	151	255	255	255	168	0	0	0	0	0	160	255	255	255	122	0	0	41	251	255	0	0	0	0	0	0	0	73	142	140	77	6	0	0	0	22	103	126	82	228	255	255	255	211	101	170	207	156	94	69	96	91	101	103	103	75	65	0	0	0	0	0	105	94	
15	15	0	0	0	98	220	174	160	175	176	255	255	248	232	255	210	188	187	209	255	255	255	255	255	255	255	255	255	193	152	178	177	131	83	57	43	35	46	59	65	75	80	48	0	0	0	83	224	182	44	0	0	50	47	134	202	240	127	0	0	0	0	0	163	255	255	255	183	0	0	0	0	0	161	255	255	255	93	0	0	47	246	254	0	0	0	0	0	0	2	68	133	128	54	0	0	0	0	0	80	108	73	238	255	255	255	197	120	194	216	137	80	69	90	77	80	94	100	78	43	0	0	0	0	80	146	98	
88	88	141	186	197	140	83	5	0	0	21	153	166	179	135	158	123	114	115	116	154	201	247	133	90	137	183	184	118	25	0	30	50	36	30	35	45	54	48	43	40	46	54	31	0	0	0	91	236	177	12	0	0	24	28	121	195	233	119	0	0	0	0	0	176	255	255	255	199	0	0	0	0	0	157	255	255	255	69	0	0	64	244	212	0	0	0	0	1	0	0	60	126	130	63	0	0	0	0	0	98	128	109	255	255	255	255	179	122	182	194	121	75	83	94	78	66	81	99	75	0	0	0	0	0	141	168	109	
97	97	149	231	255	134	0	0	0	35	72	206	185	147	66	96	69	14	14	27	132	202	247	71	0	34	104	127	86	22	7	53	80	59	29	21	32	41	52	50	37	43	62	46	0	0	0	91	244	178	0	0	0	42	52	141	204	234	120	0	0	0	0	0	185	255	255	255	186	0	0	0	0	0	154	255	255	255	45	0	0	79	255	196	0	0	0	0	0	0	0	50	130	139	84	13	0	0	0	24	128	157	155	255	255	255	255	162	123	161	162	96	73	94	99	85	73	85	99	78	0	0	0	0	0	187	160	90	
105	105	140	168	125	0	0	0	0	34	64	156	166	130	49	99	83	0	0	0	47	138	255	138	32	77	112	122	84	32	7	31	56	58	48	49	59	65	65	71	29	8	28	40	0	0	0	57	215	149	0	0	0	85	92	149	187	210	95	0	32	0	0	0	191	255	255	255	65	0	0	0	0	0	139	255	255	255	9	0	0	93	255	182	0	0	0	0	0	0	0	26	105	133	88	15	0	0	0	50	139	150	184	255	255	255	255	157	140	163	158	95	63	87	94	81	118	122	134	93	0	0	0	0	35	171	128	78	
145	145	174	206	158	9	0	0	0	3	27	116	148	104	47	91	107	0	0	0	41	127	249	120	1	68	106	108	74	38	23	47	67	66	56	54	63	71	77	89	46	4	0	29	0	0	0	41	167	99	0	0	0	83	51	100	157	184	90	0	31	1	0	0	201	255	255	255	67	0	0	0	0	0	129	255	255	255	0	0	0	112	255	179	0	0	0	0	0	0	0	52	113	143	95	19	0	0	0	59	155	157	175	255	255	255	255	122	147	172	143	97	71	86	91	92	108	124	136	69	0	0	0	0	104	148	78	79	
173	173	188	214	182	71	0	0	0	11	46	112	162	152	94	110	93	1	0	0	86	194	255	187	36	54	60	65	53	43	42	57	69	72	74	72	67	61	63	72	31	0	3	59	3	0	0	0	79	38	0	0	0	72	13	44	102	159	86	4	45	0	0	0	163	255	255	255	255	97	0	0	0	0	121	255	255	255	0	0	0	94	255	119	0	0	0	0	0	0	27	93	140	161	131	42	0	0	0	49	149	147	173	255	255	255	255	92	114	143	115	79	74	80	84	113	124	121	104	16	0	0	0	0	141	154	80	130	
174	174	184	193	152	61	0	0	0	0	41	87	144	135	69	29	25	0	0	0	55	178	255	184	35	54	60	65	53	43	42	57	69	72	78	79	70	60	56	61	33	6	18	62	0	0	0	0	17	0	0	0	0	72	42	84	124	166	105	18	41	0	0	0	177	255	255	255	220	0	0	0	0	0	105	255	255	255	0	0	0	87	255	90	0	0	0	0	0	2	53	107	138	148	114	24	0	0	0	19	116	132	177	255	255	255	255	84	106	136	94	66	69	75	77	110	115	111	92	0	0	0	0	0	156	128	79	116	
99	99	128	136	85	15	0	0	0	0	34	71	128	131	72	23	15	0	0	0	59	170	255	197	35	51	60	65	53	43	42	57	69	72	81	81	70	55	52	58	34	15	26	62	0	0	0	0	0	0	0	0	19	144	104	133	158	182	101	25	55	0	0	0	184	255	255	255	222	0	0	0	0	0	33	190	255	212	0	0	0	15	129	0	0	0	0	0	0	19	64	107	125	128	91	0	0	0	0	11	99	128	199	255	255	255	255	78	106	130	83	60	69	84	81	101	101	98	67	0	0	0	0	10	168	106	91	94	
47	47	98	123	69	0	0	0	0	0	31	70	123	131	78	70	66	26	60	53	103	188	255	222	48	48	60	65	53	43	42	57	69	72	81	82	70	51	44	50	37	27	41	59	0	0	0	0	40	98	135	167	245	255	224	179	164	178	84	17	75	0	0	0	188	255	255	255	215	0	0	0	0	0	0	144	224	133	0	0	0	0	0	0	0	0	0	0	6	25	60	93	104	110	75	0	0	0	0	40	111	142	246	255	255	255	241	79	121	138	81	65	76	90	94	91	83	80	44	0	0	0	0	32	165	108	116	96	
88	88	126	170	162	54	0	0	0	0	26	61	147	149	105	59	59	39	51	33	111	192	255	216	51	48	60	68	67	61	61	72	82	81	85	80	61	35	33	49	40	42	63	84	54	0	3	122	236	252	255	255	255	255	208	125	86	135	73	0	31	0	0	0	178	255	255	255	223	0	0	0	0	0	0	58	112	32	0	0	0	0	0	0	0	0	0	15	39	41	69	87	86	89	58	0	0	0	0	57	116	110	255	255	255	255	211	57	119	120	72	66	72	83	93	93	55	50	0	0	0	0	0	78	137	112	124	97	
125	125	177	216	204	98	0	0	0	0	18	54	154	170	121	47	51	20	35	0	103	194	255	187	42	42	54	59	57	57	57	66	74	71	77	75	58	35	28	44	36	27	60	116	131	109	135	224	255	251	164	62	49	71	0	0	0	77	70	0	0	0	0	0	166	255	255	255	175	0	0	0	0	0	0	24	24	0	0	0	0	0	0	0	0	51	82	58	27	29	59	81	84	77	52	0	0	0	0	56	114	111	255	255	255	255	193	67	120	120	73	54	82	77	89	85	59	47	0	0	0	0	0	125	121	122	142	113	
90	90	145	186	186	78	0	0	0	0	19	44	145	175	127	38	28	21	53	13	83	166	255	195	37	39	47	52	49	47	44	42	43	46	50	58	55	44	42	52	66	62	63	71	20	0	0	0	0	0	0	0	0	0	0	0	0	94	81	0	19	0	0	0	182	255	255	213	133	0	0	0	0	0	0	0	42	5	0	0	0	52	123	155	107	108	78	58	18	24	54	75	71	65	44	0	0	0	0	57	119	142	255	255	255	255	167	93	130	116	85	68	81	89	84	70	61	43	0	0	0	0	0	108	81	98	146	139	
136	136	191	228	226	102	0	0	0	0	18	38	152	181	129	41	29	29	83	49	83	139	255	198	30	34	49	54	56	58	58	61	59	59	60	64	67	58	50	52	65	81	100	50	0	0	0	0	0	0	0	0	0	82	142	108	62	116	108	36	44	0	0	0	200	255	255	255	221	0	0	0	0	0	0	0	12	68	99	130	193	255	255	255	243	159	51	55	31	51	83	95	75	60	38	0	0	0	0	81	138	166	255	255	255	255	156	105	131	102	70	58	70	84	79	55	49	30	0	0	0	0	38	146	99	110	143	116	
142	142	208	248	247	116	0	0	0	0	15	39	163	190	137	0	0	0	74	59	100	143	255	238	69	54	65	68	66	67	66	68	67	68	74	76	71	62	52	47	47	68	99	43	0	0	0	0	25	124	65	0	36	232	229	57	0	0	27	7	22	0	0	0	202	255	255	255	255	28	0	0	0	6	89	145	217	255	255	255	255	255	255	255	154	2	0	0	1	27	72	82	55	45	28	0	0	0	14	97	143	176	255	255	255	255	146	110	123	86	56	49	67	79	70	48	46	14	0	0	0	0	69	139	81	100	131	89	
124	124	206	255	255	133	0	0	0	0	7	38	166	191	138	0	0	32	106	46	87	125	240	243	87	66	75	80	68	61	58	55	50	49	63	69	64	48	43	44	56	64	78	33	0	0	0	0	197	255	144	0	0	141	135	0	0	0	16	48	32	0	0	0	186	255	255	255	245	0	0	0	0	37	205	255	255	255	255	255	255	255	172	125	0	0	0	0	4	21	60	71	50	34	23	0	0	0	14	98	140	181	255	255	255	255	139	110	111	75	48	46	64	82	73	47	46	7	0	0	0	0	84	109	39	70	125	89	
119	119	226	255	255	165	0	0	0	0	0	0	112	161	147	21	29	128	189	86	80	122	255	255	108	74	84	79	44	14	5	12	15	15	28	38	37	19	12	23	51	67	45	11	0	0	0	0	236	255	147	0	0	120	104	0	0	0	164	226	119	0	0	0	172	255	255	255	243	0	0	0	0	65	255	255	255	255	158	89	53	62	0	0	0	0	0	0	16	17	39	60	58	53	36	0	0	0	0	80	123	250	255	255	255	255	126	107	92	62	53	59	73	87	77	58	48	0	0	0	0	0	138	103	28	50	110	83	
145	145	254	255	255	181	0	0	0	0	78	126	213	255	238	142	104	185	206	59	0	69	249	255	107	70	91	79	27	0	0	0	7	9	15	25	24	4	0	5	61	62	0	0	0	0	0	5	255	255	255	0	0	19	44	5	0	42	245	255	138	0	0	0	146	255	255	255	221	0	0	0	0	86	253	255	255	159	0	0	0	0	0	0	0	0	0	0	0	0	2	26	45	67	56	0	0	0	0	77	136	255	255	255	255	255	106	97	79	54	57	75	83	92	84	80	53	0	0	0	0	0	138	64	17	47	121	99	
193	193	255	255	255	220	0	0	24	149	255	255	255	255	255	223	103	104	98	0	0	37	255	255	108	53	47	37	26	10	23	66	94	97	96	94	87	68	50	52	91	55	0	0	0	0	0	44	107	96	7	0	0	0	0	0	0	37	83	172	75	0	0	18	211	255	255	255	95	0	0	0	0	0	141	255	255	49	0	0	0	0	0	0	0	0	0	0	0	0	20	46	62	96	85	0	0	0	0	88	157	255	255	255	255	212	94	96	76	48	66	89	100	95	88	85	46	0	0	0	0	0	102	44	7	81	158	140	
192	192	255	255	255	177	0	10	127	230	255	255	255	144	74	0	0	0	5	0	0	62	255	255	115	55	50	25	17	33	70	114	144	136	132	125	115	100	83	78	115	83	0	0	0	0	0	13	45	20	0	0	0	0	0	118	182	197	167	110	24	0	0	35	255	255	239	148	93	0	0	0	0	4	123	229	199	6	0	0	0	0	0	0	0	0	0	0	18	8	36	50	60	98	104	6	0	0	0	88	157	255	255	255	255	148	84	93	70	49	71	97	109	107	98	84	48	0	0	0	0	17	90	42	31	119	169	125	
169	169	255	255	255	124	0	0	0	0	0	0	0	0	0	0	0	0	70	11	0	95	255	255	110	14	7	9	34	83	121	122	112	105	100	94	83	66	52	48	63	37	0	0	0	0	0	0	0	0	0	0	50	63	62	142	255	255	220	154	91	39	36	48	172	201	76	0	46	0	0	0	0	69	153	212	143	0	0	0	0	0	0	0	0	0	10	73	48	22	37	40	49	98	126	43	0	0	0	90	152	255	255	255	255	147	79	82	61	52	77	101	111	114	108	95	32	0	0	0	0	81	123	58	81	135	168	79	
168	168	255	255	255	131	0	0	0	0	0	0	0	0	0	0	26	194	255	182	62	56	255	255	88	0	0	0	41	93	119	96	74	64	58	53	45	31	18	14	52	34	0	0	0	0	82	112	135	115	75	32	0	19	92	147	165	99	4	11	81	84	43	87	77	63	0	0	0	0	0	0	0	0	41	54	0	0	0	0	0	0	0	11	51	67	76	60	32	13	33	33	56	121	163	88	0	0	2	93	165	255	255	255	255	157	86	77	60	59	87	107	116	117	109	103	0	0	0	0	0	146	130	83	87	123	148	59	
189	189	255	255	255	112	0	0	0	0	0	0	72	198	136	0	0	132	193	114	0	0	31	163	31	0	0	0	38	95	104	62	27	16	18	13	4	0	0	0	22	2	0	0	0	0	45	50	39	9	1	4	12	28	53	73	72	0	0	0	0	19	0	0	0	12	0	0	0	40	0	0	0	36	29	46	56	0	0	0	17	106	126	88	60	52	42	38	7	0	10	1	24	79	129	72	0	0	16	92	173	255	255	255	255	164	90	76	58	72	101	114	119	129	118	88	0	0	0	0	0	123	66	58	57	102	124	56	
211	211	255	255	255	171	0	0	0	0	0	29	184	255	220	7	34	163	199	86	0	0	0	53	24	17	0	0	22	82	97	46	2	0	0	0	0	0	0	0	0	0	0	0	0	32	122	99	73	25	0	0	0	28	43	43	0	0	0	0	0	52	0	0	0	0	62	47	32	34	52	54	49	61	59	92	162	140	95	46	41	74	48	31	0	0	0	0	34	36	48	31	29	45	94	89	0	0	50	100	130	236	255	255	255	159	95	79	71	98	124	129	113	132	122	22	0	0	0	0	10	51	0	0	13	58	92	24	
220	220	255	255	255	188	0	0	0	40	67	150	255	255	166	2	125	255	255	247	69	0	0	122	196	249	142	29	26	35	48	31	15	21	14	19	25	23	12	0	64	66	0	0	0	58	116	102	104	91	70	42	21	12	5	0	0	0	0	0	88	162	74	0	1	113	150	23	0	0	65	107	106	85	95	103	129	115	42	0	0	0	0	0	0	0	0	40	65	73	74	37	26	38	108	154	129	77	64	78	51	144	255	255	255	191	103	84	84	101	127	131	104	116	115	0	0	0	0	0	70	20	2	0	27	42	73	2	
199	199	255	255	255	149	0	0	6	55	80	26	108	144	118	0	21	116	27	0	0	0	0	39	179	255	174	39	62	88	73	72	31	21	42	48	47	42	22	0	0	0	0	0	0	109	97	24	0	0	0	0	0	0	0	0	0	0	1	32	110	229	255	224	91	96	90	0	0	0	0	39	39	40	38	66	65	18	0	0	0	0	11	6	3	39	79	82	77	60	53	6	0	0	65	150	189	158	27	0	0	64	255	255	255	255	135	90	98	113	120	118	105	100	56	0	0	0	0	0	17	7	10	30	79	99	108	48	
175	175	255	255	215	0	0	0	0	0	0	0	43	76	20	0	0	0	0	0	0	0	0	41	154	248	182	36	33	101	108	127	128	110	67	17	0	0	0	0	0	0	0	0	0	0	0	0	0	0	0	0	0	0	0	0	6	40	50	46	96	208	255	255	170	140	138	73	0	23	49	60	20	0	0	0	0	0	0	0	0	0	65	69	39	78	112	96	60	34	39	13	8	17	78	140	130	117	0	0	0	217	255	255	255	255	119	96	102	123	124	124	133	120	0	0	0	0	0	0	0	0	31	53	84	83	77	35	
204	204	255	255	204	0	0	0	0	0	0	0	0	0	0	0	0	0	0	0	39	107	105	80	130	240	230	105	68	111	69	0	0	0	0	0	0	0	0	0	0	0	0	0	0	5	0	0	0	0	0	0	0	0	0	0	59	132	159	134	82	84	117	112	83	36	53	75	82	55	77	128	172	88	31	30	31	0	0	0	8	65	100	91	45	67	90	59	21	18	53	64	79	114	182	226	164	97	0	0	48	255	255	255	255	255	126	100	106	127	127	120	121	103	0	0	0	0	0	0	0	0	86	124	119	76	49	15	
221	221	255	255	204	0	0	0	0	0	0	0	0	8	45	69	32	92	173	211	157	90	14	0	6	167	237	114	0	0	0	0	0	0	0	0	0	0	0	0	0	0	0	0	0	0	0	0	0	0	0	0	49	78	69	71	129	187	196	155	88	61	7	0	0	0	0	0	0	0	14	80	173	176	100	61	68	108	141	214	196	142	94	83	93	123	153	103	61	62	132	157	146	154	184	179	108	44	0	7	200	255	255	255	255	221	130	105	111	122	124	108	92	60	0	0	0	0	0	0	0	3	86	145	131	81	66	38	
179	179	255	255	156	0	0	0	0	0	11	81	141	184	227	250	222	142	64	3	0	0	0	36	92	123	109	5	0	0	0	0	0	0	0	0	4	0	0	0	0	0	0	51	78	32	3	0	0	0	0	16	54	54	41	58	101	163	189	95	13	7	0	0	0	0	0	0	0	0	0	0	44	0	0	0	0	0	57	105	78	0	0	50	67	44	95	62	65	63	128	172	165	147	101	35	0	0	0	77	255	255	255	255	225	133	108	99	106	121	132	122	104	19	0	0	0	0	0	0	0	29	104	168	119	51	27	5	
128	128	223	236	97	0	0	0	71	162	246	255	255	237	150	63	0	0	0	0	0	0	20	40	94	165	150	43	0	0	0	0	0	0	0	0	0	0	0	0	0	0	0	62	129	114	90	79	73	69	91	119	134	115	70	43	44	45	58	107	75	74	91	19	24	88	237	171	38	0	0	0	0	83	136	21	0	29	0	0	0	0	0	53	109	45	21	38	48	97	182	168	116	66	6	0	0	0	38	88	230	255	255	251	59	46	103	100	96	106	108	104	94	0	0	0	0	0	0	6	0	15	137	191	151	59	0	0	
147	147	231	249	114	0	0	0	30	43	25	0	0	0	0	0	0	0	0	0	41	104	95	18	0	0	0	0	0	0	0	0	0	0	0	0	0	0	0	0	0	0	7	57	77	64	36	34	80	127	138	134	115	75	53	74	113	123	101	79	140	200	173	125	51	81	229	214	131	28	64	94	85	197	246	146	75	97	95	84	62	95	172	241	219	87	25	62	145	170	172	145	45	30	0	0	0	31	110	76	42	44	6	0	0	0	0	0	49	98	112	101	45	0	0	0	0	0	13	23	0	0	59	157	125	27	0	0	
215	215	255	226	74	0	0	0	0	0	0	0	0	0	0	0	0	75	114	121	89	45	0	0	0	0	0	0	0	0	0	0	0	0	0	42	41	13	16	19	63	66	48	54	87	126	116	97	112	134	139	149	151	135	124	156	199	211	194	201	190	172	194	147	65	21	62	32	0	0	0	252	255	242	255	190	33	0	0	43	181	255	255	239	136	0	0	81	176	178	135	85	0	0	0	0	0	8	78	74	31	0	0	0	0	0	0	0	0	0	0	54	13	0	0	0	0	0	0	0	0	0	24	76	73	15	0	6	
206	206	228	169	76	0	0	112	187	160	97	45	9	15	70	88	93	97	82	46	39	0	0	0	0	0	0	0	0	0	0	0	0	0	16	82	117	104	89	109	128	133	122	121	125	106	86	81	111	171	238	255	255	255	215	199	217	203	145	89	123	155	197	237	131	11	0	0	0	0	0	75	179	166	30	0	0	0	13	29	0	78	136	54	5	0	0	21	120	149	139	144	31	0	0	0	0	0	14	40	20	0	0	0	0	0	0	0	0	0	0	0	0	0	0	0	0	0	0	0	52	96	96	72	50	29	11	43	
174	174	250	255	177	55	55	159	182	165	133	100	37	0	0	0	0	12	0	0	0	0	0	0	0	0	31	0	0	0	0	4	32	54	105	157	159	122	76	72	74	50	21	53	111	180	205	208	243	255	255	255	255	250	138	106	131	108	64	19	0	29	94	109	149	32	0	0	21	132	189	205	137	17	0	0	0	0	27	14	0	0	0	0	0	0	0	38	98	123	81	102	64	0	0	5	8	7	18	33	21	0	0	0	0	17	38	55	54	24	0	0	0	0	0	0	0	13	11	0	102	197	193	103	36	57	56	58	
6	6	0	13	23	0	0	36	0	0	0	0	0	0	4	19	0	0	0	0	0	0	0	0	0	0	30	45	35	84	132	119	126	157	180	189	168	132	93	57	16	3	16	83	161	183	193	222	255	255	255	255	255	113	0	0	84	158	140	92	61	61	147	191	80	0	0	0	19	214	255	255	255	255	255	108	39	101	255	255	46	0	17	141	142	34	51	92	103	109	91	103	52	0	0	27	82	107	87	58	49	41	5	0	0	38	50	55	42	39	34	14	0	0	0	0	5	61	18	0	81	173	165	65	0	18	68	35	
0	0	0	0	0	0	0	0	0	0	0	0	0	0	0	0	0	0	0	0	0	0	0	0	30	87	157	189	119	70	132	190	174	146	101	69	55	38	31	75	98	94	73	101	131	149	176	185	176	254	255	255	114	41	91	164	255	255	199	72	55	39	76	117	111	0	0	0	0	97	180	219	255	255	255	180	196	255	255	255	123	0	0	101	151	103	87	101	108	82	103	108	73	0	0	14	59	79	61	33	43	95	112	52	0	24	97	156	112	61	31	24	0	0	0	33	101	67	5	0	0	122	102	19	0	0	60	34	
0	0	0	0	0	0	0	0	0	0	0	0	0	0	0	8	6	0	0	0	0	39	85	128	176	213	217	212	165	98	85	95	77	78	114	108	99	105	111	143	180	175	107	74	71	85	94	89	100	149	254	255	193	55	106	187	238	221	127	104	156	178	60	0	0	0	0	0	0	17	80	155	197	255	255	166	41	175	234	133	0	0	0	0	93	135	110	91	41	7	47	126	134	49	10	43	81	71	31	1	0	42	82	48	9	15	78	142	111	50	18	21	2	0	10	84	127	90	13	0	0	65	69	0	0	0	58	30	
2	2	0	0	0	0	0	0	0	0	0	0	0	0	0	15	90	131	112	128	164	186	177	159	154	164	146	91	53	37	49	88	129	151	157	143	142	133	122	91	155	214	135	20	0	59	128	184	255	255	255	255	255	121	49	36	0	0	0	0	63	196	46	0	0	0	0	0	0	0	0	85	179	186	101	0	0	0	0	0	0	0	0	0	0	92	125	131	51	14	35	105	120	31	0	0	32	34	8	3	0	6	6	0	0	0	31	61	34	0	0	2	18	0	26	98	129	83	0	0	0	65	73	15	0	10	46	20	
0	0	0	0	0	0	0	0	0	0	0	0	0	0	31	131	180	141	60	36	110	162	161	128	87	46	21	1	18	82	169	229	253	246	224	232	214	129	35	2	3	77	91	18	24	132	255	255	255	255	255	255	255	98	0	0	0	0	0	0	0	9	0	0	0	0	126	87	46	14	0	41	45	10	0	0	0	0	0	0	0	0	0	23	101	208	253	215	89	0	23	100	103	0	0	0	0	0	0	0	0	0	0	0	0	0	41	40	0	0	21	15	11	10	46	103	116	55	0	0	20	112	95	35	0	46	78	52	
0	0	0	0	0	0	0	0	0	0	0	40	109	166	224	220	208	175	112	69	64	44	20	11	22	47	86	150	237	255	255	255	255	223	138	119	84	22	0	0	0	109	183	192	154	195	231	246	239	196	178	150	56	0	0	7	1	0	0	0	0	0	0	0	0	149	255	206	38	0	0	0	0	6	0	0	0	0	8	0	0	0	135	98	134	204	252	181	104	0	0	0	20	0	0	0	0	12	0	0	0	0	0	0	0	26	86	85	23	40	63	48	20	39	81	116	114	47	0	0	43	114	60	0	0	57	100	77	
0	0	0	0	0	0	117	97	97	131	146	161	188	217	220	199	149	70	22	0	18	44	70	107	168	241	255	255	255	245	209	158	89	19	0	0	0	0	0	0	5	159	208	241	234	132	40	0	0	0	0	78	208	97	0	86	200	203	43	0	0	0	0	0	0	102	217	175	42	0	0	161	255	228	142	72	24	0	82	141	89	37	99	36	0	30	99	100	52	0	0	1	37	0	0	0	64	111	82	28	14	8	0	3	20	58	113	156	135	77	28	13	37	56	92	113	103	32	0	0	35	90	39	0	0	51	90	50	
0	0	0	0	0	18	151	98	49	109	184	213	192	166	132	20	0	0	0	66	117	155	207	255	255	255	255	216	126	9	0	0	0	0	0	0	0	0	0	0	95	197	182	214	236	79	0	0	0	0	0	149	233	162	105	255	255	255	255	0	0	0	23	0	0	0	20	0	0	0	0	66	255	239	45	0	0	0	0	52	88	0	0	0	0	24	64	120	27	30	0	9	8	0	49	139	168	150	119	47	30	57	56	32	36	79	122	154	147	70	0	0	36	79	94	98	82	13	0	0	15	77	68	8	45	83	101	28	
3	3	27	3	7	111	198	156	118	137	149	121	80	50	32	21	25	39	99	172	255	255	246	226	195	131	52	0	0	0	0	0	0	1	0	0	0	0	14	83	99	84	37	75	134	63	0	0	0	46	161	255	255	255	250	255	255	255	255	0	0	0	0	64	56	111	222	216	55	0	0	0	143	174	0	0	0	0	0	41	98	61	0	0	0	67	163	183	98	0	4	78	22	2	74	214	240	163	64	25	14	26	26	33	50	110	140	99	63	3	0	0	12	84	96	112	97	32	0	0	22	92	91	44	49	48	55	0	
18	18	22	33	84	157	247	189	131	76	44	21	31	62	84	93	143	208	255	255	233	178	92	0	0	0	0	0	0	0	11	73	53	35	0	0	0	0	97	159	61	0	0	15	110	88	0	0	0	105	255	255	255	255	194	255	255	255	158	0	0	0	0	28	118	239	255	255	239	57	0	55	141	202	173	141	70	108	99	197	255	255	190	75	116	169	232	255	166	0	4	53	108	76	151	201	199	122	3	7	68	99	78	68	60	95	124	87	21	0	0	0	0	58	70	99	89	28	0	0	26	89	91	38	14	0	0	0	
41	41	92	134	138	110	66	41	24	54	72	79	108	144	171	184	210	217	185	117	27	0	0	0	0	0	0	7	11	41	31	67	36	11	1	24	51	93	172	136	0	0	0	24	225	198	0	0	0	58	157	255	255	136	58	255	255	255	236	0	0	0	0	98	244	255	255	162	75	30	23	73	38	78	65	90	157	105	112	171	255	241	174	90	108	105	103	199	151	27	82	255	255	166	53	41	81	68	0	0	8	60	77	75	73	121	141	76	8	0	0	0	28	72	79	99	86	17	0	0	25	70	64	24	6	0	0	0	
87	87	109	102	76	27	19	33	34	51	93	133	140	148	113	85	66	37	0	0	0	0	0	0	5	28	41	69	99	162	120	118	74	71	78	113	175	191	180	68	0	0	0	73	255	255	15	0	0	6	26	112	152	45	0	88	255	255	116	0	0	0	0	0	149	255	255	255	40	0	0	0	0	0	0	43	255	255	255	255	255	224	165	83	59	69	108	126	162	157	154	255	255	137	0	80	109	3	0	0	45	139	138	97	66	92	103	46	3	17	49	64	72	108	122	129	87	13	0	0	46	68	64	38	21	0	0	17	
24	24	10	34	45	19	14	59	89	113	138	123	61	0	0	0	0	0	0	0	0	12	26	10	17	33	63	97	193	255	255	213	110	84	64	42	68	37	0	0	0	0	0	160	255	255	78	0	0	0	0	0	78	109	143	116	176	125	3	0	0	0	0	0	0	104	169	72	0	25	19	0	67	0	0	63	255	255	255	255	255	255	166	57	5	62	98	97	133	199	230	132	98	8	0	0	0	0	0	0	0	11	71	84	71	68	49	4	0	25	58	63	64	88	106	107	49	0	0	17	68	67	58	46	29	0	16	48	
91	91	138	174	159	123	91	136	104	38	0	0	0	0	0	0	2	56	63	0	0	0	0	19	119	242	255	255	255	255	255	157	11	0	0	0	0	0	0	0	0	0	17	253	255	255	104	0	0	0	0	52	85	98	84	1	0	0	0	0	0	0	0	0	0	196	237	165	29	0	0	3	78	140	66	91	255	255	255	255	255	34	3	16	10	81	121	108	128	139	1	0	0	0	0	0	0	0	0	0	0	67	86	53	6	6	25	18	23	40	51	51	52	64	81	64	13	15	10	48	57	48	24	30	13	2	29	65	
102	102	127	142	141	84	44	0	0	0	0	0	0	0	0	24	75	47	0	0	0	58	179	238	255	255	255	255	255	255	177	0	0	0	0	0	0	0	0	0	15	123	176	255	255	255	96	0	0	0	0	106	198	177	67	0	0	0	0	0	0	0	0	0	0	0	91	234	213	52	0	0	0	0	95	163	255	255	255	255	255	0	0	0	0	56	202	117	47	15	3	0	0	0	0	0	0	0	0	66	146	108	90	169	203	125	79	73	83	56	36	32	54	77	74	40	1	34	64	63	16	3	0	0	2	31	56	77	
41	41	31	30	11	0	0	0	0	0	0	0	0	1	7	0	4	15	111	170	238	255	255	255	255	255	255	220	88	119	74	0	0	0	0	0	0	0	0	0	91	173	193	255	255	217	66	0	0	0	41	192	255	180	59	0	0	0	0	9	0	0	0	0	0	0	120	255	255	255	255	179	0	0	109	255	255	255	255	255	89	0	0	0	0	0	86	57	0	0	44	0	0	104	214	140	84	43	172	255	255	255	113	111	219	187	73	57	55	18	0	16	70	84	53	10	0	29	56	55	0	0	0	0	20	59	92	61	
0	0	0	0	0	0	0	0	1	29	9	0	4	24	100	220	255	255	255	193	160	111	118	156	150	139	129	30	0	54	34	0	0	0	75	0	0	0	2	23	63	110	152	175	190	128	26	11	171	164	28	0	19	40	0	0	0	0	11	11	45	156	124	129	208	212	255	255	255	255	255	145	64	30	234	255	255	255	255	255	0	0	0	0	0	0	0	69	30	13	144	255	170	229	165	125	0	6	135	255	240	110	0	0	121	231	68	9	9	0	0	30	89	105	50	0	0	2	29	49	12	13	38	51	61	70	85	45	
0	0	0	0	0	0	0	0	0	0	8	50	117	180	255	255	255	255	255	232	115	0	0	0	0	113	165	88	22	62	0	0	0	0	161	27	0	0	0	64	74	90	84	71	125	152	98	89	188	193	91	0	0	43	47	0	50	192	213	227	144	160	188	255	255	255	255	255	255	255	255	22	0	0	80	255	255	255	255	0	0	0	0	0	0	16	48	96	187	176	238	255	255	247	57	0	0	0	60	79	0	0	0	0	12	161	111	37	24	0	6	71	111	101	46	0	0	7	32	49	22	17	35	50	57	38	34	16	
7	7	0	0	0	0	0	0	0	74	205	255	255	255	255	255	255	250	68	0	0	0	0	0	166	249	198	65	19	85	0	0	0	0	222	138	5	0	0	39	83	72	35	78	255	255	146	97	208	152	0	0	15	255	255	255	255	255	255	139	68	87	245	255	255	255	255	204	255	255	255	13	0	0	227	255	255	255	0	0	0	0	0	0	0	90	255	255	255	255	255	255	255	255	0	0	0	0	45	24	0	0	0	99	255	255	215	40	5	0	14	77	106	78	43	9	0	22	52	73	36	0	0	0	18	0	0	0	
11	11	0	2	0	34	96	224	255	255	255	255	255	255	245	221	241	74	0	0	0	0	0	0	73	115	10	0	0	0	0	0	0	0	146	152	201	117	60	120	108	38	0	2	168	255	163	10	98	91	0	0	0	156	255	255	255	255	255	255	255	255	255	240	255	178	146	0	0	79	66	0	0	0	41	255	255	255	0	0	0	0	0	0	0	0	38	152	255	255	255	255	255	255	255	51	42	0	14	0	0	0	0	232	255	255	180	0	0	0	21	50	90	64	45	57	72	90	136	155	96	31	31	43	81	77	0	0	
4	4	9	96	213	255	255	255	255	255	229	201	227	96	0	0	130	49	0	0	0	0	0	131	225	240	98	0	0	0	2	0	0	0	98	99	138	98	71	32	102	83	39	106	95	150	23	0	0	255	255	40	6	136	255	255	255	255	255	255	255	255	231	143	134	116	0	0	0	0	35	0	0	93	255	255	165	102	2	0	0	64	30	0	0	29	152	255	255	255	255	255	255	255	255	227	179	125	115	17	63	53	178	255	255	255	115	0	0	0	26	66	65	71	68	70	85	94	101	99	33	0	1	45	99	79	0	0	
68	68	115	255	255	255	167	63	32	0	0	0	48	102	73	0	132	103	0	0	0	0	0	179	255	255	255	153	45	36	8	0	0	0	0	173	140	0	0	0	0	0	195	255	236	89	0	0	3	255	255	215	113	255	255	255	255	255	255	255	255	115	0	0	0	0	89	111	5	0	0	0	0	255	255	255	101	0	0	0	0	0	0	0	0	11	205	225	255	255	255	255	255	255	237	255	134	13	7	126	237	255	255	255	255	255	146	0	0	0	20	104	111	118	75	67	26	32	0	0	0	0	0	0	15	0	0	0	
90	90	115	255	255	158	0	0	0	0	36	95	241	201	145	20	108	111	0	0	0	0	0	151	222	255	255	202	31	0	98	108	0	0	0	0	118	39	0	0	0	0	77	255	253	3	0	0	159	255	255	255	255	255	255	255	255	255	255	255	255	131	0	16	99	119	0	43	0	0	0	0	0	255	243	0	0	0	0	41	140	0	0	0	0	80	255	255	255	255	255	255	255	255	255	255	255	96	0	162	255	255	255	255	255	236	73	0	0	0	0	52	98	110	27	0	0	0	0	0	0	0	0	15	50	3	0	0	
109	109	133	255	255	74	0	0	0	119	255	255	255	180	112	11	50	67	0	0	0	0	0	110	147	139	217	216	13	0	0	195	211	97	32	0	62	170	107	100	195	191	61	125	16	0	0	19	255	255	255	255	255	255	255	255	255	255	255	255	255	219	31	39	52	16	0	53	73	45	16	195	255	255	255	135	0	0	0	83	255	255	255	255	220	247	255	255	255	255	255	255	255	255	255	191	209	0	0	0	100	255	255	186	61	52	37	0	0	0	0	0	66	51	0	0	0	0	0	0	0	0	0	43	67	46	2	0	
203	203	229	255	255	146	0	0	0	152	214	255	255	133	99	61	80	89	0	0	0	0	0	0	42	85	116	99	29	0	0	198	221	52	0	0	109	176	232	244	255	209	0	0	0	0	13	34	255	255	255	255	255	255	255	255	255	255	255	255	255	56	17	21	0	0	0	0	141	114	191	255	255	255	255	96	0	0	88	255	255	255	130	63	255	255	255	255	255	255	205	59	0	94	83	0	0	0	0	0	0	0	0	0	0	0	0	0	0	0	29	66	189	145	25	0	0	58	138	97	7	0	13	52	56	57	55	48	
255	255	255	255	255	106	0	0	0	110	132	149	211	112	50	52	106	135	14	8	15	0	0	0	0	70	73	21	0	0	0	0	46	77	0	0	103	205	208	145	220	217	233	241	255	255	255	182	255	255	255	255	0	0	255	255	255	255	255	213	87	35	33	111	157	40	0	0	255	255	255	255	255	255	255	112	0	0	144	255	255	255	255	255	255	255	255	140	140	233	117	168	237	172	216	149	139	234	255	9	0	0	0	0	0	0	0	11	0	25	80	103	255	255	159	0	1	125	186	141	28	0	32	82	71	48	76	72	
229	229	255	255	255	112	0	0	0	132	180	158	215	166	60	37	119	174	31	27	70	14	0	0	0	183	254	247	105	0	0	0	0	0	0	0	16	90	211	195	255	255	255	255	255	255	255	243	133	255	255	255	140	125	255	255	255	238	233	255	230	164	192	255	52	0	0	215	255	255	255	255	255	255	255	50	185	255	255	255	255	255	255	255	255	255	255	66	0	0	108	255	255	255	255	255	255	255	231	79	0	0	0	0	0	28	0	22	76	89	63	90	165	207	117	0	0	87	142	104	0	0	0	44	52	33	104	167	
188	188	243	255	255	70	0	0	77	184	170	134	187	184	105	43	136	202	26	0	22	14	0	0	0	174	225	179	108	73	2	0	0	0	29	0	0	223	255	255	255	255	255	255	255	0	0	0	0	241	255	255	218	25	236	255	0	0	0	0	0	12	0	0	0	0	0	24	255	255	255	255	255	255	197	0	119	255	255	255	255	255	255	255	98	0	0	0	0	0	255	255	255	255	255	255	255	255	255	0	0	0	0	0	2	28	63	71	105	213	231	137	108	72	0	0	0	0	84	96	9	0	0	0	0	24	58	128	
189	189	255	255	255	68	0	0	52	66	45	81	207	213	167	86	132	194	12	0	0	0	0	0	0	217	255	199	28	13	0	0	34	188	236	154	178	255	255	255	255	255	255	255	255	0	0	0	0	0	255	255	255	154	35	0	0	0	0	0	0	0	0	0	0	0	0	0	171	32	121	255	255	255	219	199	255	255	255	255	156	255	255	255	0	0	0	0	15	251	255	255	255	255	255	175	255	255	255	0	0	0	0	0	78	69	107	122	202	248	255	255	81	64	4	0	0	0	14	64	25	0	0	0	0	0	0	0	
59	59	193	255	255	67	0	0	0	3	6	94	255	255	232	123	118	156	0	0	0	0	0	0	22	220	255	141	114	196	255	216	255	255	255	255	255	255	255	255	255	202	255	255	117	0	0	0	0	255	255	255	255	205	180	79	0	0	0	0	0	0	0	0	0	0	129	203	203	0	0	0	3	60	31	121	255	255	255	63	0	0	172	144	0	0	0	0	221	255	255	255	255	255	227	0	0	126	255	0	0	0	0	0	0	88	117	153	233	255	255	209	87	0	0	0	0	0	50	64	26	51	27	0	0	0	67	20	
108	108	253	255	255	127	0	0	0	21	29	101	255	255	177	46	37	89	0	0	0	0	0	0	146	255	255	98	0	106	216	173	255	255	255	255	209	116	87	44	0	0	78	255	255	0	0	0	0	244	255	255	177	55	0	0	0	0	0	0	25	182	0	0	0	0	197	31	0	0	0	0	155	255	255	255	249	67	0	0	0	0	0	40	0	0	0	104	66	255	255	255	255	255	0	0	0	0	0	0	0	0	0	0	0	39	144	181	203	255	255	44	0	0	0	0	0	0	0	7	0	18	0	5	0	0	110	91	
201	201	255	255	255	178	0	0	0	12	19	39	154	177	103	36	44	114	0	0	0	65	86	135	255	255	255	69	0	28	105	45	120	255	255	165	0	0	0	55	0	0	0	100	134	14	0	0	2	169	82	0	0	0	0	0	0	0	0	0	60	172	66	0	0	241	255	255	0	0	0	0	255	255	255	158	39	0	0	0	0	0	104	255	45	0	0	254	240	255	255	255	255	255	29	37	34	0	0	0	0	0	0	0	0	34	76	168	255	255	168	3	0	0	0	0	0	0	0	0	0	34	0	0	0	0	0	0	
255	255	255	255	255	207	0	0	0	0	0	0	79	139	122	99	81	156	0	0	9	161	197	255	255	255	196	0	0	0	44	93	255	255	255	255	78	0	1	135	181	129	188	255	255	172	0	0	0	0	0	24	15	5	0	0	0	0	136	255	255	255	255	255	255	255	255	255	255	134	255	255	255	255	255	255	24	0	0	0	0	91	255	255	255	36	100	255	242	255	255	255	255	255	147	255	255	84	0	0	0	0	0	0	0	0	65	255	255	255	194	0	0	0	26	20	0	0	45	84	34	58	27	0	0	0	0	0	
255	255	255	255	255	212	12	0	0	0	0	0	16	158	193	101	2	46	0	0	0	207	255	255	255	123	0	0	0	0	83	170	255	255	255	255	51	0	0	0	109	73	30	0	92	0	0	0	0	0	0	0	123	255	197	45	0	0	244	255	255	255	255	255	255	255	255	255	255	255	255	255	255	255	255	255	255	103	113	182	255	255	255	255	255	29	21	255	255	255	255	255	255	255	191	233	255	121	0	0	0	0	0	0	0	0	70	255	255	255	132	0	0	91	82	0	0	0	19	110	151	189	139	0	0	10	72	0	
255	255	255	255	255	167	0	0	0	0	0	0	57	208	218	144	6	0	0	0	34	255	255	221	149	0	0	0	0	0	1	153	234	255	255	255	0	0	0	23	54	97	0	0	0	62	113	118	64	0	0	0	255	255	255	255	117	96	255	255	255	255	255	255	255	255	255	255	255	172	255	255	255	255	255	232	255	202	24	0	132	255	255	255	255	135	145	255	255	45	12	255	255	255	234	214	230	26	0	0	0	0	0	0	0	0	26	146	255	255	0	0	0	0	0	0	0	0	37	59	217	255	255	115	19	33	157	156	
221	221	255	255	255	105	0	0	0	0	0	141	248	255	232	138	24	0	0	0	40	240	225	65	0	0	0	0	0	0	0	58	116	156	221	147	0	0	0	240	255	207	61	0	0	20	186	255	87	0	0	43	255	255	255	207	0	0	153	255	255	255	255	255	255	255	255	255	157	0	133	235	227	119	0	0	0	0	0	0	149	190	62	0	0	0	92	255	255	117	139	255	255	255	255	244	146	0	0	0	0	0	0	0	0	0	91	158	172	217	137	0	0	76	12	0	0	0	0	56	203	255	255	255	112	23	71	111	
255	255	255	255	245	68	0	0	0	123	235	255	255	255	182	74	29	22	0	0	0	72	52	0	0	0	0	0	0	0	0	14	249	255	255	255	255	240	100	136	229	62	0	23	42	65	255	255	165	0	0	103	234	255	228	37	0	0	0	172	226	225	255	255	255	255	255	255	87	0	189	228	72	0	0	0	0	0	10	68	255	255	255	96	0	57	255	255	255	255	255	255	255	255	255	252	44	0	0	0	0	0	0	0	0	33	147	179	163	143	255	255	255	255	229	0	0	0	0	102	255	255	255	255	255	255	155	78	
255	255	255	255	255	165	25	51	70	221	255	191	144	156	20	0	0	0	0	0	0	51	123	0	0	0	0	0	0	0	0	16	255	255	255	255	255	255	182	0	0	0	0	0	16	128	249	255	255	199	54	30	115	216	41	0	0	24	0	87	80	54	27	255	255	255	255	255	108	4	143	255	138	0	0	0	0	214	255	223	255	255	255	150	44	255	255	255	255	255	255	255	255	255	255	169	0	0	0	0	0	0	0	0	0	7	154	248	255	250	203	255	255	12	0	0	0	0	0	168	255	255	255	255	255	255	197	0	
0	0	10	88	40	5	7	54	59	127	144	91	0	33	14	0	0	24	66	10	36	33	107	152	42	0	0	0	2	14	0	0	93	255	255	255	166	72	32	0	0	0	0	0	0	1	0	64	187	100	0	0	19	164	93	0	0	0	137	7	107	179	71	141	255	255	255	255	138	68	199	255	251	102	0	0	112	255	255	255	255	255	255	255	255	255	255	255	255	255	255	255	255	164	186	42	0	0	0	0	0	23	5	0	0	0	100	176	202	223	204	243	45	0	0	0	0	0	30	255	255	255	255	255	255	255	0	0	
0	0	160	255	197	34	0	0	0	0	0	0	16	95	46	0	0	0	30	53	202	158	151	180	91	0	0	33	58	143	93	57	220	255	255	255	46	0	0	18	117	38	0	118	224	141	73	57	219	229	119	0	9	255	255	255	217	255	255	104	17	150	240	158	255	255	255	235	0	0	178	255	255	255	227	0	0	255	255	255	255	255	255	255	255	255	255	255	255	255	255	255	69	0	0	0	0	0	0	0	34	0	0	0	0	0	63	129	100	92	31	0	0	0	0	0	0	0	2	162	255	255	255	255	255	214	0	0	
229	229	255	255	255	105	0	0	0	0	1	0	32	70	47	0	0	0	0	0	0	0	0	14	127	41	0	3	110	166	254	165	239	255	255	255	255	28	0	17	156	255	217	94	154	255	169	179	194	255	255	179	255	255	255	255	255	158	235	172	99	145	125	0	59	255	255	255	132	84	255	255	255	255	255	41	0	51	255	255	255	92	0	39	255	255	255	255	255	255	225	84	0	0	0	0	0	0	0	23	85	0	0	0	0	0	87	130	89	31	28	0	0	0	17	0	39	0	0	0	255	255	255	255	255	92	0	0	
255	255	255	255	255	98	0	0	0	0	0	0	40	67	14	0	0	0	63	0	0	0	0	0	0	0	0	0	23	108	228	156	255	255	255	255	255	219	20	19	255	255	237	110	29	173	161	161	124	255	255	126	36	255	255	255	52	0	0	25	188	141	255	255	192	255	255	255	255	255	255	255	255	217	172	0	0	0	180	255	255	0	0	0	213	255	255	255	255	233	174	113	55	44	0	0	0	0	0	127	94	0	0	0	0	107	151	157	92	41	18	0	0	0	0	0	0	0	0	0	255	255	255	255	255	0	0	0	
255	255	255	248	146	27	0	0	0	0	0	0	65	90	40	0	0	0	121	135	94	184	180	120	108	137	44	0	0	90	171	153	96	255	255	255	255	255	14	0	255	255	255	147	150	216	212	88	145	212	255	255	142	13	216	0	0	0	0	109	248	255	167	74	145	255	255	255	255	134	173	19	177	135	120	0	0	0	20	255	255	0	0	0	255	255	255	255	221	110	62	104	92	65	15	0	0	0	7	164	66	0	0	23	46	182	255	239	129	51	9	2	0	0	0	0	0	0	0	141	255	255	255	255	0	0	0	0	
255	255	255	213	93	50	0	0	0	0	0	38	69	108	157	151	255	255	255	255	140	77	65	101	83	166	227	87	8	35	150	131	137	255	255	255	238	255	19	0	91	255	255	100	0	0	3	0	0	114	255	255	192	0	0	0	0	0	113	169	185	255	130	0	0	255	255	255	255	0	0	0	121	255	255	17	0	0	0	248	255	161	164	255	255	255	255	255	136	0	0	7	94	42	0	0	0	0	0	2	0	0	0	67	63	101	189	161	58	54	68	41	0	0	0	51	0	0	0	115	255	255	255	0	0	0	0	0	
196	196	224	182	91	77	139	137	17	52	154	89	21	21	72	34	45	72	124	17	4	0	0	0	0	68	201	143	30	0	166	231	255	255	255	255	255	255	255	0	0	0	0	0	0	0	0	0	0	0	75	95	0	0	0	0	0	0	235	255	255	255	77	0	0	91	255	183	0	0	0	0	54	255	255	0	0	0	0	104	255	244	252	255	255	255	255	222	132	46	0	0	34	0	0	0	0	0	0	91	86	42	0	26	75	192	181	99	46	0	78	86	42	65	72	57	47	0	30	255	255	255	142	0	0	0	0	0	
