27	27	26	27	27	27	24	28	28	111	214	196	191	194	194	194	194	194	195	195	195	195	195	196	194	195	197	196	196	198	196	196	199	116	128	14	38	30	29	26	24	25	24	24	24	24	25	23	22	24	27	116	200	203	202	118	121	0	37	29	24	22	22	26	25	24	22	22	24	27	119	171	205	194	195	193	195	196	198	196	196	199	199	197	199	195	198	196	193	196	187	187	193	194	193	190	191	191	191	191	186	186	191	189	190	189	184	14	0	14	16	16	15	14	10	10	9	5	6	12	5	4	13	16	17	16	15	16	
27	27	25	27	27	27	23	25	30	214	202	195	194	194	194	194	195	195	195	195	195	195	196	196	195	195	195	196	196	196	196	198	197	198	197	200	116	26	43	34	22	24	24	25	24	24	23	23	23	22	116	214	200	197	196	198	198	199	115	29	43	29	25	18	22	25	27	25	26	26	200	200	196	195	195	194	194	195	194	196	196	197	196	199	196	195	198	196	193	196	193	188	189	191	193	190	195	191	191	191	191	186	187	188	190	187	14	32	11	15	16	17	16	17	16	15	15	12	4	10	19	8	7	11	14	14	14	14	
27	27	24	27	26	25	24	25	115	214	199	195	193	192	191	193	196	200	197	198	197	195	196	195	196	197	196	197	196	197	198	198	197	197	198	198	199	200	202	31	0	26	25	26	23	23	24	24	24	112	182	203	198	196	196	198	198	197	200	200	196	193	202	0	14	29	30	27	25	22	191	193	194	196	194	191	189	193	194	193	196	197	199	196	194	195	199	198	197	197	195	191	189	193	194	193	195	193	193	190	187	189	191	186	185	183	14	6	14	16	17	17	17	18	17	16	17	15	10	5	3	0	6	9	13	14	14	13	
27	27	24	23	25	24	24	25	203	197	195	195	192	193	191	194	196	199	198	199	197	196	196	195	196	197	197	198	197	199	199	198	198	197	199	198	198	197	197	195	191	24	43	28	24	24	23	23	27	116	207	199	196	196	196	196	198	198	199	196	199	196	194	197	194	31	29	27	25	23	22	183	193	195	194	197	194	194	190	194	194	196	196	194	194	193	197	196	200	196	193	193	189	191	191	196	195	194	194	193	193	189	188	186	180	0	12	13	16	17	18	18	18	17	17	16	14	17	16	13	12	11	10	11	11	14	14	13	
27	27	25	23	21	21	24	26	206	195	196	193	193	193	193	195	196	198	199	198	198	196	196	194	198	200	196	199	198	199	198	198	198	198	198	199	197	197	195	194	190	195	118	22	30	28	23	23	27	118	193	201	197	196	194	196	196	197	197	195	196	194	195	204	197	188	6	16	23	25	24	21	20	25	214	193	193	194	193	191	193	194	193	193	193	194	194	195	195	194	190	193	191	187	194	193	191	194	193	190	191	191	189	186	8	43	6	15	17	19	20	19	18	17	17	14	14	18	18	16	15	15	15	15	12	13	13	12	
28	28	30	26	15	15	24	117	214	194	195	193	190	193	195	201	197	197	196	200	200	198	196	195	194	197	198	201	200	198	196	195	194	195	196	198	198	197	196	192	191	197	205	198	197	29	24	23	24	24	23	23	171	198	196	194	193	193	193	195	196	198	200	206	194	14	43	23	25	23	20	25	23	23	22	18	10	200	197	196	191	189	189	190	194	200	191	184	188	187	191	191	189	188	188	188	188	189	189	189	189	189	187	12	43	13	17	17	19	20	19	19	18	18	17	16	16	17	14	13	14	16	18	16	13	14	14	13	
14	14	32	36	23	23	28	202	180	193	195	195	191	191	194	197	198	194	198	201	201	198	197	197	194	197	197	202	201	199	197	196	196	196	197	198	197	195	194	193	195	200	204	202	111	43	22	23	24	23	23	21	23	24	203	203	193	197	196	198	195	198	198	197	194	19	0	23	23	22	22	21	21	21	21	22	22	23	24	22	185	188	188	191	193	194	193	194	193	193	194	194	191	191	183	185	185	188	189	189	190	188	187	11	5	15	18	18	18	19	19	19	18	17	18	16	16	18	14	12	14	15	16	16	13	9	11	10	
89	89	114	33	36	28	30	32	214	194	194	193	191	193	193	196	194	189	198	202	201	200	200	198	195	197	198	200	202	198	196	197	198	198	197	198	198	195	194	193	198	202	204	199	25	26	22	22	24	23	24	23	22	23	25	23	22	114	193	200	201	198	198	196	195	22	17	22	23	22	22	20	19	20	21	22	23	24	22	21	21	23	24	171	180	187	193	193	194	194	193	194	193	193	171	176	187	189	187	188	191	190	188	11	14	18	18	18	19	18	19	18	19	19	17	16	15	17	15	14	14	15	17	14	12	4	3	5	
190	190	117	214	17	18	32	31	27	171	171	193	193	194	194	195	194	189	193	197	200	199	200	199	196	198	198	200	199	198	197	197	198	200	198	197	196	195	194	193	196	199	198	196	20	12	20	22	25	25	24	24	24	24	23	23	22	22	24	116	171	207	201	114	0	20	22	22	22	22	24	23	23	23	22	22	22	22	21	21	22	22	24	22	17	5	193	182	187	189	190	190	189	191	186	186	187	190	189	189	189	188	14	7	15	18	19	19	18	19	19	19	17	17	16	16	15	17	16	14	14	15	17	13	7	43	18	12	
196	196	204	198	182	12	29	31	29	23	26	26	117	214	201	197	194	193	195	197	199	199	199	197	197	198	198	198	199	198	198	197	199	199	198	196	197	196	195	195	193	196	194	193	11	13	19	22	24	25	25	25	25	24	23	22	22	22	24	23	26	26	26	18	21	23	23	21	21	22	25	25	25	24	23	22	20	20	20	22	22	22	22	21	20	18	18	13	13	185	171	178	186	189	188	188	190	188	193	185	188	185	9	12	17	18	20	18	17	18	19	18	17	16	16	16	15	17	16	14	14	16	15	11	174	189	36	31	
200	200	205	198	186	10	26	27	26	24	26	27	29	118	117	214	197	197	199	199	199	198	197	197	197	198	199	199	198	198	197	197	200	199	197	196	196	197	196	199	193	195	194	20	0	18	22	23	23	25	26	26	26	24	23	23	22	23	24	23	23	22	23	20	22	26	24	22	20	20	23	25	25	24	22	22	20	20	20	24	22	22	20	21	21	21	20	20	18	18	15	7	193	185	182	181	181	183	187	185	188	188	17	13	17	19	19	19	17	17	18	19	16	15	16	15	16	17	16	15	14	15	15	8	188	202	198	27	
191	191	200	200	191	0	27	24	20	25	26	28	26	27	26	24	22	109	193	204	198	197	196	195	197	199	199	200	198	198	198	198	199	199	197	197	197	196	199	199	195	198	199	29	17	21	24	25	23	24	25	26	26	25	24	23	23	25	24	23	23	22	22	22	25	30	29	22	18	20	21	21	21	22	22	22	23	22	24	24	22	20	19	20	23	25	23	22	22	22	20	20	19	20	11	10	0	200	178	183	186	17	16	15	18	20	20	18	18	17	18	17	18	16	15	16	16	18	17	14	14	15	14	4	27	203	208	197	
171	171	197	199	20	17	25	24	20	28	27	29	30	28	29	28	26	25	28	118	193	200	198	196	198	200	198	199	198	198	199	201	197	195	197	195	196	200	202	202	195	201	200	17	18	23	26	25	23	24	24	25	25	25	24	24	24	24	24	22	24	23	23	23	27	124	29	34	18	20	22	23	23	22	23	22	22	22	22	22	22	20	20	20	22	24	24	24	23	22	22	22	21	21	20	19	15	13	4	185	188	36	10	15	19	20	21	20	17	17	17	17	18	16	15	14	14	16	16	15	15	11	5	190	32	43	214	203	
17	17	197	191	22	23	20	22	29	28	27	30	30	30	28	27	26	27	25	27	27	117	185	209	205	203	199	197	197	198	198	201	197	197	199	196	197	196	195	197	193	201	198	12	18	24	24	23	25	24	25	25	25	25	24	24	24	24	23	23	24	24	24	24	110	171	200	200	116	22	34	27	25	25	24	24	22	22	22	20	21	21	22	21	22	22	23	22	22	22	20	22	20	22	22	20	18	18	18	16	12	8	15	16	18	19	19	19	18	17	18	18	17	17	15	13	14	14	16	16	15	6	13	214	196	200	38	37	
16	16	14	5	43	23	21	20	26	24	26	27	26	25	25	22	20	24	24	23	26	30	124	117	94	197	203	198	198	198	198	198	200	200	200	198	195	193	190	191	193	202	200	0	19	24	24	23	24	25	25	24	25	25	25	25	24	24	24	24	24	24	24	24	112	193	198	199	196	203	198	187	110	0	29	29	27	27	23	20	20	20	22	22	22	22	22	20	20	19	20	20	20	20	20	18	18	19	22	22	23	20	17	17	17	18	18	18	17	16	18	18	16	16	15	15	15	14	16	15	14	3	23	37	207	202	36	37	
14	14	16	18	16	20	29	25	20	24	24	27	26	26	23	22	22	23	23	23	25	26	29	33	30	26	29	214	207	199	200	198	195	195	195	195	201	202	205	201	194	201	200	9	20	24	24	22	25	25	25	25	25	25	25	25	25	25	25	25	25	25	25	25	115	214	198	198	196	199	199	198	200	201	116	43	32	25	20	22	21	22	22	23	23	23	20	20	20	20	20	19	20	19	19	17	17	19	21	22	23	20	14	15	17	16	16	18	15	17	17	18	17	16	16	15	15	16	15	16	11	188	38	43	202	207	36	37	
15	15	16	17	20	24	28	28	29	28	27	29	27	27	25	23	24	27	27	25	25	24	23	23	22	24	23	24	24	116	214	205	190	191	193	196	202	208	209	209	195	203	199	11	19	25	24	23	25	24	25	25	25	25	25	25	25	26	25	25	26	25	25	26	204	209	200	197	194	196	196	205	203	200	194	191	187	185	16	32	31	25	24	24	23	22	21	22	21	22	22	21	21	21	19	17	16	18	19	20	18	15	11	7	9	0	5	10	13	17	16	15	15	14	16	15	15	14	14	14	180	207	188	32	29	36	36	36	
16	16	16	17	19	21	21	22	34	30	28	29	29	31	28	26	27	32	29	27	25	23	21	21	22	22	23	22	24	24	24	110	107	85	99	85	205	202	196	197	194	205	201	14	22	26	26	24	25	24	25	25	25	25	25	25	25	25	25	25	26	25	25	28	117	214	198	196	195	195	195	189	194	193	195	197	196	196	197	197	197	121	29	27	25	23	23	23	24	23	23	23	23	22	21	18	16	17	18	17	11	178	171	171	171	180	32	26	6	4	8	10	10	11	11	11	12	14	13	16	9	214	200	37	22	16	22	31	
16	16	18	17	16	16	19	20	16	25	26	30	30	31	28	27	27	27	27	27	27	24	22	22	22	25	25	26	27	25	26	23	32	31	30	27	26	196	171	185	110	214	199	7	22	26	26	24	25	25	25	25	25	25	25	25	24	25	25	25	25	25	25	28	117	208	200	193	195	195	194	188	189	191	197	201	202	204	200	194	194	195	196	202	117	22	34	29	25	25	23	23	23	23	22	20	17	16	18	18	13	179	200	185	180	188	200	205	32	36	19	19	16	5	0	5	6	12	16	16	14	7	14	14	4	17	17	22	
16	16	16	14	14	15	15	16	17	14	24	26	29	29	28	26	25	24	25	25	28	27	28	28	26	25	27	32	33	29	28	25	24	24	23	24	24	25	25	27	114	94	43	22	21	24	25	24	25	25	25	25	25	25	25	24	24	24	24	24	24	24	24	27	121	214	200	197	195	195	196	199	200	198	197	196	196	194	191	191	193	193	194	195	196	196	195	196	22	0	22	23	22	22	21	19	17	19	21	22	21	104	43	0	32	22	29	214	193	189	195	193	27	43	19	7	0	11	16	16	14	9	2	2	5	7	14	22	
14	14	14	14	14	14	14	14	15	15	184	193	194	119	26	38	24	18	23	32	32	28	26	25	29	29	28	28	29	28	27	24	23	24	25	25	25	27	25	25	26	25	21	16	20	24	25	23	23	23	24	24	25	25	28	26	27	26	23	23	23	24	26	28	122	209	205	202	203	206	206	206	204	199	194	194	194	195	193	194	191	193	194	195	199	201	197	196	194	194	194	193	197	14	18	15	14	16	18	18	19	18	17	14	193	182	180	180	178	183	193	29	214	37	43	29	9	10	13	14	16	13	11	11	9	13	9	9	
14	14	14	14	14	14	14	14	13	13	16	19	189	186	191	117	114	14	29	24	23	25	26	29	31	30	25	25	24	27	26	25	25	24	27	26	26	26	25	25	27	24	21	21	23	25	25	27	28	27	26	25	23	23	22	26	28	25	24	23	25	25	26	22	193	199	194	193	194	197	196	208	201	198	194	196	196	196	197	194	195	195	195	196	200	203	198	196	194	195	195	191	193	22	43	43	11	10	14	16	17	18	14	9	182	203	188	188	197	200	200	203	203	189	29	24	4	11	13	15	16	14	14	12	12	14	14	12	
13	13	13	14	14	14	14	13	13	14	15	16	16	183	178	194	199	203	35	0	128	43	36	29	29	26	24	24	26	27	25	25	25	27	27	26	26	25	25	25	27	24	23	25	27	28	27	29	33	30	29	27	25	25	24	24	27	26	27	25	26	25	26	20	214	193	192	189	190	191	193	205	201	198	195	195	196	196	198	197	197	195	194	196	197	199	196	194	193	194	194	191	189	193	191	186	17	43	13	17	19	18	12	10	4	5	18	16	14	22	34	214	188	193	38	11	5	13	15	16	16	16	15	13	13	15	15	13	
13	13	13	13	14	14	14	14	15	15	14	14	15	16	17	175	189	199	199	200	197	198	34	29	30	31	27	27	29	29	26	25	26	25	26	25	26	26	25	25	26	26	26	28	30	118	193	22	43	32	30	29	29	28	28	25	24	26	28	28	26	25	25	119	200	201	196	200	199	201	202	201	197	198	194	196	196	196	199	197	199	197	194	193	193	196	195	196	194	193	191	193	191	191	193	191	190	6	11	19	21	19	17	16	14	11	7	9	10	6	0	0	12	27	14	0	11	15	16	15	15	16	16	16	15	17	15	15	
13	13	13	13	14	14	14	14	14	11	14	16	16	14	13	16	188	180	196	201	205	204	199	193	198	203	123	117	32	35	28	26	24	24	22	24	25	26	26	27	26	25	26	27	30	214	195	189	191	191	110	32	35	32	31	24	24	27	27	28	28	24	22	123	209	202	198	200	201	203	203	201	197	198	194	194	199	197	197	200	201	197	195	196	193	194	195	196	195	191	191	189	193	189	190	191	185	14	14	19	19	20	20	19	18	17	17	16	16	13	10	12	10	3	2	8	13	15	16	16	16	16	17	16	16	17	16	16	
14	14	14	14	14	14	14	14	15	13	15	16	15	13	13	16	16	10	176	203	204	202	197	193	196	197	197	200	199	37	43	29	24	24	23	24	24	26	26	27	27	26	25	26	31	214	196	197	201	200	197	196	193	180	9	27	30	29	28	27	27	24	24	193	189	191	189	191	189	191	193	201	197	196	194	196	198	199	197	194	197	197	195	194	193	190	193	191	191	191	189	187	189	191	190	189	13	6	15	18	19	20	22	20	20	20	19	19	17	15	15	17	15	11	8	10	12	15	16	14	14	13	14	16	18	16	14	14	
14	14	14	14	14	14	15	15	15	16	14	13	15	16	16	15	16	16	15	179	193	197	198	198	198	198	198	197	197	196	197	122	0	43	25	24	23	25	26	27	28	24	23	23	25	209	203	201	203	203	201	196	193	190	185	200	123	128	0	33	28	26	25	18	182	180	184	184	186	189	195	203	197	198	194	196	198	199	197	193	196	195	195	196	194	189	191	191	191	189	188	187	193	191	191	189	22	13	16	18	18	20	21	21	20	18	17	17	16	16	16	18	19	15	11	9	10	10	7	7	6	7	10	13	13	13	13	13	
15	15	15	15	14	14	15	15	14	14	16	16	15	14	14	16	18	18	16	13	176	180	199	205	203	197	198	196	195	195	195	194	198	199	32	32	23	25	25	27	28	25	21	21	23	206	209	198	196	196	198	199	205	121	214	203	199	198	196	26	30	27	27	26	26	31	38	116	117	180	209	198	199	197	194	194	198	199	199	189	193	195	196	196	193	191	193	190	191	193	184	188	193	193	194	18	14	13	16	18	17	20	19	17	18	17	17	15	15	14	15	18	19	16	10	4	11	12	13	14	9	3	5	8	13	13	11	11	
16	16	16	16	16	16	16	16	15	15	15	15	15	15	16	16	15	16	17	17	16	12	181	196	195	193	196	197	200	200	202	207	202	202	200	199	197	201	117	43	28	21	20	22	25	30	214	202	201	200	200	199	202	117	214	199	200	205	202	199	27	43	18	22	23	23	25	24	24	21	21	128	200	197	191	191	196	199	200	201	200	199	197	197	200	194	185	187	191	189	191	193	192	193	190	11	16	17	19	20	21	20	19	19	17	18	18	17	18	17	17	17	14	10	0	197	204	37	43	43	33	33	33	30	29	6	3	5	
16	16	15	15	15	15	16	16	15	15	15	15	15	15	16	15	15	13	14	14	14	12	10	175	182	195	198	199	200	200	198	196	202	200	200	198	199	199	203	120	107	22	20	22	26	27	24	121	114	214	205	200	200	199	201	203	203	209	205	202	29	19	18	24	25	25	23	24	23	22	22	24	24	22	22	17	128	171	205	195	193	190	194	196	193	191	190	191	191	191	189	191	189	187	187	26	15	17	19	19	19	20	19	19	18	18	17	17	18	17	17	17	15	11	0	198	37	43	37	37	33	33	33	33	33	19	13	7	
14	14	15	14	14	14	14	15	15	15	15	14	14	14	15	14	14	13	14	14	13	13	13	14	16	185	194	196	195	196	195	195	201	200	200	200	199	198	203	200	201	197	23	36	27	25	23	25	26	116	99	214	201	201	200	202	203	204	201	199	26	22	19	24	25	26	25	25	23	24	22	22	23	23	23	23	23	21	14	9	214	171	185	188	187	184	188	190	190	190	188	186	188	189	17	29	17	18	18	19	19	19	19	19	18	17	17	17	17	18	17	16	14	10	4	198	37	43	37	37	33	33	33	33	204	203	38	38	
14	14	14	13	14	14	14	14	15	15	15	15	15	14	14	14	14	15	15	15	15	15	15	15	16	14	174	187	194	195	196	196	202	200	199	197	197	198	200	201	199	198	113	36	27	23	23	24	25	25	26	29	121	107	85	214	203	202	197	198	27	22	20	25	25	25	26	24	24	24	23	22	23	25	25	25	22	19	17	17	18	19	13	0	214	171	188	189	191	188	187	187	189	189	14	6	16	18	18	19	19	19	19	19	17	17	18	17	18	17	17	15	13	4	10	203	37	43	43	43	33	33	33	33	204	34	214	38	
14	14	14	13	14	14	14	14	14	15	14	14	15	14	14	14	14	15	14	14	14	14	14	14	14	13	12	179	203	193	196	201	200	198	197	197	197	200	198	200	198	199	199	32	22	23	24	24	24	24	24	25	26	25	24	27	117	185	208	117	29	22	22	26	26	26	24	25	24	25	24	23	25	26	26	24	22	20	20	20	20	19	21	22	22	20	14	9	200	180	185	187	188	18	43	16	18	18	18	19	19	19	19	19	18	17	18	17	18	17	17	14	11	5	25	36	37	43	37	43	38	34	34	33	33	30	30	30	
14	14	14	14	14	14	14	14	14	15	15	14	15	14	15	15	15	14	13	11	12	12	13	12	12	12	13	13	13	180	193	202	197	196	198	196	196	198	199	200	199	199	200	31	19	21	26	27	25	25	24	24	24	23	23	23	24	25	23	22	23	23	23	26	26	24	24	24	24	25	24	26	25	25	24	24	22	20	20	22	22	21	21	22	21	23	20	19	18	15	12	214	180	11	16	17	18	19	18	19	18	19	19	19	18	17	17	17	18	17	16	16	10	18	214	36	43	37	37	43	33	34	33	33	33	20	20	22	
14	14	15	14	14	14	13	14	14	14	15	15	15	15	15	15	16	16	13	12	14	14	14	13	12	13	14	14	15	14	12	193	197	198	197	196	195	198	197	199	195	198	200	33	19	22	27	29	26	26	26	26	26	25	25	25	25	24	23	22	24	25	27	27	26	25	23	23	23	25	25	25	25	23	23	21	21	22	22	23	21	21	22	21	21	21	19	20	19	20	18	15	17	14	17	17	17	17	18	19	17	18	19	17	17	17	17	17	17	17	15	13	4	197	200	34	43	43	43	37	33	30	33	33	33	17	17	22	
14	14	14	16	15	15	14	14	14	15	16	17	16	16	16	16	18	19	16	14	15	16	16	14	14	14	13	13	14	14	12	182	193	196	195	195	196	196	198	197	195	199	200	27	18	23	26	27	26	25	26	26	26	27	27	26	26	26	24	25	25	28	33	31	28	27	24	26	25	25	25	24	24	23	22	22	21	22	23	22	21	20	20	20	20	19	20	20	20	20	19	17	18	18	18	18	19	18	18	18	18	18	17	18	18	17	18	18	17	16	15	12	0	34	43	43	43	38	38	37	33	30	30	34	30	23	23	27	
11	11	15	17	16	15	16	18	17	18	20	22	21	18	18	21	24	22	16	13	14	15	14	13	13	13	13	13	13	12	13	14	15	187	177	190	193	196	196	196	194	201	196	9	22	26	26	24	25	25	25	25	24	25	25	26	27	26	26	25	26	30	124	123	123	17	43	25	27	26	25	22	21	23	23	23	23	24	22	22	22	21	21	20	20	19	20	20	19	19	19	19	19	19	21	20	21	18	18	19	19	20	15	16	18	16	16	17	16	16	14	4	18	19	16	197	33	43	33	33	38	33	31	34	34	22	22	25	
16	16	19	19	17	16	20	23	24	19	22	24	24	21	22	25	26	20	20	16	13	14	15	13	12	13	12	12	12	13	12	13	13	14	10	185	190	196	200	202	195	205	31	43	21	25	26	24	24	25	24	24	25	25	25	26	27	26	25	24	25	28	210	194	194	189	187	182	188	0	43	27	25	22	22	22	22	22	22	22	22	21	21	21	20	21	21	21	20	19	19	19	19	19	19	19	214	183	0	11	0	11	12	14	14	13	15	14	14	15	13	7	16	16	12	193	38	37	37	37	37	214	209	200	29	22	22	23	
21	21	23	24	22	20	25	28	25	15	22	24	23	22	23	26	27	21	23	21	16	14	13	13	13	12	12	12	11	12	12	12	11	12	12	13	181	196	200	200	199	205	205	0	20	25	24	23	25	25	24	24	25	25	25	25	26	26	24	24	23	25	210	198	194	193	196	195	196	196	199	200	114	43	26	22	22	22	21	21	22	22	22	22	22	22	21	20	20	20	19	19	18	19	18	189	185	184	180	6	29	12	5	5	4	7	6	8	7	12	10	6	0	0	0	4	13	19	14	19	29	202	208	193	22	26	26	26	
20	20	26	34	34	29	29	25	15	25	28	28	27	25	25	26	26	22	20	22	21	15	11	13	13	12	12	12	11	12	11	12	10	12	13	14	15	13	200	194	198	204	199	14	20	24	24	23	25	25	24	24	25	25	25	25	26	24	23	24	23	25	204	206	205	203	203	201	202	204	201	198	194	196	195	185	29	43	29	22	20	24	22	22	23	22	20	19	19	19	19	20	18	18	20	191	171	188	184	17	7	5	29	17	14	16	14	9	8	3	7	9	11	11	10	9	7	0	0	6	7	12	24	38	33	30	34	30	
19	19	21	23	13	17	30	27	18	24	23	23	22	20	17	16	19	21	20	20	19	19	15	12	13	13	13	12	12	11	11	11	12	13	13	13	14	14	10	177	190	203	199	20	21	25	23	23	25	25	25	25	25	25	25	25	25	25	24	23	24	25	200	195	197	199	198	196	197	193	190	201	196	195	193	191	194	195	201	200	107	22	26	24	23	24	20	19	20	20	17	19	18	18	22	191	171	189	185	0	22	11	32	32	26	25	31	27	27	3	7	11	15	15	14	13	12	8	7	4	2	2	5	11	11	20	22	23	
23	23	24	21	14	15	23	23	15	28	23	21	19	19	19	18	19	21	22	20	17	17	17	14	13	14	13	13	12	11	11	11	13	13	13	12	12	13	12	11	10	193	195	17	20	25	24	23	25	25	25	25	25	24	25	26	26	26	24	24	25	25	201	190	190	194	193	191	189	184	187	204	200	195	190	191	194	195	197	196	193	196	198	193	188	29	17	17	18	19	17	19	18	18	20	18	171	182	171	185	29	43	22	25	25	25	25	25	29	12	2	11	15	17	15	14	16	11	12	10	9	9	7	6	6	0	0	5	
24	24	24	23	20	21	25	26	18	25	21	21	23	26	28	26	21	20	22	21	18	13	14	17	16	15	13	14	13	12	12	12	11	12	12	12	13	12	12	13	13	16	214	17	22	24	25	24	25	25	25	25	25	25	24	26	26	26	25	24	23	25	198	202	198	205	200	199	194	195	194	207	197	195	191	191	193	196	200	196	193	193	194	191	190	189	194	194	193	22	7	16	15	17	15	13	9	4	4	4	0	5	10	10	10	6	18	18	22	22	5	9	15	17	17	15	15	15	16	15	14	13	13	12	13	9	9	8	
18	18	25	24	24	24	25	27	18	19	20	20	18	18	23	32	33	17	22	23	18	13	12	17	17	16	15	14	14	13	12	12	12	12	13	12	13	12	12	12	14	16	14	14	19	23	26	24	24	24	24	23	24	24	25	25	25	27	27	24	24	22	197	205	201	200	200	199	197	199	201	199	198	194	193	193	191	197	197	196	193	191	193	191	188	187	189	191	185	183	185	11	22	9	15	15	16	15	14	11	13	11	5	0	0	8	17	22	25	20	5	8	14	16	16	14	12	14	15	15	15	15	15	14	11	14	13	13	
21	21	29	22	21	19	22	27	25	16	24	27	25	19	18	24	31	13	21	23	18	14	15	16	16	15	15	15	15	14	13	13	12	12	13	14	13	13	11	11	14	14	15	15	17	20	24	24	23	25	26	25	23	24	26	22	24	27	27	24	22	22	197	201	200	196	195	193	194	197	201	197	200	196	196	193	187	189	193	190	191	191	189	187	184	187	184	182	171	178	183	185	190	0	16	18	19	20	16	14	14	14	9	9	6	3	0	7	14	3	4	10	15	16	15	13	12	11	14	14	15	15	15	13	12	14	14	14	
25	25	32	26	20	14	17	25	22	12	25	29	29	26	17	7	12	20	19	22	18	16	16	15	14	14	15	16	16	16	15	15	11	13	14	15	15	15	13	12	13	13	12	13	13	16	18	19	23	26	28	26	25	26	28	24	23	25	25	24	23	24	214	203	203	200	197	200	198	204	209	196	194	191	195	196	188	185	188	195	193	191	191	191	189	188	185	184	177	182	188	189	185	11	13	17	19	20	17	16	17	17	13	14	13	12	11	9	8	11	12	14	14	15	14	15	16	13	14	15	16	16	15	14	13	12	12	12	
20	20	27	23	20	18	21	25	26	12	21	25	26	25	23	22	23	23	19	18	17	17	17	14	14	14	15	16	16	17	16	16	16	15	13	12	13	13	14	15	12	11	11	11	12	13	14	15	19	23	29	27	23	24	27	24	24	24	24	23	24	25	207	200	199	199	199	196	196	201	201	191	193	189	191	190	185	171	185	198	195	196	191	189	191	189	188	184	181	185	188	188	187	0	13	18	19	21	17	17	18	20	17	17	15	16	15	15	15	15	16	13	10	10	11	13	15	14	13	14	15	15	15	14	14	13	13	12	
18	18	17	17	17	19	22	26	32	22	19	20	19	19	25	27	27	24	18	13	18	19	18	14	14	16	17	17	17	16	16	15	20	18	14	11	10	11	12	14	13	12	12	12	12	13	14	14	15	16	187	0	22	22	25	24	25	25	25	24	23	23	195	193	193	193	197	194	193	194	194	191	191	193	193	193	191	187	189	202	198	194	191	189	191	191	186	187	184	188	189	189	183	14	13	18	21	21	17	18	18	20	18	18	18	17	17	16	16	16	14	10	4	2	0	6	12	12	12	12	12	14	14	14	15	14	14	15	
21	21	20	24	24	24	21	16	22	28	24	23	20	22	23	23	24	24	18	10	17	18	16	14	16	17	17	17	17	16	15	15	17	17	17	15	14	12	11	11	13	13	13	13	13	13	13	13	13	13	11	7	189	171	196	32	22	27	25	23	24	22	23	200	171	171	200	200	195	193	189	191	191	193	193	191	193	194	195	198	195	196	193	193	191	189	187	185	184	188	190	187	10	22	13	17	20	21	17	16	18	19	18	17	17	18	17	16	16	14	12	6	5	14	16	11	5	6	8	8	7	9	11	12	14	13	14	14	
22	22	15	25	24	24	22	19	28	29	27	27	26	25	23	17	16	22	22	11	17	17	15	15	16	16	17	17	16	16	16	16	15	16	19	20	19	15	11	10	12	12	13	13	13	13	13	12	10	13	14	13	12	183	193	193	189	29	0	22	29	25	23	18	19	23	25	27	117	85	214	193	193	191	194	195	194	194	195	190	191	191	193	189	191	188	187	182	187	185	189	186	0	17	16	17	19	20	16	14	16	17	16	15	15	13	14	14	14	12	10	9	0	16	20	20	20	9	6	8	8	3	0	8	11	9	10	10	
27	27	14	23	21	21	22	22	32	22	20	23	27	28	27	27	22	23	25	12	17	16	14	16	15	15	15	16	16	16	17	18	16	16	19	19	20	19	17	16	12	12	12	12	12	12	12	11	10	11	13	14	14	15	17	182	185	190	193	194	112	0	26	22	23	24	26	28	29	29	26	171	171	189	194	197	197	200	200	193	191	191	189	188	185	183	183	185	183	185	187	188	0	0	16	18	19	19	16	13	14	15	15	14	15	15	14	11	12	12	12	11	10	0	19	23	26	35	43	43	35	31	18	7	0	0	0	2	
33	33	36	31	25	24	23	22	25	0	17	22	25	25	24	23	19	14	16	13	15	15	15	16	15	15	16	17	17	16	16	16	15	16	17	17	16	17	19	20	15	16	15	15	13	12	12	12	10	10	11	12	12	12	13	13	11	178	184	191	196	114	34	22	22	23	25	26	26	24	22	22	22	20	22	19	17	193	200	201	196	191	188	185	191	194	200	180	180	185	177	177	182	25	12	17	20	20	17	15	16	16	16	16	15	15	16	14	13	14	12	9	0	13	26	26	23	26	27	22	18	20	17	20	20	39	210	38	
22	22	19	19	19	19	19	21	20	20	24	24	25	24	24	23	21	18	16	16	14	15	16	16	15	16	16	17	17	16	15	15	15	16	17	17	16	16	19	20	17	17	16	14	13	13	12	12	12	12	12	12	13	13	13	14	12	10	176	177	193	199	30	19	22	22	24	25	23	22	20	22	22	22	22	22	20	19	20	17	171	193	180	177	185	191	182	176	171	176	176	171	171	0	10	16	20	20	18	17	17	17	15	16	16	16	15	15	14	14	13	9	0	14	27	27	23	23	20	17	13	13	20	23	200	206	202	196	
15	15	14	15	16	20	22	23	23	24	25	25	27	27	27	27	24	21	19	18	16	14	15	15	16	16	17	17	18	17	16	16	15	16	18	17	16	17	19	20	19	17	16	16	14	13	14	14	13	13	14	14	14	14	13	13	13	13	13	8	171	189	22	17	18	22	22	23	22	19	20	22	22	22	22	21	20	22	18	17	17	19	17	14	171	193	177	176	176	171	176	187	187	16	3	16	21	20	18	15	17	17	16	16	16	16	15	13	15	14	14	10	0	14	27	27	23	23	23	14	13	14	20	27	204	210	205	197	
22	22	23	25	25	26	27	28	28	25	28	30	32	33	32	31	28	24	23	20	18	16	15	15	16	16	17	17	18	18	18	18	16	17	16	18	17	17	17	19	19	17	16	15	15	15	15	14	14	13	14	14	14	13	13	12	12	13	13	13	12	9	32	18	19	21	22	21	22	21	20	22	22	22	22	22	22	21	18	18	19	21	21	20	16	13	0	11	18	22	214	171	171	17	14	13	18	19	18	16	17	18	16	16	17	15	15	15	15	15	14	12	3	17	23	23	22	20	17	13	13	20	27	39	210	210	206	197	
30	30	30	29	29	31	31	31	31	31	34	34	37	36	33	32	30	28	26	23	20	18	16	16	16	17	18	18	18	18	18	18	16	17	18	17	16	16	17	19	18	18	18	17	16	15	15	14	13	13	13	13	12	13	13	12	11	12	13	14	13	14	11	11	22	23	23	23	25	23	23	23	22	23	22	22	22	22	21	20	22	23	24	23	20	20	19	20	17	15	13	4	0	12	0	16	19	19	18	16	17	18	17	17	17	15	16	15	15	15	13	12	3	10	20	22	23	23	17	13	20	20	206	210	205	206	206	202	
29	29	29	29	30	31	31	30	30	31	31	33	32	32	29	29	29	33	30	26	25	22	19	18	18	18	17	18	18	18	18	18	16	17	18	16	16	16	17	18	18	18	17	17	16	15	16	14	12	12	12	13	12	12	12	11	11	12	13	14	14	13	12	14	18	19	22	25	24	25	23	22	23	23	23	22	22	22	22	22	24	24	22	22	22	20	22	22	20	19	15	13	13	8	10	17	20	17	15	13	18	19	15	16	16	15	16	15	14	15	15	11	5	10	20	20	18	13	17	14	20	29	210	202	197	204	204	207	
28	28	30	31	32	32	31	30	29	31	31	31	30	30	30	31	33	38	30	28	26	24	22	19	19	18	18	17	17	17	17	17	15	16	17	17	15	16	18	20	15	16	17	18	18	16	15	15	12	13	12	13	13	12	12	12	12	13	13	13	13	13	13	13	15	17	21	22	24	24	23	22	23	22	22	22	22	22	23	22	21	19	19	19	20	22	21	20	21	19	19	18	18	18	13	18	19	17	16	13	17	19	17	17	16	16	16	16	15	15	16	12	6	6	17	23	18	13	13	20	20	200	210	197	194	205	34	43	
31	31	30	32	37	37	35	35	33	35	37	36	36	36	126	122	40	33	29	27	26	25	25	24	20	19	17	17	17	17	16	15	15	16	17	17	13	15	18	19	16	17	18	18	17	16	16	14	13	13	12	13	14	14	14	13	13	12	12	12	12	12	12	13	14	15	17	18	20	21	20	20	22	22	22	22	22	21	22	21	19	18	17	17	18	20	18	17	19	19	21	21	21	22	15	18	19	18	15	13	18	19	16	15	15	15	16	16	15	15	16	13	6	3	14	23	17	14	14	20	20	200	207	197	189	203	33	43	
25	25	25	25	27	31	32	34	33	19	113	122	40	36	32	36	40	30	26	24	24	24	24	26	31	30	21	16	15	15	17	20	17	17	18	17	15	16	17	18	16	16	17	17	17	14	15	14	12	13	13	14	13	13	12	13	13	13	13	13	14	13	13	12	13	14	14	13	12	10	8	7	17	22	21	19	19	21	23	23	20	20	20	19	20	20	19	19	19	19	20	19	19	19	18	17	18	15	12	7	6	8	3	9	11	13	13	14	13	14	14	14	13	10	0	197	36	18	13	26	207	207	197	197	193	202	210	35	
39	39	38	36	35	37	37	35	35	37	40	39	33	31	26	28	29	31	27	25	24	25	24	24	24	25	24	23	22	18	17	16	16	17	18	17	15	15	17	18	15	16	17	18	16	14	14	14	13	13	14	14	14	14	12	12	13	13	13	13	13	13	13	13	12	12	13	13	13	13	11	4	17	43	22	12	16	16	21	22	19	19	18	19	19	20	20	20	19	19	19	20	20	20	19	18	18	15	11	5	5	0	0	3	7	10	11	12	10	12	11	11	12	9	5	6	20	17	20	29	205	210	200	197	193	196	201	197	
33	33	34	33	33	34	32	33	35	41	35	27	23	23	33	35	35	31	28	25	24	25	25	24	21	21	25	29	29	24	18	14	17	18	18	18	15	15	16	17	16	17	17	18	16	14	13	13	12	14	13	14	14	13	13	13	13	13	13	13	13	13	13	12	12	13	12	13	12	13	13	13	99	214	188	183	17	0	17	23	19	17	18	18	19	19	20	21	19	19	19	20	20	19	19	19	19	17	9	12	18	14	13	7	0	0	3	5	5	8	9	10	13	10	9	6	2	3	10	17	25	32	43	214	205	207	207	203	
27	27	28	29	26	27	26	28	29	25	22	19	21	27	120	124	38	34	30	28	28	27	27	24	22	22	26	29	29	24	20	18	18	20	20	17	16	15	16	17	16	17	18	18	17	15	13	13	13	14	14	14	14	13	13	13	13	12	14	13	13	13	14	13	12	12	12	12	13	13	13	13	14	11	182	171	185	193	194	193	22	0	11	17	16	17	19	21	19	18	19	20	20	19	19	18	19	18	14	4	13	12	16	16	16	12	11	11	10	6	3	7	8	10	11	12	13	8	5	0	5	9	11	12	9	22	25	29	
28	28	29	28	25	22	21	20	21	19	19	21	24	26	28	30	31	29	28	27	29	30	28	26	26	26	26	25	24	24	24	25	20	21	21	18	16	15	17	18	16	18	18	18	17	14	13	13	13	13	14	14	14	14	13	12	13	13	14	13	13	13	14	14	13	12	12	12	12	12	12	11	12	13	12	7	185	191	195	191	191	193	189	14	43	0	14	19	13	16	18	18	18	18	17	17	18	17	17	7	0	3	12	12	16	18	20	22	23	14	6	3	3	8	10	12	14	13	12	9	6	6	4	4	6	2	2	7	
25	25	25	25	24	22	23	24	26	25	24	25	25	24	22	17	12	23	24	26	27	29	28	27	30	29	27	24	22	23	26	30	23	24	23	21	18	17	17	18	18	18	18	18	17	13	14	14	13	14	14	14	13	13	12	13	13	13	13	13	13	13	13	13	13	12	12	12	12	12	12	9	12	13	13	12	13	14	183	181	186	189	191	191	187	176	185	183	11	0	9	11	14	13	13	16	17	17	16	12	8	8	8	0	7	10	12	14	16	14	14	12	6	3	6	11	12	16	17	13	13	9	9	11	11	8	7	7	
24	24	24	26	24	23	24	26	28	25	22	19	22	23	22	18	15	19	20	23	25	27	26	26	27	28	26	25	25	25	27	28	24	27	27	22	18	16	18	19	18	18	18	18	15	14	14	14	12	13	14	14	13	12	13	13	13	13	13	13	12	12	13	12	11	12	12	12	13	13	13	12	12	13	13	12	12	13	13	4	178	171	188	187	184	181	181	186	182	181	177	171	182	26	22	8	14	15	15	12	9	10	13	10	5	3	9	6	7	10	17	14	17	11	3	8	10	17	20	16	14	13	13	12	14	13	12	10	
24	24	22	20	18	18	17	18	21	21	19	19	22	24	23	19	17	17	18	19	22	23	26	26	26	26	27	27	28	28	26	25	25	27	27	23	20	19	19	21	18	18	17	16	16	12	12	13	13	13	13	13	13	13	12	13	12	13	12	13	13	13	13	12	12	12	12	12	13	13	14	13	13	13	12	11	11	11	11	11	11	11	178	185	177	176	182	180	177	177	180	181	189	189	12	43	7	13	11	7	12	13	14	13	11	8	4	2	0	3	5	9	15	14	8	0	7	14	18	16	14	13	14	15	14	15	13	11	
26	26	22	19	24	23	19	20	23	22	22	24	25	24	20	16	15	17	16	16	17	20	23	28	29	27	27	27	27	28	28	27	25	26	26	27	27	25	23	23	19	17	16	16	15	13	12	13	15	15	13	13	12	13	13	13	12	13	12	13	13	14	14	14	13	14	14	13	13	12	12	12	12	12	12	12	12	13	12	11	11	12	12	9	203	176	179	175	174	175	171	176	102	214	18	29	3	7	17	4	12	15	14	16	17	17	15	11	8	8	8	4	2	5	5	2	4	9	10	11	11	11	13	15	14	13	11	11	
25	25	21	16	22	25	24	22	23	24	24	25	23	22	19	16	15	16	16	16	17	18	20	23	24	25	26	29	29	30	29	27	26	25	27	27	26	26	24	24	25	22	20	21	21	19	16	14	13	15	16	16	15	13	10	12	12	13	12	12	13	14	14	13	13	14	13	13	13	12	12	12	12	12	13	12	12	12	12	12	11	10	8	7	6	179	183	179	185	193	189	183	171	171	5	18	3	0	25	16	6	13	16	16	16	15	14	13	11	12	13	12	8	7	9	12	13	13	12	11	12	10	14	15	14	9	11	13	
25	25	20	13	22	28	26	26	25	32	27	22	20	19	17	16	16	17	16	16	17	17	18	20	20	22	25	27	30	29	28	26	27	25	27	28	26	27	24	24	25	23	20	21	22	18	15	15	15	15	15	15	15	13	13	13	13	13	12	13	13	12	14	13	13	13	13	13	12	13	12	13	12	12	12	12	12	12	11	11	11	11	11	10	10	9	6	3	182	196	194	184	175	193	11	25	4	4	26	31	7	8	17	16	14	12	12	13	15	16	17	17	16	14	15	15	18	14	10	7	7	5	6	12	9	6	10	11	
24	24	22	22	31	28	22	22	30	32	23	20	18	17	17	18	17	17	16	16	16	17	17	17	17	19	21	24	27	27	26	25	26	26	28	27	27	27	25	24	24	20	17	19	20	16	12	15	18	16	14	12	13	15	16	15	13	13	12	13	12	13	13	13	13	13	12	12	12	13	13	12	12	12	11	12	11	11	11	10	12	13	13	12	11	9	11	11	7	185	185	175	171	187	179	25	14	0	9	14	10	2	16	16	12	10	13	14	16	18	18	16	16	14	14	16	18	11	3	3	9	12	8	6	3	0	2	2	
22	22	23	27	30	20	2	10	29	24	22	20	18	18	18	16	17	17	16	16	16	16	16	17	17	17	18	20	22	25	25	26	24	25	27	29	26	27	25	25	26	25	22	23	23	22	17	16	17	17	15	14	15	15	15	15	15	14	13	13	13	13	13	13	13	12	12	12	12	12	13	11	12	11	11	12	12	12	12	12	12	12	12	11	11	11	12	11	8	4	0	181	205	184	188	25	34	18	5	4	6	2	15	13	13	13	14	15	18	18	14	12	12	11	12	16	15	5	3	16	26	33	31	31	23	11	11	11	
22	22	22	27	27	18	0	8	29	19	20	22	20	19	18	16	15	17	17	16	16	16	16	16	17	16	17	17	19	21	23	26	25	25	27	29	27	27	26	25	26	26	25	25	25	24	22	16	14	17	19	20	17	15	14	15	16	15	14	13	13	13	13	14	13	13	11	12	12	13	13	11	11	11	12	12	11	11	12	13	11	11	10	10	11	13	11	10	10	9	10	8	6	5	9	14	27	27	10	7	7	3	11	13	14	14	16	15	16	15	14	12	11	11	11	12	14	7	3	14	31	214	210	36	43	30	30	28	
24	24	21	20	25	23	17	22	33	13	19	24	23	21	19	16	15	16	16	17	16	16	16	17	16	15	15	15	16	17	22	25	23	25	26	29	28	27	26	25	23	23	21	21	22	22	17	16	18	19	17	14	14	14	14	16	16	16	14	14	14	14	14	14	13	12	12	12	12	13	13	11	11	12	12	12	12	12	12	11	11	11	11	11	11	11	10	11	12	13	13	13	11	9	11	9	10	23	20	20	27	14	6	11	15	17	16	17	14	16	16	14	12	12	12	14	15	13	6	6	200	210	201	203	202	211	211	40	
22	22	19	19	22	24	23	23	26	22	20	24	24	23	20	18	16	15	16	16	16	15	15	15	17	15	14	16	17	19	22	18	18	20	24	26	27	29	27	27	23	20	18	16	17	16	15	16	18	17	15	14	16	16	15	16	15	15	15	15	15	15	15	14	14	12	12	11	11	12	12	10	11	12	12	12	12	12	11	10	10	11	12	12	11	10	11	11	12	13	14	12	12	11	11	10	8	6	3	16	43	32	2	7	12	15	15	15	16	13	14	14	13	13	13	14	12	16	12	3	17	203	207	203	200	40	214	211	
20	20	20	20	22	23	22	21	20	25	17	21	24	23	16	17	18	16	15	15	15	15	15	14	17	15	14	17	17	20	20	14	16	18	21	23	25	28	26	27	22	20	17	16	15	17	17	17	14	15	16	17	17	18	17	12	13	13	14	15	15	15	16	15	14	13	12	12	12	12	12	11	11	11	12	12	12	12	12	12	12	11	11	12	12	12	12	12	12	12	12	12	11	11	12	11	10	9	6	0	8	16	11	3	10	14	16	16	17	14	12	13	14	15	13	11	10	16	15	5	8	26	214	205	26	40	43	214	
21	21	22	22	23	22	22	20	19	21	15	19	22	20	13	15	16	17	17	16	16	17	17	16	17	15	14	16	17	18	20	13	17	17	19	19	22	24	26	26	22	20	16	18	17	16	18	17	14	15	17	17	16	17	16	12	11	14	12	13	14	15	15	15	15	13	13	13	13	14	13	12	11	12	12	12	11	12	12	12	12	12	12	13	13	12	11	11	12	11	11	11	11	11	14	13	10	9	8	8	9	8	23	3	9	14	16	18	19	18	14	16	16	16	16	13	11	15	14	6	5	22	210	201	193	207	211	208	
22	22	23	23	22	24	22	20	20	21	13	18	22	19	13	15	17	17	16	16	16	17	17	18	18	15	15	17	17	18	20	13	17	18	16	15	17	19	22	24	21	19	18	16	16	18	18	17	15	17	17	17	17	18	17	13	14	14	14	13	12	13	14	15	15	14	14	14	14	15	14	13	13	13	13	13	12	11	11	12	12	12	13	12	12	12	12	11	11	11	10	11	11	11	12	12	12	12	12	11	10	8	6	6	5	11	14	17	21	20	18	18	18	17	16	14	13	15	14	10	0	14	207	200	193	204	207	205	
23	23	22	24	24	24	21	21	22	25	16	19	22	20	15	15	17	16	16	15	15	16	16	17	17	15	16	18	16	17	19	14	17	17	15	15	15	18	19	23	21	19	19	18	18	18	18	16	15	17	18	19	17	17	16	15	15	15	16	14	14	15	14	15	15	15	15	15	14	15	14	13	13	13	13	13	12	11	11	11	11	12	12	12	12	12	11	11	10	11	10	11	11	10	10	11	13	13	12	11	9	8	11	9	9	9	9	14	18	18	17	18	16	16	16	14	13	14	15	11	5	9	202	204	196	205	204	205	
22	22	23	23	22	22	23	21	22	29	20	20	22	21	18	16	17	15	15	14	15	15	16	16	17	16	17	19	17	17	20	16	17	17	16	16	16	17	20	20	19	19	19	18	18	18	17	16	15	16	17	19	19	18	17	17	17	16	16	16	14	16	15	15	17	16	16	16	15	14	14	13	13	14	14	13	12	11	11	10	11	11	11	11	12	12	11	10	10	11	10	10	10	10	12	12	11	11	9	10	11	10	10	10	10	11	12	12	11	11	11	14	13	14	12	13	10	13	14	14	10	3	17	214	202	204	208	208	
23	23	23	22	22	22	23	22	22	25	21	20	22	21	16	17	19	16	16	14	15	15	16	17	18	16	18	22	17	17	20	17	15	17	18	19	19	18	18	18	18	18	18	18	19	17	19	18	16	18	18	19	20	19	18	16	18	17	17	17	16	15	15	17	17	17	18	16	16	14	13	12	13	14	15	14	13	12	11	11	11	11	11	12	12	11	11	10	11	11	11	11	10	10	13	13	11	9	9	10	11	11	9	10	11	12	12	12	11	10	8	9	11	11	12	12	11	11	13	16	14	7	9	204	208	39	43	43	
23	23	23	22	22	21	22	23	22	23	19	19	22	18	14	15	19	18	17	16	16	17	17	19	18	17	19	24	18	16	20	17	14	17	19	20	19	19	17	15	16	18	18	19	17	18	19	18	16	18	18	20	18	19	18	17	17	17	17	17	16	16	16	17	18	17	17	16	16	14	11	13	13	14	15	14	13	12	11	12	12	11	12	13	12	13	11	11	11	11	11	11	11	11	11	11	12	13	12	11	10	10	10	10	10	11	12	12	12	11	5	4	4	7	7	8	9	10	14	17	14	9	6	28	40	37	40	43	
20	20	24	24	22	22	21	20	25	28	14	25	22	16	19	16	18	21	17	16	17	18	17	16	18	17	17	19	19	20	20	18	22	15	12	20	22	20	16	18	17	19	18	19	18	20	20	19	18	17	16	17	17	19	20	19	17	18	17	17	15	16	15	16	16	15	15	15	15	14	13	12	13	14	13	12	12	12	11	12	12	12	12	12	13	14	11	10	10	12	13	13	12	11	12	12	12	13	12	11	11	11	12	12	11	10	10	10	10	11	11	8	0	19	40	37	25	15	11	10	5	2	2	5	6	2	2	2	
20	20	23	24	22	24	21	21	27	28	10	25	20	15	20	18	19	20	16	15	17	18	17	16	17	18	16	17	19	20	20	18	22	15	10	20	22	20	17	21	18	18	17	19	17	19	19	18	18	17	16	16	17	19	20	20	18	18	17	16	15	17	17	16	16	14	14	14	14	14	13	14	14	14	15	14	14	12	12	13	12	12	12	11	12	12	12	12	12	12	12	11	10	10	11	11	12	12	12	11	11	11	10	10	10	10	11	12	13	12	10	10	9	6	1	17	208	36	43	32	22	11	0	5	8	6	6	6	
19	19	24	23	22	24	21	21	26	23	6	25	20	17	22	20	19	19	17	16	17	18	17	16	17	18	16	16	18	20	19	17	22	17	13	20	22	19	17	21	19	18	18	17	15	15	15	16	18	18	17	15	17	19	20	18	18	18	17	17	18	16	16	16	16	14	14	14	14	14	14	15	15	15	16	16	14	14	14	15	13	13	11	12	12	11	12	12	12	11	11	10	11	11	11	12	11	12	12	12	12	11	10	10	10	11	11	12	13	11	9	10	12	11	9	5	5	20	210	202	191	29	23	0	8	11	11	10	
20	20	24	23	20	25	22	21	25	26	19	22	19	15	18	18	19	19	16	15	17	18	18	16	18	18	16	16	18	19	18	17	21	15	15	22	21	18	17	24	19	19	18	18	15	15	15	15	19	18	18	16	16	16	17	18	18	17	17	19	19	18	18	16	16	14	14	14	14	14	14	14	14	15	14	13	14	14	15	14	13	12	11	11	13	13	12	12	11	11	11	12	13	14	11	12	12	12	12	12	12	12	14	13	12	11	11	10	10	10	11	11	11	11	11	10	10	8	0	190	195	181	29	10	3	14	14	14	
21	21	23	21	18	24	22	19	24	25	27	21	17	16	15	15	16	18	16	16	17	19	18	17	18	17	15	15	17	18	18	18	20	17	16	22	21	16	16	24	19	18	18	18	16	15	14	16	20	18	16	18	18	18	17	17	18	18	18	19	18	19	19	14	14	16	16	16	14	14	14	14	12	11	11	12	11	12	10	11	11	10	12	14	15	16	15	15	13	12	12	13	13	13	12	12	12	12	12	12	12	13	14	14	13	12	11	10	10	10	11	10	10	10	10	12	12	11	9	6	3	13	24	27	24	8	11	14	
22	22	25	19	16	24	23	20	22	24	27	19	18	17	12	15	17	18	16	17	18	18	18	17	17	17	15	16	16	18	18	18	19	16	17	22	20	13	16	25	20	20	18	19	19	18	16	17	18	17	16	16	18	15	16	17	18	18	18	18	19	19	19	16	14	16	16	15	14	14	14	14	14	12	11	10	11	11	11	9	9	10	13	15	16	17	19	19	18	16	13	12	11	10	13	13	12	12	12	12	12	12	10	11	12	12	13	13	13	11	10	11	10	11	11	11	12	10	10	10	10	8	4	12	43	7	8	11	
24	24	25	19	14	24	23	19	21	20	26	13	16	19	15	17	18	16	16	16	18	19	19	15	17	17	14	15	17	16	18	17	18	17	19	22	20	15	17	27	22	20	22	20	21	21	22	22	22	20	17	16	15	16	17	17	18	17	18	18	19	18	20	16	14	16	15	14	15	14	16	17	16	14	14	13	13	12	12	12	12	12	12	13	14	15	14	16	16	17	16	13	12	11	14	14	13	12	12	12	12	12	10	11	12	12	13	14	13	12	10	11	12	12	11	10	9	10	10	10	11	10	10	8	5	6	8	10	
24	24	26	17	16	23	22	20	20	17	24	8	15	21	17	21	21	17	16	17	19	20	18	16	18	16	14	15	17	17	18	18	18	17	20	22	19	13	17	25	19	19	22	22	22	21	22	21	22	20	17	16	16	17	17	17	17	18	18	19	19	19	20	16	15	16	16	14	14	15	16	19	17	18	15	13	12	13	15	16	15	12	12	11	11	11	6	7	11	15	18	18	18	16	15	14	14	12	12	12	12	13	13	13	13	13	12	12	11	10	11	11	12	12	11	10	10	10	10	9	8	9	10	11	12	8	8	9	
24	24	31	20	25	23	19	25	16	22	18	16	17	18	20	20	19	17	18	18	19	18	17	17	18	15	14	16	17	15	15	19	16	17	19	20	22	20	17	17	19	19	19	19	19	20	18	19	18	19	19	19	19	19	19	19	19	17	17	17	18	16	17	14	15	13	14	16	16	18	17	15	15	14	13	12	12	12	12	14	13	12	12	13	13	13	9	14	13	14	11	8	18	18	20	15	14	13	14	14	15	15	12	12	11	11	12	12	12	10	9	12	15	14	11	10	11	10	10	10	10	11	11	11	12	11	11	11	
22	22	26	17	22	23	22	119	37	23	19	17	16	18	19	18	18	18	17	17	18	17	17	17	18	15	15	17	17	15	15	18	16	17	19	20	22	20	19	19	19	19	19	19	19	19	18	18	17	18	19	19	19	19	19	19	19	17	17	17	17	16	18	16	15	15	16	16	17	17	17	15	15	15	14	12	13	13	13	13	13	12	12	12	13	13	9	13	12	14	12	9	18	18	22	23	17	16	14	12	10	11	12	12	12	12	11	11	10	11	12	13	12	10	9	10	12	11	11	10	10	10	10	11	12	11	11	11	
22	22	24	18	22	23	22	33	37	26	20	18	16	18	19	17	17	18	18	18	17	18	18	17	17	14	14	17	18	16	15	19	17	18	19	20	21	20	19	19	19	19	19	18	19	19	18	18	17	17	18	19	19	19	19	19	19	18	17	17	17	16	18	16	16	16	17	16	18	17	16	15	14	14	13	13	13	13	13	13	13	12	13	12	13	13	9	12	11	14	13	11	19	18	12	0	25	23	16	12	10	11	13	13	12	12	12	11	11	11	13	13	12	10	9	11	13	12	11	11	11	10	10	11	11	12	12	11	
23	23	24	22	22	22	22	22	17	25	20	17	16	17	18	17	17	18	17	18	18	17	17	17	18	15	14	17	18	16	14	18	17	18	19	20	22	21	19	19	19	19	19	18	18	18	18	19	18	18	17	18	19	19	19	19	19	17	17	17	17	16	17	17	16	16	17	16	17	17	17	16	14	14	14	13	13	13	14	13	13	12	13	12	13	13	11	13	10	13	14	14	20	19	13	14	29	11	12	13	15	15	15	14	14	14	13	13	12	11	12	12	11	11	11	11	12	12	11	11	10	11	10	11	10	11	11	11	
24	24	22	21	21	23	25	23	22	25	19	15	15	17	18	17	17	17	18	18	17	17	17	17	18	15	15	18	19	15	14	17	17	18	19	20	22	21	22	19	19	19	18	18	18	19	19	18	18	17	17	18	19	19	19	19	19	17	17	17	17	16	17	18	16	16	17	17	16	16	17	17	16	14	14	14	13	12	14	13	13	12	12	12	13	13	11	13	9	12	15	16	21	18	17	9	5	10	16	7	22	25	19	17	16	15	15	14	14	12	11	12	13	13	13	12	10	11	11	11	11	11	11	10	10	11	10	11	
22	22	10	20	20	23	29	43	33	23	19	13	15	17	18	17	17	18	18	17	17	17	17	17	18	15	16	19	19	15	15	17	15	17	19	20	21	21	22	19	19	19	19	18	18	19	19	18	18	17	17	17	18	18	18	18	19	17	17	17	17	16	18	18	17	18	17	17	17	16	16	16	15	14	14	13	13	12	13	14	13	12	13	13	13	13	13	14	8	12	15	16	21	18	43	29	13	4	11	13	0	9	22	17	17	15	15	15	15	14	12	13	14	14	14	11	8	10	11	11	11	11	11	10	10	11	11	10	
25	25	13	22	20	23	29	23	24	21	18	12	14	17	18	19	18	18	18	17	17	17	17	17	17	15	15	19	20	15	14	16	16	17	18	20	22	22	22	19	19	19	19	19	19	20	18	18	15	18	18	17	18	17	18	20	19	18	17	17	18	15	17	18	18	17	18	17	17	17	16	16	16	16	15	13	13	13	13	14	13	12	13	12	13	13	13	15	8	11	17	16	21	15	11	18	22	11	14	5	0	0	9	9	9	5	11	13	14	15	15	12	12	13	13	13	10	10	11	11	12	11	11	10	10	11	11	11	
20	20	21	25	23	22	28	19	18	21	18	14	14	17	18	18	18	17	17	17	16	17	16	17	18	16	14	17	18	17	14	16	16	17	18	20	22	22	20	19	19	19	19	19	20	20	19	18	16	17	18	17	19	19	19	18	18	18	17	17	17	16	17	17	17	17	17	18	18	17	16	14	16	15	13	13	12	13	13	14	12	11	12	13	13	13	14	15	10	11	14	17	22	17	8	0	12	25	25	18	6	0	0	0	29	29	9	10	9	17	16	12	11	12	13	13	12	12	11	11	11	11	10	10	10	11	11	11	
13	13	23	29	25	17	27	26	16	20	18	16	15	16	18	19	18	16	17	18	18	17	16	16	17	17	15	15	17	18	16	14	18	19	18	21	24	24	22	19	20	19	19	19	20	21	20	20	19	18	19	19	19	18	19	17	17	17	17	17	16	17	17	16	17	18	19	17	18	17	16	14	14	14	14	13	14	12	14	13	11	11	11	12	12	14	11	14	14	11	13	18	22	18	11	16	12	12	0	0	0	0	0	0	0	0	0	0	0	9	9	13	15	15	14	12	12	13	12	10	11	11	10	11	10	11	11	11	
17	17	24	27	17	11	24	28	21	19	17	16	16	16	18	19	19	17	17	17	17	17	17	16	17	16	15	15	18	19	18	16	17	19	19	20	22	22	22	19	21	20	20	21	20	20	20	19	18	20	20	18	18	18	19	19	18	18	17	15	15	16	16	15	18	17	19	18	18	16	16	15	16	14	14	14	14	14	15	14	12	12	12	13	12	13	11	14	15	10	13	18	22	16	14	16	12	11	0	0	0	0	0	0	0	7	0	0	0	11	22	4	15	17	15	14	15	12	11	11	11	11	11	12	13	12	11	11	
20	20	25	24	14	11	24	28	23	18	17	16	16	17	17	18	18	17	16	17	17	17	17	16	17	17	15	16	18	19	19	17	17	18	20	20	21	19	20	19	22	21	21	22	18	18	20	20	20	20	19	19	18	18	19	19	19	18	17	15	15	15	16	16	17	15	17	17	17	16	16	15	16	14	14	14	14	13	14	15	14	14	12	12	13	14	10	14	15	12	13	18	22	14	11	11	11	12	0	0	0	0	0	0	0	0	7	0	0	7	14	11	22	0	14	18	17	14	13	12	12	12	11	12	11	13	11	11	
17	17	23	24	18	18	26	26	19	18	17	17	17	17	17	18	18	18	17	17	17	16	16	17	18	17	16	17	18	20	20	18	16	18	20	20	19	19	19	22	23	22	23	20	19	18	18	18	19	19	21	19	18	18	18	19	18	17	17	15	17	16	16	16	17	16	17	15	16	17	17	15	15	15	14	14	14	14	14	15	15	14	13	13	14	14	10	13	15	12	13	18	21	14	11	16	16	11	0	0	0	0	0	0	0	0	0	7	0	5	4	6	17	25	12	5	9	15	14	15	14	13	11	10	10	13	11	11	
14	14	20	23	22	27	27	21	11	17	17	18	17	17	18	17	18	18	17	18	16	17	17	18	17	17	16	16	17	19	19	17	15	18	21	23	17	16	20	24	22	23	22	20	19	19	18	19	21	19	20	19	19	18	17	18	17	17	17	17	17	18	16	17	18	14	15	14	16	17	18	15	15	15	14	14	14	14	15	16	15	13	12	12	14	15	11	14	16	12	13	19	22	5	11	11	11	12	0	0	0	0	0	0	0	0	0	0	0	0	0	5	11	22	12	185	29	18	0	11	14	14	14	13	13	13	11	10	
22	22	22	21	22	29	27	20	16	17	18	18	18	18	17	18	18	19	17	18	16	18	18	19	19	17	16	15	17	18	17	15	15	19	22	24	15	14	22	25	22	22	22	20	21	20	20	21	20	20	19	19	18	17	18	17	15	17	17	17	18	19	17	17	18	13	13	14	15	16	17	15	14	14	15	14	14	13	15	14	14	13	13	12	13	14	12	15	17	13	14	19	21	17	11	11	16	12	0	0	0	0	0	0	0	0	0	0	0	185	29	17	0	4	0	10	6	9	14	22	10	13	15	16	17	13	12	10	
24	24	23	19	17	24	22	20	19	17	16	18	17	18	18	17	19	18	19	17	16	18	18	19	19	17	16	16	17	18	16	14	15	19	23	26	18	13	22	28	22	21	20	20	21	21	22	22	20	20	20	19	18	18	17	15	14	15	16	17	18	19	20	17	16	14	13	13	14	17	17	15	15	15	15	15	14	14	14	14	14	13	12	13	13	13	12	14	17	13	14	19	193	26	6	16	11	11	0	0	0	0	0	0	0	0	0	0	0	11	17	6	7	0	6	10	4	13	14	22	9	14	7	12	13	15	14	12	
22	22	24	17	18	20	17	20	18	16	14	15	19	19	17	17	20	19	14	15	18	19	17	18	19	19	17	17	17	17	15	15	16	20	22	18	25	20	18	25	21	20	19	19	20	20	21	22	20	21	20	18	18	18	17	15	15	15	17	17	16	17	17	14	15	14	14	13	14	13	13	15	15	15	14	14	14	14	14	13	13	12	13	14	12	12	12	13	13	16	19	16	13	0	19	11	11	6	0	6	6	11	0	0	0	0	0	0	0	11	14	11	7	29	14	6	5	19	25	7	6	10	5	12	31	7	11	14	
22	22	26	17	21	21	16	20	17	17	13	15	20	19	15	17	21	19	12	15	20	21	17	17	18	18	17	17	17	16	17	16	17	22	19	12	26	23	16	23	20	20	18	18	20	20	19	21	21	21	19	18	18	17	18	17	18	17	17	15	17	16	16	14	14	14	15	14	14	13	11	15	15	15	14	15	14	14	14	12	12	13	14	14	13	12	14	11	11	18	20	13	0	18	17	11	11	0	6	16	16	19	0	0	0	0	0	0	0	0	0	0	0	0	0	0	0	14	14	0	0	0	0	7	18	0	4	9	
23	23	28	19	22	20	17	21	19	17	13	15	20	19	15	17	21	20	14	17	20	19	17	19	19	17	17	18	17	16	16	16	19	22	19	15	26	22	15	23	21	19	19	19	20	20	20	18	20	19	18	18	17	15	14	15	15	14	16	15	17	16	17	14	15	15	16	15	14	14	12	16	14	15	15	14	14	13	13	12	12	13	14	14	13	12	13	11	11	18	21	13	0	22	17	11	11	0	0	11	11	14	6	6	6	6	12	11	6	0	0	0	0	0	0	0	0	12	16	0	0	0	0	0	6	7	0	214	
22	22	25	19	24	21	19	21	19	18	13	16	21	20	15	17	20	19	16	17	20	18	15	17	18	17	17	17	17	17	17	17	20	22	21	17	22	20	18	20	21	19	19	20	19	19	20	19	19	19	18	17	15	14	14	15	14	15	15	17	17	17	18	16	16	16	17	16	15	14	14	16	14	14	14	14	14	14	13	12	12	13	14	14	13	12	14	11	12	18	21	13	6	22	19	16	6	0	0	16	11	19	16	12	11	11	11	11	11	6	0	0	0	0	0	0	0	12	16	6	0	0	6	0	0	22	11	0	
20	20	20	21	25	22	21	20	20	19	15	17	22	20	15	16	19	17	13	16	18	15	13	16	17	17	17	17	17	16	17	17	21	21	22	22	20	18	18	17	18	20	22	22	21	19	19	19	19	19	18	18	16	13	13	14	14	13	15	16	17	17	18	16	16	16	18	16	15	14	14	15	15	14	14	14	14	13	13	12	12	13	14	14	13	12	14	13	14	19	22	11	7	16	19	11	11	0	0	11	16	17	11	11	11	11	11	11	11	11	11	6	11	6	6	6	12	0	0	12	12	5	0	5	5	6	0	10	
21	21	20	23	28	24	23	18	20	20	16	17	21	19	14	16	18	14	13	16	17	14	12	16	17	16	16	17	17	17	17	17	21	19	20	24	18	18	19	15	20	19	22	20	22	20	18	19	18	19	18	16	16	15	15	15	14	15	15	16	17	17	18	14	16	16	17	15	14	14	14	14	14	14	12	14	13	13	12	12	12	13	14	14	13	12	15	14	15	19	22	8	12	16	13	10	10	5	5	5	10	13	10	10	5	10	10	5	10	11	12	11	12	16	11	12	11	0	0	12	5	5	5	5	5	9	8	7	
22	22	19	24	28	22	23	11	21	21	17	18	21	20	14	15	17	14	14	17	18	14	13	17	18	17	17	17	17	17	18	18	22	17	22	23	15	19	24	16	18	19	22	21	20	20	17	18	20	20	19	17	17	17	17	16	16	17	15	15	15	16	15	14	14	15	16	14	14	13	13	14	14	13	13	13	13	12	13	12	12	13	14	14	12	12	16	14	15	19	22	8	12	20	16	5	5	0	5	5	9	12	10	5	5	10	5	10	5	5	12	12	11	11	11	16	12	0	0	5	5	9	9	9	12	9	4	11	
24	24	19	26	26	21	23	7	20	21	17	18	21	19	13	15	17	14	15	19	19	16	14	19	19	16	15	16	17	17	16	17	21	16	22	25	13	19	27	16	18	19	21	21	20	19	18	18	20	22	19	18	18	17	17	19	19	18	15	15	15	15	13	13	14	14	14	14	14	11	12	14	14	13	14	13	13	13	12	12	12	13	14	14	13	12	15	14	14	20	22	4	14	18	12	5	5	0	0	9	10	12	5	5	10	5	10	5	5	10	11	11	11	16	16	16	16	0	0	5	9	9	5	12	12	8	7	177	
21	21	22	18	22	23	21	29	17	16	19	17	16	19	22	17	12	17	19	20	18	17	17	19	17	16	17	17	18	19	17	16	22	22	20	22	22	22	20	16	18	20	18	19	19	19	19	19	19	19	19	19	17	16	15	14	15	14	15	13	13	15	13	15	16	16	15	16	14	14	14	17	15	14	12	11	11	12	13	14	14	14	14	15	14	14	13	15	16	19	19	14	11	12	12	16	13	0	10	10	11	11	0	0	0	0	6	6	0	5	10	10	10	5	10	5	5	11	12	12	12	0	0	0	6	5	0	0	
22	22	22	18	20	22	20	29	17	17	19	17	15	20	23	17	12	16	19	19	17	15	17	18	17	16	17	18	17	17	17	17	22	22	22	22	21	22	19	17	18	19	18	18	19	19	18	18	19	19	19	18	17	17	17	17	16	15	15	13	13	15	13	16	16	16	16	16	14	14	14	15	13	13	11	9	12	13	13	14	14	14	14	15	14	15	14	14	16	19	18	16	18	13	13	12	12	11	9	5	16	6	0	0	0	0	0	0	0	5	10	9	5	5	5	10	5	11	12	11	11	0	0	0	0	0	0	0	
22	22	23	17	20	22	18	25	15	17	20	19	15	19	22	18	13	18	19	18	16	14	15	16	18	17	15	16	16	16	18	19	22	22	20	18	22	22	19	18	19	18	18	18	19	18	19	18	18	20	19	19	18	17	17	16	15	15	15	13	14	16	14	16	15	15	15	15	14	14	14	13	11	9	11	11	12	13	12	14	14	14	14	14	14	14	13	15	16	19	18	17	9	13	13	12	12	11	12	5	16	6	0	0	0	0	0	0	0	0	5	10	9	5	10	5	10	11	12	11	16	0	0	0	0	0	0	0	
21	21	24	14	19	20	15	20	15	18	21	19	17	19	21	19	15	17	18	19	15	14	15	16	18	18	15	14	15	16	19	20	23	21	19	19	22	23	19	17	19	19	19	19	18	18	18	18	17	17	17	18	18	17	17	17	17	17	15	16	16	16	15	14	14	14	14	14	13	13	13	10	9	8	9	10	10	13	13	12	13	13	14	14	13	14	14	15	17	18	19	0	9	5	13	12	12	11	12	12	16	6	0	0	0	0	0	0	0	5	9	5	5	9	5	5	5	10	10	10	10	5	5	5	5	0	0	0	
22	22	25	12	19	20	16	19	13	18	21	20	16	16	20	21	18	17	18	19	16	15	16	16	18	17	15	14	15	17	18	21	22	21	17	19	21	22	19	17	18	19	19	18	19	18	19	18	18	18	16	18	18	17	17	15	15	15	15	16	15	15	15	14	14	14	14	14	13	13	12	11	10	11	10	10	11	12	13	13	13	13	14	14	13	14	14	15	17	18	19	0	9	12	10	12	12	15	16	12	6	0	0	0	0	0	0	0	0	6	9	9	9	5	9	5	5	10	9	9	10	0	5	5	5	0	5	5	
20	20	25	13	18	19	15	19	13	16	22	21	16	15	19	20	17	17	18	18	16	16	17	17	18	17	16	15	16	16	19	20	21	20	19	19	22	23	20	19	18	19	19	19	18	19	19	18	18	17	18	18	19	17	18	18	17	17	17	17	16	15	15	14	13	13	13	13	11	13	13	12	13	11	9	10	12	12	11	12	13	13	13	13	14	12	14	15	16	17	15	0	0	11	9	12	14	15	20	12	6	0	0	0	0	0	0	0	0	5	5	5	9	9	9	5	9	9	9	5	5	0	5	5	5	5	5	5	
22	22	27	14	18	19	15	19	12	15	21	21	13	13	18	20	18	18	18	18	17	16	18	18	17	15	17	17	18	19	18	19	23	19	18	18	22	23	20	18	19	19	19	19	19	19	19	17	15	17	18	18	18	18	19	18	17	17	18	18	17	15	15	13	13	13	13	13	13	12	13	16	14	14	12	11	12	13	13	13	13	13	14	13	12	14	14	16	18	17	19	0	0	11	9	9	17	15	18	13	6	0	0	0	0	0	0	0	0	0	5	9	5	5	10	5	5	5	9	5	5	0	0	5	5	5	5	5	
22	22	27	16	18	18	15	18	12	15	20	20	14	12	16	18	17	17	18	19	18	18	18	20	16	14	16	19	19	18	19	19	20	19	18	19	21	22	20	18	19	19	18	18	19	18	18	18	17	17	17	18	19	17	18	17	17	16	18	16	18	16	16	14	14	14	14	14	12	13	12	17	15	14	12	11	12	13	12	13	14	13	13	13	13	13	14	16	18	17	17	17	11	9	9	9	17	15	18	13	11	0	0	0	0	0	0	0	0	5	5	5	5	10	9	9	9	5	9	5	5	0	5	5	5	0	0	5	
23	23	22	20	17	16	16	16	16	16	16	16	17	17	16	16	16	17	18	19	20	19	19	19	21	17	17	22	17	14	19	26	22	21	19	21	20	22	21	20	21	20	20	19	19	18	16	18	21	19	17	16	17	16	15	16	17	18	18	18	18	17	16	12	13	15	16	17	14	13	12	11	14	14	14	14	13	11	13	15	15	14	12	13	14	15	10	18	24	14	7	5	0	23	9	5	9	12	12	12	14	14	10	9	5	9	9	9	9	5	5	5	5	9	10	9	10	13	10	10	9	9	0	0	5	5	5	5	
23	23	22	19	18	17	16	15	16	16	16	17	16	17	16	16	16	17	17	17	18	17	17	17	17	15	18	20	15	15	20	22	21	22	19	22	22	21	19	19	21	19	20	19	19	18	18	18	19	18	17	17	17	15	16	15	17	17	18	18	18	16	14	12	11	14	15	15	14	13	12	12	14	15	15	15	14	12	13	16	15	13	13	13	14	14	11	20	23	12	4	5	0	22	5	5	5	12	12	12	12	12	5	10	5	9	9	9	9	5	9	9	5	5	5	5	5	5	9	9	10	9	9	5	0	9	9	5	
21	21	20	19	18	17	16	16	16	16	16	17	17	16	16	16	15	16	16	16	17	17	16	15	15	15	18	18	11	16	21	18	20	21	20	22	21	19	19	18	20	19	19	19	19	19	19	18	17	17	17	18	17	17	18	16	16	17	18	18	18	15	14	12	12	13	14	13	11	11	12	14	14	15	16	15	14	12	13	15	14	12	13	13	13	14	12	20	23	11	9	9	11	12	10	5	5	5	13	13	16	13	5	10	10	10	5	5	5	10	5	5	5	5	10	10	10	5	9	9	10	5	10	10	0	10	9	9	
21	21	20	19	17	16	16	16	15	16	17	17	17	17	17	16	16	17	18	17	17	17	17	16	17	16	20	17	13	19	23	17	22	23	22	21	19	19	18	18	18	19	18	19	20	19	19	18	17	17	17	17	18	18	18	18	16	17	17	16	15	16	13	11	12	11	11	13	13	12	12	13	14	16	16	14	14	13	14	15	13	12	12	12	13	14	13	21	24	7	10	13	10	0	12	16	11	16	11	11	11	12	11	11	12	12	11	6	11	5	5	5	9	9	10	5	9	5	5	9	5	10	5	5	5	5	9	9	
19	19	20	19	18	17	16	15	16	16	16	16	18	18	17	16	17	19	19	18	18	18	18	18	19	19	19	18	15	20	24	18	22	23	22	22	19	18	18	18	18	19	20	18	20	20	19	19	17	17	17	17	17	19	18	18	18	17	17	17	14	14	12	11	12	10	13	11	13	12	12	14	14	16	16	14	15	13	14	15	14	12	12	12	13	13	14	21	21	0	6	19	11	0	11	11	11	11	11	11	11	11	0	0	0	0	0	0	0	0	10	5	5	5	9	5	5	5	5	5	5	5	10	10	5	10	10	10	
19	19	19	18	18	16	16	15	16	15	16	15	17	17	17	17	17	19	19	17	17	17	18	19	21	18	17	19	18	20	23	18	21	22	21	22	19	19	20	19	21	20	20	20	19	19	19	19	19	20	18	17	18	18	18	17	18	16	17	16	14	12	12	14	14	13	13	11	14	14	13	13	14	15	15	14	14	12	12	14	13	12	12	12	12	13	13	20	21	22	9	23	5	0	12	11	11	16	12	6	6	6	0	0	0	0	0	0	0	6	10	5	5	5	5	9	9	0	5	5	5	5	5	10	10	5	5	5	
19	19	19	18	18	16	16	15	15	15	16	16	17	17	17	17	17	18	17	16	16	16	17	17	20	15	12	19	18	18	20	17	19	19	21	20	21	19	21	22	21	20	21	18	18	18	18	19	20	20	18	17	17	17	16	17	17	18	15	16	15	12	10	15	14	12	14	13	14	14	15	12	14	14	14	14	13	11	12	14	13	12	11	11	12	12	13	20	20	27	9	26	10	5	11	16	12	12	6	0	0	0	0	0	0	0	0	0	0	5	5	5	10	5	5	5	5	0	5	0	5	5	5	9	9	5	5	5	
