218	218	218	218	218	217	218	213	204	176	141	124	118	111	107	104	104	110	117	120	120	120	117	110	104	98	96	95	91	87	86	84	102	121	143	163	182	198	206	209	209	200	190	184	183	182	178	178	181	171	146	112	82	70	71	69	70	82	103	125	143	155	164	172	176	175	179	182	179	169	145	104	70	54	53	56	58	58	59	60	58	56	54	53	56	60	63	68	71	70	68	65	61	58	57	57	58	59	62	62	62	61	58	61	58	57	57	64	85	114	141	146	130	111	94	80	77	89	104	114	115	125	156	184	184	183	184	185	
218	218	218	219	218	215	216	213	203	174	137	122	117	111	108	107	108	114	119	120	119	119	117	111	104	97	94	92	89	85	82	79	78	79	85	97	118	145	171	185	195	190	185	182	182	182	181	179	176	161	126	85	60	53	51	54	55	57	63	72	85	106	125	141	155	166	172	176	175	160	128	81	60	56	58	60	64	64	63	63	61	58	57	56	58	61	64	68	72	75	74	69	63	62	58	57	56	58	60	61	61	62	59	56	54	56	60	74	103	138	161	167	164	154	144	136	130	124	122	116	111	116	138	171	185	185	183	182	
218	218	218	219	219	215	217	212	198	159	123	112	108	107	110	111	114	117	121	120	116	116	116	112	101	95	93	93	94	90	87	87	73	71	75	80	83	94	108	119	134	142	155	167	177	180	181	178	166	138	97	67	56	57	55	55	56	59	60	61	62	67	72	87	105	126	145	158	163	147	112	72	59	59	61	65	69	68	66	64	63	61	60	58	58	58	61	63	66	70	72	68	63	62	57	57	55	56	58	59	60	58	56	56	55	58	66	91	127	159	171	171	172	173	176	177	172	161	155	139	128	126	125	147	179	185	183	182	
220	220	218	219	220	217	219	211	191	143	115	107	104	103	107	108	113	118	121	120	117	115	115	113	105	100	97	94	92	87	85	88	84	79	78	79	80	83	82	74	73	84	101	122	142	158	170	172	154	116	78	59	56	58	59	62	63	61	61	63	64	63	61	60	64	74	98	123	144	141	115	89	73	67	65	66	68	67	65	63	61	59	59	59	58	58	57	58	59	62	65	65	62	59	55	55	57	57	58	58	57	54	51	55	59	63	80	114	150	167	169	172	171	173	177	181	183	180	179	169	161	151	138	147	170	182	183	183	
220	220	219	220	222	220	220	210	185	134	112	109	108	108	110	110	113	117	120	119	117	116	116	114	112	111	108	101	94	85	79	80	86	86	88	87	87	87	80	66	62	61	64	73	90	112	137	152	140	107	79	66	62	61	63	67	68	67	66	66	66	64	61	59	58	62	74	95	127	151	151	134	114	97	85	77	70	62	60	60	57	56	55	56	58	60	59	58	57	57	59	61	61	59	52	55	56	57	58	58	56	53	52	55	59	72	101	138	164	168	166	167	166	172	181	184	182	184	186	184	183	172	163	166	168	179	180	184	
213	213	216	218	223	222	221	207	175	130	117	115	116	114	116	117	116	118	118	116	116	117	116	112	113	114	115	112	105	97	91	89	89	89	91	95	99	97	84	72	66	64	63	58	59	73	103	139	154	142	123	102	83	70	65	66	67	67	67	66	64	63	64	59	59	60	74	107	146	170	177	171	164	151	134	116	99	85	73	64	61	57	55	55	59	63	66	64	59	57	56	56	58	62	56	56	56	57	56	57	57	57	57	63	70	96	135	158	167	170	171	172	173	176	181	184	184	184	186	186	186	183	177	173	172	167	168	181	
188	188	196	204	216	219	219	201	166	123	117	117	120	120	121	123	124	126	127	125	123	121	116	112	113	116	119	119	115	107	100	96	90	89	90	93	94	89	77	68	63	61	61	57	59	78	115	154	175	177	169	151	128	106	90	78	72	69	67	64	62	60	60	56	57	62	85	126	165	180	179	180	181	179	173	161	144	128	113	96	80	69	65	62	60	61	62	60	57	57	58	60	60	62	63	62	61	59	57	56	55	55	58	66	82	113	149	170	175	178	182	182	182	183	184	185	184	185	186	186	186	186	185	178	170	145	142	162	
144	144	154	171	190	203	210	196	164	124	121	120	124	127	129	129	132	136	134	131	128	124	117	110	110	112	116	116	114	109	102	96	86	82	82	84	81	75	66	61	60	57	56	56	61	86	132	170	184	186	185	181	174	159	140	121	106	90	77	69	65	61	59	60	60	72	107	150	178	182	178	180	181	181	182	180	175	168	159	145	128	112	97	80	70	70	65	61	57	55	57	59	62	64	72	70	65	61	58	55	53	53	58	71	98	131	159	175	180	183	185	187	187	186	186	185	184	186	186	187	186	185	186	180	163	127	114	131	
120	120	119	126	147	168	188	192	173	149	142	133	130	133	132	129	131	133	128	124	122	118	110	103	101	102	104	104	103	101	98	94	86	82	81	81	76	66	60	59	57	53	52	54	64	97	147	179	184	186	187	186	184	181	177	167	154	136	116	97	82	72	68	74	74	94	134	169	182	180	176	178	179	180	181	181	181	179	177	173	167	160	145	123	104	96	81	73	67	62	58	58	60	62	65	66	64	61	58	56	56	57	61	82	122	156	170	174	178	180	182	184	186	187	186	186	185	186	186	188	187	182	183	173	150	117	104	113	
119	119	112	111	121	136	164	195	200	192	180	163	149	140	134	128	125	122	119	117	115	110	105	102	99	97	96	94	91	92	93	93	85	82	82	82	75	63	57	56	54	51	50	56	72	110	158	182	182	184	187	187	185	184	185	184	182	176	163	144	124	112	108	116	117	128	151	171	179	179	177	176	178	178	178	178	180	181	181	180	178	177	172	162	150	140	124	113	100	85	72	65	62	62	61	63	64	64	61	61	59	60	66	95	143	177	182	179	179	181	182	183	186	187	187	186	186	187	186	188	188	185	181	162	133	110	107	111	
120	120	113	108	114	128	163	204	217	215	209	201	187	171	157	144	133	124	120	117	113	106	102	103	102	100	97	90	86	87	89	89	85	83	83	81	74	64	59	58	55	54	53	63	87	128	167	182	183	183	185	187	187	186	185	185	186	186	184	176	165	155	150	154	154	154	158	167	176	179	177	176	177	177	177	178	180	182	180	178	179	179	179	178	175	171	163	157	147	131	113	97	84	76	69	68	67	66	65	64	61	61	73	106	152	181	187	186	187	188	186	185	187	188	188	186	187	187	186	186	187	185	175	150	120	108	107	110	
117	117	114	112	116	130	169	211	221	218	216	218	215	206	197	184	169	155	140	128	118	108	101	99	101	103	100	93	88	88	89	90	90	88	84	78	68	62	59	59	57	58	59	73	103	145	175	182	186	187	186	185	185	186	185	185	185	184	185	184	180	176	173	169	162	150	144	151	164	173	176	178	179	179	179	180	180	180	178	178	179	180	181	180	178	176	176	175	173	166	157	145	130	119	102	92	81	73	69	66	62	61	81	119	159	178	182	186	190	191	189	187	187	188	188	187	187	186	186	187	185	178	162	136	115	109	109	109	
128	128	118	110	115	141	184	215	218	219	218	219	220	219	218	215	207	196	180	162	144	129	115	104	102	101	98	91	87	89	92	93	97	97	89	76	65	58	56	56	57	57	62	78	110	151	178	184	187	188	187	186	187	187	186	185	185	185	186	187	185	184	184	177	159	122	103	107	120	139	152	166	171	175	177	179	181	182	181	180	179	179	179	179	179	178	178	177	176	177	176	172	167	163	149	140	123	106	93	83	74	71	92	132	165	178	183	187	188	189	189	187	186	188	189	188	186	185	186	187	185	172	148	123	110	109	111	110	
144	144	131	115	116	151	198	218	215	220	220	220	221	221	220	219	218	215	212	202	189	174	154	133	118	108	99	89	85	86	89	90	96	97	91	78	68	62	58	55	56	54	61	79	112	153	179	186	187	188	188	188	188	187	187	186	186	186	187	187	186	185	185	180	156	99	72	72	76	92	103	119	132	147	159	168	176	180	181	180	180	180	180	180	179	180	179	177	177	178	179	177	176	176	173	172	163	153	139	125	113	101	113	143	168	179	187	189	187	188	189	188	186	187	189	188	185	186	186	186	182	165	136	114	106	110	111	112	
162	162	152	137	136	165	203	221	220	221	221	220	219	219	219	220	220	218	218	217	215	209	194	175	157	143	124	105	93	88	86	85	87	89	85	75	70	68	65	62	59	56	61	81	119	162	185	187	187	187	188	188	187	187	186	187	187	187	187	187	187	186	185	180	150	93	66	65	66	70	70	73	82	97	113	129	145	157	168	176	179	181	180	178	178	180	179	179	179	179	178	177	176	175	178	179	175	174	171	164	154	140	133	141	157	170	183	190	190	189	188	188	188	189	190	189	187	190	190	187	175	150	123	110	110	111	111	112	
172	172	167	164	175	189	202	216	224	220	222	221	220	219	220	221	220	218	219	219	220	220	215	205	197	187	170	151	134	119	104	92	87	83	78	73	71	71	69	65	63	59	61	79	119	164	186	187	186	187	187	188	188	187	187	187	187	187	187	187	187	186	185	177	144	89	63	62	63	65	63	61	62	67	74	83	95	108	126	146	159	165	166	171	177	179	179	180	181	178	177	178	178	177	177	179	177	179	178	176	172	160	134	118	125	146	165	178	183	185	186	187	188	189	190	190	189	190	192	183	161	133	113	110	112	111	111	112	
168	168	168	174	184	195	203	210	214	218	219	219	219	220	221	221	219	217	220	221	220	221	220	218	215	212	209	203	192	175	151	131	110	90	74	69	69	70	68	65	66	62	62	77	115	160	182	185	187	188	188	188	188	188	188	186	186	186	186	186	186	186	185	176	137	83	57	58	62	62	60	64	63	65	66	65	65	70	78	95	111	120	128	144	162	171	177	180	181	178	176	177	179	178	173	178	180	183	180	178	173	156	115	91	100	122	135	146	156	166	174	178	183	185	187	187	186	187	187	174	143	118	110	113	113	112	112	113	
171	171	172	171	174	187	201	207	203	211	216	219	218	217	219	221	220	218	219	218	218	219	220	220	219	219	219	220	218	212	199	187	158	127	102	88	77	71	70	67	66	62	62	77	113	159	183	187	188	189	189	189	189	189	188	186	186	187	185	185	186	185	183	173	134	84	60	58	61	61	60	66	66	68	67	64	62	62	61	63	71	77	85	101	121	138	149	157	165	171	174	177	178	179	177	180	179	181	179	176	168	143	93	76	93	115	120	121	128	137	143	151	159	165	170	174	177	180	181	165	134	113	113	116	113	115	115	114	
172	172	170	169	171	177	180	178	175	182	195	208	213	215	217	218	218	219	219	219	219	221	221	218	218	218	218	218	218	219	216	213	196	176	159	143	120	102	90	79	75	67	64	76	113	159	183	187	189	189	189	189	189	189	188	187	188	188	186	185	186	185	182	166	131	90	66	59	58	58	59	63	66	68	67	65	62	60	59	60	62	66	69	71	77	87	95	105	121	137	151	162	170	175	174	179	179	179	176	171	157	127	81	75	96	118	122	119	118	122	126	127	128	132	139	150	160	170	173	163	141	125	123	122	117	119	119	116	
165	165	162	163	168	168	164	160	157	144	152	164	179	196	208	213	214	218	220	220	219	219	218	217	217	217	217	215	215	216	213	212	205	194	189	185	175	163	146	123	104	88	76	84	118	162	185	188	189	189	189	189	189	189	188	188	190	190	187	185	185	184	182	160	123	87	66	61	62	61	59	61	64	64	62	62	63	63	64	65	64	66	65	62	60	62	63	66	75	87	102	117	136	151	162	172	174	171	167	161	146	116	79	82	103	119	122	121	120	120	120	119	119	120	124	133	143	162	172	172	165	154	146	140	136	127	125	120	
164	164	162	161	164	164	161	161	161	155	142	130	128	138	157	178	198	215	213	213	215	219	220	217	215	216	216	215	215	214	209	206	203	197	191	191	193	191	184	173	162	149	127	118	133	167	186	189	189	189	188	188	188	188	187	188	188	188	188	188	186	186	184	164	127	84	64	61	63	65	64	66	65	62	60	59	60	61	62	63	64	65	64	62	59	59	58	58	60	63	66	73	82	90	113	127	144	153	156	159	148	127	103	104	111	117	117	116	117	118	119	120	119	120	123	125	132	154	172	181	180	179	178	175	172	161	155	144	
165	165	164	162	162	161	159	160	162	164	157	146	132	120	119	129	141	156	175	195	207	213	216	216	215	216	218	217	219	217	208	201	195	194	191	191	193	195	194	191	188	185	176	168	162	168	175	180	186	190	192	191	190	189	187	186	185	187	189	191	189	186	180	160	113	73	63	62	62	64	65	68	67	64	63	62	63	64	64	64	65	65	64	62	60	58	59	60	61	62	60	62	64	66	75	80	93	109	130	152	156	147	137	130	124	122	120	118	119	119	119	120	119	118	121	125	134	161	179	185	184	185	188	189	189	184	181	177	
167	167	165	163	162	161	158	160	161	164	165	165	154	138	124	117	113	115	127	141	155	172	191	208	214	219	222	220	216	211	203	196	193	192	192	191	190	193	194	194	193	193	192	190	173	151	136	144	162	174	182	186	189	191	190	188	188	191	191	190	187	184	181	156	100	66	61	62	63	65	69	68	66	64	63	63	65	67	68	68	68	67	66	63	60	59	61	63	65	65	64	62	62	61	64	63	65	77	102	136	160	168	166	155	141	133	128	125	123	119	117	118	118	120	124	131	147	173	186	189	187	187	186	186	187	188	188	188	
167	167	166	165	164	162	162	162	161	164	163	162	164	162	153	140	126	115	113	108	107	118	141	164	173	184	200	212	215	209	201	197	193	194	195	195	195	196	194	192	193	192	187	186	171	137	100	93	103	120	140	159	174	183	186	189	189	186	185	187	189	186	180	147	93	67	60	57	64	65	67	67	65	61	61	61	64	67	70	71	71	70	67	65	63	61	60	61	65	67	67	66	63	62	61	63	64	70	95	135	167	181	182	176	168	160	156	151	144	134	126	123	120	121	127	139	162	182	189	191	191	191	188	186	189	190	188	188	
166	166	166	167	166	166	164	164	162	164	163	163	168	172	168	158	145	131	124	113	104	102	105	109	115	126	143	166	185	190	190	192	197	197	198	195	194	193	192	189	190	193	191	188	171	129	84	72	73	75	83	98	117	139	158	173	181	184	185	183	183	183	181	139	85	67	63	62	70	66	66	68	66	62	61	61	63	66	68	70	71	70	67	65	64	62	59	59	63	66	66	66	63	62	60	62	61	72	108	152	176	182	186	190	191	188	183	179	174	168	159	150	141	137	141	153	176	191	194	192	192	192	189	188	190	189	189	189	
169	169	170	171	170	169	168	167	165	166	169	171	170	168	166	166	165	153	137	119	110	107	104	98	99	102	106	114	122	127	135	147	168	179	190	194	194	193	192	191	189	190	192	189	171	127	80	67	66	67	71	74	77	87	99	117	134	149	158	164	169	176	181	139	87	63	64	67	71	69	69	67	66	64	63	62	62	63	66	70	70	68	65	64	63	62	61	62	65	65	65	64	61	59	61	63	64	82	126	166	180	180	182	190	194	192	190	189	190	191	188	182	177	172	167	163	171	181	185	189	192	195	192	188	189	186	188	189	
173	173	174	174	172	171	172	171	171	171	172	173	170	165	163	166	168	166	158	141	123	110	106	108	104	104	104	96	82	71	72	82	100	119	146	168	181	188	190	191	194	191	192	190	174	132	85	70	67	69	71	72	71	71	76	74	75	82	96	120	148	165	171	151	111	83	76	75	72	71	70	67	66	63	62	61	62	63	67	71	70	66	62	61	62	62	61	63	66	67	67	65	60	59	56	62	73	100	142	172	184	186	187	190	192	192	192	193	195	194	192	194	193	189	174	153	144	149	156	162	170	179	183	184	188	189	190	190	
171	171	174	172	170	171	172	174	173	174	167	167	173	178	177	172	171	173	172	163	143	122	107	99	102	109	106	91	73	61	59	64	61	67	80	97	123	149	171	180	182	185	189	184	167	130	84	69	69	69	71	74	77	76	72	66	65	66	68	83	112	144	164	168	151	124	109	97	87	81	73	71	68	63	60	60	63	66	70	74	72	66	61	60	62	62	60	62	65	67	68	66	62	58	60	69	87	120	160	180	186	189	194	194	193	194	194	193	192	193	194	194	192	186	169	141	123	124	128	130	132	140	148	156	165	174	179	184	
172	172	174	175	176	175	173	174	174	174	175	175	174	172	172	174	176	175	168	165	160	148	128	105	103	112	109	89	69	61	64	71	63	63	65	67	69	76	91	108	142	160	172	178	173	144	107	83	70	67	67	69	73	78	79	71	71	71	69	66	70	103	145	169	174	174	168	161	145	127	114	96	87	79	71	63	60	61	65	72	71	65	64	65	65	67	70	70	67	65	63	59	58	58	59	75	101	136	166	180	187	195	196	195	195	194	194	194	193	195	194	191	191	179	152	130	123	123	123	122	121	118	119	122	125	133	144	155	
177	177	177	176	177	178	179	179	180	178	178	177	177	175	173	172	172	172	167	166	165	161	150	136	120	114	104	85	76	72	68	64	67	68	68	68	66	65	67	74	81	97	118	143	165	164	144	117	92	80	73	71	70	72	73	74	74	73	70	70	73	94	130	169	178	183	185	185	182	176	170	152	136	118	103	91	85	82	77	74	71	67	65	62	63	67	70	69	68	67	66	62	61	61	64	81	112	149	171	179	188	197	195	194	194	194	195	195	194	194	192	191	186	167	139	123	120	120	121	122	123	122	120	120	120	119	123	126	
176	176	174	172	171	174	177	178	178	177	175	175	175	174	172	169	169	170	167	167	168	168	164	156	139	125	107	87	80	79	74	66	68	70	71	74	74	69	67	67	63	66	75	98	134	165	173	158	134	108	87	76	71	72	75	78	77	75	69	67	71	92	137	176	187	190	189	189	188	186	186	188	181	173	164	154	142	130	111	92	85	79	72	65	65	69	67	65	64	66	66	65	64	64	64	82	124	167	182	183	189	195	193	193	194	194	195	195	194	194	193	190	179	154	131	122	119	119	120	122	124	124	122	120	118	115	115	116	
171	171	170	169	167	169	171	173	174	175	174	172	171	171	171	172	170	167	165	165	165	165	163	158	150	138	117	94	80	75	73	72	69	69	71	74	74	71	67	66	65	62	65	81	118	164	186	184	172	155	138	123	109	97	89	82	75	73	69	68	71	91	142	178	188	191	189	189	188	188	189	192	190	190	188	186	183	176	160	142	133	124	109	91	81	73	70	69	67	67	67	66	65	65	67	90	137	176	185	184	188	192	194	193	194	194	194	194	193	194	193	185	168	143	128	125	119	120	121	121	123	123	123	122	121	118	116	116	
171	171	171	171	169	170	170	171	172	173	174	174	173	173	173	174	173	168	166	165	164	163	162	159	156	143	125	108	93	79	74	73	69	69	71	72	72	68	66	65	67	62	64	79	117	165	190	191	189	186	183	175	164	152	139	123	106	95	85	81	84	101	146	182	190	191	189	188	189	187	187	188	187	187	186	187	190	188	185	182	179	174	160	143	127	111	97	89	82	74	70	65	63	64	76	108	155	181	182	180	185	189	193	193	193	194	194	194	194	193	191	180	158	135	125	124	121	121	122	121	122	123	123	122	122	122	119	116	
171	171	171	173	171	170	169	170	171	171	172	174	174	174	173	173	174	172	170	170	168	167	166	163	154	141	130	123	113	97	83	75	70	71	73	75	74	70	66	65	70	62	62	78	118	166	188	190	190	192	194	193	192	191	186	179	165	151	137	126	122	132	160	179	186	188	187	190	191	190	190	187	186	188	188	186	187	186	186	188	189	188	185	181	174	164	150	138	124	109	95	83	74	71	93	130	170	185	181	179	185	190	192	192	193	194	195	195	194	193	189	176	151	130	122	121	122	121	121	121	123	123	122	122	122	126	125	123	
170	170	170	171	171	170	171	169	169	167	167	168	170	172	173	173	171	166	167	169	168	166	163	158	147	135	129	128	124	115	101	87	72	71	73	74	74	70	66	62	64	58	59	79	121	166	187	190	192	192	194	194	193	194	192	195	194	190	184	174	166	161	156	168	177	183	185	189	189	187	188	190	187	187	187	186	186	187	187	186	186	185	186	188	186	186	187	182	172	160	147	132	116	109	126	152	173	177	176	179	188	194	192	193	194	195	195	195	194	193	188	169	141	126	122	120	122	121	121	122	123	123	122	123	124	125	128	128	
171	171	170	169	170	172	173	170	170	167	166	168	173	177	180	180	169	150	154	163	162	159	155	150	140	132	128	127	126	124	117	105	81	76	72	73	75	75	69	64	62	58	61	82	122	166	190	195	194	192	192	192	191	191	192	193	192	191	192	189	185	172	142	123	131	144	157	169	178	182	186	188	187	188	190	189	188	187	186	184	184	185	187	187	185	187	187	187	186	186	182	175	164	155	158	165	165	161	162	171	187	195	192	193	194	195	195	194	194	194	186	160	132	123	124	122	122	124	124	123	123	123	123	124	126	125	128	128	
171	171	167	167	170	176	179	177	182	182	184	192	200	203	203	202	184	144	136	152	153	151	148	144	136	131	130	129	128	128	126	123	108	95	81	75	75	75	69	63	62	62	71	92	126	166	191	196	194	194	194	194	194	193	193	194	192	192	193	191	186	172	126	83	81	89	103	118	131	146	158	169	175	178	182	187	187	186	187	186	185	187	188	188	188	185	185	185	184	184	185	183	177	169	163	153	142	134	128	138	163	176	182	185	189	193	193	193	195	194	183	154	130	127	128	128	127	128	126	125	124	123	124	125	122	125	125	125	
172	172	175	181	186	193	199	203	211	219	218	221	222	219	216	217	209	177	135	122	130	135	139	135	130	128	128	127	124	123	121	121	116	110	100	88	78	71	65	62	62	62	70	91	125	164	186	191	194	194	195	195	194	194	194	193	192	193	192	191	187	171	121	81	78	80	80	78	80	90	101	116	127	142	157	170	175	178	181	183	185	186	185	187	189	187	184	184	184	184	186	186	182	177	162	136	101	87	85	92	120	146	156	160	167	173	177	181	184	186	178	155	134	129	130	131	128	129	126	124	122	119	120	120	119	124	124	123	
202	202	207	216	220	223	226	226	229	230	220	219	225	229	227	220	215	216	186	125	100	101	114	121	119	120	120	122	123	121	118	115	116	116	114	105	92	79	69	65	63	63	70	89	125	165	186	190	193	193	194	194	193	193	193	193	192	193	192	191	186	166	114	76	73	74	76	75	72	70	72	75	82	92	108	122	132	141	151	161	169	175	178	183	187	187	185	185	185	185	186	186	186	183	167	129	78	62	68	78	104	127	131	132	135	139	146	154	164	170	170	157	142	135	135	135	133	132	129	126	122	120	119	118	116	123	123	123	
223	223	222	224	223	225	231	232	232	228	221	219	222	227	227	220	216	222	214	176	121	87	86	98	108	112	114	117	119	118	117	115	115	115	115	113	107	97	82	72	67	63	67	85	123	167	189	192	192	192	193	193	192	191	191	191	191	192	192	192	185	163	113	76	70	68	71	73	75	74	74	72	71	71	75	80	83	91	102	113	126	141	152	160	168	173	181	184	185	185	185	185	187	186	170	129	80	64	69	84	107	122	125	126	127	128	129	131	135	145	157	166	168	165	161	155	149	145	139	133	127	123	121	121	120	122	122	122	
227	227	226	228	227	224	228	230	231	227	225	224	225	228	229	223	215	217	217	208	165	101	75	79	91	99	105	110	112	114	115	118	118	113	109	110	114	111	98	88	76	68	64	79	119	166	191	193	192	192	192	192	191	190	190	191	190	189	191	193	182	159	114	74	68	66	66	67	71	76	79	75	73	70	71	70	69	72	76	78	82	91	100	108	121	133	149	159	168	176	181	182	183	183	169	124	81	68	70	86	113	123	124	124	125	126	125	125	127	134	151	175	190	190	187	183	180	174	165	157	149	141	136	133	129	125	124	124	
222	222	221	229	232	225	227	232	234	228	227	230	231	229	227	223	217	214	212	210	180	118	82	78	77	81	90	98	103	107	110	113	116	111	105	107	113	115	110	105	93	79	69	78	118	166	191	193	193	193	192	192	191	191	190	191	191	189	189	190	179	156	113	80	74	68	67	68	71	75	77	77	76	73	72	70	68	69	72	71	69	69	69	71	78	85	96	106	119	133	146	155	166	173	164	125	86	73	73	86	111	124	128	127	126	125	124	124	125	132	149	176	196	196	195	196	197	193	188	184	180	174	168	161	154	141	139	136	
221	221	216	224	227	220	221	228	231	229	227	229	230	226	223	224	224	216	208	202	171	117	89	85	80	76	77	81	91	100	105	106	109	109	110	111	111	112	111	110	107	91	76	83	120	167	190	192	192	192	192	192	191	191	191	190	191	190	188	190	181	159	117	87	79	71	67	67	71	71	72	70	73	71	70	71	71	72	72	69	68	68	66	66	68	70	69	72	79	88	97	107	122	133	147	140	119	103	95	98	116	129	133	131	129	127	125	125	126	131	145	172	194	195	194	195	197	197	194	194	194	192	190	187	181	175	171	165	
224	224	218	225	224	216	219	224	229	228	226	227	233	233	228	225	223	221	212	197	162	113	93	89	88	84	76	71	75	87	98	104	102	106	111	112	110	110	109	108	107	101	93	100	131	168	185	187	190	192	193	194	193	191	191	191	191	187	187	190	185	167	122	81	75	69	67	70	73	71	71	67	69	70	72	75	75	75	74	71	70	69	68	69	72	74	73	73	75	76	77	78	84	91	126	156	162	152	143	141	146	150	146	140	135	130	127	126	128	132	144	170	190	194	194	194	196	197	196	196	196	195	195	195	194	194	191	189	
224	224	220	230	230	223	225	225	229	231	226	221	227	233	230	227	224	223	213	195	160	112	94	93	93	90	84	76	71	75	85	93	101	103	104	104	105	109	110	110	108	108	107	113	132	156	174	180	183	187	190	192	193	190	189	193	192	186	188	192	189	167	116	73	70	67	67	71	73	71	71	68	68	70	74	79	81	82	80	77	74	73	72	73	75	77	77	78	78	77	76	74	74	80	120	162	180	179	182	184	182	177	171	163	155	147	139	134	134	139	151	170	186	193	196	197	195	196	197	198	197	197	196	195	194	195	194	194	
226	226	221	228	232	229	228	228	230	230	223	217	225	231	231	230	226	223	217	195	153	108	94	95	95	94	92	87	81	75	77	81	95	97	100	103	104	106	108	111	111	110	110	111	115	127	148	162	166	169	174	182	188	187	186	193	196	190	190	194	192	167	115	74	70	71	71	72	74	75	75	71	71	73	76	80	84	87	87	82	79	76	73	72	72	74	74	75	76	75	73	71	73	80	123	164	182	184	191	196	195	192	192	188	183	176	167	160	157	162	171	178	186	191	197	199	197	195	194	194	194	195	195	195	195	195	194	194	
231	231	225	227	230	227	225	223	225	229	228	226	231	230	223	221	221	222	222	197	146	106	97	96	96	95	93	91	89	85	82	82	79	85	94	102	104	103	102	103	105	108	110	108	105	108	117	124	127	126	130	143	158	170	178	184	188	188	188	191	190	168	123	80	71	71	73	74	76	78	77	75	73	74	75	77	81	85	86	82	79	75	73	71	70	70	71	74	75	72	70	68	71	79	123	165	184	182	185	190	195	196	197	197	197	195	191	186	183	182	183	186	186	188	192	195	195	196	195	194	195	196	196	196	195	196	196	196	
234	234	229	227	230	230	226	224	224	229	233	233	234	228	217	214	216	221	220	193	140	103	97	98	96	94	91	90	91	91	88	85	75	77	84	89	94	98	98	96	99	104	104	103	103	105	106	106	106	99	91	92	101	117	134	144	154	166	176	184	189	175	142	89	73	70	75	78	80	80	78	77	74	73	72	72	74	77	79	78	76	74	72	70	68	68	70	73	74	71	68	67	72	82	128	167	183	182	186	192	197	198	197	197	199	200	199	197	195	193	190	181	169	163	167	174	182	187	188	192	197	199	199	196	196	196	196	195	
232	232	229	223	224	226	226	230	231	225	230	230	234	230	222	220	218	216	211	182	129	98	96	99	95	93	93	91	89	90	89	86	81	83	83	80	80	86	93	97	92	94	96	98	100	102	103	105	106	100	93	88	83	80	82	91	102	114	128	143	159	161	150	107	90	81	81	81	81	79	77	74	71	69	68	69	71	74	76	75	74	72	71	70	69	70	72	74	73	71	68	69	76	88	133	169	183	185	193	198	199	197	198	198	198	200	202	202	201	199	194	175	154	144	145	146	149	156	161	167	175	181	186	190	196	193	194	198	
229	229	230	223	223	224	223	224	225	229	232	229	231	231	226	223	219	215	207	173	118	94	96	96	93	93	94	93	91	90	89	88	85	86	86	84	77	74	80	88	88	90	94	97	98	98	100	102	103	103	105	107	98	81	67	73	77	79	83	91	106	121	130	132	129	119	106	97	91	84	79	77	72	68	67	69	71	74	76	75	73	73	72	72	72	74	75	76	74	71	69	71	79	91	128	165	182	186	194	200	200	198	199	198	198	199	201	201	200	199	194	171	145	137	138	136	135	136	137	140	145	147	152	162	172	178	184	197	
228	228	233	227	227	227	223	224	223	234	234	226	223	223	223	224	224	221	207	174	122	96	93	93	96	95	93	93	94	91	88	87	92	86	85	91	89	77	71	73	86	90	93	94	94	95	96	98	101	101	101	101	98	92	91	81	75	76	73	69	71	84	102	146	166	170	154	140	129	115	104	94	86	77	72	70	70	72	74	75	73	72	72	74	76	79	79	78	75	70	68	70	78	89	132	167	183	186	195	199	198	196	199	199	200	201	202	203	202	199	191	169	143	134	136	134	134	132	131	132	132	127	125	131	141	151	160	179	
225	225	230	227	224	225	221	220	224	221	215	211	203	202	204	215	222	216	200	164	123	100	94	95	96	93	94	96	93	88	91	94	91	91	88	94	98	88	78	68	69	74	85	91	91	93	96	97	100	100	100	100	99	100	103	97	91	84	76	67	64	71	79	127	169	186	176	176	175	166	159	146	133	117	103	94	87	82	78	74	73	71	70	70	71	73	77	79	77	75	73	74	79	87	128	168	182	185	195	199	197	196	199	199	200	200	200	200	200	198	188	166	144	134	133	131	130	131	133	134	131	126	124	126	131	136	146	150	
227	227	229	219	207	203	189	163	147	130	128	115	111	132	153	179	197	199	178	136	112	108	99	93	92	90	95	105	103	92	89	93	87	85	82	88	89	88	88	77	71	68	74	81	87	93	95	93	95	96	98	100	101	103	105	103	99	91	82	73	68	68	69	106	153	183	184	186	186	184	184	179	174	165	154	144	133	121	107	95	87	79	75	74	74	74	76	76	77	77	76	75	75	78	115	155	179	188	196	198	198	201	198	199	199	199	199	198	199	196	186	165	145	137	136	135	134	133	135	135	132	128	127	128	133	137	144	143	
203	203	188	154	124	107	95	88	91	101	110	116	134	151	141	136	137	137	122	100	102	107	96	94	94	92	102	114	113	103	95	92	94	89	88	92	86	88	95	88	80	70	65	67	74	84	90	92	93	95	97	100	102	103	104	104	103	98	91	85	77	70	66	93	136	174	185	185	186	190	192	186	189	187	183	181	177	167	156	145	132	118	106	96	85	76	76	76	77	78	79	77	75	75	98	138	172	188	197	200	199	198	198	198	198	198	198	198	198	196	185	166	146	138	138	137	136	135	134	134	132	129	129	133	136	144	148	145	
91	91	91	92	98	102	106	124	147	161	172	176	172	160	147	142	127	110	89	80	91	99	95	93	94	92	99	112	119	112	104	99	103	96	94	94	87	85	91	91	82	74	70	66	63	67	81	91	93	94	95	97	98	99	99	101	101	100	99	95	89	80	74	78	116	161	182	186	185	187	187	187	188	186	184	187	189	187	185	182	175	167	159	147	131	116	99	90	85	81	81	79	78	74	89	128	171	189	196	203	201	197	200	200	198	198	198	199	198	198	191	171	150	139	137	136	136	136	135	134	133	132	134	139	144	146	148	145	
118	118	136	159	173	179	178	178	181	180	174	175	175	155	137	144	145	134	109	86	78	82	88	91	92	87	87	102	117	116	109	108	107	100	94	93	92	86	87	96	86	81	79	75	66	60	68	82	90	90	92	94	96	98	98	97	99	101	102	101	97	90	86	84	114	154	176	178	180	183	182	186	185	184	185	187	186	186	187	186	184	184	184	182	175	168	157	143	127	111	101	95	89	85	84	117	165	188	194	200	200	200	201	200	200	200	200	200	200	200	197	179	155	140	136	136	136	136	136	134	133	136	140	146	150	149	149	147	
176	176	175	173	174	172	171	170	171	169	172	168	170	172	160	152	145	137	121	98	85	78	74	79	86	92	95	98	108	118	114	105	102	102	100	99	104	95	87	100	99	90	84	83	80	73	72	81	91	92	93	95	97	98	98	96	97	100	101	100	99	98	97	99	121	152	169	171	177	182	184	181	180	182	185	186	184	184	184	182	182	182	184	184	184	183	183	182	177	172	162	147	128	115	109	120	156	183	196	201	197	201	201	200	201	201	201	201	201	201	197	184	159	141	136	136	136	136	134	133	134	137	142	147	151	154	154	153	
169	169	163	163	170	169	164	164	169	167	168	171	171	169	157	155	146	116	94	87	95	94	81	70	77	92	100	97	101	113	110	99	99	101	105	99	101	96	89	94	105	98	88	85	87	86	83	85	91	92	94	95	95	96	97	97	97	97	97	98	100	101	102	95	107	130	150	162	165	171	178	181	181	183	184	184	184	184	184	185	186	186	186	186	186	185	187	187	185	183	181	182	179	175	159	153	163	173	187	199	196	199	198	198	200	201	201	201	201	200	198	187	165	145	137	135	135	135	134	134	137	141	144	147	149	152	152	154	
163	163	162	163	162	162	167	168	166	167	163	168	157	148	146	144	125	89	63	64	76	88	97	89	77	78	86	91	97	96	94	99	103	104	106	92	87	94	94	95	93	98	92	87	89	89	84	82	85	89	92	93	92	92	93	97	97	95	95	96	98	101	102	105	99	100	113	127	135	146	161	170	175	179	181	184	185	185	185	188	187	186	185	184	184	184	185	186	187	187	187	187	186	184	184	182	178	158	159	177	182	190	194	196	198	199	199	200	200	201	202	194	173	151	139	136	136	136	136	138	142	146	148	149	148	151	151	154	
167	167	169	171	172	172	171	170	174	185	180	177	169	156	156	143	117	77	53	49	58	72	86	96	94	83	76	79	90	94	91	91	99	101	104	93	96	102	97	103	105	96	94	96	92	87	90	86	87	89	92	93	94	94	95	96	96	95	95	96	96	98	100	99	100	103	104	101	99	98	100	115	128	145	160	171	176	178	179	182	184	186	186	185	184	184	185	185	184	184	185	186	187	187	183	185	180	162	145	143	150	156	166	172	181	187	191	193	195	195	197	196	184	163	145	139	137	138	139	142	145	147	147	149	149	150	151	153	
173	173	177	181	185	187	184	183	186	189	189	193	187	170	167	156	132	90	60	53	54	51	58	75	90	95	93	85	80	82	88	96	99	110	113	92	88	96	90	93	103	98	100	104	102	92	88	83	84	86	88	89	90	91	93	94	94	94	95	96	98	100	101	98	100	104	104	102	98	95	91	81	80	84	96	114	133	147	155	164	173	177	179	182	186	187	188	188	187	186	186	185	185	186	185	185	178	164	145	137	139	141	142	145	150	154	159	164	169	175	182	188	188	176	158	148	144	143	145	147	149	150	149	148	145	149	149	151	
186	186	188	190	192	191	186	184	187	188	196	205	196	175	168	164	149	118	87	71	59	49	50	54	68	85	98	99	87	77	79	92	106	114	114	95	91	94	87	90	101	90	88	96	102	95	86	80	83	84	85	86	87	90	92	93	94	95	96	97	99	100	100	95	96	98	101	101	101	98	95	88	82	73	69	71	80	91	102	116	133	145	152	165	177	181	183	185	186	186	185	183	182	182	187	185	184	175	155	138	133	135	140	140	139	139	139	140	141	148	157	166	177	179	173	167	164	158	158	157	154	152	152	152	148	152	151	152	
190	190	191	192	194	193	191	192	198	205	211	212	197	178	170	160	134	104	92	89	78	64	56	50	53	62	74	89	99	97	88	82	87	102	113	103	96	97	94	99	102	91	85	94	103	95	83	79	83	84	85	86	87	89	90	92	93	94	96	97	97	97	96	96	96	95	97	99	102	103	102	102	96	88	80	72	66	63	66	75	84	90	97	114	134	146	155	162	170	177	181	182	185	186	185	184	187	184	164	145	136	135	135	138	140	140	139	136	134	136	140	145	156	168	179	187	189	190	191	188	179	172	169	164	159	156	155	158	
195	195	199	202	205	209	212	216	223	229	227	217	201	190	181	155	112	76	66	82	94	85	69	61	52	50	56	65	83	98	98	90	84	83	87	96	102	98	95	102	103	102	100	104	107	94	79	78	81	83	84	85	86	86	87	87	87	89	92	94	95	94	94	100	98	97	97	99	101	102	103	107	101	96	93	88	79	68	63	64	65	65	69	77	88	95	99	107	122	138	152	163	171	176	183	182	189	192	178	159	146	140	134	136	139	142	141	139	135	136	138	139	143	154	173	195	209	213	216	216	211	205	201	195	189	185	183	182	
214	214	221	222	221	223	224	223	225	229	228	217	205	201	193	162	108	68	59	60	70	85	90	82	66	57	51	51	60	72	83	93	99	89	74	74	85	90	91	97	105	105	102	107	106	90	74	76	77	79	81	82	83	83	84	83	84	86	89	92	94	95	96	98	98	99	100	102	102	101	101	105	103	103	103	100	94	86	76	69	68	69	71	72	72	73	72	73	78	85	97	111	125	134	143	151	170	185	187	178	166	156	146	143	141	141	142	140	137	138	140	142	143	147	166	194	216	220	221	222	220	220	220	219	216	216	214	211	
226	226	232	231	227	227	229	226	222	224	225	218	209	207	199	171	116	76	65	58	59	67	78	92	93	81	65	55	54	55	61	72	85	95	89	78	74	76	84	92	107	106	103	106	103	84	70	76	75	76	78	80	81	83	85	86	86	87	88	89	92	95	97	95	97	99	101	102	101	100	99	97	101	103	105	104	102	101	91	79	75	71	70	73	74	74	70	68	71	74	77	78	80	81	91	108	136	159	171	179	182	178	164	158	151	149	149	147	143	142	142	142	144	148	163	190	214	220	220	220	219	219	219	220	220	221	220	222	
226	226	231	232	229	231	236	233	229	227	227	217	211	209	205	177	124	92	84	73	65	65	68	76	89	95	89	76	61	51	51	54	63	76	87	98	93	75	74	86	105	110	111	111	103	82	70	76	72	75	78	80	82	83	84	86	87	86	87	88	90	92	95	96	97	99	99	99	98	99	99	103	103	102	102	103	103	102	99	94	88	81	77	76	75	74	71	70	71	72	73	74	75	75	74	94	122	139	147	162	182	193	186	180	175	171	168	163	156	152	149	146	148	153	164	184	207	216	218	219	219	219	219	218	219	219	220	221	
222	222	225	227	220	221	227	223	220	225	226	214	208	201	205	180	127	101	94	88	82	74	68	65	69	79	91	95	85	69	55	49	50	57	68	81	92	90	81	77	88	100	109	107	100	78	67	71	70	74	77	79	81	82	80	82	83	85	88	89	89	90	93	95	96	97	95	95	95	96	98	100	100	101	102	103	104	106	107	107	103	97	90	84	79	74	71	71	72	75	76	77	78	78	74	91	119	136	138	144	172	197	197	196	196	196	192	187	182	176	171	168	169	171	172	182	200	216	223	223	220	221	221	220	221	222	221	221	
219	219	226	227	214	212	219	219	222	226	230	219	206	189	186	165	120	102	98	96	91	85	78	71	70	69	72	83	94	93	77	61	52	48	50	57	69	84	91	87	81	84	90	92	89	74	64	69	73	72	72	73	75	78	81	82	83	83	86	88	88	88	90	90	93	96	97	98	97	97	97	98	100	103	105	106	107	108	107	105	106	105	102	97	92	87	77	74	72	72	73	75	78	80	81	90	113	134	136	137	159	183	198	200	201	201	202	201	199	198	197	198	201	200	194	194	201	213	218	218	219	222	222	219	223	222	221	221	
213	213	227	229	217	217	222	218	222	222	227	215	204	181	172	151	108	92	92	96	97	95	90	83	76	71	66	67	77	91	93	86	70	54	45	45	47	58	76	85	87	82	78	77	81	81	72	68	68	68	70	73	74	76	77	78	78	80	84	86	86	86	86	88	91	96	99	100	101	101	101	102	103	104	104	104	104	105	106	108	108	106	105	104	103	103	92	84	78	73	70	73	77	81	83	89	110	133	137	135	147	168	193	201	201	202	204	203	203	205	208	214	219	219	215	212	213	210	206	201	203	209	213	213	219	218	219	220	
214	214	227	229	219	226	232	223	223	224	226	208	198	176	167	141	102	83	83	92	98	97	96	94	89	81	71	65	65	71	81	91	90	76	59	47	40	43	54	64	74	82	83	79	81	90	90	83	77	70	69	72	75	75	75	76	77	79	82	83	84	86	88	90	92	95	96	98	99	100	100	100	101	100	101	102	103	105	107	108	106	103	102	103	108	112	107	101	94	85	79	77	76	77	81	89	108	129	136	137	142	157	184	199	204	204	205	203	205	210	215	221	223	223	221	220	220	211	197	181	176	182	188	189	195	199	203	207	
221	221	229	227	221	233	241	231	227	229	227	204	192	171	161	130	99	83	82	91	95	93	95	99	96	94	88	75	66	67	72	74	83	89	79	63	54	45	43	49	54	67	76	76	76	87	98	98	94	87	80	75	72	73	74	76	76	77	80	82	84	86	89	88	90	92	94	95	95	96	96	98	99	100	101	101	102	103	103	102	102	104	104	105	106	109	110	110	109	105	98	89	80	74	83	93	109	123	131	137	142	151	173	192	203	206	206	204	207	213	219	222	222	221	222	222	222	216	199	174	160	160	164	164	166	172	175	179	
223	223	226	225	222	232	240	230	226	231	229	207	190	176	159	118	93	84	84	92	91	85	90	97	98	99	96	89	82	79	77	74	74	78	77	76	72	60	48	46	47	52	57	68	78	88	97	101	102	101	97	91	84	79	76	74	73	74	77	81	83	84	85	84	86	88	92	94	95	95	96	96	98	100	101	102	102	102	101	99	102	106	108	108	106	105	107	110	114	115	111	103	92	85	91	101	112	118	125	133	138	143	160	180	197	204	206	207	211	216	220	222	222	221	222	223	222	220	208	183	163	157	158	157	158	160	160	161	
224	224	225	225	221	226	232	227	225	229	224	206	185	184	162	115	91	85	90	94	86	79	86	93	93	96	98	98	98	97	89	79	72	67	64	66	72	74	67	57	58	66	72	84	93	98	102	103	105	103	103	105	106	100	91	85	80	75	75	78	80	81	82	84	86	86	89	92	94	94	95	96	97	99	99	100	101	103	105	106	105	105	107	107	108	110	109	110	111	113	113	112	110	108	100	107	114	117	121	127	128	131	149	168	189	202	207	211	217	219	220	222	223	222	223	223	222	221	215	194	168	156	154	155	156	160	159	157	
227	227	229	221	222	228	229	226	228	228	223	207	185	184	161	121	91	88	90	93	86	80	86	90	82	86	95	98	105	108	101	93	84	71	61	57	64	67	74	76	84	98	104	105	106	108	109	108	108	108	108	109	110	112	112	106	98	88	79	74	75	78	81	83	85	86	87	88	88	91	94	96	96	97	97	98	99	102	105	107	107	105	104	105	108	111	109	109	111	112	113	116	117	118	114	120	127	123	122	121	119	119	134	151	179	200	210	216	222	223	222	222	223	223	224	224	223	222	220	208	178	158	155	154	154	159	160	159	
226	226	229	217	223	231	230	226	229	226	218	203	186	178	153	123	94	88	89	91	85	82	87	88	77	82	92	92	98	107	110	111	95	85	78	65	59	58	67	71	86	103	112	109	108	110	114	115	113	112	111	111	111	114	117	114	111	106	98	89	84	79	75	79	80	83	87	88	89	89	91	94	95	95	97	97	98	100	101	103	106	107	106	106	109	110	110	111	113	114	114	114	114	114	115	126	133	133	129	126	121	119	126	138	168	200	217	221	221	222	223	223	223	224	224	224	223	221	220	213	189	165	160	158	155	159	160	160	
225	225	227	218	225	232	228	224	226	224	214	199	186	177	147	119	96	90	94	93	84	81	86	84	76	82	89	85	85	94	104	111	102	94	92	92	77	63	60	64	84	102	114	114	112	113	116	119	117	116	115	115	115	116	118	116	115	115	114	110	105	93	82	77	77	81	86	88	88	89	91	93	94	96	98	98	98	100	101	103	106	107	107	108	110	112	112	112	112	113	112	112	114	115	116	128	135	141	136	135	129	127	124	132	161	198	222	225	219	219	222	222	223	223	223	223	222	222	221	216	200	176	163	159	155	159	161	160	
224	224	222	219	228	230	223	221	226	223	213	196	185	178	145	111	89	87	94	92	83	82	87	82	76	83	89	83	80	89	95	95	104	104	98	105	104	90	79	89	105	113	117	118	117	115	117	120	121	120	119	119	119	119	120	118	115	114	114	116	117	112	105	96	88	79	77	81	85	88	89	91	92	95	96	96	97	100	102	104	106	106	105	105	108	111	111	111	111	112	113	114	117	119	125	132	140	142	143	141	143	143	139	140	156	185	211	221	221	221	222	221	221	222	223	223	224	225	224	220	211	187	163	158	154	158	160	159	
221	221	215	217	228	228	218	221	230	219	202	182	178	173	137	101	83	85	91	90	84	84	87	82	77	84	88	83	86	101	100	84	94	111	107	106	113	116	110	119	123	122	120	119	119	118	118	121	122	121	120	120	121	122	122	121	118	115	114	116	119	119	116	112	109	103	91	80	78	81	86	90	90	93	95	96	97	99	102	104	104	103	102	103	104	108	110	112	114	115	116	118	120	122	125	130	140	142	147	147	154	155	152	151	156	177	204	219	221	221	221	220	221	221	222	224	226	226	224	221	218	195	163	157	155	156	158	159	
221	221	212	220	230	226	216	222	232	215	197	178	176	169	134	99	84	90	93	90	86	88	89	84	80	88	92	84	88	105	105	85	85	95	103	110	112	117	121	127	125	125	124	123	123	119	118	120	121	121	121	121	122	123	123	123	122	122	121	120	120	119	119	117	116	115	111	106	97	86	81	85	86	89	93	96	97	99	100	102	103	104	105	104	105	106	111	113	115	116	119	120	122	124	120	130	139	146	147	150	152	154	155	163	169	183	202	213	216	219	222	222	222	222	223	224	225	225	224	224	222	203	172	159	157	157	160	162	
222	222	212	224	227	223	216	221	225	216	203	188	181	166	134	101	86	91	91	86	83	88	91	87	87	100	103	90	89	101	103	93	89	86	91	94	99	110	123	125	124	126	126	126	125	122	120	121	124	123	123	123	123	124	124	125	125	126	125	124	123	123	123	120	119	117	116	118	115	108	99	91	87	86	88	91	92	94	97	100	101	104	106	106	107	109	110	111	113	116	119	121	124	126	120	131	139	146	146	153	154	159	171	179	179	181	186	192	202	210	212	213	213	215	218	220	223	224	224	224	222	212	186	162	160	160	163	164	
219	219	209	222	222	217	215	219	217	217	200	188	181	157	124	102	97	102	100	88	81	86	89	84	89	103	101	88	90	101	102	96	97	93	88	84	96	103	116	124	125	125	124	126	128	126	124	125	128	126	126	126	126	125	125	127	128	128	128	126	124	123	123	124	124	122	121	122	122	121	118	115	105	96	91	90	92	94	96	96	98	101	103	104	106	108	110	112	114	116	119	121	124	125	134	141	146	142	145	151	158	163	176	180	179	179	179	178	186	187	180	181	184	190	198	207	214	217	218	219	219	217	197	167	165	162	163	162	
216	216	210	222	223	218	214	223	218	216	204	183	184	157	115	101	101	108	102	87	83	90	89	83	89	100	102	94	92	95	99	100	107	104	92	92	105	108	113	118	121	121	123	125	127	127	128	131	130	128	128	129	130	129	129	130	129	130	131	130	127	126	128	128	129	128	128	128	127	125	123	125	123	118	111	102	95	90	92	97	99	101	102	103	106	110	116	119	120	120	119	121	126	130	137	139	145	147	142	146	157	166	174	176	179	179	180	178	181	184	182	173	164	160	163	169	175	180	184	194	204	208	201	191	186	182	181	176	
216	216	212	220	218	211	210	221	218	218	208	192	188	153	111	98	100	108	104	91	89	91	86	82	89	95	96	95	101	104	101	100	114	116	100	97	113	116	111	109	113	114	118	122	126	127	130	132	133	135	136	134	132	131	131	131	130	131	132	132	128	127	129	133	134	133	132	130	129	127	125	123	124	126	127	122	114	104	97	93	93	97	103	109	112	111	116	118	119	122	125	128	130	132	132	139	149	157	158	164	169	173	180	179	178	180	181	182	177	177	179	178	175	169	163	159	156	156	156	158	164	172	182	200	216	213	211	206	
219	219	217	223	218	212	215	225	223	214	204	194	179	140	103	92	97	108	102	93	97	101	91	84	87	90	87	90	104	107	97	95	110	118	105	101	122	126	117	109	105	108	112	118	123	127	130	132	133	136	137	138	138	136	132	132	132	132	134	133	129	129	131	135	136	136	133	132	131	130	129	131	128	126	127	129	128	127	120	108	98	92	95	102	110	115	117	118	121	125	127	127	128	130	136	143	143	142	162	185	191	183	177	179	180	181	180	182	181	179	180	186	188	184	176	168	163	157	154	150	147	152	162	189	219	225	224	222	
215	215	215	221	220	215	218	224	219	211	199	194	171	129	99	90	96	106	100	93	102	106	94	87	88	91	86	86	96	95	87	89	98	112	105	105	127	134	126	120	121	116	110	109	114	121	128	131	131	133	134	137	140	140	136	135	135	135	135	132	130	130	132	136	138	138	136	134	133	131	130	132	135	135	134	132	130	129	130	128	120	113	108	108	112	120	121	120	123	127	128	127	129	131	140	144	149	158	166	170	182	196	188	180	176	177	180	181	186	187	186	184	182	181	181	181	180	176	171	159	149	146	150	171	203	219	224	224	
215	215	218	222	221	217	220	219	208	206	195	194	165	120	96	90	98	105	100	92	96	97	89	89	93	95	90	86	92	90	85	92	98	106	101	108	132	137	131	128	132	128	122	119	117	118	118	118	121	128	133	134	136	137	138	138	138	137	135	132	131	132	134	141	143	143	141	138	136	133	131	132	140	145	145	139	133	130	132	135	136	135	131	127	129	137	150	149	139	130	127	128	133	137	144	156	162	167	177	180	177	178	188	195	193	185	186	188	184	185	189	185	180	179	182	186	190	185	181	173	164	159	153	158	177	204	218	224	
220	220	226	227	223	216	220	215	205	192	186	188	156	111	92	92	101	101	90	84	88	90	86	90	94	92	86	85	95	94	91	99	106	104	98	113	138	141	135	130	131	133	133	133	130	124	118	113	112	117	123	128	131	135	136	138	139	137	136	134	133	135	137	141	143	143	141	141	139	135	134	138	140	144	144	144	142	140	139	138	137	137	136	135	140	148	162	170	170	162	151	143	138	137	142	152	169	181	184	179	181	187	185	185	195	206	198	187	185	186	184	187	189	187	186	186	187	183	185	188	189	184	169	158	157	195	212	221	
219	219	227	226	219	212	219	214	208	193	182	178	147	108	90	94	103	98	84	85	93	90	85	91	96	87	79	85	94	91	89	102	111	103	99	120	139	140	137	133	136	135	132	131	132	134	133	127	117	114	116	121	126	128	130	133	135	137	137	137	137	139	141	142	142	141	140	142	142	140	137	135	137	141	146	148	147	144	141	139	137	138	139	138	139	142	146	161	179	186	183	177	165	153	153	165	175	181	188	195	189	182	188	187	183	185	196	204	194	185	184	187	189	188	186	183	181	180	181	186	188	185	179	175	175	195	210	219	
217	217	228	227	220	214	223	220	216	199	183	168	137	102	86	89	98	96	87	96	103	91	82	92	98	86	76	84	91	83	84	101	112	103	103	122	136	138	137	134	137	137	135	135	137	139	137	135	131	125	122	119	117	119	125	130	133	135	137	138	140	142	144	148	146	143	141	143	142	141	138	137	139	141	144	146	147	147	146	143	141	142	142	141	142	146	158	164	166	170	181	193	195	188	187	186	190	190	185	186	188	188	189	189	191	190	188	186	193	197	197	192	188	188	188	186	182	184	184	185	184	181	184	190	194	180	194	207	
224	224	228	230	212	213	229	222	214	187	180	168	132	97	84	96	104	97	93	97	98	90	88	98	97	89	85	87	87	85	91	103	108	100	102	122	127	136	135	132	134	136	137	138	141	142	141	138	135	136	135	132	130	126	122	123	127	131	135	137	138	141	145	149	146	145	144	143	142	141	142	142	145	147	148	148	150	152	152	150	148	146	145	145	148	149	156	161	169	172	171	178	191	207	215	214	207	199	192	192	192	194	197	193	192	191	190	191	190	189	192	196	195	192	189	189	188	186	184	183	187	183	183	184	188	185	188	191	
225	225	228	223	207	213	228	220	208	196	186	159	121	98	87	100	112	102	95	95	95	89	87	98	98	90	87	89	88	85	93	107	106	93	94	115	126	138	140	137	136	137	137	139	143	145	144	140	137	140	142	142	140	139	137	132	129	128	129	132	135	139	141	143	142	143	144	146	144	142	143	147	150	152	152	150	150	152	154	153	153	152	151	152	153	155	159	161	167	167	167	175	188	210	228	227	223	216	209	206	201	198	195	195	197	197	194	193	192	193	193	189	190	198	203	198	187	190	189	189	184	184	184	188	184	187	188	187	
219	219	222	213	206	217	226	220	210	197	190	149	110	97	88	98	109	100	93	94	96	88	84	95	96	89	89	92	88	83	89	101	96	90	97	121	134	144	144	142	140	140	140	141	145	147	145	143	143	145	145	144	144	145	146	145	143	138	132	126	125	130	136	139	138	139	140	142	143	146	148	151	155	158	157	153	152	154	155	153	153	154	155	157	158	159	164	163	167	165	164	175	189	218	236	238	236	231	226	223	217	209	202	195	195	197	197	197	195	196	196	194	192	192	193	193	193	198	195	194	190	189	187	192	193	191	192	191	
219	219	221	211	213	223	223	220	213	195	190	146	105	94	88	94	98	94	93	99	101	91	83	92	94	88	90	94	90	83	87	93	89	89	104	128	140	144	146	146	147	145	144	145	147	147	145	144	145	148	149	147	146	147	148	150	150	149	146	140	133	130	130	132	131	132	134	138	142	146	150	152	157	159	159	157	155	155	154	151	152	154	157	159	160	161	164	163	169	165	163	174	191	226	240	243	242	238	236	235	229	223	217	207	201	200	199	198	198	195	192	192	193	194	194	195	195	196	202	204	200	188	192	192	190	191	190	190	
223	223	226	215	217	223	221	218	206	197	190	148	103	89	91	97	93	91	94	104	106	95	89	98	97	91	92	95	90	86	89	90	88	88	102	124	139	142	145	148	150	149	149	149	150	149	147	145	146	150	152	151	151	151	152	154	153	151	151	151	149	144	141	131	129	128	129	132	137	141	145	150	153	156	158	158	158	157	155	153	154	156	158	160	161	160	162	163	168	166	162	170	194	229	240	243	243	243	242	241	237	233	230	225	221	216	207	202	200	199	197	195	195	195	194	195	198	191	191	195	199	193	192	193	194	190	189	188	
226	226	224	216	215	219	219	213	197	201	187	146	103	88	95	105	94	90	96	108	107	96	95	105	100	95	98	97	87	84	90	91	86	84	97	119	140	142	143	145	150	150	151	153	154	153	152	151	152	151	149	148	148	152	155	157	157	156	155	154	153	152	153	145	140	133	130	129	131	135	139	144	148	152	156	157	158	159	158	158	158	159	161	162	161	160	162	163	168	167	160	169	200	229	237	239	242	243	244	243	240	238	236	235	234	232	225	218	210	206	205	201	198	196	193	195	200	198	197	197	188	187	189	195	188	192	191	193	
226	226	217	214	219	217	213	209	198	199	178	137	102	90	97	106	94	87	93	107	105	95	96	103	95	94	104	101	86	83	94	96	84	83	98	118	141	141	142	144	149	151	154	157	158	156	156	158	159	156	151	148	147	149	152	153	156	161	162	159	154	153	154	155	151	146	142	139	136	135	136	139	143	148	152	154	158	160	161	162	162	162	164	165	164	163	164	164	167	168	161	171	209	231	239	238	240	242	242	241	242	243	240	239	238	237	236	234	227	219	212	204	201	202	201	199	200	202	198	195	192	191	190	194	194	191	191	195	
227	227	213	214	223	221	209	204	201	193	170	127	103	95	100	106	92	84	92	107	105	95	95	96	87	90	104	102	88	88	99	101	82	86	106	119	137	135	141	144	148	150	155	159	160	159	159	160	160	160	157	155	154	152	150	151	154	157	159	160	158	156	156	156	156	157	157	154	149	143	140	139	140	144	149	153	156	159	161	162	162	164	166	168	168	167	166	166	167	169	164	174	211	232	242	241	241	242	242	241	243	245	244	242	240	238	239	240	239	234	225	213	205	203	201	200	201	199	199	199	199	194	197	194	192	192	193	195	
226	226	213	215	222	227	209	197	196	189	163	120	105	97	104	107	92	89	97	107	103	96	96	95	88	88	99	97	88	93	98	96	83	92	119	126	137	133	139	139	144	146	152	159	161	160	161	162	161	161	158	158	160	158	154	153	154	154	155	158	159	159	159	160	160	161	160	161	158	155	152	147	143	143	146	149	151	154	156	157	160	162	165	167	169	169	168	170	169	169	169	180	211	236	239	240	241	243	243	243	243	242	242	242	242	242	242	242	241	240	235	225	212	205	204	204	201	198	198	199	200	199	199	197	197	196	195	194	
224	224	216	220	227	227	214	197	190	184	157	117	104	96	104	108	96	94	102	106	98	94	100	98	89	88	95	93	88	96	100	95	87	97	125	138	144	143	145	141	139	142	148	154	157	157	160	162	163	162	159	158	159	160	159	159	158	157	155	153	154	160	163	163	162	161	160	161	160	159	157	155	155	155	151	147	145	146	149	152	157	161	162	163	166	170	171	171	171	172	172	185	218	242	240	240	241	243	243	243	243	242	242	242	243	242	242	242	242	239	238	237	231	222	214	208	203	202	202	203	202	199	197	198	200	194	195	196	
221	221	218	223	229	225	216	199	191	179	148	111	100	98	106	109	100	98	103	101	90	92	103	97	89	90	94	89	88	100	103	92	87	97	124	147	148	152	153	148	146	146	149	152	154	154	157	160	161	162	161	160	160	161	161	160	157	157	155	150	152	161	164	161	159	159	160	163	161	159	157	157	162	164	160	155	151	147	144	145	152	158	162	164	165	169	173	171	172	175	175	190	223	241	240	241	242	242	243	243	242	242	243	243	243	243	242	242	242	241	239	239	241	241	234	224	216	211	205	201	200	200	199	200	201	199	200	201	
224	224	220	223	228	219	213	201	197	180	142	106	97	101	108	105	96	99	103	97	87	94	106	99	91	96	98	89	89	103	105	88	87	96	123	153	151	156	157	154	155	152	151	152	152	151	152	155	155	157	158	160	161	161	160	159	157	157	156	152	155	163	164	161	157	156	157	159	158	157	157	157	164	167	166	164	162	157	151	149	151	156	159	162	166	170	174	174	174	177	177	195	230	243	241	241	242	243	243	243	242	242	243	243	243	243	243	242	242	243	244	242	238	239	242	240	233	225	217	209	204	203	202	202	205	201	204	203	
226	226	220	222	227	215	208	200	200	183	140	109	103	112	116	105	94	101	105	96	87	94	103	99	95	103	103	92	92	106	108	88	88	100	127	156	155	158	157	155	156	153	153	154	152	150	150	150	148	150	153	157	161	162	161	161	159	159	157	153	157	163	163	163	160	157	157	157	155	153	154	156	163	167	167	166	166	165	163	162	162	161	159	158	161	166	176	181	184	187	187	202	231	242	242	242	243	243	243	243	242	242	243	243	243	243	243	243	242	243	243	242	242	243	243	240	239	240	238	232	223	211	204	201	202	198	204	205	
222	222	216	223	226	215	201	193	192	169	129	109	107	122	125	109	98	107	110	98	90	94	97	94	95	103	99	88	89	101	104	86	87	107	134	155	155	159	157	155	154	154	155	156	153	149	150	150	148	149	152	156	159	161	161	162	161	159	155	153	156	161	161	163	161	163	163	161	156	153	153	154	160	164	164	166	168	170	170	171	171	171	166	160	158	163	171	180	189	197	201	215	235	240	243	243	243	243	243	243	243	243	243	243	243	243	243	242	242	240	239	242	244	245	246	245	241	243	244	242	236	228	221	213	207	196	198	202	
217	217	215	228	227	214	194	182	173	147	114	105	108	125	130	112	103	116	113	99	96	101	98	93	99	106	97	85	87	94	95	79	86	114	139	149	149	156	155	152	157	158	158	156	150	146	149	153	154	156	157	158	157	157	157	160	162	160	155	154	156	159	160	162	161	164	166	164	160	158	159	161	159	158	159	164	170	173	174	173	173	174	173	168	166	168	171	178	184	194	209	227	241	238	243	243	244	244	243	243	243	243	242	243	243	243	243	242	242	242	243	243	242	242	243	245	246	243	243	241	240	240	241	234	224	217	206	200	
219	219	215	227	223	211	185	172	162	135	110	98	104	123	127	113	109	120	114	99	97	104	100	94	107	116	99	84	91	97	86	80	92	114	143	146	143	146	149	152	158	161	160	154	146	146	153	157	158	160	161	160	159	159	159	160	161	158	153	152	157	161	162	163	163	163	165	166	164	164	164	165	161	158	158	162	166	169	172	174	175	177	178	176	175	177	180	185	188	193	209	229	240	239	242	244	245	245	244	244	243	243	243	243	243	243	242	242	242	242	244	243	243	242	242	243	245	243	242	243	243	243	244	241	238	232	227	219	
220	220	217	226	218	202	174	169	160	129	107	94	102	119	117	105	108	118	112	95	93	102	100	95	109	118	101	90	104	109	86	82	95	115	148	151	148	144	145	148	153	159	160	154	147	148	155	158	159	162	164	163	163	163	163	161	159	156	154	154	156	159	160	165	164	163	164	166	166	165	164	164	162	161	163	165	166	167	169	171	173	176	179	178	178	182	186	192	193	196	215	235	241	240	241	243	244	244	244	244	244	244	244	243	242	242	242	241	241	242	243	243	243	243	243	243	243	242	242	243	243	244	243	242	241	244	241	236	
216	216	218	227	220	200	173	176	162	126	103	92	105	120	109	94	100	111	104	92	95	102	98	92	101	108	95	92	110	113	91	86	99	122	153	157	154	152	149	148	151	155	155	150	146	149	157	161	160	163	166	165	165	165	165	163	161	160	160	160	156	156	156	162	162	162	164	167	167	165	164	164	164	164	167	169	171	171	170	170	169	170	174	178	180	184	190	195	196	202	222	240	242	238	240	242	242	241	242	244	245	245	243	243	243	243	242	242	241	242	243	243	243	243	243	243	244	243	243	243	243	243	243	243	242	247	245	238	
216	216	219	227	223	203	183	188	165	124	102	94	112	126	109	89	95	105	97	92	101	102	93	88	94	99	90	91	103	101	83	85	102	128	153	157	157	159	159	157	153	154	152	147	146	150	159	162	161	164	166	166	166	166	166	166	166	167	167	165	160	157	157	156	156	158	161	166	168	166	166	168	169	168	169	171	173	175	176	175	169	167	171	175	178	182	187	193	197	207	226	241	242	239	240	241	241	240	240	241	242	242	243	243	244	244	244	243	242	242	243	242	242	242	242	243	244	243	243	243	243	243	243	243	242	240	240	237	
219	219	223	225	218	198	186	191	162	120	105	104	120	128	108	90	97	104	95	91	101	99	90	87	96	99	91	94	99	90	76	85	101	131	152	156	158	162	163	160	157	157	156	153	151	152	155	158	160	163	165	166	166	167	168	168	170	172	170	167	164	162	161	159	156	154	156	161	166	169	170	172	173	172	170	171	174	177	180	178	171	168	171	175	177	178	181	187	193	206	228	240	242	242	241	242	242	241	240	240	239	239	241	242	243	244	244	244	243	243	243	242	242	241	242	243	243	243	243	242	242	243	242	241	240	240	238	238	
216	216	223	226	215	193	188	188	157	118	106	109	123	125	106	93	100	104	94	86	90	90	88	90	102	101	90	96	98	88	79	93	108	137	152	155	156	161	162	160	158	159	160	160	158	157	156	155	155	157	160	163	164	166	168	168	170	171	170	167	167	166	163	164	161	158	158	161	165	168	170	172	175	175	173	172	174	177	177	176	173	171	175	179	179	178	177	178	183	200	226	240	241	241	242	243	244	243	243	243	241	239	239	240	242	243	244	244	244	243	242	242	241	241	242	242	243	243	243	242	242	243	241	240	238	239	240	242	
213	213	222	225	211	194	196	186	153	118	103	109	123	120	105	99	105	103	93	89	91	88	85	91	107	103	89	97	100	88	82	99	120	144	148	152	154	160	160	160	158	157	157	160	161	162	163	160	155	155	156	158	159	161	164	166	168	169	171	171	171	169	167	166	166	167	167	167	167	167	167	171	175	175	174	174	176	176	174	175	173	173	177	181	182	181	179	177	181	198	225	239	238	240	241	243	244	244	245	245	243	241	239	240	241	241	242	242	243	242	241	241	242	242	242	242	242	243	243	243	243	243	242	240	238	239	239	241	
216	216	220	217	201	192	200	184	151	118	101	112	123	115	102	107	115	103	94	102	107	96	83	90	103	96	89	103	107	94	90	108	125	145	144	151	155	160	159	158	158	156	156	159	161	162	163	163	161	158	158	157	156	158	161	165	167	169	174	177	174	170	170	168	169	170	170	170	170	170	170	171	173	172	173	176	178	176	175	176	175	173	176	180	183	185	184	184	190	207	228	237	238	242	241	242	242	243	244	245	243	242	243	242	241	241	240	240	240	241	241	242	242	242	242	242	242	242	242	243	243	243	242	240	239	242	245	243	
221	221	219	214	198	194	202	177	148	116	106	115	123	113	106	116	121	104	99	110	114	99	86	94	102	93	91	107	108	93	90	109	125	142	140	138	147	156	160	163	158	155	155	158	160	160	161	162	161	159	158	159	161	161	160	161	163	167	172	176	176	175	175	170	168	170	173	175	175	175	176	178	177	176	176	177	177	175	176	176	173	175	180	182	181	181	184	186	191	211	233	238	239	239	240	239	239	244	244	244	242	242	242	242	242	241	241	240	239	238	238	240	243	245	245	245	244	244	243	242	241	242	242	241	241	239	241	242	
219	219	218	214	193	184	197	171	131	108	106	117	122	107	103	118	121	103	101	111	113	98	89	96	97	89	91	103	104	95	98	117	129	147	147	141	146	146	150	154	155	154	154	157	159	159	159	161	163	161	161	162	165	166	166	164	163	164	166	168	170	172	175	173	171	172	175	174	173	174	176	179	180	180	181	180	178	176	175	173	171	172	178	180	180	180	183	186	194	215	235	239	239	240	240	239	239	243	244	243	242	242	242	242	242	242	241	240	240	240	240	241	241	241	242	243	244	244	243	243	243	243	242	241	239	241	241	242	
221	221	219	216	191	178	189	160	114	95	102	119	120	101	100	116	117	101	103	113	109	95	93	100	97	91	94	99	94	90	99	119	131	149	152	146	147	145	147	149	151	152	154	156	158	159	162	165	167	165	164	164	165	167	168	166	166	168	168	167	167	167	169	170	168	168	169	169	171	176	181	183	184	185	184	182	180	178	176	173	169	171	175	179	180	180	182	187	198	221	238	239	240	241	241	240	239	242	243	243	242	242	242	242	242	242	242	241	241	242	243	241	240	239	239	241	242	242	242	243	243	243	243	241	240	242	242	242	
224	224	216	211	187	177	172	139	101	88	101	125	124	103	105	117	113	99	105	114	104	89	93	106	101	93	96	97	88	83	94	116	132	147	148	147	151	151	152	152	150	152	154	154	155	158	162	167	171	170	168	164	163	164	164	163	166	171	174	172	169	167	167	167	165	164	163	162	167	176	185	186	186	186	185	183	181	181	181	178	173	172	176	179	181	181	184	188	202	226	240	239	240	241	242	241	239	241	241	243	242	242	242	242	242	242	242	242	242	242	243	242	241	241	240	240	240	240	241	242	243	244	244	244	244	244	244	244	
224	224	217	208	183	178	159	124	101	87	102	124	122	105	107	115	108	98	106	116	103	86	93	108	101	91	93	95	87	83	96	120	138	147	147	146	149	150	153	153	152	155	155	152	153	156	161	166	172	172	170	166	165	164	164	162	165	169	170	169	169	172	175	171	169	167	165	162	164	171	178	180	182	183	184	183	183	181	181	179	175	175	177	180	182	183	185	189	203	229	241	239	241	241	242	241	239	240	240	243	242	242	241	241	241	241	241	242	242	242	243	243	243	242	242	241	240	240	241	241	241	242	242	244	245	244	244	244	
223	223	219	208	180	179	154	118	101	96	110	126	119	105	110	117	109	98	106	113	103	92	97	107	98	87	90	94	88	85	100	127	143	151	149	148	147	146	151	153	153	157	157	154	155	161	166	167	167	168	167	165	166	167	166	162	164	168	169	167	169	173	176	173	172	172	171	168	167	169	172	172	174	178	182	184	182	180	179	177	175	174	176	179	181	184	184	186	203	231	241	238	241	243	242	241	239	239	240	243	242	241	241	241	241	241	241	241	242	243	243	242	242	242	242	242	243	243	243	242	241	240	240	241	242	244	244	244	
221	221	211	199	172	167	142	108	92	101	115	127	117	105	109	116	108	97	103	105	100	101	108	111	100	92	96	98	90	87	105	132	144	149	147	147	148	147	152	152	152	157	158	156	159	165	169	168	166	166	164	162	163	165	163	160	163	169	169	168	168	169	169	171	170	171	173	173	171	172	172	169	170	172	176	179	179	176	174	175	174	174	174	176	179	181	181	183	204	233	241	236	241	243	242	241	239	239	239	242	242	241	241	241	241	241	241	241	242	242	242	242	241	241	241	242	243	243	243	242	241	240	239	240	241	242	242	243	
225	225	206	193	171	163	132	101	84	90	106	114	104	93	96	102	100	98	100	96	95	106	117	115	104	99	104	101	91	92	110	136	146	146	143	145	149	148	150	148	153	158	158	157	158	163	165	167	170	169	165	161	161	161	159	159	163	167	166	165	166	168	169	170	168	168	171	171	173	173	174	171	169	169	172	174	175	173	173	173	174	173	173	175	176	179	179	184	206	235	241	234	240	243	241	241	239	239	239	242	242	241	241	241	241	241	241	241	242	242	241	241	241	241	242	242	242	241	242	242	242	241	240	240	240	240	241	241	
217	217	209	183	176	160	127	96	84	85	94	97	90	86	92	94	93	96	102	98	94	103	114	113	103	101	104	93	84	98	119	135	145	147	149	149	147	147	150	151	151	156	155	155	159	165	166	165	167	168	167	166	166	164	161	160	160	161	162	162	163	167	169	172	170	171	171	169	171	174	174	175	173	171	171	171	170	170	169	169	171	171	172	175	177	179	182	186	210	236	240	239	240	241	242	241	240	239	238	240	242	243	243	243	242	242	242	242	242	242	242	241	240	241	241	242	241	242	242	242	243	243	243	243	242	242	241	240	
212	212	205	182	177	157	118	93	81	87	92	90	83	83	92	93	88	92	101	100	94	98	107	109	104	102	99	87	80	94	118	140	146	148	150	150	150	151	153	153	151	152	150	153	159	164	164	164	166	167	166	166	168	170	170	166	162	159	157	157	159	165	167	173	172	173	173	171	173	176	176	173	171	169	170	172	171	169	165	165	169	171	171	173	175	178	182	189	215	237	242	240	241	240	243	242	241	239	238	239	241	242	243	242	242	242	242	242	242	241	241	241	241	242	242	241	240	241	242	242	242	243	243	244	244	244	244	243	
208	208	199	173	173	152	113	92	81	92	96	90	82	89	99	94	86	88	96	97	94	98	105	104	100	98	94	84	82	94	118	145	149	151	153	154	154	155	156	156	155	155	154	154	157	161	162	163	166	166	165	164	165	167	168	167	164	159	155	156	158	164	167	172	172	174	173	171	173	176	175	174	170	167	167	170	170	167	163	163	169	172	172	171	172	175	180	193	221	240	242	243	242	241	243	243	243	241	238	238	240	241	242	241	241	241	241	242	242	241	241	241	241	242	242	241	240	241	242	242	241	242	242	243	245	243	244	244	
210	210	194	165	167	144	107	91	81	90	96	89	83	94	103	94	86	92	93	90	91	101	107	100	97	101	97	88	87	96	118	145	149	151	154	157	158	158	159	160	160	161	161	160	158	157	160	162	162	163	162	162	163	164	165	165	165	163	160	159	161	165	168	169	169	171	171	167	170	175	175	173	171	168	166	167	167	166	164	166	171	173	174	173	171	172	178	195	224	241	242	244	244	242	242	243	243	241	239	238	239	240	240	240	240	240	241	241	242	242	242	241	241	241	241	242	243	242	242	242	241	240	241	242	244	243	244	244	
211	211	191	166	164	136	100	89	83	89	95	89	85	97	106	98	94	103	101	88	86	99	104	93	96	107	104	92	91	99	118	143	148	151	154	157	158	158	159	161	163	162	162	163	162	159	159	160	159	159	160	161	162	164	167	167	166	167	166	163	165	168	172	169	169	171	167	163	166	172	172	171	172	171	168	167	167	167	166	168	173	175	177	177	174	173	178	198	228	240	241	243	243	243	242	243	243	242	241	240	241	242	241	241	241	241	241	241	241	241	241	241	241	241	242	242	242	242	243	242	241	240	239	240	242	243	243	243	
204	204	185	169	164	128	95	88	88	91	95	88	86	98	104	98	99	113	113	94	87	97	97	88	94	110	105	88	91	105	126	145	149	151	154	156	157	158	158	160	162	160	160	163	166	166	162	161	162	161	161	161	160	161	163	166	168	170	169	167	169	172	175	173	174	174	168	161	162	167	168	168	171	172	171	171	170	169	167	170	174	176	179	180	179	178	182	202	230	239	239	242	242	243	241	242	242	242	242	242	242	242	242	242	242	242	241	240	240	239	239	240	241	242	242	242	241	242	243	243	241	240	239	239	240	242	242	242	
199	199	177	168	160	120	94	86	91	94	94	86	85	95	96	90	94	112	116	99	94	101	94	85	94	114	106	84	92	114	135	150	151	153	155	156	157	158	158	159	160	159	158	161	165	166	163	162	163	162	164	165	164	162	161	163	166	168	169	169	169	171	173	173	175	176	170	162	164	167	167	169	169	167	168	172	173	170	167	170	175	177	179	181	180	181	187	207	232	240	239	241	239	241	242	241	241	242	243	243	242	241	242	242	242	242	242	241	241	240	239	239	239	240	241	241	240	241	242	243	242	240	239	239	240	241	242	241	
