14	14	11	19	23	32	27	19	24	16	16	13	11	13	18	6	7	22	31	31	27	13	5	28	22	20	18	12	21	28	32	33	34	32	19	25	45	53	38	37	35	19	15	31	27	19	35	80	30	23	17	9	21	35	24	22	7	6	30	12	36	29	20	36	22	9	19	24	19	40	12	39	37	28	26	9	25	41	38	30	5	31	42	30	16	17	42	38	37	28	17	26	27	21	14	30	25	33	11	27	27	33	23	47	37	22	34	49	37	24	27	17	20	14	23	14	11	20	42	8	33	43	29	21	32	24	16	38	
24	24	19	19	18	18	11	6	11	10	11	11	11	14	16	14	12	25	36	40	35	31	20	19	19	14	14	18	17	11	5	7	4	1	3	3	32	48	33	10	18	36	35	38	27	24	48	92	34	37	25	20	26	34	35	25	27	14	22	11	32	32	26	41	21	14	35	38	37	47	15	47	40	37	28	7	27	39	32	30	6	35	46	36	29	19	38	47	58	28	19	17	29	21	16	28	26	32	15	32	32	25	23	40	26	10	38	55	41	22	32	25	23	23	21	14	9	18	38	10	36	45	30	33	45	28	18	46	
30	30	22	13	14	13	13	12	12	14	13	10	12	18	22	3	4	24	47	66	69	55	42	32	34	32	28	31	41	38	36	48	37	24	26	31	20	12	8	1	14	24	36	54	30	14	33	50	46	53	39	27	18	27	53	55	55	39	26	15	46	43	45	52	23	23	61	51	55	39	15	39	22	42	29	5	33	39	29	25	3	21	34	38	27	13	42	39	44	18	14	18	26	11	19	24	25	31	16	34	25	9	24	38	32	6	32	45	39	16	33	22	7	31	28	19	16	27	29	10	46	51	21	40	44	13	10	40	
35	35	30	23	23	23	25	26	27	24	22	21	23	25	29	4	4	22	45	74	91	79	60	47	48	47	42	41	44	38	40	62	69	71	72	57	55	45	39	60	45	19	33	37	51	15	20	23	29	23	21	13	16	22	36	30	41	31	26	19	42	46	51	52	29	30	60	52	60	53	30	54	47	57	40	16	34	46	37	32	5	29	41	46	49	30	63	61	55	31	23	38	40	13	31	37	39	31	30	49	47	14	34	48	47	10	32	49	43	8	25	17	6	30	29	17	24	32	22	7	50	56	14	45	33	10	26	37	
19	19	17	12	12	14	16	20	21	14	13	18	22	23	27	5	2	9	27	58	83	93	79	56	48	43	39	39	39	30	24	30	27	27	16	35	30	38	54	38	15	18	48	48	64	25	56	78	74	49	39	20	21	28	36	23	31	23	24	15	16	11	17	25	20	11	25	19	28	29	14	45	53	54	44	35	44	50	40	42	21	50	59	61	47	37	72	66	48	30	41	43	38	14	32	43	51	28	37	46	44	11	39	48	51	13	35	47	32	16	32	29	20	45	47	18	22	27	23	18	40	40	11	46	27	7	39	28	
18	18	19	18	19	21	23	24	25	23	19	24	25	23	29	7	7	22	41	65	90	117	111	81	63	51	49	48	43	38	33	34	27	35	46	50	53	60	57	42	14	42	79	72	45	20	45	80	83	90	93	76	57	50	65	72	66	49	41	33	40	42	49	48	34	42	47	41	40	39	24	47	46	42	31	28	33	28	25	30	14	39	38	38	44	48	76	67	48	37	49	40	45	31	42	50	54	33	53	60	52	21	47	50	52	26	50	51	28	25	39	38	30	54	58	13	26	26	11	12	36	29	10	39	27	13	35	22	
22	22	23	24	27	29	29	27	26	27	18	21	19	15	22	12	15	30	45	63	84	110	109	90	73	59	61	66	69	75	77	70	53	56	63	62	56	33	25	16	43	62	68	48	18	24	45	73	40	50	37	43	36	48	39	55	45	43	36	39	57	66	77	72	45	65	76	70	56	49	35	61	61	67	51	47	61	47	49	51	33	54	49	48	38	35	40	39	41	39	37	34	40	19	25	35	34	22	36	48	43	28	40	43	45	30	50	44	28	36	48	47	39	60	65	19	47	42	12	18	51	37	26	47	34	30	41	29	
33	33	32	31	35	38	35	30	26	25	16	19	18	14	24	20	22	34	44	54	73	102	111	99	80	58	55	50	33	37	45	53	56	73	51	47	49	18	15	62	60	45	46	32	19	27	37	68	40	66	34	44	36	57	30	58	45	46	26	31	42	39	51	62	45	49	61	63	52	47	42	75	80	97	70	57	81	63	64	60	42	64	61	63	52	60	68	80	80	57	101	120	108	64	76	96	84	61	40	43	37	34	30	29	31	22	34	27	25	27	37	36	28	45	51	16	42	36	13	28	43	27	31	46	27	29	39	29	
40	40	30	29	32	34	30	23	16	12	12	11	11	14	20	18	34	37	45	55	67	86	100	87	84	61	53	46	37	39	32	25	28	36	57	71	52	41	46	15	46	84	40	16	43	42	51	53	41	49	61	56	41	53	45	57	47	62	36	31	40	49	38	30	43	46	54	79	93	38	47	66	80	89	66	50	83	61	73	45	36	65	50	47	33	50	48	62	55	45	72	44	31	28	54	43	49	44	50	53	63	45	38	43	42	57	50	49	39	36	41	36	37	33	35	35	40	35	36	30	40	40	37	34	31	39	44	35	
57	57	48	41	43	44	42	39	36	38	32	24	20	27	37	40	46	42	49	58	68	85	94	86	76	66	79	75	80	72	64	66	77	86	80	65	50	28	14	47	88	71	16	4	22	34	47	45	34	40	52	54	49	46	58	70	57	59	35	37	39	44	34	25	35	57	50	60	80	33	46	55	78	67	53	40	84	49	61	42	38	62	46	39	26	37	37	52	46	31	49	50	34	22	68	27	26	38	25	26	33	35	22	33	27	58	45	39	29	18	39	33	40	35	39	39	48	40	41	41	44	40	43	44	42	52	56	45	
76	76	71	60	60	60	59	57	57	58	56	51	44	41	42	62	65	60	69	70	69	79	87	88	71	63	84	67	79	77	75	70	59	45	42	63	25	9	24	59	80	44	2	3	18	34	41	34	29	32	39	46	50	34	41	57	49	58	38	32	29	33	29	25	36	49	33	37	64	22	38	41	75	42	38	31	82	34	39	28	30	49	37	31	17	30	24	17	21	30	24	50	50	44	86	29	19	42	12	13	19	37	19	38	40	49	16	10	27	12	41	28	41	31	29	31	46	32	31	37	31	25	38	51	64	80	74	55	
73	73	73	69	67	64	62	60	58	50	53	53	47	42	39	59	57	54	68	73	76	86	94	93	67	60	86	71	87	78	74	75	72	65	65	88	55	33	25	43	61	41	10	13	25	40	39	33	34	33	35	37	49	44	29	51	47	64	39	20	15	18	17	19	35	55	51	57	79	33	40	41	81	39	40	37	83	36	38	30	30	39	37	34	23	32	26	11	22	39	39	46	42	42	53	31	24	45	14	17	25	41	18	24	29	20	17	13	24	15	37	23	46	37	27	34	48	32	30	37	27	31	43	31	40	70	68	47	
74	74	72	67	66	63	60	58	56	51	47	41	37	42	49	63	55	49	62	67	78	95	106	89	65	61	92	91	96	86	77	75	72	68	71	84	59	41	38	46	67	58	28	22	28	47	43	33	34	34	33	34	41	38	35	44	46	56	38	38	32	31	25	28	50	52	57	65	82	44	42	43	76	42	45	42	69	42	41	36	33	30	33	33	32	24	27	30	40	33	10	6	13	34	26	20	25	42	18	25	41	42	17	11	42	20	22	24	39	39	45	30	44	35	27	29	35	22	23	25	21	28	39	29	42	77	74	47	
67	67	69	72	73	73	71	69	66	57	47	33	25	30	38	46	48	56	75	77	86	93	104	84	68	63	84	92	93	89	86	85	85	86	84	85	61	37	42	49	73	65	50	55	53	76	79	67	64	64	66	70	71	58	74	39	40	34	35	45	41	39	29	34	62	65	70	72	88	64	55	57	80	58	59	55	64	50	41	42	43	38	44	44	36	25	29	30	43	39	10	4	7	30	25	10	18	27	10	18	41	30	15	9	34	10	17	33	47	46	44	32	33	28	29	25	23	15	21	19	24	30	39	35	42	75	78	56	
64	64	72	66	62	67	70	69	68	64	57	48	23	37	41	51	48	50	80	90	100	104	108	100	75	75	76	80	73	72	67	65	75	66	61	53	49	32	26	39	75	67	62	58	52	59	61	57	56	58	56	58	65	54	79	65	63	45	53	51	50	48	45	51	66	68	62	71	89	46	58	50	83	42	51	47	63	41	33	33	36	38	40	39	21	19	19	19	25	27	14	12	16	27	32	29	31	29	21	24	36	33	25	22	24	22	19	21	33	32	33	28	25	26	29	36	34	28	26	21	17	21	28	32	53	79	85	81	
63	63	72	65	66	69	61	54	56	62	66	67	46	51	45	67	58	58	76	75	82	96	106	100	73	73	63	62	64	58	60	60	56	53	49	44	45	38	31	35	77	68	60	47	34	34	36	36	35	37	33	36	41	34	61	70	78	60	56	55	52	50	57	73	90	81	64	71	86	39	53	47	89	46	57	50	61	35	30	29	32	34	35	34	20	24	24	23	24	26	27	25	23	21	16	9	11	23	31	21	13	13	14	15	32	53	50	42	46	30	25	27	24	15	17	23	29	31	30	25	21	16	19	32	60	83	86	85	
64	64	70	61	66	64	48	32	28	22	28	33	30	38	33	39	31	38	46	42	54	82	101	95	69	70	71	82	84	76	78	78	75	77	75	67	48	35	29	33	74	67	58	43	28	29	32	34	34	34	31	34	37	44	84	85	71	58	60	56	55	54	56	62	69	69	59	67	81	39	51	45	78	39	48	44	50	31	30	30	32	34	33	30	16	24	26	22	20	22	19	19	24	30	32	29	20	20	25	19	15	14	11	11	26	44	40	34	39	25	16	16	20	25	33	22	30	39	37	30	28	18	15	25	51	71	73	78	
64	64	73	67	68	68	51	28	17	29	32	36	49	61	58	62	68	64	53	46	64	86	101	95	65	69	94	135	135	152	157	156	169	155	115	111	67	32	26	33	71	65	57	42	27	29	29	30	30	28	28	32	36	46	64	80	77	67	57	54	56	58	59	56	54	56	61	71	77	34	44	43	70	29	37	41	49	39	33	33	34	35	32	28	21	29	33	29	25	26	20	21	26	31	32	28	25	22	15	13	22	28	26	25	27	26	19	20	29	22	26	22	28	36	25	18	30	39	37	29	28	25	23	23	42	58	59	73	
64	64	75	70	69	71	59	36	25	53	58	59	74	68	49	76	117	90	56	45	63	91	102	93	59	62	97	147	136	180	184	180	176	141	91	110	67	36	36	46	75	67	58	37	18	20	21	26	27	23	26	31	32	36	35	72	75	70	63	63	59	56	58	60	61	56	63	70	68	27	31	35	56	19	25	34	37	34	34	34	35	33	29	24	15	20	23	24	22	19	16	18	23	27	26	20	18	25	22	8	8	27	39	35	37	33	27	29	36	34	31	17	23	39	28	21	27	30	27	24	28	33	35	27	40	55	56	72	
65	65	73	65	68	70	59	45	50	122	126	122	135	110	76	85	163	115	65	47	62	91	96	88	61	61	83	131	147	185	184	192	153	139	109	128	72	38	35	37	74	68	57	34	11	13	16	23	26	23	28	35	31	28	25	77	67	61	69	65	60	56	58	59	57	57	59	63	74	53	57	56	72	47	53	56	40	33	33	34	34	31	24	18	13	12	15	23	23	17	15	19	26	32	32	26	22	29	32	20	18	29	37	36	42	37	30	28	30	29	9	9	28	39	46	43	34	25	19	20	26	30	30	26	42	58	60	77	
62	62	76	67	72	72	66	51	66	156	160	156	152	116	78	111	167	132	68	51	59	81	95	86	60	62	80	109	132	155	154	170	145	149	109	125	70	41	42	49	78	67	55	39	20	22	28	29	27	32	43	51	49	45	41	75	72	65	64	59	56	56	61	61	58	60	60	64	74	68	68	59	61	48	48	46	32	29	32	32	31	25	18	18	27	20	17	20	23	21	31	27	29	28	16	12	26	28	26	36	39	36	38	42	40	30	26	28	25	15	15	33	50	47	46	53	25	11	15	20	19	19	27	33	47	62	68	84	
58	58	79	67	73	71	72	52	63	122	139	164	176	137	93	111	123	124	73	43	59	76	95	85	61	66	90	107	121	135	132	141	137	139	109	125	77	44	40	51	83	67	57	53	44	48	50	39	35	43	52	62	64	60	68	71	69	66	66	62	59	57	58	60	60	57	57	57	54	48	43	39	37	33	30	28	27	27	25	25	22	15	9	9	19	14	9	6	5	4	12	22	23	12	13	31	31	14	15	31	30	23	26	29	32	26	23	24	20	24	34	38	37	35	29	41	18	12	26	31	15	15	36	48	56	66	74	87	
58	58	80	68	73	73	76	55	61	88	105	132	140	103	76	98	147	130	79	51	58	70	87	78	60	62	80	102	117	128	125	132	127	128	108	124	76	44	40	51	80	65	56	59	60	66	64	53	53	59	52	56	69	70	73	74	70	65	63	62	62	62	60	59	60	58	55	50	44	37	32	28	27	28	29	27	25	24	24	22	23	24	20	14	26	27	28	27	27	28	25	24	19	19	27	24	24	32	41	44	41	33	26	29	42	34	23	23	25	37	39	36	32	31	30	30	34	35	37	39	22	14	30	45	61	74	80	89	
59	59	81	70	75	76	80	59	60	74	96	107	93	80	99	124	167	125	85	51	52	59	70	62	56	59	73	101	122	129	130	136	133	130	107	123	75	44	40	51	84	68	56	58	61	62	67	61	67	76	64	55	67	77	78	77	74	68	65	60	58	59	60	58	53	55	52	43	35	29	26	25	23	21	20	20	19	20	20	14	15	25	29	20	7	7	6	7	14	22	13	5	21	35	22	11	23	39	42	38	39	32	24	39	41	28	22	29	35	36	37	39	39	41	44	48	42	41	46	48	48	34	32	47	66	78	79	83	
60	60	82	70	74	78	83	61	62	79	99	103	89	74	79	126	141	99	84	40	49	47	48	44	50	59	74	105	121	126	129	136	135	129	107	123	75	42	38	49	87	71	57	59	63	58	59	59	69	79	71	56	60	72	72	73	72	69	65	63	59	58	60	53	44	45	42	33	26	20	17	14	11	10	11	14	20	23	22	13	7	18	25	16	16	21	24	20	19	21	13	26	33	28	24	21	33	44	36	29	33	27	17	29	29	26	32	39	36	35	34	37	35	30	32	44	28	31	45	43	48	47	44	52	71	80	74	75	
60	60	82	69	73	78	84	62	61	76	98	109	125	120	97	120	136	92	80	47	51	35	34	27	40	50	65	104	125	126	130	136	135	126	108	123	74	40	35	46	82	67	54	58	64	53	52	64	75	78	78	72	72	80	76	74	72	67	62	62	63	60	47	35	28	31	29	23	17	11	9	6	3	6	11	17	24	28	30	25	14	21	25	13	10	19	23	17	10	7	23	28	19	27	58	52	41	41	33	26	22	15	14	26	32	38	48	50	41	36	33	36	34	28	32	39	31	34	43	39	39	38	35	41	65	76	72	74	
61	61	84	70	73	79	84	61	60	81	103	103	122	133	117	116	105	90	94	31	43	28	22	20	39	56	76	112	125	125	128	133	131	122	108	124	74	41	36	46	81	69	56	61	63	54	49	66	76	72	76	82	78	72	70	71	72	70	66	58	64	61	32	14	14	22	23	19	15	11	9	8	8	12	19	25	26	20	17	20	13	18	20	8	12	16	15	9	10	17	33	25	19	25	26	26	31	34	32	21	9	7	17	34	40	41	45	47	41	39	32	32	30	26	32	39	43	40	35	36	37	40	43	43	66	76	73	76	
65	65	88	76	78	80	82	57	57	74	101	100	114	124	118	118	104	90	92	35	40	20	21	28	37	56	81	107	117	122	123	132	129	126	108	126	75	43	41	50	73	65	50	58	52	61	61	66	68	71	73	75	74	71	70	69	67	65	65	65	63	67	32	21	25	28	27	24	22	21	22	23	20	16	22	28	26	22	31	33	24	29	31	20	26	21	17	17	21	26	17	20	21	33	28	18	26	31	24	12	14	25	33	38	41	34	34	38	35	32	25	22	24	27	28	29	22	24	30	29	29	34	40	38	62	73	86	86	
65	65	86	77	80	80	83	59	58	79	106	104	116	126	121	116	97	85	93	38	41	24	38	57	60	57	62	94	119	126	129	138	134	129	113	129	76	41	39	48	78	69	54	60	57	66	65	67	68	70	71	72	72	69	69	68	67	65	65	64	67	61	25	23	30	26	28	28	25	25	28	27	26	25	19	17	22	23	18	18	14	22	26	15	18	6	6	23	26	15	11	21	27	40	31	18	26	27	16	14	26	35	34	29	26	25	36	46	44	45	40	36	38	38	38	36	33	34	34	31	32	34	38	38	64	73	84	83	
65	65	84	79	82	80	84	61	57	74	101	97	106	113	109	112	88	75	89	37	43	44	61	60	53	50	65	104	120	129	133	143	137	131	114	129	75	40	39	49	80	70	62	66	64	64	66	69	69	70	70	71	70	69	68	68	66	65	65	63	67	48	19	22	25	18	25	30	28	23	25	24	27	28	20	14	20	28	27	24	23	32	34	23	23	28	30	27	22	18	15	24	30	39	28	14	25	28	19	20	31	33	29	33	37	45	52	53	47	29	27	28	33	35	35	39	40	39	31	24	24	29	38	41	68	77	86	83	
66	66	81	80	84	80	85	64	57	71	102	103	111	119	116	112	83	70	85	34	43	63	82	66	58	54	66	109	124	132	136	144	138	131	109	125	73	39	37	48	86	75	70	71	72	66	70	70	69	67	67	66	66	66	66	66	65	64	65	62	63	38	21	25	26	21	20	19	17	17	21	25	29	33	32	29	30	32	31	26	22	26	25	19	20	30	32	20	11	10	14	24	28	38	32	27	27	27	30	28	30	29	26	31	41	50	47	44	46	52	51	53	56	55	51	42	44	45	41	42	44	44	49	50	76	85	94	88	
66	66	79	81	86	80	86	66	57	69	107	112	122	130	126	111	85	77	91	33	41	60	82	70	63	53	60	108	123	130	131	139	134	127	105	123	72	38	33	42	79	76	86	90	90	72	73	72	69	67	65	64	64	65	65	65	65	64	66	64	63	38	24	29	48	49	40	34	30	25	19	19	22	25	25	24	24	26	26	23	21	20	22	24	28	28	29	27	21	13	17	26	27	31	23	20	23	28	35	33	34	35	35	38	44	50	44	36	38	38	41	46	50	50	45	43	47	48	48	55	55	52	54	50	73	83	97	91	
65	65	77	82	88	80	87	67	56	70	110	116	123	125	119	107	89	89	102	34	37	57	86	78	66	48	57	110	124	127	127	135	130	125	103	123	73	36	28	34	65	81	117	131	119	77	73	73	70	67	65	63	64	65	65	65	64	64	66	67	68	42	26	35	78	95	92	92	86	60	25	21	31	32	27	25	30	34	31	31	25	18	18	25	24	27	26	17	12	11	13	24	27	33	25	22	31	36	35	33	37	39	37	39	57	92	106	103	101	94	96	99	99	94	87	76	73	66	60	61	53	52	56	47	68	79	96	90	
68	68	79	85	83	81	84	80	52	65	104	118	123	130	124	117	98	86	106	34	36	53	81	81	62	45	45	102	115	123	120	127	131	113	96	121	54	37	25	24	41	46	106	97	106	81	54	58	64	66	68	67	65	69	67	63	61	64	68	68	65	51	25	37	83	100	102	100	103	72	20	22	31	33	31	27	32	28	25	20	29	14	28	33	29	18	24	24	15	14	14	23	25	22	26	31	33	36	34	33	40	46	44	34	80	134	134	135	132	125	129	136	142	146	146	137	136	132	129	133	130	125	129	79	86	92	90	92	
67	67	77	83	88	91	89	77	45	64	105	121	126	133	127	113	102	93	107	33	38	54	82	85	63	44	45	106	116	115	121	124	121	114	98	116	55	31	19	40	53	30	45	32	50	33	25	46	67	67	66	68	67	66	71	74	72	68	66	67	64	51	24	39	84	93	73	80	87	78	27	29	28	26	33	48	49	57	56	33	29	35	48	67	79	32	28	19	13	9	13	25	27	25	30	35	37	39	34	30	33	33	35	38	88	140	137	137	133	130	136	144	149	151	150	137	135	131	129	132	129	128	135	78	79	89	89	94	
66	66	77	87	88	89	87	80	53	57	97	113	117	127	125	120	111	100	108	34	36	50	81	86	60	40	43	107	120	118	120	118	115	114	91	111	59	32	23	46	33	20	17	6	23	26	32	52	76	74	69	71	74	75	72	69	68	68	68	66	65	49	23	40	86	95	41	47	51	79	38	28	36	38	25	70	52	44	75	48	34	45	20	28	87	25	29	16	15	10	15	29	31	29	33	37	37	39	35	34	39	38	37	38	95	143	141	140	136	134	143	151	154	152	149	140	136	133	132	134	130	130	139	77	70	88	91	89	
65	65	73	79	73	72	68	65	48	64	100	110	112	127	131	110	93	82	98	38	37	48	80	87	58	39	41	104	128	134	115	107	110	108	87	112	60	33	22	19	7	5	5	2	15	24	42	57	73	75	77	81	78	72	67	66	68	70	69	65	63	45	19	39	84	100	26	28	28	84	44	27	21	28	29	63	27	18	42	29	34	57	25	26	84	32	40	18	17	16	20	33	35	31	33	35	35	36	32	30	34	29	26	32	98	142	143	141	137	135	146	153	152	146	143	141	138	136	137	136	133	135	142	75	68	88	90	80	
64	64	59	48	47	56	59	64	56	72	108	115	112	126	134	106	88	79	96	42	35	47	80	86	57	41	42	91	107	115	91	84	90	85	83	99	53	34	27	18	15	9	5	18	41	37	46	53	54	52	54	52	45	36	23	22	38	59	71	65	64	41	16	38	83	91	21	27	24	86	31	26	35	34	27	57	42	29	45	32	46	69	71	77	56	32	35	16	19	26	21	31	34	31	33	34	30	28	27	30	37	31	25	27	101	140	143	139	136	137	147	153	148	141	138	138	133	134	137	135	133	136	137	72	74	91	84	75	
63	63	66	63	51	48	48	57	58	74	113	122	115	124	128	99	92	89	101	42	32	43	74	77	50	37	35	80	89	92	95	99	104	105	103	97	54	33	26	40	29	19	20	27	41	33	20	17	21	21	25	25	22	23	25	40	58	67	68	65	63	38	11	34	78	88	27	29	23	87	27	22	30	30	29	48	55	39	40	27	33	22	24	18	24	27	33	24	22	19	15	25	31	31	34	36	33	33	31	35	42	34	27	29	107	142	143	138	133	140	149	152	145	137	136	137	131	133	139	137	136	138	131	67	78	90	75	68	
56	56	58	60	52	61	69	77	57	76	115	116	126	127	113	97	98	103	104	56	40	46	69	41	25	16	24	80	106	99	96	95	97	100	106	104	77	38	26	41	68	56	63	41	23	20	12	24	29	44	53	66	65	66	36	66	74	70	62	60	57	38	17	40	86	80	22	22	18	88	25	26	29	29	29	31	33	23	22	25	22	16	14	26	29	24	29	19	11	6	11	23	30	31	35	30	34	40	38	39	41	35	30	34	120	139	141	133	127	135	149	148	140	141	139	137	134	135	137	136	136	132	137	50	70	87	78	67	
56	56	62	71	68	80	87	91	57	73	117	122	126	132	120	106	102	105	103	65	41	42	58	62	92	50	16	68	98	100	97	86	72	61	52	45	28	12	25	49	83	61	83	76	58	67	71	86	72	70	56	57	55	66	30	67	68	65	64	58	55	38	20	43	90	69	18	22	22	87	25	31	36	30	26	35	39	40	51	33	44	83	86	90	56	32	31	27	25	18	15	27	34	34	35	30	26	27	29	33	36	33	30	39	125	137	139	130	125	134	148	145	138	141	139	136	135	135	135	135	135	128	130	44	66	78	75	69	
59	59	65	77	76	83	86	89	52	61	109	125	103	106	97	80	75	77	83	58	37	38	36	32	66	43	8	32	38	32	26	26	31	35	32	34	35	35	33	31	56	30	55	61	36	35	29	42	38	39	28	39	38	49	30	74	68	63	65	58	57	37	19	43	89	92	62	63	55	88	22	27	33	35	46	77	99	98	79	36	44	89	85	80	64	30	26	30	33	22	16	31	39	37	34	33	27	24	32	41	45	41	38	47	128	137	137	129	126	138	147	143	137	138	135	133	134	134	134	134	133	129	111	50	71	73	70	74	
59	59	62	74	78	81	84	87	50	55	81	92	70	83	84	77	76	75	74	51	38	37	40	10	10	21	19	22	37	38	39	39	39	38	40	35	29	22	17	15	23	6	17	26	22	23	20	38	37	36	23	36	39	50	31	76	70	63	62	57	58	37	18	45	89	103	94	97	89	93	24	28	36	36	47	79	97	89	75	42	52	84	81	92	55	27	26	28	29	19	17	31	42	39	32	33	26	18	27	39	41	36	36	58	130	138	134	127	127	141	146	142	136	135	132	132	132	132	132	132	132	132	92	54	73	76	70	74	
58	58	60	70	80	81	82	87	50	45	66	84	77	75	62	51	53	50	45	27	22	27	51	43	32	24	35	37	35	34	34	39	44	47	36	31	22	17	23	33	39	39	36	32	25	18	17	38	38	38	26	40	42	47	24	71	71	66	62	57	59	36	18	46	88	95	98	103	103	89	24	25	32	37	52	91	106	92	76	40	56	86	77	89	47	29	33	30	27	19	21	31	41	41	33	32	29	21	28	41	40	35	38	67	133	138	132	126	128	143	143	140	135	133	130	130	131	131	131	131	130	132	71	56	70	76	68	69	
49	49	54	67	80	77	76	81	44	44	31	17	25	30	37	30	31	32	39	38	39	36	52	56	51	40	57	55	54	53	47	36	24	15	18	29	41	48	46	42	43	58	68	61	27	13	22	43	38	37	24	32	32	44	23	71	70	64	62	56	60	35	17	46	89	101	106	101	105	81	25	29	36	35	47	87	99	83	69	29	54	91	85	99	42	24	28	26	24	16	27	32	42	46	37	34	27	14	18	32	30	27	35	76	135	138	130	124	129	143	140	138	135	132	130	129	129	129	129	129	128	127	55	66	65	71	69	70	
32	32	38	56	72	68	68	68	31	28	32	32	47	37	35	33	33	39	46	50	42	37	44	40	40	47	53	34	25	20	16	21	33	43	47	47	51	62	71	75	76	77	75	60	18	20	29	47	38	40	29	33	33	46	27	74	70	63	61	57	59	34	20	46	89	101	105	96	99	78	27	31	36	36	52	92	110	89	72	32	57	83	70	98	39	26	27	25	24	18	29	35	43	46	40	34	30	21	26	37	38	37	36	80	135	138	130	126	130	144	139	136	134	132	131	125	131	125	130	128	126	121	56	68	67	69	69	71	
19	19	24	42	56	51	53	49	26	23	24	24	33	28	32	29	25	37	34	41	33	20	16	16	18	25	34	30	26	35	44	49	55	61	64	68	72	74	72	68	70	74	72	57	21	25	30	51	38	41	29	28	31	45	26	73	70	63	61	58	58	31	24	44	89	107	111	102	98	76	24	29	36	37	56	91	111	88	69	30	65	87	67	102	33	31	28	24	22	21	28	39	43	41	39	33	29	22	30	38	40	42	32	85	134	136	127	128	132	145	139	133	132	132	132	121	136	121	130	125	123	105	56	59	68	66	66	73	
9	9	7	11	18	17	22	23	19	30	31	37	35	34	38	30	25	43	37	37	34	20	18	21	30	44	59	58	53	59	65	68	71	75	74	71	68	67	66	66	68	72	70	57	23	27	30	51	40	42	32	33	34	45	26	72	69	62	60	57	57	29	23	45	88	111	117	107	101	77	24	29	36	37	57	93	112	88	68	31	69	87	68	100	29	28	26	23	20	18	28	40	44	42	40	34	29	22	31	38	42	43	37	95	137	133	121	125	136	143	137	133	132	132	131	122	136	121	124	120	121	86	47	65	63	64	69	76	
30	30	31	28	35	41	43	45	47	41	42	61	47	51	58	46	37	59	52	49	66	58	56	57	63	74	86	83	76	76	76	74	72	70	71	69	68	68	69	71	68	71	70	57	23	29	32	57	47	45	35	37	35	46	26	72	68	61	59	55	56	26	22	46	86	113	121	110	102	76	24	30	36	36	58	94	111	85	65	32	74	87	70	95	27	27	26	24	21	18	26	38	42	40	38	32	25	18	27	35	40	42	39	102	138	134	122	125	139	139	135	132	131	131	129	122	133	123	121	119	121	72	46	67	60	68	67	67	
54	54	53	61	54	40	33	35	40	43	46	78	52	63	73	71	51	66	51	50	91	79	71	67	69	75	83	78	70	70	73	75	74	71	67	68	69	69	68	67	65	69	69	58	24	30	35	63	52	45	33	34	32	46	25	71	67	60	58	53	55	23	22	48	85	116	126	115	104	75	24	31	36	36	59	95	111	83	61	31	77	84	69	89	26	27	27	25	21	19	24	35	39	37	35	29	21	13	23	32	37	40	40	106	136	135	126	128	141	136	133	130	130	129	127	120	128	124	121	120	113	60	45	63	61	77	68	65	
80	80	85	93	78	39	26	30	32	39	43	83	47	62	74	64	47	74	59	43	85	76	70	65	67	72	80	78	73	71	72	73	70	67	68	68	68	67	65	63	64	68	68	58	25	31	35	65	54	44	31	33	31	46	25	71	67	59	56	52	54	21	21	49	84	116	128	118	105	75	23	31	37	35	59	96	110	81	57	30	79	82	68	83	23	25	26	24	21	17	24	35	39	37	35	28	20	11	21	31	37	40	46	116	134	131	126	129	141	133	131	130	129	129	126	120	122	123	121	116	97	48	48	64	65	81	66	67	
77	77	81	91	83	47	34	38	31	40	43	86	45	61	73	67	47	74	58	44	98	81	71	66	68	72	78	76	70	68	70	73	71	68	67	66	65	64	66	67	63	66	67	58	26	32	36	66	58	45	34	38	34	46	27	71	66	59	55	52	54	20	20	50	83	111	125	116	104	74	23	31	36	35	59	96	107	78	55	28	79	81	69	79	20	23	24	21	18	15	23	35	40	38	36	30	20	11	22	33	37	40	54	128	134	127	125	129	140	131	130	128	129	128	125	120	122	122	119	112	80	41	57	70	69	77	59	67	
80	80	77	73	59	50	30	38	32	32	35	65	43	59	70	72	43	63	47	31	86	78	78	75	75	74	74	73	69	69	69	69	69	69	69	68	67	68	69	69	52	55	63	58	32	37	37	53	58	40	35	46	42	48	34	67	59	58	50	60	63	30	23	56	77	82	93	92	90	69	29	33	36	33	55	94	91	73	54	27	76	83	74	70	20	23	22	15	13	16	17	29	36	38	38	29	18	15	26	35	34	35	66	132	140	130	127	134	136	129	133	127	123	126	124	120	136	124	122	111	69	36	63	66	63	67	64	73	
81	81	78	78	66	56	31	39	36	33	36	64	44	57	66	75	46	61	49	33	86	78	78	75	75	74	74	73	69	69	69	69	69	69	69	69	68	68	68	69	53	56	63	58	30	35	36	50	52	35	31	43	42	48	27	62	58	59	51	58	61	29	24	58	78	109	113	96	85	64	35	37	34	32	54	91	90	72	43	30	84	79	75	64	21	23	20	14	13	18	19	30	37	39	38	29	19	16	25	37	38	37	66	132	139	128	127	134	134	129	131	126	123	126	123	121	131	121	120	108	54	43	65	68	63	65	67	79	
81	81	80	81	71	61	31	37	38	34	36	61	44	54	61	65	45	60	50	31	85	79	78	75	75	74	74	73	69	69	69	69	69	70	70	69	68	67	68	69	54	57	64	58	29	33	31	39	42	29	27	39	40	45	25	62	56	57	52	56	58	27	25	60	79	112	122	116	109	73	37	31	29	36	60	91	87	73	46	31	77	64	71	53	21	22	19	13	14	21	21	31	38	39	38	28	18	14	23	35	40	38	67	134	137	126	127	134	131	128	128	124	123	124	122	124	127	120	118	102	39	52	64	70	63	64	71	82	
83	83	81	80	70	63	31	33	37	34	36	57	47	50	55	45	40	58	51	26	80	80	78	75	75	74	74	73	69	69	69	69	69	70	71	70	68	67	67	68	56	60	65	58	25	27	25	29	31	21	18	28	32	46	31	69	54	52	53	56	56	25	25	61	79	117	120	112	105	66	42	37	33	37	59	86	87	75	39	28	70	63	75	52	21	22	19	14	17	23	23	32	38	38	36	26	15	10	19	31	35	38	70	136	133	122	126	132	127	128	123	122	123	121	119	126	122	119	117	85	33	56	62	68	63	64	75	75	
84	84	83	79	66	64	33	34	35	32	34	53	49	49	53	45	41	54	52	28	79	80	78	75	75	74	74	73	69	69	69	69	69	70	72	70	68	67	67	67	57	61	65	58	23	25	22	24	29	26	23	31	40	57	33	69	56	52	53	57	55	24	25	60	77	116	120	117	112	64	41	34	25	24	43	68	74	67	36	32	61	48	48	31	18	21	20	16	18	24	23	32	37	37	33	23	12	10	20	27	30	39	76	137	132	120	126	131	124	128	120	120	123	120	117	124	117	117	114	64	37	52	57	65	64	66	77	66	
85	85	84	79	63	66	38	36	35	30	33	50	50	48	52	60	47	48	54	35	80	80	78	75	75	74	74	73	69	69	69	69	69	70	72	70	68	67	66	66	59	63	66	57	21	21	19	23	36	44	48	59	68	71	30	64	60	57	52	58	56	24	25	60	75	111	116	115	113	62	42	28	17	27	47	65	64	52	28	26	32	13	11	12	17	21	22	19	19	24	23	31	36	36	32	21	12	13	23	27	27	41	83	138	130	118	125	131	122	128	117	119	123	118	116	120	112	113	109	44	41	46	54	61	64	69	78	62	
84	84	82	82	78	69	37	36	39	32	32	47	57	46	55	53	44	47	56	30	79	79	78	75	75	74	74	74	73	72	72	71	71	71	72	69	66	64	66	67	60	66	69	62	53	58	61	56	61	59	70	71	74	69	29	65	57	56	48	54	49	24	24	62	69	107	116	114	114	57	46	34	19	17	29	34	32	26	13	12	24	10	14	10	18	23	25	22	22	26	27	29	32	34	29	20	14	14	22	26	27	32	96	134	124	121	123	124	124	121	117	119	119	115	115	121	102	109	94	41	46	54	59	55	57	69	74	62	
83	83	81	79	79	68	38	37	39	33	33	46	60	46	54	49	45	49	59	28	80	80	76	74	74	73	73	72	71	71	70	70	69	69	71	69	66	65	65	66	58	61	70	73	73	74	66	62	67	41	30	26	43	57	25	57	51	54	47	54	48	23	22	61	67	84	93	99	108	53	40	36	32	25	24	23	20	18	20	14	20	9	13	13	17	21	22	18	20	26	28	29	32	33	28	19	13	11	21	27	30	35	102	131	121	122	124	123	125	119	116	118	118	113	114	118	103	107	83	33	41	52	55	52	57	70	74	63	
84	84	81	77	79	66	40	38	39	34	33	45	63	46	53	49	46	47	61	25	72	77	75	73	73	72	72	71	70	70	69	68	68	68	69	69	68	67	66	64	66	66	68	61	43	33	23	31	51	19	4	11	33	49	33	60	55	57	46	55	49	23	23	60	66	87	90	89	98	48	38	35	36	29	21	22	25	19	14	15	26	29	37	48	21	23	22	18	22	29	29	30	32	33	27	18	12	12	22	28	32	42	107	128	119	122	124	123	124	118	115	117	116	112	113	111	103	105	74	32	45	54	52	51	59	70	72	62	
84	84	81	75	80	65	42	39	38	35	34	43	68	46	52	53	47	45	69	30	69	76	75	72	72	71	71	71	71	71	70	70	69	69	68	69	69	67	66	64	67	70	70	49	15	4	2	21	52	24	14	26	42	47	40	51	48	55	46	56	50	25	24	62	68	105	105	96	98	47	39	37	37	31	22	25	32	33	39	46	56	62	59	75	23	24	22	19	23	31	29	30	32	32	27	17	13	16	25	29	33	45	111	126	118	121	124	122	123	116	113	115	114	110	112	105	103	101	65	34	50	59	53	51	59	67	66	58	
85	85	83	76	83	65	45	41	36	36	36	42	73	46	51	43	41	39	73	31	68	78	76	74	73	73	73	72	71	71	70	70	69	69	70	69	68	66	66	65	64	69	72	49	9	3	3	25	57	30	25	32	42	46	33	16	19	43	48	54	48	24	24	63	69	102	111	109	108	48	37	35	34	41	54	62	70	72	66	75	75	76	55	73	18	21	21	17	20	27	29	29	31	32	26	15	14	18	27	29	34	50	116	124	118	121	123	120	120	114	111	114	113	108	109	103	103	94	51	31	45	59	54	50	59	64	62	56	
85	85	85	78	87	66	48	42	35	36	37	40	75	46	50	43	52	49	76	24	66	82	77	75	74	74	74	72	69	69	69	68	67	67	71	69	66	64	65	66	67	66	68	50	11	4	3	25	58	29	22	27	34	41	33	7	16	40	48	48	43	20	21	61	68	98	111	110	105	44	38	38	32	53	85	90	86	83	66	76	72	74	47	71	18	22	23	20	21	26	28	29	31	31	25	15	12	16	27	30	37	56	122	125	119	121	122	118	117	113	110	112	111	107	108	101	102	88	45	35	48	60	52	46	57	63	63	57	
86	86	89	90	93	66	48	34	31	29	29	33	64	48	57	52	61	64	74	17	65	85	83	80	77	76	77	72	63	62	62	62	62	62	65	64	62	61	61	62	67	66	57	52	23	16	12	31	58	37	23	32	46	43	35	19	23	49	48	46	38	15	14	54	68	101	105	108	107	44	38	41	34	59	92	94	85	76	66	72	68	65	49	57	18	25	25	18	17	23	22	26	32	33	27	17	13	11	21	29	36	82	127	124	118	122	121	116	113	112	111	111	110	107	107	103	99	81	41	36	59	58	50	41	55	61	60	55	
87	87	90	96	91	63	49	31	35	53	58	54	76	68	71	69	67	69	72	17	62	81	78	78	78	79	79	71	59	59	59	60	60	60	61	61	60	58	58	58	72	60	31	32	17	15	19	41	69	63	40	25	23	17	28	30	24	51	65	54	32	7	9	53	56	95	111	112	95	36	38	43	36	60	89	94	89	73	56	54	54	56	54	49	14	21	22	15	14	21	18	23	33	35	29	19	14	11	21	30	37	102	130	122	118	122	121	114	112	111	111	111	109	108	106	107	95	73	35	42	58	54	48	42	56	59	59	57	
87	87	91	96	92	74	80	76	78	76	86	79	93	81	75	68	55	57	66	17	59	84	83	79	80	79	72	68	69	69	69	68	68	68	68	67	66	63	62	62	72	48	17	35	43	50	45	35	20	11	10	13	21	22	18	38	40	37	30	45	34	20	30	61	54	67	90	92	68	25	23	25	20	44	70	76	74	62	54	56	61	56	35	13	10	17	20	16	17	24	21	22	32	37	28	17	13	13	26	31	37	103	130	122	119	122	120	113	112	110	111	111	110	108	107	106	91	55	31	49	46	51	46	47	58	61	64	61	
88	88	89	90	85	69	83	82	82	76	69	70	82	51	51	53	45	59	72	23	65	89	83	76	76	76	70	69	73	73	73	72	71	70	70	69	67	65	63	63	73	50	17	23	16	15	17	19	20	25	27	21	16	15	30	54	47	42	55	40	30	32	32	52	74	57	60	78	77	41	24	24	22	47	68	71	68	57	51	37	22	17	15	14	14	19	20	17	17	22	20	18	29	37	29	16	12	14	27	30	37	102	128	121	119	122	118	112	112	110	111	111	111	110	108	104	92	37	36	44	45	50	48	47	59	65	64	54	
89	89	88	86	82	61	72	69	64	59	35	52	75	35	43	53	50	71	81	21	57	88	85	79	75	71	67	70	78	78	77	76	75	74	73	71	69	66	64	63	66	48	17	21	17	25	28	27	26	24	21	19	20	20	23	50	63	56	60	53	32	41	38	40	58	44	39	63	62	33	29	32	22	39	49	47	42	24	13	17	20	17	15	14	20	23	22	19	18	20	22	19	31	42	34	21	15	14	25	29	39	101	125	120	120	122	116	111	112	110	111	111	111	111	110	106	87	34	45	44	52	52	51	47	59	68	62	45	
89	89	85	81	83	61	67	59	51	41	18	43	82	43	45	68	61	84	98	36	62	81	78	81	76	66	60	67	77	76	75	73	72	70	69	67	65	62	60	59	69	52	20	23	20	29	32	33	34	29	23	20	19	31	43	39	33	21	35	55	53	58	43	36	37	35	29	43	38	34	38	38	22	27	26	24	26	19	23	22	22	25	28	30	22	23	22	19	18	19	23	17	31	46	37	24	19	17	24	30	44	103	121	119	120	122	115	110	113	110	111	112	112	111	110	109	60	39	43	54	53	54	50	50	58	65	59	43	
88	88	84	78	77	54	47	42	28	42	26	49	91	53	47	46	36	58	83	33	47	48	41	67	70	64	65	65	72	73	73	71	69	67	68	65	62	59	58	56	66	45	19	25	21	21	22	22	22	22	23	25	24	24	24	21	26	14	13	44	57	43	10	21	40	40	31	35	38	50	42	40	32	33	31	33	43	32	26	28	32	36	30	23	20	20	20	20	19	19	19	11	26	38	34	25	23	28	28	31	48	97	118	119	120	120	114	111	113	112	111	113	112	114	111	103	33	38	37	56	46	49	48	50	58	61	59	46	
86	86	85	80	80	67	39	49	37	60	42	55	84	46	57	58	66	75	89	46	49	47	32	71	72	62	66	56	66	69	68	66	63	61	62	58	55	53	51	47	58	31	18	30	37	40	38	33	32	30	27	24	25	27	23	25	19	15	18	16	26	28	18	23	37	42	40	37	34	31	38	44	37	43	41	40	52	36	27	28	25	29	20	21	19	19	20	25	26	24	26	16	25	27	32	37	28	36	34	30	40	68	108	119	119	117	114	113	115	117	113	114	110	116	112	80	29	31	41	43	43	38	44	39	53	55	56	42	
87	87	86	85	74	73	56	54	45	49	43	58	88	57	52	68	98	104	92	43	46	47	38	70	80	67	64	61	61	61	61	63	66	67	62	62	63	62	57	51	74	54	40	42	36	31	33	34	33	31	26	22	21	21	19	21	19	16	19	20	43	48	27	30	56	33	28	24	21	38	47	57	50	53	47	42	51	38	23	19	23	26	15	18	17	20	24	27	27	27	29	15	21	24	36	49	47	36	31	29	29	64	114	118	119	117	115	114	115	114	114	115	108	115	112	55	32	36	34	39	39	34	42	37	50	50	52	39	
88	88	88	89	69	67	56	55	72	47	42	43	67	61	54	61	61	43	33	27	36	38	37	57	80	72	61	71	69	65	63	63	61	59	64	61	59	55	49	42	26	17	21	34	38	40	35	30	29	26	22	18	17	17	15	17	20	21	21	27	39	59	63	45	27	27	29	27	23	28	32	31	27	36	44	47	43	30	19	12	23	30	20	27	25	30	32	27	25	25	29	15	20	24	34	48	53	42	18	13	22	62	112	117	119	117	115	114	116	115	114	116	112	114	95	45	35	38	33	28	27	33	45	41	52	50	52	40	
88	88	93	77	32	45	61	46	37	38	41	42	52	51	38	25	26	23	25	34	37	39	42	49	76	78	63	72	68	68	72	74	71	67	60	52	42	31	22	15	17	17	21	26	25	27	26	23	20	18	17	16	16	15	14	16	23	26	23	23	36	58	66	59	63	58	49	41	34	24	32	29	27	21	30	39	30	23	20	17	22	30	24	31	24	31	32	24	22	27	31	19	28	30	33	39	36	44	22	25	58	86	111	117	118	117	115	115	117	118	114	117	119	112	70	45	34	31	35	24	25	35	41	38	47	42	45	38	
87	87	91	63	36	46	53	37	28	28	21	15	13	22	22	32	39	48	49	50	52	43	38	36	63	80	69	75	79	70	60	51	38	29	39	36	34	32	30	26	14	15	17	15	15	19	24	22	18	16	18	23	20	9	12	18	32	41	37	35	26	31	38	45	62	53	43	36	33	31	43	48	51	31	28	34	28	34	38	40	28	30	27	29	28	36	35	25	26	36	35	26	41	46	49	52	37	39	16	25	80	114	117	116	118	117	115	115	118	118	114	116	118	106	55	39	40	29	31	24	27	38	43	40	48	42	45	40	
86	86	93	62	43	29	16	9	5	2	14	30	34	47	52	56	44	51	54	48	35	24	22	20	48	80	74	59	38	30	27	27	24	21	35	36	36	34	28	21	6	10	11	6	8	16	18	14	8	7	12	22	27	27	27	28	39	44	37	37	30	29	16	10	25	50	55	52	44	44	39	44	56	43	35	34	29	48	62	66	38	32	30	29	43	49	45	31	32	44	47	39	49	49	45	43	33	30	27	46	99	122	111	116	117	117	115	116	118	116	115	115	112	100	51	34	54	34	23	22	23	34	44	42	48	41	44	40	
84	84	83	60	40	33	28	29	43	45	47	42	43	49	47	45	43	35	27	25	32	41	49	61	61	45	33	34	39	48	43	30	24	28	30	30	25	23	23	18	22	22	24	29	26	14	9	10	12	16	19	23	22	19	23	28	28	36	46	28	32	39	25	8	13	18	32	30	35	26	18	25	47	15	20	11	13	38	35	36	27	25	33	47	28	24	41	28	44	44	44	48	56	50	28	30	39	38	40	68	109	128	119	116	118	117	113	114	118	116	119	118	113	87	41	39	33	38	40	20	23	38	46	49	41	38	40	36	
82	82	79	53	35	40	45	41	41	41	45	44	45	43	35	34	32	30	31	38	46	48	41	30	33	44	46	42	40	33	23	19	23	26	12	19	20	19	18	14	16	15	18	24	27	21	21	23	25	27	28	26	26	26	27	30	29	29	37	52	46	53	37	20	39	41	62	33	32	44	17	19	51	54	67	44	38	46	3	15	27	51	56	55	32	23	43	38	52	64	57	49	48	42	28	33	39	40	42	50	68	83	91	102	103	109	115	116	113	114	114	115	110	69	37	42	35	41	40	28	26	34	46	50	43	37	33	32	
80	80	78	54	33	34	40	34	30	32	25	21	26	31	29	44	38	32	32	38	40	39	28	20	29	40	39	30	23	18	14	13	16	18	20	23	16	7	9	13	13	16	24	32	32	26	28	30	28	28	28	30	29	24	25	35	38	37	38	35	58	72	50	32	44	38	51	26	27	31	41	46	45	49	56	33	29	29	21	33	51	47	56	63	47	29	47	42	43	59	52	43	43	43	34	33	35	40	44	37	35	41	51	56	56	67	86	103	112	116	114	112	99	46	39	42	32	38	35	30	27	30	41	45	41	36	32	36	
79	79	69	37	21	18	22	26	30	30	32	39	42	34	25	34	40	47	53	46	31	27	20	22	30	19	15	20	16	20	17	10	8	12	25	29	22	14	20	27	30	23	18	19	29	38	38	36	38	40	43	47	47	42	44	54	56	53	54	60	54	54	66	66	46	30	32	24	29	22	58	92	69	49	66	54	49	42	39	52	74	60	59	53	46	33	53	55	46	62	54	43	40	39	32	26	29	35	42	41	35	32	33	33	33	34	42	57	72	89	101	111	87	35	44	40	31	32	32	28	32	34	33	34	36	36	39	46	
80	80	64	34	44	54	59	61	61	53	38	26	19	23	37	40	40	41	40	35	29	22	16	20	23	13	8	11	14	14	8	4	6	12	20	30	33	33	35	34	21	24	31	35	35	33	35	39	46	56	70	84	78	53	54	57	51	45	44	41	54	56	75	86	58	37	34	27	23	30	32	31	47	53	37	8	37	53	32	22	10	37	50	40	42	35	48	54	45	60	63	53	42	34	30	29	30	28	31	37	32	21	21	32	37	38	37	38	41	41	60	82	58	32	37	37	38	30	37	28	46	54	32	31	35	36	40	47	
83	83	81	67	61	50	44	41	37	37	39	41	29	19	24	26	27	25	20	17	20	21	23	11	7	29	28	9	9	9	15	23	26	27	30	34	32	32	33	28	21	23	29	34	42	49	51	59	78	91	95	92	77	55	58	61	54	51	55	49	41	58	68	60	64	45	35	42	36	60	60	46	47	35	35	7	28	55	54	35	11	30	44	39	42	39	43	52	47	62	58	55	52	45	39	36	34	27	26	32	30	23	23	24	25	30	36	38	38	37	36	48	25	36	40	36	44	28	41	25	55	71	36	34	40	37	35	40	
40	40	30	34	36	38	40	43	46	33	26	22	24	28	34	16	14	17	17	14	10	11	15	12	11	21	21	17	25	31	32	28	29	33	31	33	32	35	38	34	27	34	33	40	50	55	58	67	84	106	112	90	76	63	60	63	76	70	69	50	42	52	73	65	52	40	45	37	50	80	68	64	84	71	73	36	57	64	76	64	19	23	32	38	45	40	52	49	47	55	58	57	49	42	46	46	46	43	36	33	31	31	30	22	20	29	35	41	35	38	38	34	23	33	36	39	42	35	31	26	57	62	32	39	39	40	33	32	
26	26	28	31	42	46	40	31	27	27	21	15	12	11	11	14	9	4	4	8	12	8	6	20	31	39	42	37	31	34	35	34	34	33	28	31	32	28	33	46	43	43	31	35	43	44	59	65	64	92	109	87	82	97	104	99	113	85	61	48	56	56	56	51	58	43	60	42	43	58	51	73	104	95	83	42	79	95	50	49	49	37	34	39	43	48	51	48	49	49	61	61	51	44	49	49	49	45	34	30	35	44	44	23	16	32	44	48	32	36	39	32	25	30	32	41	44	39	27	23	44	50	31	42	39	43	37	34	
21	21	18	26	24	23	22	21	20	16	16	13	9	10	14	34	24	11	5	10	17	26	31	37	40	42	41	39	34	29	29	34	38	40	48	40	43	46	46	58	57	54	37	35	41	43	48	55	60	84	109	113	110	98	100	85	92	72	58	98	105	75	30	16	33	20	48	36	34	45	52	77	101	104	97	75	77	101	57	46	50	33	20	29	38	51	45	46	40	36	62	67	58	51	51	53	49	45	41	39	40	42	38	23	29	38	34	37	32	37	38	32	28	31	34	43	45	38	26	22	35	42	27	38	36	42	37	36	
23	23	31	41	21	9	10	12	11	16	14	8	3	3	7	21	24	29	33	35	32	31	30	28	28	30	34	37	40	42	44	47	51	55	53	45	49	47	36	36	58	63	44	34	37	46	52	73	94	105	111	106	100	94	83	70	61	61	66	96	97	62	26	21	43	28	46	31	32	35	34	63	77	64	57	70	45	59	33	15	29	32	29	41	39	48	51	58	40	43	59	59	52	45	42	46	45	42	44	42	36	29	22	20	38	40	21	23	30	37	35	32	31	33	36	44	42	32	24	28	40	40	23	34	33	39	37	37	
19	19	14	8	5	6	11	11	6	3	4	6	10	17	24	42	36	27	24	28	30	31	31	32	33	33	33	33	41	57	68	68	63	59	59	72	70	44	31	38	46	59	51	50	58	70	90	98	76	74	95	107	97	95	90	94	64	57	54	65	62	41	29	28	42	33	41	25	31	34	34	41	37	35	33	55	45	58	28	4	51	45	41	45	56	56	65	61	34	36	53	50	43	36	31	40	44	42	39	35	33	32	28	18	23	31	29	31	25	35	30	30	33	35	39	45	40	28	24	36	47	42	23	34	33	40	40	39	
21	21	14	16	35	34	17	4	4	10	14	25	39	45	45	29	26	28	32	34	34	32	30	29	30	35	42	56	76	77	80	81	74	64	53	64	49	31	36	40	44	59	64	76	80	71	56	61	66	78	100	97	79	84	84	93	71	61	41	34	48	53	56	49	57	68	74	45	24	10	19	35	23	39	49	34	22	57	60	28	51	30	30	36	57	63	70	54	40	30	44	39	32	25	21	36	40	36	35	34	33	33	33	24	22	32	36	40	31	32	26	30	36	39	43	47	41	29	27	39	40	36	21	31	31	40	40	39	
9	9	6	7	23	25	18	20	30	37	31	30	32	32	33	35	35	32	30	29	26	28	38	50	62	75	83	78	64	49	52	54	50	55	55	43	27	28	38	40	57	63	59	82	79	43	37	49	49	48	69	100	97	82	87	117	119	109	63	30	47	59	38	30	33	55	61	38	29	14	44	75	74	59	48	28	30	39	61	66	48	30	27	34	33	43	55	58	55	55	53	31	32	33	37	43	47	43	42	40	38	33	25	30	34	39	38	42	43	32	24	28	36	37	40	47	42	28	25	34	35	34	30	30	36	38	36	33	
1	1	2	10	26	38	39	38	37	35	31	36	37	36	40	23	24	24	28	42	48	58	72	78	74	69	55	41	35	28	40	41	39	58	49	35	31	33	32	36	62	61	50	85	84	35	22	27	33	39	63	103	99	88	108	155	171	168	91	13	26	41	26	22	11	53	56	27	31	20	39	44	56	27	9	16	13	1	8	56	40	23	15	24	19	36	50	68	46	65	41	27	36	34	51	57	41	37	44	36	34	43	37	32	37	41	43	44	47	31	25	30	38	37	37	49	42	27	23	32	35	37	41	31	43	37	32	28	
36	36	44	43	40	33	31	34	39	40	40	43	39	30	27	28	36	43	52	68	75	61	53	48	42	43	45	40	38	42	42	41	36	51	36	33	39	46	44	42	37	34	32	75	78	34	27	31	38	51	78	105	92	97	128	159	169	178	101	39	29	28	41	52	67	67	62	46	47	21	22	29	53	61	46	50	9	23	23	53	45	45	41	41	22	44	68	49	30	39	63	64	52	38	52	71	57	49	44	38	40	45	33	35	42	46	43	39	38	25	26	34	37	35	36	54	42	26	26	35	35	37	40	30	39	33	29	26	
40	40	36	37	40	44	47	49	49	39	34	32	34	41	48	52	63	68	66	56	42	39	40	35	33	35	38	39	41	49	38	41	31	34	28	29	36	49	53	51	19	17	23	72	76	37	32	31	32	48	76	99	82	81	120	160	165	164	94	56	40	29	23	15	62	73	100	73	49	51	24	41	59	55	60	61	28	31	33	46	53	60	52	47	38	49	61	53	35	40	67	56	50	57	58	59	55	46	43	43	49	53	38	40	48	50	45	37	34	25	28	30	30	32	37	54	38	24	28	35	32	35	40	28	35	27	26	25	
45	45	52	55	53	49	42	33	27	37	44	50	58	63	63	59	58	49	41	38	34	35	36	39	42	41	40	39	36	49	33	48	39	34	38	43	50	57	55	42	8	7	16	66	70	36	36	35	31	39	60	84	77	69	105	153	169	176	139	75	54	53	52	44	93	97	73	55	63	66	42	50	29	10	40	66	82	57	55	53	58	58	51	55	58	53	42	67	44	54	80	91	77	63	56	45	53	50	52	47	45	49	41	47	52	52	46	40	37	36	35	30	30	37	42	50	34	25	32	34	30	34	39	27	33	25	27	27	
53	53	45	33	28	29	36	43	47	57	63	60	53	45	33	37	44	43	42	44	40	36	32	33	37	36	37	42	49	69	40	57	49	42	49	53	54	54	44	24	15	16	23	68	72	39	38	38	33	26	32	53	59	56	87	101	116	130	131	121	83	45	23	37	70	91	85	82	64	37	43	41	33	20	38	74	113	133	124	72	59	61	55	55	59	55	57	62	66	72	79	83	63	50	50	71	67	34	28	41	62	67	53	53	53	50	45	42	43	45	42	35	37	45	44	43	31	30	37	34	30	35	40	28	33	26	30	31	
24	24	26	31	37	49	58	59	54	52	46	32	28	34	37	40	46	43	39	39	39	40	36	29	34	38	47	57	79	104	52	61	49	40	45	42	34	30	26	13	17	21	24	72	76	46	39	39	36	21	17	37	53	69	105	76	87	105	117	120	127	101	61	58	40	63	72	58	61	92	49	44	82	27	11	69	104	191	198	148	120	87	51	48	50	62	62	64	67	80	77	52	49	68	41	40	51	32	31	28	34	47	50	53	50	46	42	43	46	46	43	39	43	47	39	39	32	36	40	36	33	37	38	28	33	27	34	34	
43	43	54	59	53	43	42	41	30	28	30	28	34	27	30	38	45	39	36	29	34	28	35	44	65	82	89	59	74	106	39	63	54	36	29	27	23	21	19	16	28	36	29	83	81	53	48	37	25	25	36	53	31	35	53	24	36	67	86	73	78	73	79	61	47	74	70	66	79	82	48	52	78	31	35	81	124	203	201	144	124	97	67	54	59	70	64	58	76	67	23	11	6	17	49	11	33	31	36	46	45	33	50	57	53	50	49	49	47	44	43	45	48	46	41	39	36	46	34	37	33	38	30	29	32	33	36	36	
52	52	51	46	39	29	29	29	24	28	25	23	32	26	31	33	42	31	27	20	40	59	74	79	86	96	97	56	75	105	35	61	57	44	29	21	18	16	17	26	40	49	37	73	70	54	53	48	38	28	33	62	48	35	38	28	16	24	43	33	60	68	70	63	37	42	83	82	74	46	36	37	50	52	67	104	173	188	201	157	170	97	75	61	63	78	69	44	58	53	45	9	30	31	39	9	21	29	34	63	61	18	48	72	61	55	56	55	51	39	41	46	50	48	43	39	36	49	38	37	29	32	26	29	36	38	37	35	
34	34	34	31	30	28	29	30	29	29	24	22	29	21	27	25	25	25	69	78	82	71	68	73	72	86	97	59	88	111	33	57	57	49	34	21	21	21	13	17	49	42	38	77	68	49	61	58	43	38	49	73	61	36	50	12	23	9	8	48	57	24	52	43	41	92	95	126	119	152	104	83	25	51	81	178	214	232	196	144	138	87	72	68	73	65	57	48	55	66	58	42	64	66	21	18	37	40	72	91	76	61	48	70	60	56	58	54	47	39	43	49	51	47	41	39	35	49	38	38	31	35	28	30	38	39	37	31	
24	24	27	27	30	33	31	28	29	29	21	19	27	27	48	79	81	59	78	41	31	28	39	64	75	84	89	54	85	106	25	49	55	57	47	26	19	23	21	20	32	27	45	78	57	41	58	75	88	63	28	16	26	33	32	18	38	41	19	26	22	60	68	67	107	102	95	130	87	147	95	37	70	32	113	203	226	205	218	167	113	76	58	70	70	46	59	81	61	60	81	100	60	73	18	37	20	25	54	52	38	35	22	63	61	62	62	54	44	44	49	53	51	46	41	39	32	45	35	40	38	42	35	36	36	33	36	33	
26	26	28	27	28	29	23	19	23	22	29	42	54	54	82	93	77	44	78	42	29	20	24	52	73	79	87	62	79	101	20	46	57	64	61	42	19	16	28	31	28	26	29	46	59	59	79	82	72	63	53	35	42	65	62	45	62	73	47	43	34	37	67	130	172	139	108	131	125	138	136	75	73	56	111	184	158	155	131	128	94	67	65	73	80	58	77	88	82	66	102	130	83	76	37	36	12	40	32	28	24	19	26	65	68	69	63	55	49	48	52	55	51	47	45	40	32	45	36	40	39	39	33	39	36	27	31	33	
21	21	25	25	21	20	15	17	31	55	72	89	84	64	81	92	85	52	78	28	20	9	13	42	67	66	73	62	78	99	17	42	52	61	67	63	33	15	27	28	27	30	20	44	100	71	60	72	71	59	54	57	80	99	93	69	66	73	55	23	55	37	73	122	144	128	97	108	154	178	113	57	66	85	122	146	155	130	59	77	86	64	49	45	64	81	121	106	127	88	157	185	154	75	51	37	26	44	21	18	7	42	45	71	76	70	60	53	53	49	53	55	51	50	51	41	33	49	39	41	35	29	25	41	37	24	27	31	
33	33	23	34	22	40	48	80	87	77	54	78	84	48	77	82	81	51	83	27	25	22	19	33	31	28	27	26	53	51	36	21	24	37	62	77	92	61	49	44	16	23	4	41	71	46	37	58	86	65	59	42	53	85	89	96	119	132	167	161	96	90	82	55	55	65	148	115	115	111	72	66	60	91	112	102	135	117	90	88	113	74	31	28	52	62	61	89	104	127	196	198	214	182	161	69	56	27	22	15	19	9	33	76	72	66	59	53	51	52	55	50	57	50	53	55	53	59	57	52	42	35	41	48	45	36	25	20	
30	30	29	59	74	78	64	56	43	43	42	66	91	46	63	84	83	53	81	32	27	28	32	52	50	46	40	27	41	44	72	62	16	44	47	59	72	56	57	38	31	33	37	52	31	34	32	54	98	108	88	45	59	93	125	169	213	215	216	203	130	69	68	26	93	85	86	80	78	87	111	111	125	165	114	95	76	125	113	115	108	69	34	31	43	66	64	126	141	152	171	185	177	202	213	136	103	61	43	28	47	37	50	81	77	70	63	57	54	54	51	56	53	55	56	58	53	56	49	40	30	30	40	41	37	30	21	20	
43	43	48	86	75	34	30	29	32	41	52	56	96	52	68	80	76	49	71	35	28	37	44	58	68	78	72	28	24	32	16	29	22	36	12	62	50	15	25	28	7	64	95	63	19	20	7	20	82	121	109	63	100	162	208	213	219	225	237	220	156	119	90	65	59	53	61	66	58	43	47	73	98	166	106	64	99	68	65	72	99	68	56	43	45	50	61	72	102	116	149	174	173	186	232	206	170	126	78	63	89	85	67	81	77	70	62	56	52	52	49	72	59	62	54	51	45	49	42	31	27	28	36	36	31	25	18	18	
48	48	41	81	60	13	29	26	26	56	67	47	90	51	70	77	72	50	68	47	38	37	40	53	60	79	92	53	31	40	58	45	35	24	15	49	50	25	34	46	11	59	61	63	56	22	17	41	82	117	121	123	154	182	218	216	224	241	249	243	225	193	168	124	81	56	34	71	38	39	48	60	88	172	100	33	34	32	96	115	112	90	91	34	61	66	86	74	114	137	140	198	195	202	239	213	227	151	119	138	108	102	87	80	75	69	61	55	50	47	41	69	57	55	43	39	33	43	38	27	27	27	31	33	33	28	21	17	
59	59	43	83	59	12	28	35	39	58	75	57	93	50	63	72	69	50	62	55	43	27	37	56	48	57	95	82	40	21	56	53	46	29	14	16	42	60	43	82	46	39	17	35	36	15	32	68	183	237	239	194	180	179	222	236	239	246	246	252	221	225	164	147	97	80	60	70	56	45	79	100	162	140	97	66	31	53	80	78	115	80	117	127	101	91	107	113	111	103	106	145	200	194	146	171	198	144	149	167	117	114	97	83	79	71	64	58	52	47	38	50	58	42	40	39	36	47	40	22	22	25	30	34	35	33	28	23	
84	84	54	76	70	23	15	23	37	44	64	60	94	53	66	76	73	53	59	57	39	26	28	34	36	52	71	53	54	63	67	75	49	39	26	38	58	43	65	94	57	35	25	24	42	52	72	50	136	187	207	175	197	217	233	230	229	244	253	247	220	202	219	195	138	86	88	88	72	41	96	182	159	133	106	68	57	67	93	72	104	94	117	104	137	147	92	117	130	100	98	84	108	148	147	154	178	147	114	154	118	86	91	83	80	73	67	61	56	55	55	60	86	45	39	42	44	61	56	33	31	31	30	30	31	34	38	35	
92	92	67	73	70	13	8	15	30	39	53	58	90	55	65	83	76	55	60	66	43	28	12	19	29	54	51	33	33	43	23	39	28	51	32	38	60	36	43	55	80	88	106	105	78	58	57	40	96	149	165	138	184	232	245	232	231	242	239	219	203	226	222	221	186	161	77	109	133	106	136	220	220	179	118	127	94	113	74	72	132	130	181	178	180	172	114	104	116	114	106	146	134	110	166	183	196	173	187	144	92	89	86	84	75	77	71	70	59	62	69	58	122	59	40	44	45	63	62	39	34	28	33	31	31	31	47	37	
91	91	70	66	71	30	38	33	29	42	47	49	87	56	60	84	84	65	64	74	57	37	17	13	37	76	63	65	55	35	18	21	37	49	16	41	50	30	85	83	125	192	181	121	70	71	74	65	64	120	161	137	180	207	230	235	221	230	233	243	241	247	240	229	140	174	180	192	196	181	191	212	187	176	142	170	162	139	134	92	152	147	144	196	130	131	134	98	78	83	126	201	197	126	156	180	218	137	160	141	82	84	74	82	81	78	67	73	84	68	57	62	84	67	49	49	41	54	58	43	37	32	39	33	32	30	54	56	
86	86	71	62	68	38	57	53	39	33	37	37	81	59	59	82	90	70	56	66	53	42	21	17	43	55	25	47	61	48	24	20	27	32	16	26	34	103	118	159	178	231	252	225	106	25	11	24	59	124	168	118	129	136	180	188	131	138	189	172	197	206	119	103	94	101	181	181	208	236	243	236	235	210	153	171	208	221	189	154	177	192	132	131	116	82	88	133	111	129	224	245	242	242	168	176	228	223	185	121	103	88	83	81	75	77	86	79	83	107	89	67	68	54	41	43	38	44	55	52	42	28	20	16	32	33	41	49	
83	83	75	63	67	32	50	53	45	29	44	44	84	63	60	81	87	66	49	62	47	50	26	28	61	62	53	61	54	60	37	49	52	58	54	51	79	106	137	99	126	172	237	234	152	39	4	12	52	79	114	122	149	158	120	102	105	93	113	128	155	154	86	57	106	79	122	137	154	151	174	216	208	199	196	222	226	215	194	171	132	207	180	106	137	111	87	100	125	168	243	253	245	246	220	148	217	239	181	101	104	104	82	84	80	78	89	88	105	105	115	106	50	64	50	36	38	38	49	50	34	46	29	5	19	20	17	26	
79	79	75	60	75	38	44	44	39	38	62	58	89	66	58	78	82	61	48	67	46	38	28	31	64	61	43	44	65	74	82	82	96	92	110	67	74	91	98	112	134	146	235	216	133	39	21	32	98	123	135	119	124	169	134	87	89	57	57	134	116	85	71	37	103	108	113	124	109	82	98	189	209	211	215	227	226	207	191	147	105	201	183	110	102	109	104	109	141	148	239	249	242	229	231	181	183	224	160	123	108	94	82	81	86	88	89	90	110	136	87	98	80	39	53	36	44	39	45	45	29	69	47	11	21	29	26	22	
74	74	73	57	77	43	47	43	34	40	61	52	86	68	54	66	73	55	41	64	41	28	47	51	81	87	61	39	60	78	80	65	97	103	89	80	67	68	43	64	48	90	139	155	193	160	84	58	35	48	75	69	87	97	89	59	47	47	30	83	103	111	103	48	77	101	74	42	25	32	61	124	193	230	221	215	195	145	100	84	94	141	146	104	130	134	113	112	115	209	248	229	211	205	211	197	124	146	105	104	103	87	91	80	79	92	94	100	101	138	96	60	70	69	32	18	46	36	30	31	26	56	21	28	35	31	30	13	
77	77	80	56	80	43	48	45	39	35	46	31	76	71	58	77	79	62	34	65	51	60	78	72	69	60	58	36	39	63	41	46	115	149	107	79	63	66	56	91	59	64	100	135	163	156	116	129	48	42	50	43	77	78	54	45	25	82	89	65	71	76	89	90	64	145	129	72	39	58	91	108	143	207	188	171	189	129	95	85	100	126	191	162	107	101	116	149	121	215	240	240	221	215	216	215	200	127	104	109	100	96	80	79	75	88	76	108	147	101	79	79	96	60	61	46	36	29	29	34	36	51	13	24	25	14	14	12	
84	84	86	53	83	45	50	44	40	31	35	22	67	72	56	86	79	64	24	69	60	67	83	94	87	74	76	41	29	60	50	61	161	209	184	94	85	66	76	100	68	51	97	106	101	123	115	145	42	43	44	47	34	61	48	47	71	69	99	82	101	98	107	155	154	222	204	141	87	110	152	165	144	146	156	185	202	138	173	132	93	134	181	133	121	134	147	168	122	205	227	238	228	232	224	230	233	141	114	109	100	81	84	78	70	75	91	138	153	101	94	90	82	78	63	60	29	32	37	46	37	32	17	5	19	16	9	28	
79	79	84	60	81	54	60	50	38	29	21	20	54	68	54	60	62	53	26	76	60	75	104	89	73	66	49	24	37	65	51	57	145	215	211	121	93	60	49	66	65	62	77	47	58	79	105	96	47	63	48	43	73	100	63	35	42	64	86	93	127	132	149	145	177	218	220	215	194	180	210	225	220	168	165	210	202	142	189	191	164	198	209	178	131	146	160	180	119	144	175	235	235	234	229	230	235	158	124	116	103	84	77	69	69	64	93	153	164	97	83	82	81	103	72	32	58	56	53	49	48	59	47	8	42	38	12	11	
78	78	76	54	73	50	38	27	23	30	24	41	52	65	50	61	63	43	15	73	71	86	94	74	62	38	42	50	38	43	46	60	94	118	160	121	96	111	90	78	72	81	44	38	61	109	116	98	98	50	63	79	135	126	132	68	41	86	96	103	149	131	156	159	204	243	214	190	192	208	230	241	233	211	177	161	162	135	166	135	171	188	161	147	154	159	168	187	131	107	161	236	238	236	225	234	228	158	123	111	97	79	68	58	63	79	73	94	143	88	71	83	78	59	53	29	37	38	60	40	73	97	69	22	34	25	27	46	
77	77	76	62	71	44	19	22	37	41	51	74	69	68	36	57	60	39	15	59	60	73	75	52	41	32	40	35	13	15	28	49	73	69	90	130	136	113	119	131	90	60	40	50	40	74	83	66	68	70	71	87	86	106	97	53	55	50	80	102	121	135	155	137	207	241	226	195	189	185	216	195	170	175	128	130	170	139	150	165	194	164	143	117	132	172	188	173	141	150	202	240	241	241	230	243	203	137	114	105	94	86	74	66	62	70	81	82	89	108	148	131	89	72	73	28	10	17	42	54	110	161	127	69	54	46	29	45	
78	78	76	63	59	47	29	38	53	64	63	63	63	71	40	60	60	39	23	40	23	38	47	17	14	20	21	21	25	32	34	51	99	96	99	141	146	142	123	106	119	69	71	87	63	57	104	118	89	70	64	124	97	122	88	85	71	58	60	97	77	128	177	150	201	241	236	196	197	194	213	186	161	176	142	122	167	143	131	162	208	189	162	135	147	185	211	194	182	200	219	226	234	238	242	240	167	121	110	104	94	94	82	66	61	74	85	75	85	95	151	175	142	131	84	16	8	20	26	60	128	203	164	161	159	95	20	27	
76	76	75	62	56	74	67	66	57	57	53	45	61	75	36	55	49	30	34	39	11	52	70	26	19	6	5	20	11	13	9	30	97	101	136	105	120	109	121	74	70	83	78	66	49	65	99	80	112	82	62	61	76	95	51	57	100	88	41	63	53	61	103	149	199	239	244	207	196	206	199	202	161	149	155	128	161	176	151	169	188	206	187	158	162	193	228	220	218	235	234	229	232	233	247	213	134	124	117	109	94	95	83	75	70	73	95	93	100	112	90	157	100	80	74	28	19	43	26	52	136	238	204	218	215	153	52	29	
72	72	80	67	52	72	52	49	50	53	52	55	42	74	37	54	69	39	65	55	33	33	52	36	22	24	12	13	16	22	8	23	62	96	118	116	88	106	111	85	68	63	86	79	81	53	68	68	92	84	61	59	90	104	74	63	97	87	80	62	92	83	71	126	136	217	224	198	209	228	212	215	202	171	110	127	197	205	204	198	192	206	207	204	223	234	252	255	255	253	243	226	186	201	235	169	122	131	115	121	100	101	85	69	64	82	81	76	90	112	87	115	63	62	75	56	57	54	41	59	171	255	255	245	250	175	31	21	
74	74	84	61	43	61	44	50	57	46	55	49	49	75	32	36	54	30	43	65	63	47	58	52	27	26	26	21	21	37	13	25	72	90	71	101	88	89	82	100	148	81	73	85	111	77	56	63	110	109	84	71	103	143	139	104	102	103	90	70	83	83	60	83	114	191	164	165	140	224	231	239	233	235	176	118	143	197	244	246	197	189	201	217	238	248	254	255	255	247	241	218	178	162	211	141	124	125	119	134	103	80	92	70	71	75	78	79	80	90	72	64	104	79	88	84	55	33	41	58	182	255	255	255	243	191	68	20	
69	69	74	51	42	64	42	42	45	39	43	37	55	66	31	21	44	31	10	17	28	20	21	58	48	35	34	17	49	48	50	27	78	73	98	142	111	62	89	108	115	128	96	74	83	114	84	109	89	104	85	98	145	197	185	120	133	76	98	93	101	90	68	54	112	157	125	193	183	227	244	240	230	234	213	141	107	157	238	237	197	161	142	195	238	255	255	255	255	250	248	211	198	187	184	130	130	123	151	120	103	90	83	69	73	79	79	76	71	72	69	46	76	65	82	66	40	7	18	56	206	255	255	251	235	216	111	24	
89	89	72	38	39	65	38	32	34	34	29	45	66	46	28	17	34	43	37	27	29	38	28	29	41	31	7	15	43	42	54	33	86	95	73	142	114	69	80	106	143	116	107	116	109	84	87	114	91	104	112	72	111	137	107	101	123	90	99	105	122	85	132	103	99	167	202	159	190	186	209	215	222	235	220	157	115	147	185	164	176	120	146	184	231	255	255	255	249	244	238	224	220	220	164	146	135	130	164	107	103	108	83	79	80	101	91	72	74	71	69	68	43	54	67	28	37	52	62	66	195	220	228	226	219	182	167	82	
83	83	48	33	34	57	28	27	33	21	23	51	52	31	39	56	47	32	43	51	44	52	28	34	46	43	32	21	26	52	52	47	66	99	83	129	162	100	100	111	143	111	145	116	121	130	91	72	118	135	191	115	67	91	129	91	104	95	139	124	132	116	94	82	96	153	219	185	154	136	158	178	224	230	212	154	106	135	189	167	153	140	171	191	229	245	245	252	232	225	224	241	227	207	174	163	144	136	138	122	110	109	100	94	92	111	101	82	86	71	56	65	48	54	54	19	18	41	64	60	178	162	164	190	159	129	144	57	
96	96	48	33	36	57	24	17	24	18	30	49	29	42	85	78	93	72	72	66	33	41	33	45	47	58	64	24	26	22	39	42	78	116	125	109	101	117	56	62	120	125	117	116	65	99	89	80	83	103	141	142	63	53	69	61	71	98	128	108	107	135	86	63	131	176	164	164	133	121	144	152	208	225	215	156	107	131	138	157	160	176	195	202	218	220	221	244	211	200	211	225	222	187	168	146	137	125	111	121	109	112	97	99	97	97	92	86	85	96	69	67	52	57	61	52	27	34	33	46	131	109	85	88	170	175	110	61	
82	82	62	42	37	56	58	48	41	53	51	26	7	31	68	19	25	48	64	28	22	16	29	22	34	55	65	40	37	25	73	64	135	181	201	211	165	161	147	57	66	79	79	93	86	81	66	60	97	97	71	94	86	58	34	57	69	118	165	164	187	128	99	76	93	113	88	92	108	91	105	120	142	193	181	129	101	122	91	149	169	176	202	210	198	180	207	227	216	210	209	193	191	165	168	140	114	107	168	154	115	115	103	100	112	130	98	86	98	75	96	76	70	63	60	51	45	37	40	86	116	83	52	64	93	132	119	44	
