0	0	0	0	0	0	0	0	0	0	0	0	0	0	0	0	0	0	0	0	0	0	0	0	0	0	0	0	0	0	0	0	0	0	0	0	0	0	0	0	0	0	0	0	0	0	0	0	0	0	0	0	0	0	0	0	0	0	0	0	0	0	0	0	0	0	0	0	0	0	0	0	0	0	0	0	0	0	0	0	0	0	0	0	0	0	0	0	0	0	0	0	0	0	0	0	0	0	0	0	0	0	0	0	0	0	0	0	0	0	0	0	0	0	0	0	0	0	0	0	0	0	0	0	0	0	0	0	
255	255	255	255	255	255	255	255	255	255	255	255	255	255	255	255	255	255	255	255	255	255	255	255	255	255	255	255	255	255	255	255	255	255	255	255	255	255	255	255	255	255	255	255	255	255	255	255	255	255	255	255	255	255	255	255	255	255	255	255	255	255	255	255	255	255	255	255	255	255	255	189	185	205	217	215	226	241	230	221	206	192	208	228	235	255	255	255	255	255	243	227	227	227	232	232	255	250	253	252	231	255	234	208	155	119	185	255	255	255	255	255	245	159	148	255	255	255	255	255	255	255	255	255	255	255	255	255	
255	255	223	204	236	255	255	239	73	76	112	93	83	83	84	123	149	143	127	131	137	123	108	82	79	79	71	57	63	63	53	15	0	0	47	152	255	255	255	248	195	173	179	187	200	234	255	255	170	0	0	0	0	0	0	0	0	0	15	95	152	180	200	215	210	233	255	255	175	0	0	0	34	53	82	79	72	78	67	51	55	52	65	76	78	86	95	110	110	88	60	77	58	59	48	59	65	68	66	83	65	42	18	0	0	0	52	214	255	255	217	165	146	155	171	163	166	111	55	43	108	240	238	196	181	174	173	173	
255	255	226	200	255	255	255	155	0	30	63	77	108	110	123	130	153	138	103	111	128	126	68	58	71	94	124	103	93	126	19	19	45	59	28	56	96	97	136	112	151	192	227	216	230	255	255	210	12	0	0	25	35	40	45	64	57	45	22	22	0	36	75	127	163	192	239	192	49	0	0	16	52	80	106	94	82	74	76	67	69	58	62	55	71	68	71	85	97	73	55	75	44	55	39	47	60	65	79	62	43	39	10	0	0	5	170	255	255	214	191	193	231	255	255	204	210	125	88	102	32	95	250	214	177	171	183	183	
252	252	226	211	255	255	255	57	0	25	57	61	94	84	106	130	143	132	112	105	117	116	72	70	87	96	109	85	74	107	82	57	63	66	66	95	88	1	0	0	45	116	160	185	233	255	247	78	0	0	0	36	45	67	77	56	52	66	76	68	47	10	0	0	13	63	137	106	0	0	0	16	41	67	92	86	75	70	66	56	60	61	52	56	46	52	48	58	69	67	59	55	36	39	61	57	66	67	63	41	10	29	14	0	0	111	255	255	226	202	161	156	171	193	209	194	221	187	189	166	68	104	223	231	186	175	185	184	
255	255	235	232	255	255	255	2	0	51	83	93	109	98	110	129	142	126	111	114	126	116	108	120	126	102	84	42	13	28	82	74	93	81	92	121	100	11	9	7	4	6	25	44	103	156	86	0	0	0	20	50	68	93	93	83	79	84	85	73	56	50	23	0	0	0	39	155	162	110	69	44	37	40	35	5	20	46	35	42	35	37	42	55	51	53	52	49	57	61	61	58	10	49	56	60	65	64	49	23	8	0	0	0	37	225	255	238	157	142	113	144	203	210	175	188	206	204	236	188	157	215	205	248	186	187	184	182	
255	255	252	253	255	255	217	0	23	90	125	105	119	120	99	110	103	85	95	120	125	92	101	107	125	127	111	94	89	102	109	97	98	128	177	195	125	73	65	79	81	8	0	0	0	87	155	105	89	75	44	19	23	52	64	67	76	78	67	67	90	49	30	0	0	41	217	255	255	222	222	203	165	119	73	47	27	15	37	28	28	31	61	85	111	100	64	51	40	31	38	76	28	44	51	61	51	61	59	53	26	19	0	41	235	255	237	180	153	156	161	173	197	200	186	179	194	190	195	196	186	214	254	201	154	210	228	217	
241	241	255	255	255	255	158	0	26	83	115	109	110	118	116	131	147	140	142	150	125	102	110	129	148	157	152	127	120	133	106	106	112	138	157	137	69	41	43	54	65	5	0	0	82	241	255	255	234	181	114	61	41	22	30	46	58	52	52	45	54	9	0	0	0	133	255	255	219	200	214	228	231	208	156	123	104	64	20	5	34	46	43	54	66	55	38	47	55	68	50	53	60	64	76	70	63	61	50	29	3	0	0	92	243	255	219	195	211	201	198	203	203	201	181	184	190	188	187	197	226	244	255	109	59	164	248	212	
167	167	217	240	255	237	106	0	34	82	120	139	152	143	163	200	188	175	172	171	145	108	120	131	157	152	146	131	113	111	61	51	65	98	91	67	22	20	52	46	36	0	0	0	170	255	255	240	220	222	236	207	158	112	97	59	31	28	40	25	12	3	0	0	52	255	255	255	183	185	188	184	201	209	212	216	216	181	134	110	95	34	12	62	50	42	31	29	51	57	70	67	134	115	85	69	59	43	27	0	0	0	26	161	255	255	228	213	208	212	205	195	197	186	175	190	185	197	192	197	246	255	255	39	0	62	253	187	
0	0	93	118	170	171	74	7	95	108	116	162	159	138	161	183	142	123	133	130	94	67	75	94	111	108	100	91	91	95	65	61	77	104	95	42	26	51	59	33	10	0	0	9	246	255	252	205	197	195	195	201	221	210	195	154	107	59	14	0	0	0	0	0	203	255	255	220	157	175	180	184	188	185	190	188	200	206	211	232	201	117	56	82	18	15	28	38	34	44	57	62	71	68	53	45	40	36	40	14	0	0	131	255	255	214	192	176	175	177	184	191	183	187	179	187	182	199	200	182	255	255	181	1	0	41	167	102	
11	11	45	3	58	207	219	209	204	155	118	109	109	98	106	100	90	98	113	95	76	78	79	85	93	86	60	71	87	109	61	62	87	118	95	31	20	41	41	16	0	0	0	68	255	255	211	183	196	192	179	179	199	207	224	236	216	164	95	66	64	143	127	163	255	255	244	192	170	165	184	177	171	162	176	187	194	196	191	207	205	184	167	172	115	108	90	50	17	16	26	42	33	48	56	65	51	68	45	6	0	7	230	255	255	189	168	177	176	173	189	191	190	182	184	195	183	200	211	229	255	228	84	0	45	97	106	75	
32	32	31	0	113	255	255	255	244	239	201	156	125	96	78	65	87	108	116	89	78	103	105	107	110	71	51	64	80	81	60	69	104	118	93	43	39	58	42	27	0	0	0	158	255	255	201	173	186	197	195	190	185	187	198	209	224	212	194	182	193	255	255	255	246	231	224	202	170	162	172	169	165	171	186	203	183	164	175	177	188	203	212	222	201	212	202	153	100	60	33	29	17	44	58	63	69	75	39	0	0	52	255	255	255	195	199	213	196	184	196	198	196	179	192	192	184	190	225	255	255	167	13	13	71	122	109	103	
77	77	27	0	158	255	255	233	210	248	255	231	228	200	165	147	114	98	88	69	60	71	99	131	129	95	70	78	79	79	86	99	109	104	55	42	44	64	48	42	0	0	67	236	255	241	211	202	191	179	175	186	180	184	184	171	183	189	182	190	222	255	255	250	199	206	240	238	212	203	201	192	184	187	181	179	162	167	179	187	195	189	179	173	193	205	220	204	196	175	133	130	66	63	38	24	34	40	4	0	0	116	255	255	196	184	207	214	200	187	187	192	191	187	192	183	183	209	236	254	216	95	15	49	98	114	87	88	
40	40	0	45	254	255	255	225	208	219	231	234	253	255	255	240	195	146	102	87	70	52	87	110	113	78	62	88	106	98	130	153	129	72	33	18	32	46	54	26	0	0	82	232	255	228	205	199	186	179	192	194	187	180	181	180	188	201	189	197	245	255	255	112	22	55	104	177	196	246	227	217	199	191	192	195	188	184	177	176	174	173	177	175	184	180	172	193	207	208	211	236	179	187	131	75	48	33	0	0	0	180	255	243	200	202	194	192	192	180	174	191	200	195	182	175	189	220	255	250	156	43	18	67	110	106	99	103	
16	16	0	90	255	255	218	231	225	225	234	232	224	223	232	234	255	238	221	210	165	102	76	76	71	41	47	74	99	90	134	150	131	68	39	38	40	34	50	1	0	0	60	213	255	234	198	195	191	193	197	188	190	182	185	185	193	192	186	187	232	255	255	0	0	0	0	70	80	127	141	181	206	215	229	220	202	180	180	183	187	188	177	188	182	167	171	182	196	185	187	201	198	232	210	197	162	133	114	41	105	243	255	238	226	210	181	187	195	187	170	179	197	187	161	177	193	236	255	240	97	10	17	97	112	118	135	135	
62	62	0	157	255	255	241	232	230	220	212	211	209	222	228	216	224	232	251	255	228	174	136	139	88	28	14	38	58	65	86	112	95	39	39	64	70	72	61	20	0	0	107	255	255	233	197	185	191	190	182	186	177	189	189	190	189	189	192	196	237	255	255	0	0	20	48	65	30	1	11	56	101	143	187	196	211	226	223	228	207	177	170	186	174	178	184	189	179	172	168	159	190	202	180	199	220	226	239	222	212	233	242	211	227	236	214	201	190	187	185	193	201	191	171	209	240	255	255	163	29	9	79	114	114	114	109	106	
178	178	215	255	255	255	255	216	238	227	220	211	222	234	226	207	217	217	230	245	239	210	219	217	164	113	96	90	66	47	76	88	73	51	58	83	83	65	67	29	0	0	110	255	255	217	178	185	182	190	190	184	189	191	191	190	190	190	192	195	246	255	238	0	0	26	59	72	48	19	11	19	28	39	64	77	126	202	238	232	184	180	197	191	177	183	199	176	169	179	186	181	177	184	160	187	196	218	255	255	195	76	73	153	214	243	225	209	200	198	197	199	204	203	195	215	255	255	210	70	0	44	107	108	106	112	110	109	
239	239	219	245	245	245	226	223	215	216	215	223	229	230	215	200	230	238	223	231	227	229	231	237	255	255	255	230	152	131	99	47	0	8	42	70	63	51	80	42	0	0	84	252	255	195	185	190	189	187	187	190	196	180	183	184	185	185	187	202	255	255	190	0	0	9	68	59	31	64	51	67	68	42	13	15	13	75	120	108	91	144	221	229	236	231	221	184	164	171	189	181	133	176	187	216	202	229	255	255	60	0	0	118	142	148	158	187	215	212	229	222	223	210	193	215	255	255	99	0	10	94	114	106	106	116	114	113	
222	222	154	220	255	255	230	253	247	245	224	208	220	233	224	209	222	208	203	211	223	228	225	234	242	255	255	255	249	255	185	74	7	15	10	13	41	43	60	30	0	0	72	254	255	220	195	197	193	192	193	196	190	175	179	195	178	180	193	205	253	255	164	0	0	28	78	66	41	85	72	87	83	64	55	56	30	4	18	5	11	76	157	208	215	208	210	211	200	203	195	194	172	198	185	204	207	241	255	236	0	0	4	150	128	79	91	119	122	152	181	189	187	180	176	196	247	193	35	0	55	119	95	115	121	118	121	120	
225	225	176	218	222	191	151	187	240	255	255	234	231	225	213	217	217	220	220	240	241	213	216	219	222	222	224	246	253	255	243	189	176	168	84	40	38	23	58	21	0	0	65	251	255	216	200	192	190	189	190	192	184	176	190	197	186	182	197	215	255	255	157	8	0	21	44	44	44	66	81	91	82	69	50	39	33	38	42	59	64	46	43	60	51	57	112	162	195	211	215	212	170	205	205	217	221	247	251	141	0	0	65	198	170	114	92	109	119	100	77	69	75	104	122	160	177	136	36	9	78	113	82	119	133	118	100	104	
195	195	182	177	137	107	118	25	108	164	212	255	255	254	216	232	245	237	221	219	213	210	215	218	221	205	212	232	218	236	223	188	216	248	237	233	197	102	43	0	0	0	77	255	255	222	199	193	192	192	193	194	186	186	205	206	184	174	183	199	255	227	106	0	0	17	61	58	39	53	76	72	52	53	65	67	78	86	71	86	75	47	23	25	4	0	12	41	84	120	188	224	232	255	238	193	174	176	155	30	0	0	129	207	172	137	126	124	117	98	89	82	84	98	85	156	178	165	145	114	106	100	107	64	89	75	50	61	
200	200	176	172	143	149	169	164	105	42	18	50	125	204	255	255	255	216	208	233	241	217	201	211	208	202	215	230	213	211	214	192	168	188	224	239	235	215	214	208	102	56	129	255	255	235	193	185	175	179	183	188	183	194	189	181	180	190	188	224	255	255	181	0	0	20	61	77	63	85	79	55	41	34	42	47	51	55	61	71	68	62	46	53	40	30	32	29	8	11	15	0	103	119	176	169	142	173	132	55	0	69	148	161	119	92	99	107	115	126	115	116	119	73	35	119	188	217	194	200	217	223	236	177	174	122	71	90	
208	208	167	160	142	148	161	186	161	141	106	54	45	83	96	114	175	255	255	255	248	216	196	202	224	222	255	255	224	196	165	179	170	182	199	212	211	209	219	242	238	255	255	255	255	237	222	223	224	206	196	191	179	172	159	173	191	216	210	224	255	255	82	0	0	34	47	58	58	87	83	63	63	56	62	66	61	58	66	68	67	61	55	40	48	52	57	65	39	47	40	22	52	17	20	19	58	150	148	107	116	146	144	136	119	106	125	128	125	129	113	88	82	51	34	177	245	232	193	194	222	231	240	214	217	229	197	224	
188	188	158	158	134	154	156	175	184	211	169	111	71	67	42	33	87	128	139	164	225	255	255	255	255	255	234	220	185	158	163	169	180	175	166	192	198	202	205	223	252	255	255	222	128	159	236	247	237	214	208	212	201	188	195	224	216	203	185	209	255	255	5	0	0	50	57	66	98	87	75	65	60	58	66	73	74	72	76	73	75	61	48	48	64	71	78	73	70	57	63	45	59	20	0	0	0	88	168	192	205	170	106	85	77	85	102	92	90	105	98	94	79	61	106	242	255	230	189	191	181	174	176	189	199	220	226	238	
158	158	163	152	163	166	155	177	157	134	160	186	188	168	125	83	98	50	3	30	140	241	212	207	255	255	255	246	194	183	162	187	202	208	212	227	210	188	198	196	177	253	255	163	0	0	41	101	165	221	253	251	220	219	210	181	171	188	213	241	255	238	0	0	0	2	66	64	74	73	65	41	49	44	60	70	83	84	86	87	71	68	67	64	57	53	73	80	81	82	66	65	54	59	10	0	0	128	245	255	220	176	152	137	155	152	134	92	68	79	64	55	51	67	174	255	244	215	202	208	188	171	198	205	184	187	179	181	
143	143	159	169	158	166	145	158	142	138	184	224	206	170	142	120	152	117	72	67	67	39	15	33	96	207	255	255	253	240	255	231	230	198	194	189	189	167	178	208	214	255	255	138	0	0	10	0	0	25	80	157	217	255	255	255	247	212	194	225	255	183	0	0	16	34	112	67	62	84	72	49	52	55	63	72	69	75	84	83	68	63	68	61	38	35	61	78	73	81	62	61	42	42	0	0	47	255	255	241	206	218	239	243	227	217	199	189	162	136	97	85	110	158	255	255	255	204	194	199	182	185	207	194	190	191	194	195	
162	162	176	170	166	163	148	154	180	202	199	179	155	165	203	176	139	82	84	106	102	47	50	59	72	114	138	120	122	147	242	234	250	235	213	200	190	188	172	184	219	255	255	117	0	0	24	34	53	48	16	32	48	119	175	213	195	164	146	198	255	135	0	0	8	58	95	75	80	72	72	65	67	63	56	48	56	83	85	77	60	61	60	57	50	56	77	68	69	68	56	41	51	23	0	0	147	255	255	185	155	202	221	198	187	189	213	240	239	220	233	255	255	252	255	255	246	236	234	249	217	181	193	161	180	189	189	189	
177	177	179	168	180	171	183	190	197	191	154	116	112	147	167	176	182	151	118	97	107	143	106	123	159	131	36	0	0	0	41	87	190	253	252	240	219	212	236	205	236	255	255	159	0	0	42	69	72	67	49	40	73	15	0	0	0	26	136	181	214	138	0	0	19	68	59	65	71	60	71	59	58	47	48	41	62	91	88	67	45	44	59	62	51	61	76	77	80	78	46	44	0	0	0	16	208	255	255	200	184	198	199	187	188	201	220	208	191	228	255	255	255	169	118	144	166	175	203	238	236	215	232	223	218	210	195	195	
141	141	143	158	167	185	172	189	124	126	179	226	223	181	178	206	227	214	144	93	67	38	68	147	175	117	29	0	0	34	0	0	0	25	130	235	255	255	224	208	232	232	209	89	0	0	57	72	80	86	99	93	67	23	17	24	5	30	99	170	192	193	118	8	16	10	0	14	0	28	38	30	32	47	70	77	90	115	100	60	31	31	49	44	24	45	71	87	99	90	67	24	3	0	0	116	255	255	229	193	220	212	197	203	202	192	180	189	202	219	247	255	233	85	2	51	83	82	72	110	138	165	198	229	227	247	255	255	
159	159	184	177	157	165	163	163	180	189	187	164	157	175	204	210	158	157	173	169	121	16	64	183	198	84	0	0	52	129	46	43	45	26	0	0	0	0	181	221	228	227	222	110	2	0	13	35	44	54	73	104	116	54	77	89	72	1	0	0	136	196	194	228	241	255	196	121	104	32	39	39	27	0	0	2	31	90	83	44	57	77	70	78	102	105	80	66	54	25	23	13	0	0	50	182	255	243	202	231	222	205	202	192	193	195	189	213	212	209	255	255	130	36	60	110	121	105	94	58	51	51	39	65	113	169	188	175	
177	177	192	191	197	197	212	195	199	190	196	189	182	177	176	180	144	151	165	173	158	153	123	163	139	29	27	66	74	41	64	65	66	66	50	37	31	47	13	25	41	97	183	176	126	83	42	64	68	74	60	60	51	61	77	89	69	51	0	0	89	243	196	199	215	232	243	239	255	183	139	70	21	0	15	59	63	64	54	43	54	37	43	72	96	81	73	70	75	51	54	39	0	0	70	214	254	203	206	247	206	190	189	189	199	201	195	201	199	238	255	210	67	27	74	102	112	116	127	128	120	128	127	102	111	94	80	62	
185	185	156	174	189	189	186	182	170	178	181	176	167	151	163	181	160	168	186	202	205	208	159	160	122	44	61	104	91	38	68	78	73	98	109	77	71	74	20	0	0	0	49	172	219	179	122	46	0	0	0	21	64	101	102	98	54	20	0	0	160	255	255	235	210	206	200	188	201	255	242	242	235	223	196	181	98	0	6	18	20	9	37	85	63	45	37	60	64	64	61	42	0	0	112	255	255	213	211	230	188	183	194	193	202	201	193	204	227	255	255	136	39	55	88	107	113	124	135	135	123	117	112	93	91	87	92	85	
200	200	139	155	162	167	166	173	168	156	152	153	155	177	174	161	152	159	164	170	167	163	171	179	124	50	31	50	61	76	63	65	72	94	96	82	58	65	67	27	0	0	38	229	255	236	186	141	113	98	72	42	36	25	4	22	9	0	0	0	191	255	253	221	189	192	186	190	199	227	213	230	235	247	255	255	193	117	130	141	100	32	28	10	19	38	45	65	76	73	56	12	0	0	179	255	255	197	195	204	205	188	198	195	193	194	187	213	248	254	204	84	50	105	90	116	125	118	129	123	125	122	126	115	111	113	137	131	
228	228	164	177	172	172	172	172	176	176	172	177	177	187	186	152	151	153	152	150	160	169	206	166	103	72	66	40	58	78	51	52	67	72	79	54	48	51	84	32	0	0	73	255	255	234	206	212	242	236	210	180	151	99	37	20	0	0	0	0	202	255	255	218	186	174	189	175	180	188	175	176	171	184	219	212	213	231	255	255	217	157	120	78	37	39	41	24	38	24	2	0	0	34	255	255	234	154	172	185	204	193	187	194	192	194	202	213	250	242	158	63	62	110	108	119	131	116	121	128	127	115	115	122	109	91	95	92	
242	242	173	170	163	174	182	178	179	189	182	181	174	180	197	187	177	190	183	190	207	223	194	135	101	121	131	94	69	66	52	67	81	98	96	80	61	66	124	36	0	0	84	255	255	212	180	198	222	226	243	255	255	255	219	185	146	113	107	155	255	255	244	199	172	199	209	200	205	181	176	196	199	180	188	176	178	205	222	224	223	233	232	216	172	157	122	78	42	12	0	0	0	157	255	255	204	141	175	200	200	186	188	193	201	202	201	223	255	244	135	56	65	98	122	116	117	113	130	128	116	114	106	140	132	126	119	124	
227	227	168	159	177	165	172	154	147	140	140	146	162	194	207	170	173	190	193	194	197	194	147	94	92	128	140	131	111	93	33	57	78	77	81	63	57	43	74	1	0	0	108	255	255	206	200	194	209	206	196	209	193	237	255	255	255	255	255	255	255	255	255	255	228	233	211	179	183	205	178	181	181	175	179	194	197	188	184	169	180	207	201	221	255	255	240	207	182	144	74	33	147	255	255	255	172	149	200	232	195	195	197	203	200	200	200	233	255	219	79	45	81	95	122	111	112	122	128	125	111	119	123	122	144	147	127	134	
206	206	152	161	165	136	136	104	80	76	101	122	159	223	210	85	128	193	180	168	161	157	113	90	95	112	120	129	127	118	4	50	52	67	87	106	78	60	49	0	0	0	108	255	255	244	208	186	184	184	175	175	186	194	186	180	210	227	255	255	210	96	138	170	203	234	253	236	238	232	207	204	216	203	197	191	185	168	168	174	190	191	173	196	196	202	207	240	253	255	242	231	255	255	255	220	171	181	253	255	210	205	204	205	201	190	202	253	255	161	22	32	99	101	107	128	130	124	124	121	121	127	144	124	147	145	127	132	
142	142	100	129	130	84	118	107	118	181	241	254	250	255	255	43	68	225	191	165	157	155	118	108	131	142	146	156	158	180	125	106	64	61	91	110	75	42	44	18	18	50	136	255	255	249	194	193	196	199	202	195	197	207	188	191	209	219	255	255	100	0	0	0	50	110	140	189	217	247	241	213	206	224	209	194	201	191	182	199	200	194	200	178	184	183	173	172	190	197	199	212	255	255	230	181	95	99	211	224	220	214	227	242	225	214	237	255	255	115	18	80	129	140	136	152	139	139	137	131	140	146	108	132	126	127	126	128	
149	149	127	164	189	200	255	255	255	255	255	255	240	255	255	192	41	75	157	154	175	143	120	121	135	135	117	123	114	128	110	113	107	87	72	58	36	33	44	17	0	20	105	240	255	210	200	192	203	204	196	198	201	193	186	199	198	221	255	255	90	0	28	84	66	15	0	17	39	94	101	150	204	255	247	233	227	217	216	210	184	189	204	192	172	178	178	176	193	199	194	241	255	207	20	0	0	0	51	171	179	168	194	207	200	201	204	233	220	118	43	81	122	138	115	137	123	121	119	100	117	112	94	132	128	116	117	117	
255	255	255	255	255	255	0	0	221	200	240	0	255	228	205	255	255	21	0	37	108	129	92	105	102	118	131	124	111	91	110	124	144	124	92	62	42	53	53	33	9	8	106	246	255	214	206	193	198	199	192	195	196	197	188	199	198	225	255	255	46	0	18	66	78	67	42	18	15	0	10	27	94	135	147	157	182	207	217	221	208	223	230	210	183	186	188	187	192	188	208	255	255	168	0	0	0	0	80	177	120	79	77	82	109	134	173	177	164	83	25	39	87	108	108	121	121	121	109	109	110	105	80	139	129	126	128	129	
255	255	236	230	0	0	0	0	189	182	206	241	248	206	191	255	255	248	74	0	29	83	113	112	111	122	130	113	107	100	116	126	128	125	119	111	67	54	63	31	0	0	95	255	255	229	199	191	197	198	192	185	187	188	188	194	201	241	255	255	56	0	23	49	71	72	79	70	79	68	53	33	32	29	0	13	54	85	126	187	216	222	228	210	237	230	216	201	193	188	219	255	255	159	0	0	0	50	147	186	142	117	115	114	105	90	63	65	82	117	145	162	167	143	119	121	108	97	84	81	86	104	106	126	122	118	111	112	
0	0	238	205	0	0	0	210	205	208	224	0	0	235	189	227	255	255	255	7	0	38	101	108	111	122	114	115	110	139	152	122	88	89	132	140	89	90	66	44	0	0	76	255	255	227	192	191	192	193	187	181	183	195	188	178	204	255	255	246	65	0	4	43	46	40	54	83	107	77	74	57	72	57	32	37	46	29	21	48	64	64	109	139	206	218	229	247	249	225	222	255	255	97	0	0	0	53	185	178	134	116	122	130	117	104	83	60	92	198	255	247	228	213	220	207	169	144	122	98	96	111	107	93	95	103	89	92	
0	0	0	218	227	0	0	0	216	0	0	0	238	219	201	216	254	255	255	35	0	47	56	59	87	103	99	103	109	120	141	99	55	79	128	144	119	137	117	67	0	0	79	255	255	227	199	199	192	195	188	193	185	196	199	183	193	239	242	215	43	0	45	58	62	66	78	100	100	96	93	79	79	65	48	57	82	67	43	32	8	0	10	18	50	59	92	137	175	182	218	255	237	37	0	0	0	23	142	162	148	131	128	123	115	109	90	80	110	218	255	234	210	223	246	230	214	212	215	202	193	174	159	78	101	98	83	88	
255	255	255	187	185	0	0	0	210	0	0	205	194	221	253	228	240	255	250	0	0	57	74	60	66	59	87	107	115	98	108	93	105	123	122	124	115	126	153	65	0	0	81	255	255	227	192	186	186	190	186	190	193	187	202	196	181	231	248	238	81	13	75	65	46	48	80	73	77	50	75	53	45	58	62	78	83	59	56	63	44	36	39	39	0	0	2	27	41	57	90	61	103	62	0	0	0	2	105	155	153	133	130	128	117	115	101	81	92	198	255	217	185	190	204	207	189	206	222	221	225	226	205	193	199	181	144	156	
255	255	230	157	184	214	0	0	218	218	0	0	0	227	230	255	255	255	201	0	0	53	98	101	65	32	37	85	116	128	80	106	140	139	112	108	101	97	103	73	10	25	170	255	255	209	197	200	200	209	205	189	190	194	203	168	168	222	255	255	134	0	38	37	36	70	96	76	80	44	57	52	55	74	70	73	74	58	62	60	52	56	76	85	70	65	75	66	51	21	0	0	23	175	203	156	129	141	184	204	157	121	111	101	99	95	94	74	85	199	255	215	187	184	199	201	191	195	201	196	204	213	216	235	226	235	225	240	
0	0	0	202	232	224	0	0	234	182	216	0	0	224	224	255	255	255	207	0	0	71	103	99	82	55	33	53	84	89	117	110	103	85	81	109	112	113	99	110	105	131	205	255	255	226	209	216	212	209	214	184	168	204	200	151	173	234	255	255	71	0	0	27	37	72	81	60	68	49	47	53	66	88	88	96	89	82	73	80	78	86	96	103	94	101	102	96	88	61	0	0	68	255	255	208	236	255	255	231	194	158	138	121	94	71	62	69	111	192	233	214	203	209	192	202	208	216	206	208	201	195	188	201	193	198	212	216	
0	0	0	0	0	0	0	0	189	140	219	0	0	0	235	249	255	255	157	0	0	80	102	104	107	95	80	46	63	58	140	100	92	103	105	116	121	135	127	117	123	125	115	130	213	255	243	232	224	236	242	202	172	223	243	186	191	249	255	255	48	0	11	70	69	70	77	81	89	61	66	78	86	94	103	117	124	97	95	89	76	74	71	80	68	72	84	83	71	48	9	0	117	255	255	205	228	252	231	208	227	217	211	197	166	145	136	172	220	225	232	212	226	225	205	191	185	182	178	186	188	190	193	194	182	175	198	194	
255	255	0	219	212	195	201	0	0	210	0	0	222	202	202	242	255	255	106	0	25	86	108	107	98	92	95	87	90	107	55	69	100	139	134	116	101	96	97	114	133	115	79	80	113	124	121	98	108	164	213	242	255	255	249	211	188	219	255	240	81	0	11	57	67	65	77	93	87	80	72	86	86	85	97	113	116	89	84	70	73	69	66	60	58	79	91	71	59	31	0	0	109	255	255	179	161	172	195	197	208	211	220	224	221	212	217	229	249	255	255	255	248	238	214	216	202	185	188	196	197	200	190	201	196	185	213	206	
255	255	0	0	211	205	204	0	0	0	0	0	167	165	199	255	255	255	76	0	33	103	102	95	78	79	97	110	104	103	23	42	89	96	100	105	97	76	99	129	112	94	91	105	99	82	82	36	0	0	24	94	164	169	182	219	240	255	255	255	186	0	0	17	69	88	102	104	92	97	83	83	73	62	63	72	79	73	68	69	67	62	49	47	59	80	90	68	44	20	0	0	145	255	255	162	159	194	219	214	196	191	203	209	206	205	211	233	255	246	179	136	160	191	229	243	224	235	255	253	237	202	202	200	188	156	199	189	
228	228	211	226	220	0	0	197	0	0	0	0	201	224	238	255	255	255	20	0	42	120	92	81	94	88	78	93	93	81	55	90	101	72	56	78	108	130	72	78	76	82	94	104	101	111	120	75	43	48	49	24	0	11	42	79	119	156	221	209	185	0	0	4	55	72	82	75	74	66	60	54	48	51	57	71	81	70	68	58	59	56	50	58	73	89	81	69	40	30	22	0	183	255	253	177	209	232	224	194	200	199	193	203	216	219	224	247	255	210	107	73	107	109	108	138	147	168	206	219	222	222	255	200	175	170	219	206	
220	220	207	223	213	205	194	0	0	0	0	0	223	221	221	253	255	231	0	0	69	98	74	82	99	97	90	94	88	88	72	91	92	90	55	42	69	99	63	68	96	110	108	95	100	105	105	105	136	188	149	49	0	28	42	26	20	21	55	58	33	29	73	94	63	49	47	32	29	55	46	40	46	65	72	84	92	81	67	73	64	62	58	74	82	96	87	70	51	46	37	0	117	249	238	181	207	237	219	195	203	192	188	190	202	200	203	236	255	186	61	73	122	116	106	106	96	103	131	120	120	154	184	177	165	218	255	255	
248	248	243	255	221	234	217	0	0	255	255	249	231	236	255	255	255	255	13	0	55	78	108	101	86	93	112	90	68	60	123	65	51	109	122	64	43	47	127	115	114	103	88	86	82	88	105	99	97	96	77	53	109	70	50	80	66	22	0	0	0	181	255	255	195	138	112	59	35	20	22	4	10	21	34	56	73	85	72	71	73	87	94	109	100	92	77	44	32	33	30	0	156	255	255	184	217	226	201	175	201	198	205	212	216	224	228	246	255	179	63	76	142	133	137	118	109	121	126	78	42	59	88	114	127	228	255	255	
255	255	255	255	255	255	255	255	255	255	255	255	221	255	255	255	255	195	21	0	56	108	117	73	70	96	89	56	95	133	113	120	85	133	170	106	73	28	36	40	89	105	79	86	106	104	119	106	98	94	82	96	142	122	119	111	86	36	20	29	0	121	255	255	176	213	255	229	234	191	157	97	50	39	34	38	41	33	49	48	49	49	50	54	78	91	77	74	69	78	66	0	149	255	240	170	215	222	189	177	207	201	206	204	201	201	214	243	240	156	75	75	114	110	102	113	133	152	137	105	92	98	106	100	150	125	109	72	
255	255	255	255	255	185	63	0	0	0	0	0	43	230	255	255	255	45	0	77	89	77	72	31	48	134	136	69	63	113	58	51	29	82	76	64	100	62	64	54	83	93	94	114	114	81	88	82	87	96	98	111	126	118	114	92	70	48	51	44	0	52	218	255	200	205	209	201	226	220	225	210	183	170	148	118	67	32	28	11	21	49	70	74	84	71	73	75	76	75	48	0	100	220	233	197	220	212	197	227	196	206	201	200	200	192	218	234	230	152	83	95	130	139	139	133	153	155	137	111	108	103	123	126	169	142	94	91	
181	181	0	0	0	0	0	0	0	0	106	255	170	103	105	120	27	0	0	122	62	77	91	54	105	178	162	104	70	67	103	70	82	133	72	79	150	117	100	59	36	45	62	92	94	86	85	95	99	113	120	118	119	116	118	101	81	87	72	46	0	37	170	255	233	183	184	215	236	185	233	236	226	243	253	218	189	170	135	90	62	51	24	0	34	49	63	75	88	80	56	0	13	136	217	213	222	221	203	191	191	192	196	194	194	195	205	228	210	156	88	99	140	143	140	138	133	138	124	100	95	120	121	175	193	165	132	141	
0	0	0	0	0	34	229	255	255	255	255	255	169	153	89	35	0	0	68	135	87	81	111	79	93	147	176	122	90	79	150	105	106	125	73	52	105	112	64	41	55	58	34	24	83	117	105	102	97	100	95	96	88	101	95	91	104	105	100	65	11	0	66	240	255	222	191	199	188	185	198	184	166	200	227	225	239	255	241	224	220	188	129	89	21	17	26	25	50	49	60	0	0	111	255	254	221	245	212	174	207	208	190	192	191	201	194	225	240	177	112	102	128	130	133	139	137	132	122	104	109	137	165	164	172	144	134	143	
255	255	255	255	255	255	255	255	221	207	223	91	0	131	208	217	131	47	37	71	95	95	95	40	8	87	165	138	101	132	145	100	57	69	88	47	52	135	60	60	82	84	35	0	15	77	97	70	77	82	89	102	100	84	94	105	116	119	105	69	40	0	78	249	255	187	163	180	165	203	186	172	181	201	189	188	202	203	196	214	237	255	238	238	214	167	104	34	19	34	31	17	0	54	255	255	208	219	201	196	209	200	199	201	203	202	206	226	255	215	128	96	114	132	137	141	146	128	112	126	139	167	179	152	149	137	126	133	
255	255	250	195	170	153	159	133	166	130	169	232	191	210	234	247	190	71	46	52	33	51	63	88	101	92	126	183	153	97	82	96	93	104	177	114	35	148	141	93	77	90	88	50	41	88	129	101	94	103	110	109	105	85	92	113	112	97	90	100	99	81	167	255	255	187	192	206	208	169	156	167	191	197	176	176	176	156	159	160	180	181	190	196	223	255	255	255	255	190	92	42	13	40	212	255	251	240	184	216	211	198	205	204	204	205	208	226	241	227	128	83	109	135	140	143	124	111	111	122	145	160	169	178	172	169	157	163	
154	154	185	171	125	129	182	158	174	218	238	245	172	250	255	154	37	10	109	135	65	0	51	139	164	103	111	193	142	39	57	94	156	111	136	93	43	84	184	123	68	68	103	113	100	109	132	105	106	109	102	100	100	98	101	100	91	89	100	102	122	48	109	201	241	243	193	189	201	199	185	195	192	181	178	176	175	184	197	201	201	200	198	186	203	203	192	189	193	240	255	255	207	193	255	254	255	255	206	218	198	189	203	208	205	203	202	201	227	220	150	93	106	122	129	128	115	106	121	141	150	156	152	159	144	160	152	156	
151	151	122	114	155	153	123	132	102	184	106	63	109	207	187	17	0	0	40	89	150	109	45	62	91	84	113	86	46	81	112	130	160	39	0	67	66	85	61	114	70	56	96	107	66	53	67	82	90	91	76	72	73	106	104	86	86	89	96	113	110	144	75	48	99	155	168	207	255	255	253	234	211	214	211	204	195	215	198	188	182	176	177	176	183	190	198	199	202	204	204	195	229	255	255	146	135	244	217	246	248	237	232	224	211	215	209	217	247	243	170	103	96	118	131	128	120	127	150	169	170	165	142	158	145	167	164	163	
167	167	162	164	153	130	146	239	193	196	176	113	199	198	136	0	0	0	35	92	122	150	126	60	23	43	113	115	64	35	81	85	136	59	110	173	107	148	163	77	65	103	95	73	120	89	99	103	113	107	108	102	107	109	103	90	88	93	82	92	103	81	84	109	116	71	33	8	0	85	126	199	246	255	250	227	204	203	199	205	198	185	173	172	180	180	170	170	178	185	194	200	173	225	242	169	84	81	111	111	163	172	219	241	251	245	242	217	221	234	206	138	90	108	113	123	122	138	152	158	149	160	154	153	154	163	148	146	
200	200	216	238	214	205	216	208	183	243	255	167	215	219	172	5	0	5	64	15	8	66	113	117	120	91	65	59	62	89	70	164	211	49	39	124	48	61	152	101	117	155	157	102	99	65	72	85	91	86	82	80	90	92	86	82	87	89	100	116	126	95	104	130	120	108	87	87	81	2	0	0	13	79	156	201	200	215	241	227	202	193	209	207	210	206	198	194	200	192	185	190	181	203	191	158	91	93	127	124	101	101	115	119	134	148	157	170	188	212	222	176	102	94	104	111	132	147	160	162	152	143	112	144	135	147	151	149	
241	241	226	212	162	134	144	123	187	255	255	153	185	255	255	163	53	59	46	4	25	19	61	114	158	148	65	13	35	106	163	183	183	39	50	102	30	51	165	57	23	80	140	112	72	42	76	80	79	77	74	90	96	94	94	96	99	102	115	118	118	73	84	92	104	93	99	84	85	62	61	21	0	0	20	39	51	94	173	205	184	224	255	251	233	224	212	202	189	170	161	158	204	183	213	216	150	92	97	117	150	135	116	109	100	97	79	105	132	146	187	175	134	118	131	96	117	127	116	111	124	142	116	158	142	142	148	144	
197	197	165	142	114	110	149	204	255	255	214	133	205	255	207	55	39	94	84	48	50	25	35	53	60	100	142	137	98	58	68	140	193	99	69	108	78	117	145	45	0	79	172	125	52	42	87	89	88	90	91	101	99	107	104	100	107	109	104	96	80	82	90	80	87	90	107	111	108	135	119	96	76	54	29	0	0	22	41	24	5	73	170	201	218	217	225	232	227	208	217	216	190	167	200	232	150	92	98	128	125	135	141	141	143	123	105	108	113	102	121	133	150	179	182	196	218	217	165	136	142	123	102	88	87	116	107	106	
212	212	189	215	233	255	255	0	255	255	183	185	255	255	78	0	0	78	175	114	39	53	24	18	38	38	107	168	135	80	64	68	69	108	146	111	75	123	116	109	101	156	213	128	31	53	86	94	90	92	95	89	93	85	73	76	87	91	92	77	70	124	100	90	85	97	106	103	102	141	97	78	92	100	81	38	27	38	23	0	0	18	58	56	31	43	106	166	206	234	250	249	255	205	229	255	185	114	102	119	94	118	136	157	150	145	116	125	132	117	97	94	129	209	255	255	255	255	255	235	234	209	183	173	178	184	152	154	
255	255	255	255	255	249	251	0	0	213	167	226	255	255	37	0	0	3	39	107	132	101	34	32	19	13	43	71	85	117	168	109	8	13	82	86	54	77	127	116	89	156	189	95	0	55	71	77	81	78	78	69	74	60	65	74	86	94	94	95	99	109	96	96	103	120	118	108	100	128	99	105	123	119	106	98	74	57	66	74	82	73	51	41	11	0	0	0	30	85	142	148	137	102	174	236	229	181	153	147	122	132	127	124	136	127	113	129	143	148	123	77	116	218	255	255	250	254	238	250	255	255	255	255	255	255	240	249	
0	0	225	221	0	224	193	221	246	217	181	241	255	255	34	0	0	8	19	42	65	140	153	106	49	29	51	41	39	61	97	139	88	36	37	42	57	58	146	105	78	138	167	52	0	76	71	66	69	74	71	80	89	94	90	95	92	84	92	102	110	80	92	101	115	119	107	94	85	58	93	103	121	115	112	141	102	51	66	54	50	76	84	90	59	40	58	63	59	28	4	0	0	0	85	170	168	171	189	197	131	136	108	114	134	137	122	131	136	125	116	92	118	219	255	255	227	221	212	215	216	226	226	238	228	254	255	255	
0	0	0	0	0	0	0	250	255	225	207	245	255	255	39	0	70	65	41	61	65	77	128	146	120	84	39	10	30	28	44	76	99	177	160	32	25	78	169	153	146	185	177	56	7	97	55	68	81	84	93	93	93	99	98	79	82	83	89	89	99	97	101	117	111	106	91	97	91	128	122	106	95	97	94	89	84	81	82	68	67	81	84	83	63	58	65	63	58	56	61	44	0	24	137	161	102	107	185	240	188	171	167	163	168	153	121	116	108	83	93	106	130	186	255	233	207	210	212	213	215	203	211	207	216	221	228	225	
255	255	195	200	243	193	156	215	255	207	221	219	255	255	36	0	72	95	100	79	56	29	33	67	123	149	111	62	24	19	26	47	72	98	135	109	61	37	95	136	177	167	163	32	0	60	50	79	95	94	94	91	61	74	71	78	96	99	91	90	102	104	98	99	76	76	77	83	95	100	86	85	89	93	97	115	128	142	129	113	92	77	69	53	51	63	73	94	90	87	86	75	0	46	171	205	122	59	176	255	220	210	227	246	229	209	194	167	142	126	144	163	141	157	215	255	255	252	217	228	227	218	225	236	225	223	220	218	
255	255	159	150	210	197	212	250	0	255	241	182	255	242	9	12	77	104	92	84	73	54	75	62	47	81	138	147	81	37	36	30	33	38	58	114	137	109	65	83	101	94	85	7	0	64	102	77	65	57	60	73	93	94	95	78	91	98	92	86	95	74	81	91	91	99	90	89	83	82	90	109	121	123	125	126	111	90	108	115	114	98	93	98	54	66	67	69	67	65	75	75	47	41	129	206	141	70	149	215	238	207	212	209	222	222	215	214	207	217	250	251	200	191	219	255	255	250	240	255	250	214	248	234	222	221	221	221	
0	0	163	180	240	198	225	224	255	247	244	155	225	213	0	0	47	92	106	109	99	83	70	70	44	35	69	136	134	123	75	28	10	28	7	28	105	120	118	77	45	18	39	58	22	35	54	49	56	74	72	81	77	74	60	66	89	94	82	74	64	70	79	106	116	112	117	115	114	121	124	125	114	104	94	94	98	121	129	117	109	101	102	136	83	68	64	50	35	60	79	89	60	31	111	211	167	88	105	153	241	227	194	199	214	198	187	190	200	239	255	255	248	241	255	255	255	212	216	247	255	239	255	251	246	247	252	251	
0	0	148	215	0	208	215	245	255	217	228	157	239	184	0	0	12	88	125	104	101	104	99	82	51	37	34	45	77	132	143	94	43	18	0	6	52	59	75	108	111	71	63	117	113	80	71	38	46	73	92	79	71	72	72	77	88	79	72	81	91	100	102	111	101	106	106	109	104	98	103	87	92	96	100	114	128	132	111	84	78	82	120	154	123	105	94	65	61	79	73	55	37	34	109	194	168	120	99	121	224	240	223	207	214	184	183	205	225	255	255	246	227	233	255	255	219	145	127	173	202	181	209	217	227	244	255	255	
237	237	160	0	0	0	219	0	255	186	196	151	237	131	7	0	29	116	132	88	87	119	99	114	115	54	13	34	65	42	93	151	109	44	52	24	15	38	22	76	99	54	15	73	136	123	111	90	70	58	45	60	69	87	79	73	82	82	87	95	114	91	94	93	95	93	85	89	81	93	93	96	101	97	103	110	105	86	75	91	94	108	109	120	113	112	124	129	124	102	57	0	42	67	132	165	150	144	134	125	194	231	235	221	207	177	186	215	242	246	231	212	221	225	249	255	219	115	74	105	133	112	108	143	145	156	185	172	
238	238	185	0	0	0	196	0	0	209	173	207	245	57	0	0	46	138	123	47	73	116	109	116	104	73	57	79	95	84	82	108	86	92	103	60	2	1	0	0	0	0	25	75	113	116	115	120	106	85	62	55	56	54	53	59	72	91	93	89	86	66	74	77	95	98	99	93	98	88	98	106	107	109	101	95	84	64	89	117	126	120	99	83	93	106	135	148	134	102	55	24	75	118	152	135	135	157	148	111	145	188	223	212	193	183	203	228	238	235	224	212	221	232	231	255	255	169	116	133	159	138	136	144	134	128	116	107	
255	255	186	219	0	202	194	0	255	202	119	255	255	29	0	18	101	151	82	15	78	128	100	100	97	91	106	134	109	72	61	52	32	39	78	102	58	0	0	12	27	95	129	128	129	110	115	90	92	116	143	119	79	73	72	58	70	88	86	77	72	81	91	80	94	104	106	92	93	96	98	109	99	98	95	101	112	123	116	112	118	102	105	125	114	116	109	113	106	105	115	130	56	102	126	121	128	159	126	84	137	161	205	215	195	197	232	233	225	229	229	216	226	227	222	237	255	208	117	112	134	146	143	172	159	142	135	135	
255	255	194	0	0	211	0	0	255	229	142	255	243	71	0	52	98	134	77	32	101	137	39	49	102	93	130	145	108	96	94	48	16	9	66	57	86	68	99	189	208	186	160	143	130	112	110	111	111	116	113	130	151	137	117	82	48	32	52	74	91	92	94	88	84	84	69	83	96	105	96	99	91	93	92	106	117	121	116	99	88	89	105	126	100	94	107	108	110	134	141	146	96	132	184	132	126	117	89	49	96	92	169	214	217	228	255	248	228	222	226	221	230	233	229	235	255	255	145	88	132	140	134	167	169	162	160	164	
220	220	202	0	0	218	0	255	255	203	168	244	184	89	0	32	82	116	72	56	115	130	18	55	132	95	102	135	141	185	93	66	75	27	26	21	61	19	66	141	170	115	97	101	126	131	117	114	107	106	98	117	142	122	119	114	93	70	80	73	47	79	65	71	92	90	93	81	85	96	92	82	97	90	92	98	90	90	105	110	100	95	114	111	105	110	126	130	124	116	107	87	67	130	165	153	130	127	102	82	88	53	129	240	255	255	238	230	228	226	224	232	230	231	226	218	244	255	178	94	149	167	140	169	169	169	154	158	
229	229	225	0	0	205	239	255	236	185	183	255	165	87	15	42	123	134	65	50	110	96	18	71	131	73	40	81	122	162	91	54	77	132	63	0	0	0	31	112	157	126	103	110	122	138	116	114	111	114	113	118	135	119	119	131	139	133	137	85	41	38	57	87	112	106	89	88	96	100	94	101	112	104	93	100	95	100	117	118	111	112	119	128	122	119	113	116	98	90	96	87	61	132	147	180	126	135	98	102	56	39	135	255	255	255	204	202	227	221	227	223	220	218	209	218	232	251	225	146	143	160	132	166	179	169	154	158	
245	245	0	0	202	186	255	255	255	196	204	255	185	53	0	29	122	116	47	57	122	81	24	85	131	52	2	77	110	58	108	103	59	130	141	50	0	66	170	184	164	142	125	105	116	130	134	127	123	124	123	121	133	123	107	106	103	120	142	131	120	95	78	37	40	73	89	96	88	92	86	100	97	87	85	100	105	113	125	119	105	95	109	120	107	100	95	98	100	99	115	111	134	152	178	155	144	115	142	156	129	98	125	207	255	251	218	221	234	221	215	219	221	215	224	239	243	252	255	202	108	139	124	162	172	158	151	155	
235	235	0	0	162	198	0	255	204	103	174	255	134	0	0	31	105	98	50	67	112	71	22	86	113	41	40	176	176	18	74	187	115	88	138	157	109	203	219	176	134	119	122	118	115	135	135	123	115	115	122	129	129	125	108	93	91	108	131	136	127	122	135	132	78	25	34	59	89	106	87	96	97	93	93	98	111	115	105	92	81	90	85	104	101	107	116	116	114	121	130	129	123	114	159	134	160	140	196	190	150	114	87	154	255	255	239	221	218	208	217	213	215	226	240	239	226	229	255	222	66	114	133	142	151	152	151	153	
255	255	0	255	160	221	0	229	157	91	194	255	129	0	0	96	138	108	69	93	109	60	12	84	125	41	53	185	183	22	41	107	126	148	123	127	134	177	145	134	126	126	140	111	103	116	117	114	115	115	122	126	122	121	116	126	128	124	123	112	119	115	123	133	126	131	110	59	36	77	73	84	103	113	107	111	103	105	100	101	109	96	100	93	124	121	122	113	126	119	130	137	69	118	149	171	145	149	132	114	88	146	170	233	255	255	244	237	255	251	246	238	236	234	233	228	221	241	255	239	102	105	139	141	161	171	166	165	
255	255	255	237	177	231	255	242	210	192	255	255	137	0	0	79	106	72	48	95	119	68	50	166	198	75	53	141	140	64	69	64	88	65	47	86	157	139	118	132	130	131	129	113	100	109	133	120	120	121	120	126	119	124	122	135	132	132	129	132	135	113	115	105	102	134	134	115	90	65	62	62	74	85	75	79	93	106	98	112	119	110	110	119	112	104	102	112	120	121	125	124	36	117	152	176	129	162	128	131	205	251	227	213	204	191	232	255	255	255	251	243	241	232	242	241	238	242	255	255	174	84	140	157	182	184	178	176	
255	255	241	187	178	222	217	255	180	180	255	200	59	0	37	146	170	83	33	85	108	40	58	167	140	27	53	143	122	57	96	96	60	0	67	73	133	157	139	132	114	125	141	123	109	121	150	127	125	125	126	116	114	128	133	129	134	124	114	108	106	118	123	113	110	124	131	135	133	148	105	73	64	75	96	102	103	82	85	97	100	92	91	89	89	95	105	111	120	113	113	90	149	181	207	136	136	142	158	151	228	222	185	177	169	135	182	174	109	133	160	195	232	255	255	255	255	255	252	255	191	22	99	109	132	128	130	129	
255	255	255	222	182	255	228	251	215	121	255	226	6	4	65	165	140	37	35	124	115	44	76	147	139	60	54	80	88	65	134	138	44	40	137	135	143	149	140	117	121	125	130	119	121	146	130	110	113	128	140	132	134	143	128	132	143	143	125	117	132	125	135	130	138	146	144	135	124	152	149	137	124	95	75	53	76	113	110	104	88	79	89	105	138	146	139	124	98	98	125	134	161	124	134	128	61	71	125	159	190	175	182	171	186	169	191	208	196	141	91	67	88	117	139	153	155	210	255	255	179	122	132	147	161	133	96	102	
255	255	231	156	140	244	227	255	247	216	255	219	0	1	70	155	134	38	58	108	77	40	99	131	102	61	114	154	117	68	171	195	56	23	150	163	117	96	117	97	108	117	130	119	134	138	135	146	156	141	130	128	133	134	122	129	139	146	116	108	118	145	150	145	144	132	131	119	112	100	115	135	159	142	117	83	73	70	74	91	112	133	135	102	127	118	103	116	134	152	150	140	102	136	177	186	129	155	188	200	235	197	173	184	186	201	155	149	155	151	161	158	145	132	108	107	100	95	103	93	83	169	255	255	255	240	229	242	
255	255	224	169	198	255	255	238	220	251	255	127	0	0	62	168	110	34	93	163	99	53	87	107	55	56	169	191	91	44	147	195	59	3	174	189	111	66	48	84	104	129	133	135	138	141	136	150	144	145	150	146	120	126	127	128	151	147	115	116	125	147	145	147	127	131	132	131	122	145	119	105	115	140	144	168	152	99	58	23	40	64	96	115	117	109	115	136	141	126	112	101	124	154	109	34	149	255	255	209	165	189	190	194	171	180	169	157	170	225	246	227	183	145	137	119	132	125	98	98	75	173	255	255	255	255	255	255	
251	251	228	188	231	255	255	224	191	255	255	72	0	0	73	164	106	47	145	192	93	48	74	113	65	57	135	104	16	21	74	167	54	12	176	208	124	93	140	122	82	65	90	125	163	164	138	136	127	141	159	159	129	131	139	145	152	129	115	110	115	132	139	139	132	129	136	127	114	116	130	132	141	140	130	120	135	141	111	98	79	70	57	84	69	68	108	143	137	109	107	88	129	113	111	155	185	158	191	255	189	144	127	138	163	163	205	210	209	199	178	161	161	179	200	206	212	154	109	96	84	144	255	255	240	228	223	226	
235	235	235	205	251	255	203	231	196	255	248	30	0	4	110	180	139	71	116	121	43	56	112	143	98	55	104	72	9	65	102	141	31	25	192	198	131	115	168	142	108	110	111	128	120	101	101	135	155	139	140	133	138	141	149	148	138	118	113	118	120	167	170	166	155	142	142	125	108	102	158	186	187	146	111	97	120	148	166	179	165	131	119	134	209	189	125	78	75	92	131	138	140	181	168	169	229	225	164	132	188	224	214	162	198	226	181	181	212	176	142	143	170	203	242	201	182	145	123	149	131	115	143	220	235	248	230	232	
255	255	253	196	250	239	208	151	178	255	206	0	0	34	147	158	60	13	62	85	40	81	131	120	61	43	134	110	57	111	163	114	2	67	231	209	138	104	122	147	154	168	156	120	95	75	74	100	117	128	129	150	142	149	153	134	132	120	113	128	135	157	162	153	134	143	141	123	124	159	151	160	137	142	145	153	161	155	141	139	134	127	163	188	238	236	212	173	133	118	103	84	82	99	182	227	218	156	170	225	192	169	224	255	231	158	171	192	165	187	210	207	210	210	214	167	183	220	255	255	174	81	0	223	245	255	218	214	
251	251	200	147	227	213	227	185	196	255	182	3	0	75	169	122	0	23	124	105	48	96	156	86	16	71	146	94	31	118	180	80	0	131	231	183	138	110	151	146	118	105	114	143	161	147	91	85	99	124	142	128	119	125	127	137	132	132	128	137	145	145	144	133	124	145	154	150	136	117	121	133	160	167	161	146	135	130	117	129	140	127	114	102	73	144	245	255	232	213	153	80	79	160	201	203	223	255	215	148	201	185	141	136	209	255	200	143	152	185	202	192	185	169	157	149	155	199	210	182	141	146	153	255	255	255	230	222	
255	255	213	162	255	255	255	242	217	242	143	0	0	28	116	97	18	122	202	90	4	98	161	65	0	79	131	23	0	120	192	72	38	152	208	167	144	120	149	146	124	124	140	159	146	144	136	111	110	93	74	83	120	140	141	137	141	138	145	146	149	180	163	143	131	155	145	140	116	110	124	130	139	138	135	137	142	132	128	145	143	128	122	129	199	201	162	136	178	239	236	179	202	206	243	231	169	159	163	165	183	188	209	204	181	138	189	223	238	204	176	182	189	184	160	193	191	197	182	152	178	236	255	123	203	243	255	255	
0	0	142	154	0	255	255	113	201	255	129	0	0	85	161	101	77	124	138	60	45	146	139	77	65	103	94	44	67	154	179	72	43	162	120	151	123	100	120	132	131	130	150	156	155	138	119	139	145	136	138	119	90	95	115	130	146	144	134	143	163	188	153	145	144	142	139	127	134	126	148	159	161	151	157	167	166	156	150	140	133	127	146	133	161	161	199	199	142	123	139	216	255	255	239	195	156	178	189	207	234	193	187	183	180	197	185	168	184	214	199	177	168	187	195	182	175	166	212	171	175	171	196	163	185	180	193	164	
255	255	108	164	0	253	194	211	255	233	57	0	0	117	220	127	81	100	115	67	45	141	137	71	64	102	99	52	96	198	169	18	0	92	108	161	161	132	129	137	124	127	150	162	156	127	106	138	157	160	147	150	150	125	116	117	125	140	143	154	150	153	135	140	147	163	142	120	119	141	152	164	164	146	141	152	166	156	160	154	146	154	151	155	168	162	193	163	121	117	124	206	0	251	235	212	195	212	201	202	187	192	210	215	194	191	184	196	202	163	163	228	255	238	143	184	185	202	163	167	159	198	150	180	183	164	162	152	
194	194	107	212	255	255	219	218	255	155	0	21	11	114	199	98	41	74	122	67	33	127	125	58	71	118	93	45	82	168	85	0	0	144	176	203	167	141	129	136	133	132	159	170	149	133	136	156	155	143	142	149	160	159	161	143	119	85	80	111	147	159	141	141	136	136	127	143	147	156	171	186	177	147	145	167	175	153	147	150	152	165	165	161	191	164	191	157	107	122	121	255	0	0	0	0	232	246	236	210	195	162	176	195	196	206	198	216	219	204	189	183	177	166	165	217	191	201	185	195	176	219	227	204	217	203	203	203	
187	187	181	255	255	255	253	190	255	143	0	20	28	96	121	59	38	105	146	75	12	98	111	50	77	125	99	42	80	122	55	7	71	195	210	176	159	144	158	145	138	145	159	157	139	130	134	154	159	141	133	139	141	158	162	166	161	141	110	110	116	134	116	118	121	135	146	155	167	157	181	179	171	158	151	162	157	128	134	143	159	167	167	166	178	151	203	160	106	115	128	255	0	0	0	0	0	0	0	224	219	177	166	188	195	193	204	186	167	172	185	197	193	204	205	206	247	255	245	149	203	201	182	196	187	190	189	190	
219	219	217	255	255	255	198	215	255	171	0	0	52	124	89	52	55	139	164	73	33	130	122	66	88	133	94	63	98	109	78	31	68	153	188	152	147	156	163	150	149	148	157	149	135	122	133	167	180	164	160	152	153	166	156	141	150	165	169	153	163	99	106	107	114	123	141	143	145	160	156	160	162	157	161	158	147	133	142	153	159	168	170	152	157	151	192	171	96	74	153	0	0	0	0	0	0	0	0	0	0	226	232	233	192	180	183	191	190	189	201	203	187	187	217	152	158	191	233	183	190	204	218	178	177	168	181	180	
224	224	193	243	255	233	139	255	255	160	0	0	82	192	96	52	83	173	159	63	70	176	123	72	119	140	62	35	96	115	67	8	35	120	210	163	139	133	158	140	139	154	162	153	145	141	162	162	148	138	130	158	171	174	162	152	155	159	159	156	186	144	142	112	105	101	110	125	131	143	145	151	164	155	153	159	150	155	155	158	167	170	157	145	157	153	193	178	67	52	197	0	0	0	0	0	0	0	0	0	0	0	0	0	234	222	199	203	225	208	194	186	162	177	220	206	213	233	150	144	157	221	150	195	182	206	189	191	
203	203	232	237	224	221	181	255	255	94	0	0	93	193	91	24	59	164	137	57	90	167	77	51	154	151	33	11	124	152	36	0	52	132	241	165	135	133	155	147	153	169	173	152	152	171	185	168	137	125	125	141	156	143	151	185	193	176	142	142	152	171	150	135	130	135	128	126	126	131	136	147	152	143	161	165	167	172	168	159	169	172	163	157	167	158	178	179	66	56	255	0	0	0	0	0	0	0	0	0	0	0	0	0	0	0	239	226	221	190	190	217	219	206	212	230	193	181	170	180	178	213	212	179	179	212	191	193	
204	204	255	255	205	205	244	255	247	34	0	15	107	181	63	0	56	173	143	61	89	117	28	43	167	149	32	48	162	184	0	0	102	133	213	126	144	151	161	146	160	174	171	158	158	167	167	173	156	153	161	155	138	140	154	163	163	165	154	146	152	149	150	166	184	179	162	134	129	128	127	139	155	164	167	175	176	173	160	168	173	182	178	170	163	162	166	173	77	64	255	0	0	0	0	0	0	0	0	0	0	0	0	0	0	0	0	0	248	210	191	201	193	193	213	195	196	200	215	177	219	192	176	179	191	210	206	204	
206	206	238	255	203	163	233	255	216	5	24	31	126	168	42	28	103	182	128	66	91	110	59	56	149	113	24	82	136	116	0	0	172	142	180	101	141	126	149	132	151	186	182	161	164	171	163	171	150	155	180	169	143	142	154	150	151	165	160	153	154	167	168	178	167	183	170	168	167	141	117	122	146	160	158	164	159	145	156	159	173	172	176	169	159	180	168	152	97	88	234	0	0	0	0	0	0	0	0	0	0	0	0	0	0	0	0	0	0	216	168	164	193	214	198	176	179	192	207	206	210	200	208	209	200	187	184	182	
237	237	255	255	238	167	209	255	205	11	31	21	111	157	58	58	146	178	90	50	124	130	63	64	128	93	28	103	148	105	6	22	177	189	180	149	165	134	105	115	139	164	165	145	161	169	175	169	150	146	155	164	162	175	176	177	165	138	124	161	183	185	177	164	153	164	164	167	158	146	157	177	159	136	124	130	141	140	155	167	156	147	153	175	176	172	167	157	96	103	255	0	0	0	0	0	0	0	0	0	0	0	0	0	0	0	0	0	0	0	0	212	201	191	176	193	210	227	220	195	178	190	215	161	175	184	194	194	
255	255	0	255	241	168	221	255	166	0	7	45	134	167	87	82	149	136	24	38	150	103	42	69	119	62	30	136	171	76	6	11	136	231	162	175	179	143	137	142	159	166	166	149	163	176	172	174	164	158	161	171	174	171	150	162	155	108	113	178	195	166	153	154	161	190	174	162	143	135	173	192	168	148	144	133	113	106	141	161	169	165	151	166	188	157	161	165	93	115	255	0	0	0	0	0	0	0	0	0	0	0	0	0	0	0	0	0	0	0	0	0	0	224	209	214	196	181	183	190	184	198	205	190	204	219	218	216	
255	255	0	230	219	176	255	255	122	0	0	62	147	128	45	83	142	104	14	74	179	105	34	101	137	51	32	154	179	29	2	0	112	255	161	179	182	157	180	162	155	162	158	145	149	169	154	157	150	158	163	163	157	153	144	157	159	122	140	196	189	162	138	140	151	169	160	152	149	133	179	190	178	172	177	157	124	118	131	161	163	164	168	169	174	153	141	148	79	133	0	0	0	0	0	0	0	0	0	0	0	0	0	0	0	0	0	0	0	0	0	0	0	0	0	214	194	177	180	204	207	211	238	193	221	214	189	191	
243	243	255	221	211	205	255	255	104	0	7	129	189	107	16	95	152	91	25	93	161	102	60	153	171	72	60	182	204	20	0	18	137	255	183	179	170	152	167	142	148	168	157	144	147	147	121	125	133	148	170	170	160	167	160	175	167	128	156	192	174	169	151	135	149	159	149	134	138	138	178	191	175	160	163	162	158	163	176	175	162	144	146	145	187	185	179	174	115	161	0	0	0	0	0	0	0	0	0	0	0	0	0	0	0	0	0	0	0	0	0	0	0	0	0	0	0	0	249	194	174	180	209	172	220	226	198	205	
254	254	255	254	202	219	255	251	33	0	17	175	218	94	19	127	177	84	35	90	111	60	59	148	130	40	49	158	183	2	0	64	192	255	183	187	165	147	136	141	159	184	168	134	143	139	118	122	140	161	172	175	163	170	170	167	143	128	148	178	159	169	146	169	179	177	144	125	129	132	173	185	156	155	160	175	175	188	190	202	174	136	116	136	160	181	196	201	162	217	0	0	0	0	0	0	0	0	0	0	0	0	0	0	0	0	0	0	0	0	0	0	0	0	0	0	0	0	0	0	211	198	200	135	172	209	208	209	
0	0	255	255	189	193	235	139	0	0	43	186	230	77	24	181	177	67	65	135	106	38	84	167	111	19	54	123	130	0	0	118	228	222	154	184	157	114	158	169	185	185	139	101	122	150	150	165	170	173	154	145	135	158	182	178	144	138	147	159	153	163	147	168	184	169	146	140	160	187	168	148	135	156	188	194	191	173	168	176	178	148	142	152	148	167	154	156	195	255	0	0	0	0	0	0	0	0	0	0	0	0	0	0	0	0	0	0	0	0	0	0	0	0	0	0	0	0	0	0	0	0	227	229	178	152	176	169	
255	255	255	255	144	153	206	111	20	0	50	197	214	83	65	201	175	62	67	146	103	25	135	231	94	0	70	153	58	0	16	98	241	183	121	131	137	138	173	191	191	159	100	102	157	175	164	169	172	160	151	154	158	170	183	162	126	120	160	177	170	169	167	159	169	174	161	173	180	195	161	136	132	155	168	169	175	179	176	187	194	178	169	176	182	199	177	138	181	0	0	0	0	0	0	0	0	0	0	0	0	0	0	0	0	0	0	0	0	0	0	0	0	0	0	0	0	0	0	0	0	0	0	0	237	209	174	185	
255	255	255	216	65	155	232	104	33	0	59	204	172	52	85	193	161	28	35	133	111	47	163	240	82	0	149	229	33	0	26	74	253	197	150	119	127	133	150	187	197	159	109	117	166	168	154	166	176	164	166	170	177	165	153	132	128	141	161	171	156	189	172	157	158	171	172	168	163	165	148	140	157	167	164	160	167	173	176	184	195	172	159	177	187	214	176	126	210	0	0	0	0	0	0	0	0	0	0	0	0	0	0	0	0	0	0	0	0	0	0	0	0	0	0	0	0	0	0	0	0	0	0	0	0	0	0	0	
255	255	255	187	51	227	255	91	5	0	83	227	136	7	68	170	105	9	65	152	118	51	122	174	43	19	203	244	51	0	37	116	255	219	155	147	135	131	151	176	173	133	99	118	171	184	153	166	183	167	167	168	170	155	143	144	159	178	150	153	142	186	170	155	161	179	175	157	149	150	152	150	171	175	181	174	167	173	161	154	166	180	176	186	208	212	166	145	243	0	0	0	0	0	0	0	0	0	0	0	0	0	0	0	0	0	0	0	0	0	0	0	0	0	0	0	0	0	0	0	0	0	0	0	0	0	0	0	
255	255	255	199	124	255	255	56	0	0	132	255	137	0	62	158	74	32	134	159	79	31	82	122	32	48	173	157	0	0	45	151	252	195	150	167	180	178	148	161	146	109	108	135	194	190	157	171	178	169	165	164	161	159	160	177	189	185	155	142	156	148	144	148	154	176	177	150	149	167	178	169	172	175	173	180	193	202	160	140	161	174	177	185	193	198	165	173	255	0	0	0	0	0	0	0	0	0	0	0	0	0	0	0	0	0	0	0	0	0	0	0	0	0	0	0	0	0	0	0	0	0	0	0	0	0	0	0	
255	255	255	156	143	255	230	3	0	34	186	255	108	0	88	171	93	63	161	137	48	21	110	136	59	94	158	80	0	0	26	167	235	184	158	181	190	168	150	157	157	142	138	151	164	169	165	175	178	174	165	169	173	167	181	201	187	170	159	158	166	161	145	127	130	148	166	175	172	183	187	180	162	164	177	190	215	205	154	134	156	178	182	176	179	186	158	170	0	0	0	0	0	0	0	0	0	0	0	0	0	0	0	0	0	0	0	0	0	0	0	0	0	0	0	0	0	0	0	0	0	0	0	0	0	0	0	0	
255	255	249	117	174	255	194	0	5	71	196	220	71	0	107	166	87	32	83	77	39	43	155	146	41	107	144	63	0	36	68	212	238	182	148	175	176	160	151	165	173	173	159	158	156	149	144	148	159	171	166	172	179	168	177	178	167	146	162	169	151	171	151	133	136	154	172	176	172	171	189	187	171	162	176	195	187	178	158	143	175	199	189	179	164	140	104	143	255	0	0	0	0	0	0	0	0	0	0	0	0	0	0	0	0	0	0	0	0	0	0	0	0	0	0	0	0	0	0	0	0	0	0	0	0	0	0	0	
255	255	223	129	253	255	170	12	0	72	200	171	48	32	132	133	44	28	86	81	42	70	201	150	9	93	140	36	0	51	143	250	189	156	137	177	166	167	155	150	143	161	163	171	187	172	137	144	148	156	150	149	158	159	161	153	163	168	181	175	165	161	164	177	182	182	175	164	148	171	194	183	167	166	186	184	161	174	159	158	181	197	191	179	161	119	91	143	255	0	0	0	0	0	0	0	0	0	0	0	0	0	0	0	0	0	0	0	0	0	0	0	0	0	0	0	0	0	0	0	0	0	0	0	0	0	0	0	
236	236	148	124	255	255	152	16	0	103	203	123	5	81	192	98	17	109	193	127	15	71	172	80	0	134	189	72	14	112	164	253	163	175	167	181	158	149	162	147	144	162	169	168	172	176	172	157	163	149	134	145	158	175	169	162	188	207	180	155	172	163	173	174	167	164	163	160	157	160	172	152	155	181	198	178	172	185	176	148	165	186	196	203	184	157	147	207	0	0	0	0	0	0	0	0	0	0	0	0	0	0	0	0	0	0	0	0	0	0	0	0	0	0	0	0	0	0	0	0	0	0	0	0	0	0	0	0	
231	231	162	184	255	255	159	6	8	129	211	110	43	151	220	76	40	156	214	103	13	107	178	72	33	174	176	25	0	81	128	200	132	82	137	181	188	209	166	145	142	161	169	158	158	163	156	146	139	146	161	161	150	151	153	169	191	206	191	183	197	163	147	161	181	196	192	185	186	199	184	174	174	185	185	168	185	192	159	168	201	208	184	167	174	151	120	205	0	0	0	0	0	0	0	0	0	0	0	0	0	0	0	0	0	0	0	0	0	0	0	0	0	0	0	0	0	0	0	0	0	0	0	0	0	0	0	0	
255	255	150	133	255	255	62	0	18	148	209	70	27	169	204	47	46	155	188	69	18	111	124	40	54	158	149	37	30	135	141	224	183	118	163	136	140	150	149	139	139	159	163	149	136	147	165	150	155	160	179	181	182	165	153	153	158	160	163	170	197	185	176	188	209	184	158	152	157	174	177	177	194	192	182	175	180	171	154	150	188	186	175	164	168	140	127	220	0	0	0	0	0	0	0	0	0	0	0	0	0	0	0	0	0	0	0	0	0	0	0	0	0	0	0	0	0	0	0	0	0	0	0	0	0	0	0	0	
255	255	164	143	255	255	0	0	9	166	183	18	16	170	177	29	65	183	162	43	42	127	110	60	98	152	94	22	43	136	140	223	204	131	144	123	133	139	143	140	152	160	162	149	157	169	181	167	167	172	175	186	189	164	156	170	169	162	162	156	168	177	163	170	174	155	144	164	190	195	196	204	199	188	178	172	172	165	137	152	168	185	177	165	154	138	143	253	0	0	0	0	0	0	0	0	0	0	0	0	0	0	0	0	0	0	0	0	0	0	0	0	0	0	0	0	0	0	0	0	0	0	0	0	0	0	0	0	
249	249	149	188	255	139	0	0	37	233	213	31	74	197	156	19	86	195	126	0	43	172	135	73	117	140	59	0	10	105	144	204	164	132	164	162	168	165	137	150	163	154	145	149	155	174	194	186	181	157	153	163	158	140	156	191	213	192	164	148	151	158	146	148	145	125	143	187	235	218	205	201	193	183	174	186	201	192	162	154	179	184	185	168	168	136	164	255	0	0	0	0	0	0	0	0	0	0	0	0	0	0	0	0	0	0	0	0	0	0	0	0	0	0	0	0	0	0	0	0	0	0	0	0	0	0	0	0	
236	236	134	234	220	53	0	0	62	228	185	32	75	171	111	22	101	209	110	0	55	198	135	54	89	122	51	0	26	132	190	195	159	135	155	149	163	154	139	166	166	130	124	129	152	172	208	198	185	159	161	161	167	144	160	182	176	156	147	174	208	177	169	162	158	136	143	179	205	189	184	179	185	180	193	184	195	189	164	171	181	190	190	185	174	140	160	0	0	0	0	0	0	0	0	0	0	0	0	0	0	0	0	0	0	0	0	0	0	0	0	0	0	0	0	0	0	0	0	0	0	0	0	0	0	0	0	0	
255	255	144	255	227	45	3	0	119	243	161	35	101	186	128	41	123	182	88	3	73	178	98	9	60	114	56	0	41	176	215	219	168	154	140	120	152	156	142	172	167	132	127	165	193	187	173	176	167	154	170	188	186	146	154	177	177	152	167	193	212	179	174	181	181	164	160	172	183	162	158	174	193	208	195	187	186	175	167	162	175	186	186	201	168	110	155	0	0	0	0	0	0	0	0	0	0	0	0	0	0	0	0	0	0	0	0	0	0	0	0	0	0	0	0	0	0	0	0	0	0	0	0	0	0	0	0	0	
211	211	109	226	173	12	0	77	176	255	173	78	128	195	125	44	121	128	54	55	132	177	88	36	103	141	60	0	61	199	210	195	147	138	147	136	174	155	133	167	169	141	158	192	204	177	156	167	159	148	161	182	162	130	150	197	186	172	167	168	156	172	160	169	183	185	168	183	185	157	161	163	178	190	187	166	154	171	166	171	167	172	184	183	147	83	165	0	0	0	0	0	0	0	0	0	0	0	0	0	0	0	0	0	0	0	0	0	0	0	0	0	0	0	0	0	0	0	0	0	0	0	0	0	0	0	0	0	
188	188	138	243	136	11	0	43	161	200	102	16	59	109	76	65	104	69	34	106	193	177	95	82	167	153	41	0	81	217	210	155	111	127	162	143	155	120	153	184	171	147	139	168	164	166	189	185	160	135	147	154	139	140	172	197	174	155	157	164	166	171	152	150	175	164	177	171	185	164	155	156	175	181	185	167	173	174	183	169	163	171	163	173	129	94	181	0	0	0	0	0	0	0	0	0	0	0	0	0	0	0	0	0	0	0	0	0	0	0	0	0	0	0	0	0	0	0	0	0	0	0	0	0	0	0	0	0	
104	104	219	242	129	0	0	43	119	123	45	13	82	97	68	76	131	100	55	108	172	147	72	96	169	84	0	43	141	179	187	153	160	160	136	127	148	156	148	184	153	132	151	190	184	160	169	173	165	162	169	160	146	153	160	165	166	154	150	167	167	184	162	175	175	149	156	179	177	197	187	175	174	171	163	170	162	157	168	161	163	179	180	173	153	99	205	0	0	0	0	0	0	0	0	0	0	0	0	0	0	0	0	0	0	0	0	0	0	0	0	0	0	0	0	0	0	0	0	0	0	0	0	0	0	0	0	0	
124	124	248	242	63	0	0	67	120	98	23	17	105	117	58	75	139	120	57	79	136	138	103	122	134	46	0	16	115	199	174	151	150	142	139	146	162	159	138	146	118	130	165	188	167	155	168	176	165	163	177	194	204	187	174	161	145	134	133	164	155	192	172	181	184	162	175	196	197	176	171	157	167	187	186	181	147	139	163	173	166	175	173	166	139	103	228	0	0	0	0	0	0	0	0	0	0	0	0	0	0	0	0	0	0	0	0	0	0	0	0	0	0	0	0	0	0	0	0	0	0	0	0	0	0	0	0	0	
84	84	250	224	42	4	0	115	154	97	14	73	167	121	48	62	124	108	57	83	140	119	83	87	87	21	0	26	119	241	187	161	159	158	152	157	160	155	145	148	145	145	161	175	163	160	184	179	169	158	162	172	175	172	164	143	122	133	135	168	170	195	179	194	186	164	173	193	181	184	164	152	156	182	183	162	131	126	169	182	176	164	162	152	120	127	255	0	0	0	0	0	0	0	0	0	0	0	0	0	0	0	0	0	0	0	0	0	0	0	0	0	0	0	0	0	0	0	0	0	0	0	0	0	0	0	0	0	
44	44	249	199	18	13	0	95	147	73	8	98	171	80	11	89	110	72	52	126	172	93	56	110	105	50	31	39	118	239	180	149	156	170	171	164	165	168	165	175	177	174	160	145	163	172	164	168	153	151	154	154	156	153	159	156	146	144	151	169	179	172	163	180	186	143	161	195	188	172	168	158	153	165	163	155	137	150	180	179	179	173	154	132	104	139	255	0	0	0	0	0	0	0	0	0	0	0	0	0	0	0	0	0	0	0	0	0	0	0	0	0	0	0	0	0	0	0	0	0	0	0	0	0	0	0	0	0	
76	76	255	173	0	9	16	87	141	74	23	116	178	81	37	140	153	52	32	137	166	37	51	162	158	63	34	35	99	217	172	151	157	168	165	156	157	168	183	169	162	166	163	146	152	159	144	142	151	158	162	168	183	172	158	172	171	146	158	170	195	157	159	191	167	135	154	195	178	161	173	173	157	157	163	164	151	157	184	180	185	185	159	127	96	160	0	0	0	0	0	0	0	0	0	0	0	0	0	0	0	0	0	0	0	0	0	0	0	0	0	0	0	0	0	0	0	0	0	0	0	0	0	0	0	0	0	0	
124	124	255	127	0	13	62	101	144	72	43	140	172	82	60	183	203	60	28	136	126	12	41	191	158	3	0	47	140	216	177	150	158	160	157	159	152	164	178	154	146	162	184	191	163	160	169	157	156	157	148	153	157	168	173	187	178	160	175	191	204	175	188	207	174	125	136	169	162	153	180	185	172	177	178	176	152	166	182	178	190	191	177	142	107	178	0	0	0	0	0	0	0	0	0	0	0	0	0	0	0	0	0	0	0	0	0	0	0	0	0	0	0	0	0	0	0	0	0	0	0	0	0	0	0	0	0	0	
