0	0	0	0	0	0	0	0	0	0	0	0	0	0	0	0	0	0	0	0	0	0	0	0	0	0	0	0	0	0	0	0	0	0	0	0	0	0	0	0	0	0	0	0	0	0	0	0	0	0	0	0	0	0	0	0	0	0	0	0	0	0	0	0	0	0	0	0	0	0	0	0	0	0	0	0	0	0	0	0	0	0	0	0	0	0	0	0	0	0	0	0	0	0	0	0	0	0	0	0	0	0	0	0	0	0	0	0	0	0	0	0	0	0	0	0	0	0	0	0	0	0	0	0	0	0	0	0	
255	255	255	255	255	255	255	255	255	255	255	255	255	255	255	255	255	255	255	255	255	255	255	255	255	255	255	255	255	255	255	255	255	255	255	255	255	255	255	255	255	255	255	255	255	255	255	255	255	255	255	255	255	255	255	255	255	255	255	255	255	255	255	255	255	255	255	255	255	255	255	162	159	177	188	186	197	211	201	193	179	166	180	198	204	229	245	238	237	230	213	198	199	199	203	203	224	219	222	222	202	237	205	180	127	87	143	255	255	255	255	255	198	119	110	214	255	255	255	255	255	255	255	255	255	255	255	255	
255	255	114	97	128	175	224	152	5	15	54	38	29	30	30	66	90	83	68	72	79	68	56	34	32	33	27	15	22	24	14	0	0	0	0	80	177	199	228	153	103	82	88	96	110	145	218	235	107	0	0	0	0	0	0	0	0	0	0	42	90	110	123	132	124	145	190	196	111	0	0	0	5	23	50	47	41	47	37	22	27	24	36	46	46	52	59	73	73	54	29	46	29	31	20	30	35	38	36	52	36	14	0	0	0	0	1	145	210	178	135	88	74	87	106	101	105	53	0	0	39	155	146	104	90	83	82	82	
148	148	117	93	148	198	231	76	0	0	9	24	53	55	66	72	93	78	45	53	70	70	18	11	25	48	77	58	50	83	0	0	8	19	0	9	42	38	69	41	74	109	139	126	140	182	211	141	0	0	0	0	8	13	17	35	27	15	0	0	0	0	23	64	91	113	158	119	0	0	0	0	22	48	72	60	49	42	45	37	39	29	33	26	41	37	38	50	61	39	24	44	16	27	12	19	31	36	49	33	15	11	0	0	0	0	107	231	210	129	105	107	143	179	172	124	133	56	24	39	0	22	161	122	86	80	92	92	
143	143	116	103	168	211	212	0	0	0	5	10	41	30	50	71	83	72	54	48	60	60	20	20	39	49	63	42	32	63	40	18	24	27	26	54	47	0	0	0	0	55	89	106	148	200	170	20	0	0	0	7	16	36	46	26	22	35	44	37	17	0	0	0	0	2	65	36	0	0	0	0	9	34	58	53	43	39	36	27	31	32	23	27	18	23	19	27	37	35	28	26	9	12	33	29	37	38	35	14	0	2	0	0	0	54	212	223	142	116	76	70	83	103	118	104	132	103	109	91	0	31	138	140	95	84	93	92	
146	146	124	122	181	221	186	0	0	0	29	39	54	43	54	71	82	67	53	56	68	59	52	65	72	52	37	0	0	0	39	31	49	38	49	78	60	0	0	0	0	0	0	0	35	80	16	0	0	0	0	20	37	60	59	50	46	51	52	41	26	21	0	0	0	0	0	80	87	43	12	0	0	2	0	0	0	16	7	14	8	9	13	25	22	24	24	21	28	31	31	29	0	22	28	32	36	35	21	0	0	0	0	0	0	156	236	154	74	59	30	58	113	118	84	96	113	112	145	102	76	132	121	159	96	95	92	90	
152	152	141	142	202	224	130	0	0	33	67	48	61	62	41	51	44	27	37	62	67	36	45	50	68	71	59	46	44	58	65	53	53	81	128	147	83	37	32	47	50	0	0	0	0	18	78	34	28	24	3	0	0	19	31	34	43	45	35	36	58	20	1	0	0	0	144	210	195	137	140	128	98	61	24	5	0	0	7	0	1	4	32	54	78	68	35	23	12	3	9	45	0	16	23	33	23	33	31	25	0	0	0	0	168	207	154	95	68	70	75	85	107	108	94	87	101	97	102	105	98	128	168	118	70	120	135	124	
139	139	153	155	206	190	75	0	0	25	55	49	50	57	54	68	84	78	81	90	67	46	54	71	89	98	95	74	70	85	61	62	67	92	110	93	31	7	12	24	35	0	0	0	25	164	206	174	150	106	50	8	0	0	0	12	25	20	21	15	24	0	0	0	0	70	232	223	130	110	124	139	145	128	84	59	48	16	0	0	2	15	13	24	35	25	10	19	26	38	20	22	29	33	46	41	35	33	23	2	0	0	0	36	169	194	132	106	120	110	107	112	111	109	89	92	97	95	94	104	134	155	196	37	0	83	159	123	
82	82	122	139	179	139	24	0	0	22	58	76	88	79	97	132	121	110	108	109	87	53	65	75	99	94	89	77	62	63	18	10	24	56	51	30	0	0	22	18	8	0	0	0	104	233	207	147	128	132	149	128	88	52	44	14	0	0	8	0	0	0	0	0	0	186	255	186	94	95	98	94	110	119	125	132	137	109	70	54	47	0	0	27	18	12	3	2	23	28	39	35	98	80	53	39	30	16	1	0	0	0	0	96	180	185	138	122	116	119	112	102	104	94	83	97	92	104	99	105	153	192	175	0	0	0	173	107	
0	0	20	34	76	75	0	0	24	42	51	96	93	74	96	117	78	61	72	71	39	16	25	43	59	56	49	41	42	48	22	20	37	64	57	9	0	22	31	7	0	0	0	0	173	255	160	112	104	102	103	111	133	127	118	86	49	11	0	0	0	0	0	0	136	255	228	130	69	86	91	94	98	95	100	99	112	120	128	152	129	56	4	34	0	0	0	7	5	15	27	31	39	35	21	15	11	8	12	0	0	0	70	196	187	127	103	86	84	85	91	98	90	94	87	94	89	105	107	91	168	182	106	0	0	0	101	36	
0	0	0	0	0	110	119	113	114	74	44	39	42	34	44	39	31	40	56	40	24	27	30	37	45	39	15	25	41	63	19	21	46	77	58	0	0	13	14	0	0	0	0	13	211	236	120	91	103	99	87	87	107	115	133	148	135	92	33	10	10	85	69	99	182	205	155	103	82	77	95	88	82	73	86	97	104	106	102	119	119	103	92	102	53	52	40	8	0	0	0	11	3	17	24	33	21	38	16	0	0	0	159	255	183	100	79	87	85	82	96	98	97	89	91	102	90	106	117	137	195	147	18	0	0	42	49	18	
0	0	0	0	32	209	212	163	140	139	108	71	47	24	12	3	27	50	60	36	27	52	54	57	62	26	8	21	36	37	18	28	63	78	56	11	10	29	15	0	0	0	0	94	227	192	110	82	94	104	102	97	93	95	105	116	132	124	112	105	118	188	204	191	167	148	136	113	82	74	84	81	77	82	96	112	93	75	86	88	99	114	125	137	120	134	129	88	44	12	0	0	0	10	25	30	37	43	9	0	0	0	182	239	163	102	106	119	103	92	103	104	102	86	99	99	91	97	132	174	186	92	0	0	18	67	55	49	
21	21	0	0	74	255	211	124	102	139	150	128	130	108	81	70	44	34	29	15	10	22	49	80	79	49	26	34	35	34	41	55	67	65	21	11	15	35	20	13	0	0	16	164	230	150	118	109	98	87	83	93	88	92	92	79	91	97	92	102	136	185	216	175	127	131	158	152	124	114	112	103	95	97	91	89	73	78	90	97	105	99	90	85	105	118	134	121	118	103	68	71	15	17	0	0	0	7	0	0	0	57	198	185	105	91	112	119	106	94	94	98	97	94	99	90	90	116	144	165	135	27	0	0	44	60	34	35	
0	0	0	0	162	255	163	116	99	110	121	125	144	164	154	142	105	65	30	23	13	0	36	60	64	33	19	44	60	52	82	105	85	34	1	0	4	18	26	0	0	0	27	157	203	136	112	105	93	86	99	101	94	88	89	88	95	108	97	105	153	209	222	51	0	2	44	108	120	163	142	130	111	102	102	104	98	94	88	87	85	84	88	86	95	92	84	105	119	122	128	155	105	117	70	22	2	0	0	0	0	114	200	154	109	109	100	98	98	87	81	97	106	101	89	83	96	127	173	164	82	0	0	13	55	51	45	49	
0	0	0	15	230	238	111	121	115	115	124	122	114	114	123	127	152	137	127	123	88	36	17	22	22	0	5	31	55	45	86	102	86	29	5	7	11	7	22	0	0	0	4	137	185	141	105	101	97	99	103	95	97	89	92	92	100	99	93	95	140	221	218	0	0	0	0	24	29	68	75	108	127	131	141	130	112	90	90	93	97	98	88	98	93	79	83	93	107	97	99	113	112	146	129	121	93	71	58	0	49	172	207	149	133	116	88	93	101	93	77	86	103	93	69	84	100	143	190	158	29	0	0	42	57	62	78	78	
0	0	0	75	233	229	131	122	120	110	103	102	100	112	118	107	115	124	144	163	131	87	58	68	26	0	0	0	15	23	43	68	53	2	4	30	38	41	32	0	0	0	48	192	221	140	104	92	97	96	89	93	84	96	96	97	96	96	99	103	145	235	185	0	0	0	15	30	0	0	0	8	45	79	115	118	127	138	134	138	117	88	81	96	85	89	95	100	90	84	80	72	101	113	93	112	135	144	162	152	146	163	164	126	136	141	119	107	96	93	91	99	106	97	78	114	145	190	190	88	0	0	24	59	59	58	53	50	
96	96	128	184	181	179	173	106	127	117	110	102	112	124	116	98	108	108	120	135	132	108	121	124	79	38	29	31	14	1	33	47	34	15	23	48	49	33	36	0	0	0	51	200	210	124	85	92	89	96	96	91	96	98	98	97	97	97	99	102	154	229	166	0	0	0	28	40	17	0	0	0	0	0	17	23	63	129	159	150	101	95	109	102	88	93	109	87	81	90	97	93	89	95	72	98	107	130	193	234	128	17	11	80	132	154	134	117	107	105	103	105	109	108	101	120	188	201	130	4	0	0	51	53	51	56	54	53	
152	152	127	148	144	140	119	114	106	107	106	113	119	120	106	92	120	128	113	121	117	120	124	131	151	167	170	143	77	66	44	2	0	0	8	35	29	19	47	11	0	0	27	172	175	103	92	96	95	93	93	96	102	87	90	91	92	92	94	109	163	235	122	0	0	0	37	28	1	32	20	35	35	10	0	0	0	28	65	48	27	72	140	144	148	141	131	95	76	83	100	92	47	87	97	125	112	140	207	218	3	0	0	57	75	75	80	104	128	123	138	130	130	117	100	122	178	172	28	0	0	38	58	50	50	60	58	57	
137	137	67	127	200	213	129	148	139	136	115	100	111	123	114	100	113	99	94	102	113	118	116	125	133	154	164	167	150	191	106	11	0	0	0	0	6	10	27	0	0	0	16	175	194	127	101	103	99	98	99	102	96	82	86	102	86	88	100	113	162	220	97	0	0	0	48	36	11	52	39	53	50	32	24	25	0	0	0	0	0	26	97	139	141	130	128	126	113	115	106	105	84	108	96	114	118	153	213	165	0	0	0	93	68	19	27	51	51	77	102	107	102	93	88	106	157	111	0	0	0	61	39	58	64	61	64	63	
141	141	91	130	132	102	64	96	143	175	152	127	123	116	104	108	108	111	111	130	131	104	107	110	113	113	115	137	145	190	145	101	97	97	24	0	0	0	21	0	0	0	9	172	193	123	106	98	96	95	96	98	90	83	96	103	93	90	104	123	177	187	92	0	0	0	15	15	15	35	48	57	49	37	19	9	4	8	11	26	30	11	5	17	4	5	52	94	120	130	130	125	83	116	116	128	133	162	173	78	0	0	17	139	109	55	33	48	56	37	13	3	6	29	42	75	91	55	0	0	17	52	24	60	74	60	44	48	
114	114	98	93	55	27	40	0	32	82	123	170	181	148	109	123	135	127	112	110	104	102	107	110	113	98	105	124	112	130	121	91	122	156	150	152	124	41	0	0	0	0	18	184	204	128	105	99	98	98	99	100	92	92	110	111	91	82	91	107	175	147	45	0	0	0	30	28	10	23	44	40	21	22	34	36	46	54	39	53	43	16	0	0	0	0	0	0	33	62	120	149	151	174	151	108	91	96	82	0	0	0	78	148	111	77	66	64	57	39	30	22	22	32	14	75	92	79	63	37	33	30	39	1	27	15	0	4	
120	120	94	90	63	69	89	87	34	0	0	0	47	115	183	246	154	110	101	124	131	109	94	103	100	95	108	123	109	108	113	94	73	93	128	144	143	129	133	134	39	0	63	214	219	141	99	91	81	85	89	94	90	100	95	87	86	96	95	131	210	211	118	0	0	0	30	45	31	52	47	24	11	5	12	17	20	24	29	39	36	31	17	24	11	1	2	0	0	0	0	0	47	56	104	93	64	94	58	0	0	17	93	103	61	34	41	48	56	66	56	56	58	11	0	42	102	127	104	111	128	136	150	97	97	50	4	23	
127	127	86	80	63	68	80	104	83	68	40	0	0	19	26	36	88	167	193	170	140	108	89	94	115	114	152	164	120	96	68	82	75	87	103	115	114	114	125	150	150	182	203	242	212	147	129	128	128	111	101	97	86	79	67	80	97	121	116	131	191	211	26	0	0	3	16	26	26	53	50	31	32	25	31	34	29	26	34	36	35	30	25	11	19	22	27	34	9	16	8	0	15	0	0	0	0	74	70	34	48	81	82	75	59	47	66	69	66	69	54	29	22	0	0	97	156	140	101	102	128	137	146	122	127	141	112	139	
107	107	77	78	55	74	76	93	102	129	92	42	9	9	0	0	24	58	62	78	130	197	188	183	172	145	126	115	84	60	67	73	84	80	71	96	101	105	109	127	156	227	216	147	60	87	155	160	146	121	114	117	106	94	101	129	121	108	92	117	224	212	0	0	0	19	26	34	64	53	42	33	29	27	34	40	40	38	42	40	42	30	18	19	34	40	46	41	38	26	32	15	27	0	0	0	0	20	88	108	122	93	36	19	13	23	41	33	32	46	39	34	17	0	33	156	174	136	96	98	88	81	83	95	105	126	133	145	
76	76	81	71	82	85	75	95	76	53	78	105	112	98	62	26	42	0	0	0	70	159	126	115	155	185	184	142	94	85	66	90	105	111	115	129	113	92	102	100	84	160	192	95	0	0	0	41	95	142	166	160	127	125	116	88	79	95	119	148	240	165	0	0	0	0	34	32	41	40	33	11	19	14	28	37	48	49	51	52	38	36	36	34	27	23	41	47	48	49	35	34	24	28	0	0	0	61	162	168	129	88	68	57	77	77	62	25	5	18	4	0	0	0	93	168	150	120	107	113	94	78	104	110	90	93	86	88	
60	60	76	86	76	84	64	76	61	57	100	138	122	91	70	55	90	61	20	16	15	0	0	0	25	124	206	195	158	144	158	133	131	101	97	93	93	73	83	112	119	184	215	74	0	0	0	0	0	0	22	88	138	174	177	163	155	121	103	134	255	114	0	0	0	3	77	34	29	50	39	18	22	25	32	39	35	40	49	48	35	31	36	30	9	6	30	45	40	48	31	30	12	11	0	0	0	182	223	150	113	123	144	149	136	128	112	105	83	61	27	17	40	82	187	216	167	108	98	103	88	91	112	100	96	97	100	101	
77	77	91	86	82	80	66	71	96	117	114	95	72	82	121	100	71	23	29	53	50	0	1	8	19	57	77	57	55	74	158	145	155	138	116	104	94	93	78	89	123	176	197	54	0	0	0	1	18	11	0	0	0	61	108	139	116	82	62	110	244	66	0	0	0	25	60	41	46	39	39	33	36	32	25	17	23	48	50	43	28	29	29	26	20	25	45	36	37	36	26	12	21	0	0	0	84	231	191	95	64	107	124	102	92	95	118	145	145	129	145	174	195	171	191	196	154	142	138	152	121	87	99	68	86	95	95	95	
90	90	93	83	94	86	98	105	111	105	69	34	31	64	83	93	103	81	57	42	54	89	54	71	107	83	0	0	0	0	0	28	117	169	162	146	124	117	139	110	140	197	224	93	0	0	9	35	37	31	14	5	35	0	0	0	0	0	62	99	129	63	0	0	0	31	23	30	36	27	38	28	27	17	17	10	29	56	53	34	14	14	28	31	21	30	43	44	47	46	16	15	0	0	0	0	137	207	165	107	91	103	103	91	92	105	123	111	95	131	164	213	188	93	46	70	88	94	118	149	145	123	138	129	123	115	101	101	
55	55	58	73	81	98	86	102	41	43	93	137	135	95	93	120	141	133	73	32	14	0	17	93	122	72	0	0	0	2	0	0	0	0	69	161	225	198	133	116	138	140	126	24	0	0	23	38	45	49	61	55	31	0	0	0	0	0	43	98	110	109	43	0	0	0	0	0	0	0	4	0	2	17	39	44	55	78	64	27	1	1	18	13	0	14	39	54	65	57	36	0	0	0	0	56	212	208	136	99	123	115	101	106	105	96	84	93	105	122	151	183	149	15	0	0	19	17	6	40	64	87	116	142	138	155	171	169	
72	72	96	90	71	78	76	76	93	102	100	78	71	88	116	123	74	75	93	95	57	0	13	127	144	40	0	0	20	94	15	12	13	0	0	0	0	0	110	141	142	138	136	38	0	0	0	2	11	20	37	65	77	19	42	54	38	0	0	0	64	112	107	141	157	183	124	58	47	0	0	0	0	0	0	0	0	54	48	12	25	45	38	45	67	70	47	34	23	0	0	0	0	0	0	114	190	153	109	134	124	108	105	95	96	98	93	116	115	114	182	178	54	0	0	49	60	44	34	0	0	0	0	0	41	92	108	95	
89	89	104	102	108	108	122	106	110	102	108	102	96	91	90	94	61	68	83	93	83	85	63	106	87	0	0	30	40	9	31	31	32	32	17	5	0	10	0	0	0	26	101	94	54	25	0	24	32	39	25	24	15	24	40	53	34	16	0	0	24	159	107	108	123	140	152	151	176	107	71	11	0	0	0	18	25	27	19	10	22	6	12	39	61	47	39	37	42	20	24	9	0	0	14	140	169	114	112	149	109	93	92	92	102	104	98	104	103	143	183	127	0	0	14	42	52	55	66	67	60	68	67	43	50	31	16	0	
99	99	71	87	101	100	97	94	83	91	94	89	81	67	79	96	77	85	102	118	123	130	90	98	69	1	21	65	54	5	34	43	38	61	72	43	38	41	0	0	0	0	0	90	133	100	55	0	0	0	0	0	27	62	64	61	20	0	0	0	92	222	179	140	116	112	106	95	108	161	152	156	153	146	125	116	43	0	0	0	0	0	5	51	30	13	5	27	31	32	29	10	0	0	50	227	208	122	117	133	92	87	97	96	105	104	96	107	131	170	170	59	0	0	29	48	53	63	73	73	62	57	53	36	34	29	33	26	
116	116	56	71	77	81	79	86	81	70	67	68	70	91	89	78	70	77	82	88	86	84	96	110	66	3	0	13	25	40	29	31	37	57	59	47	25	32	35	0	0	0	0	147	191	144	100	64	44	37	18	0	0	0	0	0	0	0	0	0	120	215	159	126	95	98	92	96	105	131	118	135	141	154	171	172	113	46	64	79	46	0	0	0	0	4	12	32	43	40	24	0	0	0	111	255	193	105	101	108	108	92	101	98	96	97	91	116	152	162	120	13	0	43	31	56	65	58	68	62	64	61	66	56	53	55	78	72	
143	143	80	92	87	87	86	86	89	89	86	91	91	100	100	68	68	71	70	69	79	90	128	95	41	18	20	1	21	42	17	18	32	36	43	20	15	19	51	1	0	0	15	189	223	139	112	119	151	149	128	104	82	38	0	0	0	0	0	0	129	247	173	123	92	80	95	82	87	94	82	83	78	91	124	118	121	140	169	187	137	86	57	23	0	0	0	0	3	0	0	0	0	0	199	254	143	64	80	91	108	97	91	97	95	97	105	117	155	152	79	0	0	48	48	59	70	56	60	67	66	54	54	61	50	33	37	34	
156	156	88	85	79	89	97	93	93	102	95	94	88	94	110	101	92	105	99	107	124	142	117	65	36	60	75	46	28	29	17	32	45	61	59	45	28	34	89	5	0	0	25	201	201	117	85	102	125	130	147	174	175	178	137	110	78	50	46	89	217	219	151	105	79	104	114	105	110	88	83	102	105	87	95	83	85	111	128	130	131	143	145	134	97	88	60	24	0	0	0	0	0	92	255	246	114	52	83	105	104	90	92	96	104	105	104	127	162	156	60	0	4	38	61	56	57	53	69	67	55	53	45	77	70	65	59	64	
142	142	83	74	92	81	88	71	64	56	55	60	76	108	122	87	90	106	109	111	116	115	74	27	28	64	78	74	61	50	0	22	42	40	44	28	24	12	42	0	0	0	48	190	183	111	104	98	112	109	100	112	97	140	159	170	181	169	192	230	187	226	197	171	136	139	117	86	89	110	85	88	88	82	86	101	104	95	91	77	87	113	108	128	174	177	154	127	109	78	16	0	84	208	255	177	84	60	106	135	99	99	100	106	103	103	103	137	182	135	9	0	20	35	61	51	52	61	67	64	50	58	61	60	80	83	65	72	
122	122	67	75	79	51	51	21	0	0	15	34	69	133	126	10	51	112	99	89	84	82	43	24	31	49	57	67	69	66	0	12	16	31	50	69	44	28	18	0	0	0	47	180	199	147	111	90	88	88	80	80	90	98	90	85	114	133	204	253	139	35	73	98	125	150	164	145	145	138	114	110	121	109	103	98	92	76	76	82	97	98	81	103	103	109	114	147	162	174	160	154	214	255	222	140	90	96	160	175	114	109	107	108	104	93	105	156	185	81	0	0	37	40	46	66	68	63	63	60	60	65	81	62	83	81	64	69	
59	59	15	41	41	0	27	16	26	85	141	153	149	190	168	0	0	149	115	90	83	83	50	43	66	78	82	92	95	119	71	59	24	24	54	73	41	11	13	0	0	4	73	183	213	151	97	96	99	102	105	99	101	110	92	95	113	124	173	231	37	0	0	0	0	51	75	116	138	163	154	124	115	131	116	101	108	98	90	106	106	100	106	86	92	91	81	80	98	106	111	128	188	194	159	114	31	30	130	136	129	122	133	146	129	118	140	170	167	38	0	17	65	76	73	88	76	77	75	70	78	84	47	70	64	65	64	66	
59	59	34	68	90	99	155	223	201	208	190	153	132	161	177	104	0	14	92	87	106	76	55	57	71	72	55	62	54	68	52	58	57	43	33	23	4	2	13	0	0	0	43	158	174	115	103	95	106	107	99	101	104	97	90	103	102	126	192	241	30	0	0	44	26	0	0	0	0	36	38	79	126	171	160	144	137	126	124	117	92	96	110	99	80	86	86	84	100	106	103	153	181	139	0	0	0	0	0	98	101	88	111	121	112	111	112	140	131	41	0	17	57	73	51	73	60	59	58	41	57	52	35	70	66	55	56	56	
255	255	210	202	199	179	197	205	111	91	128	159	161	118	98	220	208	0	0	0	51	69	33	45	42	57	70	64	52	34	52	66	87	72	46	23	8	21	22	2	0	0	44	164	178	119	110	97	101	102	96	99	100	101	92	103	102	130	193	210	0	0	0	29	40	30	6	0	0	0	0	0	40	74	81	87	107	127	133	134	119	132	137	117	91	94	96	95	99	95	115	173	208	104	0	0	0	0	28	114	55	13	10	13	36	57	91	92	79	5	0	0	20	41	42	55	57	58	48	49	51	46	22	78	68	65	67	68	
234	234	125	118	149	146	148	124	79	73	95	128	135	96	83	164	214	160	14	0	0	34	59	56	54	64	71	54	49	43	59	69	71	69	66	63	26	18	30	0	0	0	34	179	196	133	103	95	101	102	96	90	92	93	93	98	105	145	194	198	0	0	0	15	36	36	42	33	42	32	18	0	0	0	0	0	3	29	63	117	140	142	144	124	147	138	124	109	101	96	126	193	220	95	0	0	0	8	94	125	80	54	52	50	41	25	0	0	4	34	61	80	87	66	45	49	39	31	21	20	26	44	46	65	61	57	51	52	
230	230	125	93	112	114	123	97	93	96	112	137	153	124	82	119	166	255	203	0	0	0	56	59	59	67	58	58	53	80	93	66	34	34	75	85	40	46	28	10	0	0	17	176	209	131	96	95	96	97	92	86	88	100	93	84	109	167	178	167	8	0	0	10	13	7	19	45	68	40	38	22	37	22	0	1	8	0	0	3	14	10	49	73	132	139	145	159	159	134	131	184	212	35	0	0	0	10	129	117	72	54	60	67	55	42	20	0	17	111	172	152	135	122	130	120	87	66	48	28	28	45	43	31	33	41	28	31	
248	248	169	106	114	141	153	104	103	136	152	139	125	108	93	109	148	255	235	0	0	8	18	19	42	54	48	50	54	64	83	44	3	26	72	87	64	85	71	28	0	0	20	189	215	131	103	103	96	99	93	98	90	101	104	89	99	144	153	137	0	0	8	24	29	32	43	63	62	58	55	43	43	30	14	23	46	32	9	0	0	0	0	0	2	6	33	71	102	105	135	173	155	0	0	0	0	0	87	100	84	68	65	61	53	47	28	14	36	130	195	136	113	125	148	134	120	120	125	115	109	94	82	8	32	30	17	22	
224	224	145	77	75	121	131	114	97	112	118	92	83	109	141	120	136	230	165	0	0	15	34	22	28	19	42	57	63	45	54	39	50	68	67	68	60	71	100	20	0	0	21	208	219	131	96	90	90	94	91	95	98	92	107	101	87	136	158	159	23	0	36	30	13	15	45	38	41	15	39	18	10	23	27	42	47	25	22	29	11	3	5	4	0	0	0	0	0	4	29	0	30	0	0	0	0	0	47	91	87	68	66	65	55	53	38	16	20	112	183	120	88	93	106	109	92	109	125	125	130	133	115	106	114	99	65	77	
215	215	118	49	75	102	129	117	105	105	145	145	120	115	119	149	168	208	120	0	0	9	54	59	27	0	0	42	67	76	29	53	85	83	57	53	47	43	50	23	0	0	105	232	204	116	102	104	104	112	109	94	95	99	108	75	75	127	185	227	73	0	1	3	3	35	60	41	45	11	23	17	19	37	33	36	37	23	27	26	18	22	40	48	34	29	38	28	13	0	0	0	0	97	122	80	58	71	111	129	84	51	44	36	36	32	30	8	13	114	165	118	90	87	101	103	93	97	103	99	107	116	119	138	131	141	132	147	
214	214	146	91	120	112	136	158	121	72	103	139	114	111	112	155	172	199	127	0	0	25	57	54	40	17	0	16	42	43	67	59	51	33	29	55	57	58	45	56	52	75	139	184	183	136	118	123	117	113	118	89	74	108	104	58	79	138	212	217	13	0	0	0	4	37	45	25	33	15	13	18	29	49	48	55	49	44	36	44	42	50	59	65	56	62	63	58	50	24	0	0	8	174	188	119	145	181	177	143	109	77	61	48	25	4	0	0	36	107	140	118	105	111	95	104	110	117	108	110	103	98	91	104	96	101	115	119	
165	165	153	129	130	130	136	134	78	32	107	153	148	144	122	138	202	208	81	0	0	33	55	57	61	52	40	9	25	18	93	52	42	52	53	63	67	80	72	62	68	70	58	67	139	176	160	148	137	145	148	109	79	127	145	91	96	152	221	194	0	0	0	35	34	34	40	44	52	26	31	42	48	54	61	74	81	56	56	51	40	38	35	43	31	35	46	46	35	13	0	0	56	196	186	113	133	154	134	112	131	123	120	109	83	65	58	91	135	136	139	117	128	126	107	94	88	85	81	89	91	93	96	97	85	78	100	96	
144	144	134	106	100	84	89	111	100	97	164	169	111	92	92	131	249	236	33	0	0	38	60	60	52	47	51	45	49	66	16	27	53	88	82	65	50	45	45	60	78	61	27	26	55	62	58	35	43	93	134	157	166	168	155	117	94	124	174	156	20	0	0	22	31	28	39	54	49	43	36	49	49	47	57	71	73	48	45	33	37	34	31	25	23	42	54	35	24	0	0	0	48	197	197	88	69	77	98	99	110	113	122	127	126	119	126	138	158	188	173	161	152	141	117	118	105	88	91	98	99	102	93	103	98	87	113	106	
149	149	140	133	98	93	92	128	143	137	157	128	59	58	91	170	255	231	6	0	0	54	54	48	33	34	52	65	60	61	0	4	47	52	53	56	48	28	50	77	60	43	40	53	46	29	29	0	0	0	0	36	97	97	105	136	152	169	209	190	115	0	0	0	32	49	62	64	53	59	46	47	37	26	26	34	40	34	30	32	31	27	15	13	24	44	53	33	10	0	0	0	81	205	174	71	66	98	121	115	98	93	104	109	107	107	114	137	170	156	95	55	77	104	138	150	130	139	158	154	138	104	104	102	90	59	99	89	
117	117	99	113	107	140	149	85	122	105	141	124	90	114	129	161	241	188	0	0	0	71	45	35	48	43	34	48	49	38	15	49	60	32	16	35	62	82	26	31	28	33	44	53	50	59	67	25	0	4	8	0	0	0	0	22	55	85	142	129	110	0	0	0	15	32	42	36	36	29	25	20	14	17	22	34	43	33	31	22	24	21	16	23	37	52	45	34	6	0	0	0	117	211	162	85	113	133	125	96	101	100	94	103	115	118	124	148	187	123	30	1	35	36	34	60	67	85	119	129	129	127	158	104	78	71	116	103	
109	109	96	111	102	93	82	110	145	127	141	143	110	110	112	146	224	145	0	0	21	50	28	36	52	51	45	49	44	44	30	48	49	48	17	5	29	55	19	23	49	62	59	46	50	54	54	54	84	135	100	9	0	0	4	0	0	0	2	0	0	0	9	35	10	1	2	0	0	17	10	6	13	31	37	47	54	44	31	37	28	26	22	37	45	58	50	35	17	11	0	0	53	167	147	88	110	137	119	96	104	93	89	91	102	100	103	137	182	101	0	5	53	48	39	38	28	33	59	47	44	73	98	88	73	120	198	172	
135	135	130	144	110	122	106	207	214	158	146	138	120	124	153	211	237	168	0	0	9	32	60	54	40	47	65	45	24	17	77	22	9	64	78	26	8	11	84	70	68	56	41	39	34	39	55	49	47	46	28	7	64	30	13	42	30	0	0	0	0	108	173	207	118	68	48	2	0	0	0	0	0	0	0	20	36	48	36	35	37	50	56	70	61	53	40	9	0	0	0	0	90	186	166	91	120	127	102	77	102	99	105	112	115	123	127	147	165	95	0	9	74	66	70	52	44	55	60	15	0	0	18	39	47	139	211	169	
176	176	166	232	255	255	255	255	255	255	234	174	119	157	211	232	242	113	0	0	9	61	69	27	23	48	43	12	50	86	68	75	41	86	121	62	34	0	2	3	47	60	34	40	58	56	69	56	48	44	33	46	91	74	74	69	48	3	0	0	0	58	190	201	88	125	169	146	155	118	91	39	0	0	0	0	2	0	13	13	14	14	15	18	40	52	39	37	33	41	27	0	85	208	149	78	118	123	91	79	108	102	106	104	101	101	114	144	146	73	3	8	48	45	37	48	67	85	72	42	30	35	41	32	77	50	33	0	
255	255	255	255	255	104	0	0	0	0	0	0	0	141	255	255	216	0	0	23	40	31	26	0	1	82	85	23	19	67	15	9	0	38	32	20	56	24	29	20	46	53	51	68	67	35	41	34	38	46	48	60	74	67	65	47	29	12	17	10	0	0	142	193	108	112	116	109	134	131	138	128	106	98	82	58	14	0	0	0	0	12	33	37	46	33	35	37	38	38	11	0	43	143	144	103	122	113	98	127	97	107	102	101	101	93	119	136	137	70	11	27	62	72	72	67	86	88	71	47	45	39	57	58	97	71	25	22	
104	104	0	0	0	0	0	0	0	0	39	202	100	35	37	52	0	0	0	69	14	30	44	8	54	121	106	53	23	21	56	26	38	87	29	35	103	73	60	24	4	12	25	50	49	40	39	48	51	63	69	67	67	64	67	52	36	45	34	11	0	0	102	187	141	91	91	120	140	92	139	143	135	153	165	135	111	98	69	31	9	3	0	0	0	11	25	36	49	42	19	0	0	67	131	119	124	121	104	92	92	93	97	95	95	96	106	130	118	73	15	30	71	75	72	71	66	71	58	36	31	54	53	103	119	93	62	71	
0	0	0	0	0	0	156	241	255	255	255	204	96	82	26	0	0	0	23	86	40	35	64	33	44	91	117	66	38	30	99	57	59	78	30	10	60	67	23	4	20	25	3	0	43	72	59	55	50	52	46	47	39	51	45	41	55	58	56	25	0	0	8	160	171	129	99	106	95	92	104	91	74	107	133	132	147	165	154	141	141	115	64	31	0	0	0	0	10	10	21	0	0	47	182	160	123	144	112	76	107	108	91	93	92	102	95	126	145	92	37	33	60	62	65	71	70	65	56	38	42	68	93	91	98	72	63	72	
200	200	255	255	255	255	255	234	134	120	136	14	0	59	136	150	77	4	0	30	51	50	49	0	0	36	107	80	47	78	92	50	10	23	42	4	9	87	17	20	43	47	2	0	0	36	52	25	31	35	41	53	51	36	45	55	65	69	57	24	0	0	21	172	188	98	73	89	74	110	94	80	89	108	96	95	109	110	104	122	145	164	151	154	136	96	41	0	0	0	0	0	0	0	175	171	111	119	101	96	109	100	99	101	103	102	106	126	169	126	51	26	46	64	69	73	78	61	46	58	69	94	104	78	75	64	54	61	
182	182	163	109	85	68	74	49	80	46	84	146	111	134	162	179	130	22	4	13	0	12	20	42	54	43	72	124	96	45	31	45	43	55	125	67	0	98	92	48	35	49	48	14	5	48	84	55	48	56	62	60	56	37	44	63	62	47	41	51	51	32	107	208	193	102	104	115	116	79	66	76	99	104	84	84	84	65	68	69	88	89	98	105	132	164	175	196	177	117	28	0	0	0	134	175	153	140	86	116	111	98	105	104	104	105	108	126	143	135	49	13	41	67	72	75	57	45	44	54	74	87	94	101	95	93	82	88	
73	73	100	87	43	47	98	75	90	133	153	161	94	173	236	96	0	0	62	88	25	0	13	93	114	55	61	137	87	0	8	44	104	62	86	45	0	37	132	74	24	26	60	70	59	67	87	59	59	62	55	52	52	50	53	52	43	40	50	52	71	1	56	136	166	162	111	104	112	109	95	104	100	89	86	84	83	92	104	108	108	107	105	94	110	110	100	98	103	149	174	210	128	117	180	168	165	180	108	119	99	90	103	108	105	103	102	101	128	127	68	21	38	55	62	61	48	39	53	71	78	83	78	83	68	83	76	80	
70	70	41	33	72	69	40	49	21	100	28	0	36	135	125	0	0	0	2	45	102	65	7	23	48	39	65	38	0	32	61	78	107	0	0	20	19	38	15	65	24	13	52	63	24	12	25	38	44	45	30	26	27	58	56	39	39	41	47	63	59	92	26	0	43	92	101	134	196	191	166	145	121	122	119	112	103	121	105	95	90	84	85	84	91	97	105	106	109	111	111	103	137	171	211	67	56	156	126	151	151	139	133	125	112	115	109	117	146	146	84	28	27	50	63	60	52	58	79	96	96	91	68	83	70	90	87	86	
82	82	76	78	68	45	59	147	103	108	92	35	121	127	78	0	0	0	6	56	79	102	79	19	0	4	68	68	19	0	32	35	84	13	62	122	59	97	111	29	18	55	49	30	75	46	56	59	67	61	61	55	60	61	55	43	41	45	34	43	53	32	34	58	64	21	0	0	0	28	62	127	166	180	162	138	115	112	107	112	105	93	81	80	88	88	78	78	86	92	101	107	82	133	152	88	12	10	36	33	80	86	129	148	156	149	145	120	123	136	114	57	18	39	45	54	53	67	80	85	76	86	80	78	79	87	72	70	
110	110	124	145	122	114	123	114	89	147	162	82	132	141	106	0	0	0	37	0	0	29	68	70	74	49	25	18	18	41	21	109	155	3	0	76	3	15	101	52	67	103	106	56	55	24	30	42	47	42	37	35	44	45	39	35	40	41	51	66	76	46	54	78	68	57	38	40	36	0	0	0	0	22	90	128	123	133	155	139	113	102	116	114	116	112	105	101	107	100	93	97	89	111	102	76	19	25	58	54	30	29	40	42	55	66	73	83	97	118	128	88	23	20	32	40	60	74	86	87	78	69	40	70	61	72	75	73	
146	146	130	117	69	42	51	29	89	193	172	66	101	186	200	104	10	24	17	0	0	0	27	72	109	99	22	0	0	60	110	126	126	0	5	55	0	6	115	12	0	32	89	65	29	2	35	38	37	34	31	45	50	48	47	49	51	54	66	68	68	26	36	43	54	43	49	35	38	18	20	0	0	0	0	0	0	36	107	133	108	142	177	161	142	132	119	109	97	79	70	67	111	91	121	129	73	23	31	50	80	65	47	40	31	27	9	31	54	63	99	86	48	35	49	17	38	49	39	35	48	66	42	82	67	66	72	68	
101	101	68	46	19	14	50	102	161	197	116	44	120	206	140	3	0	50	45	16	22	0	9	22	23	56	93	89	54	17	25	89	137	48	21	60	31	68	94	0	0	32	121	78	11	3	46	47	46	47	48	57	54	61	58	53	59	61	56	48	32	34	42	33	39	41	56	60	57	84	71	52	36	18	0	0	0	0	0	0	0	16	103	128	141	136	140	144	137	117	125	123	98	75	107	140	68	20	30	61	58	66	71	71	74	55	38	40	43	30	43	49	61	86	88	101	123	123	76	50	58	41	23	10	10	37	29	28	
111	111	87	111	127	148	188	228	220	166	83	90	186	179	22	0	0	37	128	72	5	23	0	0	10	6	66	119	86	35	22	27	26	60	95	62	28	72	65	58	51	104	160	81	0	14	46	53	48	50	52	46	50	42	30	32	41	44	45	30	23	74	51	42	37	48	56	52	51	88	47	30	46	56	42	4	0	6	0	0	0	0	14	9	0	0	45	97	130	153	165	161	178	114	135	160	96	35	29	49	27	50	67	86	80	76	49	57	63	48	26	17	43	112	157	157	174	178	155	133	134	112	89	81	87	93	63	65	
202	202	145	153	155	138	139	159	161	105	65	126	220	187	0	0	0	0	4	65	87	60	1	4	0	0	13	35	44	71	119	65	0	0	40	41	9	29	75	64	38	103	136	50	0	17	33	38	41	37	37	28	32	19	23	31	42	48	47	48	51	60	47	47	53	69	67	58	50	76	48	54	72	69	59	55	36	23	32	40	47	37	15	5	0	0	0	0	0	30	80	81	66	27	89	144	136	92	70	69	49	61	57	54	65	57	45	60	73	77	52	4	33	121	191	156	140	143	128	140	155	164	155	174	171	161	137	146	
192	192	112	108	128	111	82	109	134	108	77	138	209	190	0	0	0	0	0	9	26	94	107	66	17	2	24	14	9	25	55	92	44	0	0	4	15	12	93	52	27	85	116	10	0	38	34	28	30	34	31	39	47	51	47	52	48	40	46	55	62	33	44	52	65	68	57	44	36	10	43	52	69	63	61	91	57	12	29	19	15	40	47	53	24	6	23	26	21	0	0	0	0	0	17	91	83	82	98	108	49	57	33	40	60	64	51	60	65	54	44	18	37	124	192	153	117	111	103	106	107	116	116	128	118	143	149	156	
174	174	126	143	189	166	139	137	167	117	102	141	230	191	0	0	28	29	9	29	31	39	84	99	76	46	9	0	5	1	13	38	56	128	114	0	0	35	117	98	91	130	126	15	0	59	19	31	42	44	52	52	51	56	55	36	39	39	44	43	52	49	53	68	62	57	42	48	42	77	71	55	44	46	43	38	35	34	38	28	29	43	47	46	28	23	30	27	22	19	24	7	0	0	76	92	29	26	94	144	95	81	80	78	84	72	43	40	34	10	19	30	48	94	154	125	98	101	103	104	106	94	102	98	106	111	117	114	
147	147	85	90	130	82	46	103	144	100	117	119	255	220	0	0	25	51	59	42	22	0	0	28	78	102	69	28	0	0	1	19	38	58	89	64	21	0	51	86	123	114	113	0	0	25	15	42	57	55	54	50	21	33	30	36	52	55	47	45	56	57	50	51	29	29	30	35	46	50	36	35	38	42	45	62	75	89	78	65	47	35	30	16	16	28	37	57	52	49	47	36	0	1	112	137	53	0	90	188	122	112	129	148	133	116	103	79	57	42	60	78	55	66	115	157	161	141	107	118	117	108	115	125	115	113	110	108	
153	153	52	44	101	88	101	137	193	161	138	88	182	160	0	0	28	56	47	42	34	19	40	28	11	40	91	101	43	7	10	6	8	10	24	72	92	66	25	41	56	48	41	0	0	30	66	41	29	21	23	34	53	53	54	37	48	54	48	42	50	29	35	43	43	50	42	41	35	33	40	58	69	70	72	72	58	38	55	63	63	50	47	55	16	29	31	33	31	28	36	35	7	0	73	139	73	2	70	124	139	107	112	109	121	122	116	115	109	118	150	151	103	94	119	177	173	141	131	147	139	105	137	123	112	111	111	111	
155	155	55	72	129	89	114	113	183	140	142	65	139	138	0	0	1	44	58	62	54	42	32	35	11	2	31	91	88	80	40	1	0	6	0	0	67	78	75	36	6	0	0	18	0	1	20	15	21	38	35	43	39	35	21	26	47	51	39	31	21	26	34	58	67	62	67	65	64	70	73	73	62	52	42	42	45	67	75	64	57	49	51	85	37	26	25	14	0	24	41	49	19	0	56	145	99	21	32	69	145	127	94	98	112	97	86	88	96	132	166	165	141	135	172	169	154	112	115	143	154	133	170	142	137	137	142	141	
143	143	39	102	168	97	104	133	195	113	129	69	156	114	0	0	0	42	76	56	53	57	55	42	16	5	2	10	37	87	98	56	14	0	0	0	25	27	38	67	70	32	23	72	68	39	33	3	12	37	55	42	34	34	34	38	47	38	30	38	47	55	56	64	53	57	57	59	54	48	53	37	42	45	49	62	75	78	58	33	27	31	66	98	70	55	47	23	22	41	35	17	0	0	55	130	100	52	28	43	132	141	121	105	112	83	81	100	118	149	146	135	117	123	162	153	121	55	39	82	108	87	112	118	126	141	163	157	
124	124	50	143	0	128	106	156	198	84	100	66	157	66	0	0	0	71	85	42	40	70	51	67	71	17	0	1	29	5	52	107	70	13	25	2	0	14	0	43	61	16	0	30	87	74	64	47	30	21	9	24	32	49	41	35	42	41	45	52	70	47	49	47	48	46	38	41	33	44	44	46	51	47	52	59	54	35	24	39	42	56	56	66	58	57	70	77	75	58	17	0	1	21	78	104	85	76	63	50	108	135	134	118	104	75	83	109	133	135	120	102	110	114	138	153	120	28	0	25	51	30	25	57	58	67	93	80	
126	126	74	144	199	103	83	163	211	106	78	119	166	0	0	0	4	92	78	5	28	68	60	67	56	29	16	40	57	47	45	69	48	54	67	30	0	0	0	0	0	0	0	31	65	66	64	70	58	40	20	16	18	17	17	22	34	51	52	47	44	24	31	33	49	51	52	46	50	40	49	56	57	58	50	44	34	15	38	64	72	66	46	31	40	51	78	91	79	51	9	0	30	68	96	76	73	91	79	40	65	98	125	110	90	80	98	120	128	124	113	102	110	121	120	150	151	78	35	55	80	60	57	64	54	48	36	27	
161	161	76	106	142	89	82	153	168	99	27	178	180	0	0	0	56	104	39	0	35	82	54	52	48	42	57	86	65	33	25	19	0	6	42	65	25	0	0	0	0	53	83	79	78	59	63	39	41	64	90	69	34	31	32	21	33	49	46	37	31	39	48	37	50	58	59	45	46	48	50	60	50	48	45	50	60	70	64	60	65	49	51	70	60	61	54	57	50	49	60	76	6	49	69	63	68	96	62	19	63	77	111	114	92	92	124	124	115	118	118	105	115	116	111	127	157	111	33	34	57	69	65	92	80	64	57	57	
146	146	83	128	129	98	127	159	176	126	50	189	163	11	0	8	53	88	34	0	58	92	0	6	55	44	78	91	58	50	52	13	0	0	34	24	49	30	57	140	156	134	107	89	76	58	56	57	57	62	58	74	95	84	68	38	9	0	15	35	51	51	52	45	41	40	25	38	49	57	48	51	43	44	43	55	65	68	63	47	36	37	51	71	46	40	52	52	54	76	83	87	39	72	121	71	65	57	30	0	29	17	80	114	112	120	147	137	117	111	115	110	118	121	118	124	160	173	56	9	55	63	57	88	89	83	81	85	
112	112	91	156	141	105	148	155	146	102	75	155	108	28	0	0	38	71	30	15	72	86	0	14	86	49	53	82	86	130	46	24	36	0	0	0	28	0	23	90	114	61	43	46	69	74	61	58	52	51	43	60	84	65	64	61	44	26	38	34	10	40	25	30	49	46	49	37	40	49	45	35	49	42	43	48	40	39	52	57	47	42	60	56	50	55	70	73	67	59	50	30	10	67	99	87	66	64	42	23	25	0	45	140	169	152	128	119	117	115	113	120	118	119	115	108	134	160	84	12	69	88	63	90	89	89	75	79	
120	120	113	174	128	93	126	151	129	86	90	171	92	28	0	0	76	88	23	10	67	54	0	30	87	31	0	34	70	107	40	7	31	86	25	0	0	0	0	61	100	69	47	54	64	79	58	56	54	57	56	60	76	61	62	74	82	78	85	39	0	0	19	47	69	62	45	44	51	54	47	53	63	55	44	50	45	49	64	65	58	58	64	72	66	63	57	60	42	34	39	30	3	68	80	110	58	68	34	39	0	0	55	177	226	171	95	93	116	110	116	112	109	107	98	107	122	143	125	58	62	81	55	87	99	89	75	79	
136	136	145	162	91	76	148	180	166	98	112	210	113	0	0	0	75	70	6	16	79	40	0	44	87	11	0	33	63	11	56	51	10	78	89	5	0	22	118	128	106	83	67	48	58	70	74	67	64	65	64	62	73	64	50	49	46	62	84	75	68	47	34	0	2	33	47	52	44	47	40	53	49	39	37	50	54	61	72	66	53	43	55	65	52	45	40	42	44	42	57	52	72	86	108	84	73	45	71	85	60	28	47	115	163	141	108	111	123	111	105	108	110	104	112	127	131	142	174	109	27	60	47	83	92	79	72	76	
127	127	152	151	53	88	201	170	103	12	85	195	66	0	0	0	60	53	8	25	69	30	0	44	69	0	0	126	126	0	27	132	62	35	82	99	54	144	158	115	74	60	63	59	56	75	74	63	55	55	62	68	68	65	49	36	34	50	72	77	69	66	81	81	33	0	0	19	46	61	42	50	50	45	45	49	60	63	53	41	30	39	33	50	46	51	59	59	56	62	70	68	61	49	89	63	87	67	119	113	74	39	9	66	155	172	129	111	108	98	107	103	104	114	127	126	114	119	185	125	0	36	56	64	72	73	72	74	
164	164	183	142	52	110	222	122	59	2	106	193	62	0	0	51	92	63	26	49	65	18	0	40	79	0	9	133	131	0	0	60	75	93	67	69	74	114	83	72	64	65	79	52	44	56	57	54	55	55	61	65	61	60	55	65	68	64	63	53	60	57	65	76	71	78	62	16	0	35	30	40	57	65	59	62	53	54	49	49	57	44	48	40	69	65	65	55	67	59	69	75	9	53	80	98	72	74	56	37	11	65	86	142	204	189	136	128	145	140	135	127	125	122	121	116	109	129	177	138	16	26	61	63	81	90	85	84	
213	213	167	126	69	121	172	134	109	98	172	190	70	0	0	34	61	29	7	51	74	25	7	116	147	30	9	91	89	18	25	21	43	18	0	31	96	77	56	69	67	68	67	52	40	49	71	59	59	60	59	64	57	62	60	72	70	70	68	71	74	53	56	47	44	75	77	61	41	20	19	19	30	40	29	32	45	56	48	60	66	57	57	65	57	49	46	54	61	61	63	61	0	52	83	103	56	86	51	52	120	162	138	123	111	95	131	175	177	168	145	136	132	122	131	129	126	130	148	164	81	3	60	77	101	102	96	94	
195	195	130	79	71	113	109	163	80	86	166	122	0	0	0	95	120	39	0	42	64	0	14	116	90	0	8	93	71	9	48	50	16	0	19	22	75	95	77	70	52	62	77	60	47	59	86	64	62	62	63	54	52	65	69	65	70	61	52	47	45	56	61	52	50	63	70	75	74	91	53	25	19	30	50	55	55	34	36	47	49	40	38	35	34	39	48	53	61	53	51	28	82	111	134	65	64	67	79	70	140	132	96	88	80	46	89	81	19	43	68	100	133	171	195	188	164	147	143	171	93	0	17	28	51	47	49	48	
210	210	164	113	75	156	119	143	113	30	203	148	0	0	15	111	89	0	0	79	71	3	32	97	88	13	8	33	39	15	81	86	0	0	85	81	87	90	80	57	60	63	67	56	57	81	65	46	49	64	75	68	70	78	64	67	78	78	62	54	68	61	71	66	74	82	81	73	63	90	88	78	69	44	28	8	30	65	61	54	37	28	36	50	80	87	79	64	39	38	62	69	93	55	62	55	0	0	47	76	103	87	93	82	96	80	101	116	105	55	9	0	7	33	52	63	63	113	158	154	79	27	39	56	71	45	11	17	
193	193	122	51	35	134	118	158	143	120	255	143	0	0	20	101	82	0	14	63	34	0	55	84	54	14	64	102	67	18	114	137	6	0	94	105	62	42	61	40	49	56	67	56	69	72	69	79	88	74	64	63	68	69	57	64	73	80	52	45	54	79	83	79	78	67	67	56	50	39	53	72	96	81	60	31	25	24	28	43	61	79	79	47	69	59	44	55	72	88	85	74	36	67	103	108	50	73	104	114	145	108	84	94	96	110	67	61	66	62	74	74	64	53	30	29	22	16	21	7	0	69	177	154	158	137	128	141	
202	202	115	63	91	179	179	131	118	154	201	57	0	0	14	114	59	0	45	113	54	11	44	62	12	11	117	138	43	0	92	136	7	0	113	126	53	12	0	30	48	70	72	72	73	75	70	82	76	76	81	78	54	60	61	62	84	81	51	52	60	80	77	79	61	65	67	66	58	80	55	42	52	76	80	105	92	45	9	0	0	13	41	58	59	50	55	74	78	63	48	36	56	83	38	0	68	193	199	118	77	100	100	104	81	89	79	68	80	132	152	135	95	61	56	41	55	50	25	22	0	79	204	174	146	144	157	165	
141	141	118	81	122	182	155	119	92	188	173	8	0	0	25	111	56	1	94	139	46	5	30	68	22	14	87	57	0	0	25	111	2	0	113	141	61	33	80	64	27	11	33	65	99	99	73	70	60	73	89	89	61	64	72	78	85	63	50	45	49	64	70	70	64	62	70	62	49	50	63	65	74	74	65	56	70	77	51	42	25	16	1	24	9	8	47	80	73	46	43	23	59	41	37	76	102	73	100	176	95	54	39	50	73	73	112	117	116	107	87	71	71	89	110	118	127	75	35	23	9	59	167	156	128	116	112	115	
124	124	125	97	141	165	99	128	99	230	166	0	0	0	61	128	89	25	68	73	0	12	66	96	53	12	58	27	0	19	53	88	0	0	126	130	66	51	102	78	47	51	53	69	61	42	41	71	89	72	72	65	69	72	80	80	71	52	48	52	53	97	99	95	85	73	74	59	43	36	88	114	115	77	45	32	54	81	98	112	100	68	55	66	134	115	56	13	12	28	65	70	68	103	87	86	141	135	76	43	94	127	118	70	105	132	89	89	118	84	52	54	79	110	147	109	92	59	41	70	55	36	55	118	126	136	119	121	
161	161	142	88	140	132	106	55	85	228	128	0	0	0	97	108	15	0	18	40	0	36	84	74	18	1	87	63	12	62	110	62	0	11	162	139	71	39	57	81	88	102	91	58	36	19	18	42	56	64	64	83	74	80	84	66	64	53	47	61	67	87	91	82	64	73	72	56	57	90	81	88	65	70	74	83	92	86	73	71	66	60	93	114	157	151	127	92	58	47	34	16	11	23	98	137	126	67	80	132	100	77	127	200	132	65	79	99	73	94	116	114	117	117	121	76	91	126	165	171	90	2	0	126	139	145	108	104	
138	138	91	41	118	106	123	89	105	211	109	0	0	28	118	73	0	0	78	60	6	51	108	43	0	29	99	49	0	67	125	29	0	71	162	113	70	44	83	79	52	40	48	76	95	84	33	28	41	64	79	64	54	59	60	69	64	64	60	68	75	74	73	63	54	74	83	80	68	50	53	63	87	93	88	74	65	61	49	60	71	58	45	31	0	64	156	173	141	125	71	4	3	78	114	113	129	175	121	57	107	92	50	44	111	177	103	51	60	92	108	98	92	78	67	59	65	106	116	90	52	59	66	182	189	165	121	113	
154	154	103	55	147	163	195	143	126	158	75	0	0	0	67	49	0	74	151	45	0	52	112	22	0	37	86	0	0	70	136	21	0	91	140	98	76	53	81	78	57	57	72	90	78	77	71	49	49	34	16	24	58	75	75	70	73	69	75	75	77	106	90	72	61	84	74	70	47	42	55	60	67	65	62	64	69	61	58	74	72	58	51	56	120	119	79	51	88	143	139	85	109	113	148	136	77	66	69	71	89	94	114	109	87	45	93	125	140	108	82	88	95	91	69	101	99	105	90	62	86	141	189	33	106	140	182	163	
198	198	36	48	199	163	161	20	111	188	63	0	0	37	109	53	31	76	89	15	1	97	91	33	23	60	51	2	22	103	125	22	0	101	57	83	56	34	53	64	63	61	80	85	85	69	52	71	78	70	73	56	29	34	52	65	79	76	65	73	91	114	80	73	72	71	68	57	63	55	76	86	87	77	82	91	90	81	76	67	61	55	72	59	83	81	115	113	57	34	44	113	159	170	136	96	60	82	93	110	136	97	91	88	85	102	90	74	88	116	102	81	74	93	101	89	83	75	119	80	84	79	102	71	91	85	95	66	
150	150	5	58	195	143	90	113	196	154	0	0	0	67	164	76	34	53	68	23	2	92	88	26	21	58	55	10	50	145	116	0	0	35	45	92	91	64	61	69	56	58	79	90	84	57	38	68	86	89	77	81	82	59	52	53	61	74	76	85	80	82	64	69	75	90	70	49	48	68	77	88	88	71	66	76	89	80	84	78	71	78	75	78	89	82	110	80	38	30	30	101	178	138	124	104	91	109	101	103	90	95	112	117	97	95	88	100	106	69	68	129	175	139	50	89	91	108	71	75	67	104	58	87	89	71	68	58	
88	88	4	104	180	145	114	120	238	81	0	0	0	65	145	48	0	27	74	23	0	80	77	14	27	72	49	4	38	118	37	0	0	84	109	131	95	70	59	66	63	62	87	97	77	62	65	84	83	71	70	77	87	87	90	74	53	22	18	46	79	90	72	72	66	65	56	70	73	81	94	107	99	71	69	90	98	77	71	73	75	87	86	82	109	83	108	75	25	35	27	146	199	163	143	127	119	135	128	106	94	65	79	97	98	108	101	118	121	107	93	87	81	70	69	118	94	104	90	101	83	123	131	109	121	108	108	108	
82	82	75	162	159	150	147	93	236	70	0	0	0	49	72	12	0	56	96	30	0	52	64	6	32	78	54	1	37	76	11	0	19	131	140	104	86	71	85	73	66	73	86	84	67	58	62	80	85	68	60	66	67	83	87	92	88	71	44	45	51	68	51	52	54	66	75	82	92	81	103	100	92	80	74	85	80	53	58	66	81	88	87	86	96	70	119	78	25	28	33	196	202	0	0	114	120	142	123	113	111	74	66	88	96	94	105	89	71	76	89	100	96	107	108	108	146	158	145	55	107	105	87	101	92	95	94	95	
112	112	109	160	150	149	95	117	236	97	0	0	7	76	43	7	8	87	111	26	0	81	74	21	42	86	49	20	54	64	34	0	17	91	119	81	75	82	88	76	75	74	82	75	62	50	60	92	104	89	85	77	77	89	80	66	75	90	95	81	93	34	42	43	50	57	73	73	73	85	80	82	83	78	82	80	70	57	65	75	80	88	90	72	76	70	108	88	15	0	56	217	193	0	0	0	0	0	127	118	123	114	122	125	89	79	83	92	92	92	104	106	90	90	118	57	63	94	134	87	94	108	121	83	83	74	87	86	
116	116	86	134	149	127	41	190	233	87	0	0	35	140	49	7	35	119	106	15	23	124	73	25	70	92	19	0	51	70	24	0	0	61	140	92	68	61	83	65	64	78	85	77	69	66	86	87	74	64	56	82	94	96	84	74	78	82	83	80	110	72	72	46	40	37	45	58	62	71	71	75	86	77	74	80	71	76	76	79	87	89	77	65	76	72	109	95	0	0	97	209	167	121	0	0	0	0	114	114	116	126	135	144	122	113	94	100	123	108	95	88	66	80	120	107	115	135	56	51	63	124	56	99	87	110	94	96	
96	96	123	129	118	117	82	215	192	26	0	0	45	140	44	0	13	111	85	10	42	116	30	4	102	101	0	0	77	104	0	0	3	73	171	95	64	61	81	72	76	91	94	74	74	92	106	90	62	51	52	67	80	67	73	105	112	97	65	66	75	94	75	62	59	66	60	59	58	62	65	73	76	66	82	85	87	91	87	78	87	90	81	76	85	76	95	95	0	0	161	203	173	115	117	0	0	0	0	0	118	125	125	123	126	138	126	117	115	88	90	116	119	107	112	129	94	84	74	85	83	116	115	84	84	115	95	97	
97	97	153	164	101	103	144	192	162	0	0	0	57	128	17	0	10	120	91	14	42	69	0	0	115	98	0	4	113	134	0	0	49	74	145	59	74	79	87	71	83	95	91	79	79	87	87	93	78	76	84	79	63	65	77	85	84	85	75	68	74	71	72	88	106	102	88	63	59	59	57	67	81	88	89	96	96	92	79	86	90	98	94	87	80	79	83	89	0	0	161	193	0	0	0	0	0	0	0	0	0	0	117	104	118	132	145	145	136	104	89	100	93	93	113	96	97	101	116	80	121	95	80	83	95	113	109	107	
99	99	127	203	99	65	135	192	135	0	0	0	74	115	0	0	55	129	77	18	43	63	15	12	100	65	0	36	87	68	0	0	113	79	112	35	72	57	77	59	75	107	102	81	84	90	83	91	71	76	100	90	66	66	77	73	74	86	81	74	75	87	88	98	87	103	91	91	91	68	46	51	73	86	83	87	81	67	76	78	91	89	92	85	75	95	84	68	13	0	129	217	150	121	0	0	0	0	0	0	0	0	0	0	0	0	0	137	129	104	62	62	91	112	98	77	80	93	107	107	111	102	110	111	103	90	87	85	
127	127	163	185	131	69	114	197	127	0	0	0	59	103	10	11	95	125	41	3	74	81	19	20	81	47	0	55	98	58	0	0	115	120	108	78	93	64	36	44	65	87	87	67	81	88	94	88	71	67	76	84	83	96	97	99	88	62	47	81	102	104	96	84	73	84	84	88	80	69	80	100	84	63	52	57	67	64	77	87	75	66	70	90	91	87	82	71	10	11	162	0	149	119	0	0	0	0	0	0	0	0	0	0	0	0	0	110	112	125	117	101	94	87	75	92	109	126	119	96	80	91	115	64	78	86	96	96	
149	149	176	161	133	69	126	184	92	0	0	0	81	113	37	33	98	86	0	0	99	55	0	24	72	18	0	86	120	30	0	0	74	158	88	99	103	69	64	69	85	90	89	72	85	96	92	93	84	78	81	91	94	91	72	84	78	33	37	98	113	86	74	75	81	109	94	83	65	57	92	110	88	71	69	60	41	34	65	82	88	83	69	82	102	72	75	78	6	20	176	0	134	0	0	0	0	0	0	0	0	0	0	0	0	0	0	0	109	119	0	0	142	112	101	109	94	81	83	90	85	98	105	91	104	119	118	116	
146	146	176	121	113	76	165	190	51	0	0	12	93	76	0	34	91	56	0	27	126	56	0	53	88	7	0	103	127	0	0	0	51	190	86	101	104	80	103	86	80	86	82	70	73	92	77	79	71	78	83	83	77	74	66	79	81	46	63	115	107	82	60	62	73	90	81	74	71	55	97	107	95	90	96	79	49	44	56	83	84	83	85	84	87	66	54	60	0	36	214	0	0	0	0	0	0	0	0	0	0	0	0	0	0	0	0	0	0	0	95	105	0	147	125	102	86	73	78	103	106	110	136	93	119	113	89	91	
132	132	180	114	107	105	216	231	34	0	0	73	131	55	0	45	100	43	0	46	110	53	13	102	120	26	14	129	150	0	0	0	74	203	106	100	92	75	89	66	72	91	81	69	72	72	47	50	57	70	90	89	80	87	81	96	89	52	78	111	93	88	71	57	71	81	72	58	61	60	97	108	92	77	80	80	77	82	95	95	83	65	66	62	99	95	87	81	22	60	200	0	0	0	0	0	0	0	0	0	0	0	0	0	0	0	0	0	0	0	0	0	0	108	109	136	154	154	138	89	72	80	108	73	118	124	97	104	
143	143	179	147	102	123	228	167	0	0	0	114	156	40	0	74	122	35	0	43	63	13	12	97	81	0	5	108	131	0	0	11	125	192	106	108	87	70	59	64	82	106	92	60	68	64	44	48	64	83	93	95	83	89	90	88	66	52	70	98	79	88	66	88	98	97	66	49	53	55	93	103	74	72	76	90	90	103	105	117	91	56	37	55	75	91	102	103	62	110	201	163	0	0	0	0	0	0	0	0	0	0	0	0	0	0	0	103	94	0	0	0	0	0	0	0	0	0	122	100	101	92	97	37	73	108	107	108	
194	194	204	166	92	102	149	66	0	0	0	124	165	21	0	123	121	18	17	85	57	0	35	114	63	0	11	76	83	0	0	61	159	148	80	106	80	38	80	90	106	107	64	28	48	74	73	87	92	94	76	67	57	78	101	98	67	61	69	80	73	82	67	86	101	87	66	61	81	107	89	69	56	74	103	108	104	87	82	89	92	64	59	68	63	78	62	59	91	159	0	124	0	0	0	0	0	0	0	0	0	0	0	0	0	0	0	0	0	0	0	0	0	0	0	0	0	0	107	125	0	151	115	121	75	52	75	68	
200	200	194	172	52	67	125	44	0	0	0	136	151	27	11	141	118	13	19	94	53	0	82	173	45	0	25	105	15	0	0	41	170	110	50	58	63	62	94	111	111	82	27	29	81	97	85	89	92	80	72	75	79	90	103	83	50	44	82	97	89	88	86	78	87	91	79	91	98	113	81	57	53	74	85	85	89	92	89	99	105	90	82	88	92	107	83	42	77	152	173	120	0	0	0	0	0	0	0	0	0	0	0	0	0	0	0	0	0	0	0	0	0	0	0	0	0	0	0	0	0	0	125	111	124	100	68	79	
195	195	167	115	0	71	152	40	0	0	8	145	114	0	31	134	105	0	0	82	61	0	109	181	32	0	97	175	0	0	0	17	179	122	76	47	55	59	74	108	117	82	36	43	89	89	75	85	94	83	85	89	96	85	74	54	51	64	83	92	76	107	90	76	76	88	89	86	81	83	67	60	76	85	81	77	83	88	90	96	106	83	70	86	94	118	80	28	103	191	0	130	0	0	0	0	0	0	0	0	0	0	0	0	0	0	0	0	0	0	0	0	0	0	0	0	0	0	0	0	0	0	0	0	0	155	141	161	
184	184	173	87	0	139	181	28	0	0	31	167	82	0	18	115	53	0	18	101	69	5	72	120	0	0	148	188	6	0	0	55	197	141	78	71	61	57	76	99	96	58	26	44	93	104	73	85	100	85	85	86	88	74	63	64	79	98	72	75	64	105	89	74	79	96	92	75	67	68	70	68	88	91	96	89	82	88	77	69	79	91	86	94	113	115	68	44	132	208	0	105	116	0	0	0	0	0	0	0	0	0	0	0	0	0	0	0	0	0	0	0	0	0	0	0	0	0	0	0	0	0	0	0	0	110	102	115	
171	171	199	98	33	228	193	0	0	0	76	207	83	0	15	106	26	0	84	108	33	0	35	73	0	3	122	107	0	0	0	87	176	117	72	88	101	100	72	84	70	36	35	60	115	109	77	89	95	86	82	81	78	76	77	94	106	103	75	64	78	70	66	69	74	93	93	67	66	83	94	85	88	90	87	93	105	115	76	57	76	87	88	94	100	102	67	70	143	0	0	105	115	0	0	113	115	0	0	0	0	0	0	0	0	0	0	0	0	0	0	0	0	0	0	0	0	0	0	0	0	0	0	110	109	82	116	123	
157	157	165	57	50	239	149	0	0	0	126	204	54	0	40	119	46	18	111	88	3	0	62	87	14	47	109	35	0	0	0	102	159	106	79	100	109	88	72	79	79	66	63	75	87	90	85	94	96	91	82	86	89	83	96	115	102	87	77	77	86	82	67	50	52	68	83	91	87	97	101	94	77	79	90	102	125	116	69	50	71	91	94	87	89	93	62	67	155	174	0	0	0	0	0	0	111	117	111	109	0	0	0	0	0	0	0	0	0	0	0	0	0	0	0	0	0	0	0	0	0	0	114	116	98	93	0	0	
165	165	142	21	80	221	116	0	0	17	135	158	18	0	57	114	40	0	38	32	0	0	104	96	0	59	95	19	0	0	14	144	162	105	70	95	95	80	72	86	93	93	80	80	78	72	67	70	79	90	84	89	95	84	92	93	82	63	79	86	70	89	71	54	57	74	90	92	87	85	102	100	85	76	89	107	99	90	72	58	88	110	100	90	76	51	13	43	152	182	0	0	0	0	0	0	0	0	0	114	114	115	0	0	0	0	0	0	0	0	0	0	0	0	0	0	0	0	0	0	0	118	105	114	111	0	0	0	
177	177	118	32	155	210	94	0	0	18	139	111	0	0	80	82	0	0	41	37	0	25	148	99	0	45	90	0	0	2	83	178	115	80	60	97	86	87	76	72	65	81	83	90	106	92	60	67	70	77	71	69	76	76	77	69	78	83	96	91	82	78	81	94	99	99	92	81	65	86	107	96	80	79	98	96	74	87	73	72	93	107	100	89	72	31	1	44	164	186	116	114	0	0	0	0	0	0	0	0	106	118	0	0	0	0	0	0	0	0	0	0	0	0	0	0	0	0	0	0	0	115	99	108	107	0	0	0	
128	128	48	28	196	196	77	0	0	47	142	66	0	28	135	47	0	58	140	79	0	26	121	32	0	83	136	25	0	58	102	181	91	100	90	101	79	70	83	69	66	83	89	87	91	95	92	78	84	71	56	66	78	93	86	78	101	119	93	70	87	79	89	89	82	79	78	75	72	75	86	66	69	93	109	90	85	97	89	62	77	96	105	111	92	65	52	104	180	171	124	0	0	0	0	0	0	0	0	0	0	0	0	0	115	118	117	0	0	0	0	0	0	0	0	0	0	0	0	0	0	113	109	0	0	0	89	81	
124	124	63	87	254	169	85	0	0	72	150	54	0	93	160	24	0	101	157	54	0	60	127	26	0	121	122	0	0	27	66	129	62	13	64	103	108	128	87	68	65	82	89	78	78	82	76	67	60	67	81	81	70	71	72	86	105	118	103	96	110	78	63	76	95	109	105	98	98	110	96	86	86	97	97	81	97	104	73	81	111	117	94	77	82	58	25	100	194	161	133	117	123	107	98	0	0	0	0	0	0	0	0	0	0	119	114	104	101	112	0	0	0	0	0	0	0	0	0	0	0	0	0	105	0	0	0	0	
150	150	54	41	255	184	0	0	0	90	148	17	0	110	144	0	0	100	132	20	0	63	76	0	9	107	97	0	0	77	77	151	110	48	90	63	65	73	72	62	62	81	84	70	57	67	84	70	75	79	97	98	99	83	72	71	75	76	78	84	110	99	91	102	122	97	72	65	69	85	87	87	104	102	93	87	93	85	69	64	99	96	85	74	77	47	30	113	192	156	121	123	123	114	108	0	0	0	0	0	0	0	0	0	0	113	114	117	120	0	0	0	0	0	0	0	0	0	0	0	0	0	102	0	0	0	0	0	
176	176	69	54	255	177	0	0	0	107	123	0	0	112	119	0	14	127	108	0	0	77	62	15	51	103	47	0	0	77	75	149	128	58	71	51	60	65	68	64	75	82	83	70	76	87	98	85	85	90	93	103	105	81	73	86	85	79	79	73	84	92	79	86	90	71	59	76	100	104	104	112	107	97	88	83	84	79	53	67	81	96	87	75	63	45	44	143	200	145	124	0	0	120	111	0	0	0	0	0	0	0	0	0	0	0	0	0	0	0	116	109	108	0	0	0	0	0	0	0	0	0	103	0	0	0	0	0	
144	144	56	100	204	70	0	0	0	171	151	0	22	139	100	0	34	138	74	0	0	119	85	27	69	92	15	0	0	47	78	131	90	59	89	87	92	89	62	74	86	77	68	70	74	91	109	101	97	75	72	81	76	59	73	106	126	106	80	65	68	75	64	66	64	44	60	99	143	125	112	108	101	92	84	96	111	103	76	68	91	95	95	78	76	42	63	164	197	133	119	0	0	0	111	0	0	0	0	0	0	0	0	0	0	0	0	0	0	0	0	0	118	120	117	112	0	0	0	0	0	0	0	0	0	0	0	0	
132	132	43	145	141	0	0	0	11	166	124	0	22	114	57	0	48	151	59	0	9	144	85	9	43	75	8	0	0	72	121	122	86	62	81	74	87	78	63	89	89	54	48	51	72	89	122	112	100	76	79	79	85	63	78	98	91	72	63	88	121	92	85	79	76	55	61	94	116	99	93	88	93	89	102	94	105	100	77	84	93	100	99	94	82	46	59	177	0	123	0	0	0	0	111	118	111	0	0	0	0	0	0	0	0	0	0	0	0	0	0	0	0	0	110	111	0	0	0	0	0	0	0	0	0	0	0	0	
163	163	54	202	150	0	0	0	64	180	102	0	46	128	74	0	70	126	37	0	25	125	49	0	15	67	12	0	0	113	144	144	94	80	67	47	77	80	66	94	89	55	50	85	110	104	90	92	84	72	87	105	103	65	72	93	93	69	83	107	124	93	88	95	96	80	77	88	97	76	71	85	102	116	104	97	97	87	80	75	87	97	96	109	76	17	54	189	0	112	0	0	0	0	113	113	116	0	0	0	0	0	0	0	0	0	0	0	0	0	0	0	0	0	0	0	0	0	0	116	114	0	0	0	0	0	0	0	
112	112	23	143	102	0	0	27	119	205	115	26	74	137	71	0	70	76	4	5	78	122	38	0	55	92	15	0	9	133	138	121	74	65	73	63	98	79	57	89	90	63	79	110	120	93	73	84	77	67	80	100	81	50	69	113	102	88	83	84	72	87	75	84	97	99	83	97	99	73	76	77	90	101	98	78	67	84	79	84	80	84	95	93	57	0	63	206	0	97	0	0	0	0	113	115	110	0	0	0	0	0	0	0	0	0	0	0	0	0	0	0	0	0	0	0	0	0	0	116	111	119	0	0	0	0	0	0	
92	92	53	162	70	0	0	0	108	143	50	0	11	58	26	16	54	21	0	53	135	120	43	33	115	103	0	0	26	149	137	82	40	55	88	69	80	46	77	105	92	69	60	87	82	83	104	101	78	55	67	74	60	61	91	114	91	73	74	80	82	86	68	66	90	79	91	85	98	79	71	72	89	94	98	81	87	88	96	83	77	84	75	84	40	2	78	216	0	78	122	0	0	0	113	118	114	0	0	0	0	0	0	0	0	0	0	0	0	0	0	0	0	0	0	0	0	0	0	0	111	114	115	113	0	0	0	0	
13	13	131	162	66	0	0	1	72	75	0	0	36	50	22	28	80	51	8	57	115	91	21	46	117	38	0	0	82	112	115	80	86	86	63	54	73	81	73	106	76	55	72	108	101	78	86	89	82	79	86	78	66	73	80	85	85	73	69	84	83	98	77	90	90	65	71	92	90	110	101	90	89	86	78	85	78	73	83	76	77	92	92	84	62	6	100	212	160	121	121	0	0	0	121	119	109	118	0	0	0	0	0	0	0	0	0	0	0	0	110	0	0	0	0	0	0	0	0	0	0	0	0	0	0	111	94	95	
33	33	160	164	4	0	0	24	74	53	0	0	59	71	14	29	89	70	10	30	83	84	51	71	85	3	0	0	56	129	101	77	75	67	64	71	86	83	63	70	43	54	86	106	85	73	85	93	82	80	93	109	119	104	93	82	67	56	54	82	72	106	86	95	98	77	89	108	109	90	86	73	82	101	101	97	65	57	79	88	81	89	86	77	48	9	121	201	0	116	0	109	0	0	0	116	112	117	0	0	0	0	0	0	0	0	0	0	0	0	0	0	0	0	111	0	0	0	0	0	0	0	0	0	0	0	0	0	
0	0	164	148	0	0	0	69	106	52	0	29	118	74	5	18	76	60	10	34	88	67	33	38	40	0	0	0	60	169	113	86	83	81	75	80	82	77	68	71	68	68	83	95	82	79	101	96	87	76	80	89	91	89	82	64	45	55	56	86	87	109	93	107	100	79	87	105	94	97	79	69	73	97	98	79	50	45	85	96	90	79	76	65	30	31	153	209	0	0	0	0	0	0	0	0	110	112	124	0	0	0	0	0	0	0	0	0	0	0	0	0	0	0	108	0	0	0	0	0	0	0	0	0	0	0	0	0	
0	0	166	127	0	0	0	50	99	29	0	51	120	33	0	43	64	27	7	76	119	43	8	60	57	6	0	0	59	167	106	74	79	92	92	85	86	88	85	95	97	94	81	67	83	91	83	87	72	70	73	72	74	71	77	75	66	65	71	87	95	88	79	95	101	60	76	108	101	86	83	74	70	82	80	72	55	67	95	93	92	87	69	46	15	42	165	0	0	0	0	0	0	0	0	0	109	105	114	118	114	113	113	113	0	0	0	0	0	0	0	0	0	0	0	0	0	0	0	114	0	0	0	0	0	0	0	0	
0	0	179	105	0	0	0	43	94	30	0	68	125	32	0	89	103	8	0	88	114	0	3	109	106	17	0	0	40	146	98	76	80	90	86	77	78	88	102	88	81	85	82	67	73	79	65	63	71	78	81	86	100	89	75	89	88	65	76	86	109	73	75	106	84	54	71	109	92	76	87	88	73	74	80	81	68	73	98	93	97	97	72	41	7	61	195	191	0	0	0	0	0	0	0	0	0	114	0	0	0	0	0	0	0	0	0	0	0	0	0	0	0	0	0	0	0	0	0	119	112	115	0	0	0	0	0	0	
40	40	202	63	0	0	18	56	97	28	0	91	120	33	11	127	147	13	0	88	78	0	0	136	106	0	0	0	77	144	103	75	81	82	79	80	73	84	97	74	66	81	101	108	82	80	88	77	76	77	68	73	76	85	89	102	94	77	91	105	117	89	101	120	90	45	55	86	78	69	95	99	87	92	93	92	69	81	95	90	101	101	88	53	16	77	199	177	123	0	0	0	0	0	0	0	0	0	0	0	0	0	0	0	0	114	118	112	113	119	0	0	0	0	0	0	0	0	0	119	115	114	115	0	0	0	0	0	
