0	0	0	0	0	0	0	0	0	0	0	0	0	0	0	0	0	0	0	0	0	0	0	0	0	0	0	0	0	0	0	0	0	0	0	0	0	0	0	0	0	0	0	0	0	0	0	0	0	0	0	0	0	0	0	0	0	0	0	0	0	0	0	0	0	0	0	0	0	0	0	0	0	0	0	0	0	0	0	0	0	0	0	0	0	0	0	0	0	0	0	0	0	0	0	0	0	0	0	0	0	0	0	0	0	0	0	0	0	0	0	0	0	0	0	0	0	0	0	0	0	0	0	0	0	0	0	0	
255	255	255	255	255	255	255	255	255	255	255	255	255	255	255	255	255	255	255	255	255	255	255	255	255	255	255	255	255	255	255	255	255	255	255	255	255	255	255	255	255	255	255	255	255	255	255	255	255	255	255	255	255	255	255	255	255	255	255	255	255	255	255	255	255	255	255	255	255	255	255	157	153	171	182	180	191	205	195	187	174	160	174	192	197	222	237	231	230	223	206	192	193	193	197	197	218	213	216	215	196	230	199	174	121	81	134	255	255	255	255	255	189	111	102	205	255	255	255	255	255	255	255	255	255	255	255	255	
255	255	92	75	106	153	203	135	0	3	42	26	18	19	19	55	78	71	56	60	67	56	46	24	23	24	18	6	14	16	6	0	0	0	0	65	159	180	208	134	84	64	70	78	91	127	200	218	94	0	0	0	0	0	0	0	0	0	0	31	77	95	107	115	107	127	172	180	98	0	0	0	0	17	44	41	34	40	30	16	21	18	30	39	40	45	52	65	66	47	22	40	23	25	14	24	29	31	29	46	30	8	0	0	0	0	0	131	193	161	119	73	60	73	93	89	93	41	0	0	25	137	127	85	71	65	64	64	
126	126	95	71	126	177	211	60	0	0	0	13	42	43	55	60	80	66	33	41	58	59	7	1	15	38	68	49	41	74	0	0	0	11	0	0	31	26	56	27	58	92	121	108	121	164	194	127	0	0	0	0	2	7	11	29	21	8	0	0	0	0	12	51	76	97	141	104	0	0	0	0	15	41	65	53	42	36	38	30	33	23	27	20	34	30	31	43	54	32	17	38	10	21	6	13	25	30	43	27	9	5	0	0	0	0	94	215	192	111	88	89	125	161	155	107	117	42	11	26	0	7	143	103	67	62	73	73	
121	121	94	81	146	189	192	0	0	0	0	0	30	19	38	59	70	60	42	36	48	48	9	10	29	40	54	33	23	54	32	10	16	19	18	45	39	0	0	0	0	43	75	90	131	183	155	8	0	0	0	1	10	30	39	19	15	28	38	30	10	0	0	0	0	0	51	21	0	0	0	0	2	27	51	46	36	32	29	21	25	26	17	21	12	17	13	21	30	28	22	20	3	6	27	23	31	32	29	9	0	0	0	0	0	43	197	206	125	99	58	52	65	84	99	86	114	86	92	75	0	16	121	122	76	65	75	74	
124	124	102	100	159	200	167	0	0	0	18	28	43	32	42	59	70	55	41	44	56	48	41	53	61	41	28	0	0	0	30	22	40	29	40	69	52	0	0	0	0	0	0	0	21	65	2	0	0	0	0	13	30	53	52	43	39	44	45	35	19	15	0	0	0	0	0	64	71	30	1	0	0	0	0	0	0	10	1	8	2	3	7	19	16	18	18	15	22	24	24	23	0	16	22	26	30	29	15	0	0	0	0	0	0	142	220	137	57	42	13	41	94	100	66	78	94	94	126	85	59	115	104	141	78	77	73	71	
130	130	118	120	179	203	112	0	0	21	55	37	49	50	29	39	32	15	25	50	55	25	33	39	56	60	48	36	34	49	56	44	43	71	118	137	75	30	25	41	43	0	0	0	0	4	63	20	15	14	0	0	0	12	24	27	36	38	29	29	52	14	0	0	0	0	129	193	177	119	124	112	85	49	14	0	0	0	0	0	0	0	26	47	71	62	29	17	6	0	3	39	0	10	17	27	17	27	25	19	0	0	0	0	154	191	137	78	50	53	57	67	88	90	76	69	82	78	83	86	80	110	151	101	53	101	116	105	
119	119	131	133	184	169	58	0	0	13	43	37	37	44	42	55	71	65	68	77	55	35	42	59	77	86	83	63	60	75	52	53	58	82	101	84	23	0	5	17	28	0	0	0	13	149	188	156	133	90	37	0	0	0	0	5	18	14	15	9	18	0	0	0	0	57	215	205	112	92	105	121	127	111	70	46	36	6	0	0	0	9	7	17	29	19	4	13	20	32	14	16	22	27	39	35	29	27	17	0	0	0	0	24	154	177	114	88	102	92	89	93	93	90	71	73	78	76	75	85	115	137	179	22	0	67	141	105	
64	64	103	118	158	119	8	0	0	10	46	63	75	66	84	118	108	96	95	97	75	42	54	64	87	82	78	66	52	53	9	2	16	48	42	22	0	0	16	12	2	0	0	0	91	216	189	128	109	113	132	112	74	39	33	5	0	0	1	0	0	0	0	0	0	171	249	168	76	77	79	75	92	101	107	115	121	94	57	43	37	0	0	20	11	5	0	0	17	22	33	29	91	73	46	32	24	10	0	0	0	0	0	82	164	167	120	103	97	100	93	83	85	75	65	78	73	85	80	86	134	174	158	0	0	0	157	91	
0	0	5	17	57	56	0	0	10	28	38	82	80	61	82	103	65	49	60	59	28	5	14	33	49	46	38	30	32	39	13	12	28	55	49	2	0	16	25	1	0	0	0	0	158	237	142	93	85	83	85	92	115	110	103	72	37	1	0	0	0	0	0	0	123	246	210	112	51	68	73	76	79	76	81	81	94	102	111	136	114	43	0	24	0	0	0	1	0	9	21	25	32	28	15	8	5	2	6	0	0	0	58	180	170	110	85	68	66	67	72	79	71	75	68	75	70	86	88	73	149	164	91	0	0	0	88	23	
0	0	0	0	0	90	99	94	96	57	29	25	29	21	31	27	19	28	44	29	13	17	20	27	35	30	5	16	31	53	10	13	38	69	50	0	0	7	9	0	0	0	0	2	195	218	102	73	84	80	68	69	88	97	115	130	118	78	21	0	0	73	57	86	166	187	137	85	64	59	77	70	64	55	68	78	85	88	84	101	102	87	77	88	41	40	30	0	0	0	0	5	0	10	18	27	14	31	10	0	0	0	144	248	165	82	61	68	67	63	77	79	78	70	72	83	71	87	98	118	176	131	4	0	0	30	38	7	
0	0	0	0	15	189	190	141	119	118	89	53	31	10	0	0	15	38	48	25	17	41	44	47	52	17	0	12	27	28	9	19	54	69	49	5	4	23	9	0	0	0	0	81	210	174	91	63	75	85	83	78	74	76	86	97	114	106	95	89	103	173	189	176	151	131	118	95	64	56	66	63	59	64	78	94	75	57	68	70	81	96	107	119	103	118	114	74	32	2	0	0	0	3	18	23	30	37	2	0	0	0	167	220	144	83	87	100	84	73	84	85	83	67	80	80	72	78	113	155	168	77	0	0	7	56	44	38	
10	10	0	0	57	235	188	102	80	117	128	107	110	90	64	54	30	21	17	4	0	12	38	69	69	39	17	25	26	25	32	46	59	57	14	5	9	29	14	7	0	0	5	149	212	132	99	90	79	68	64	74	69	73	73	61	72	79	74	84	118	168	200	160	113	115	142	134	106	96	94	85	77	79	73	71	55	60	72	79	86	81	72	67	87	100	116	104	102	88	55	59	5	8	0	0	0	0	0	0	0	45	182	167	87	72	93	99	87	75	75	79	78	75	80	71	71	97	125	147	119	13	0	0	33	49	23	24	
0	0	0	0	144	241	141	94	77	88	99	103	122	142	133	122	87	49	16	10	1	0	26	49	54	23	10	35	51	42	72	95	76	26	0	0	0	12	20	0	0	0	16	141	185	118	93	86	74	67	80	82	75	69	70	69	76	89	78	87	135	191	206	39	0	0	32	94	105	146	124	112	93	84	83	86	79	76	70	69	67	66	70	68	77	74	66	87	101	105	111	138	90	103	57	11	0	0	0	0	0	101	183	136	90	90	81	79	79	68	62	78	87	82	70	64	77	108	154	147	67	0	0	2	43	40	34	38	
0	0	0	0	210	216	89	99	93	93	101	99	92	92	101	105	131	117	108	106	73	22	5	11	12	0	0	22	46	36	76	92	76	21	0	1	5	1	16	0	0	0	0	121	167	122	86	82	78	80	84	76	78	70	73	73	81	80	74	76	121	203	202	0	0	0	0	15	18	56	62	93	111	114	123	112	93	72	72	75	79	80	70	80	75	61	65	75	89	79	81	95	94	129	112	105	79	58	46	0	37	157	190	131	114	97	69	74	82	74	58	67	84	74	50	65	81	124	172	141	15	0	0	31	45	51	67	67	
0	0	0	58	212	206	109	99	97	88	81	80	78	90	96	85	93	102	122	142	112	69	42	53	14	0	0	0	6	14	34	59	44	0	0	23	31	35	26	0	0	0	36	176	202	121	85	73	78	77	70	74	65	77	77	78	77	77	80	84	126	217	170	0	0	0	8	23	0	0	0	0	33	66	100	102	110	120	116	119	99	70	63	78	67	71	77	82	72	66	62	54	83	95	75	95	117	128	147	138	132	148	148	109	117	122	100	88	77	74	72	80	87	78	59	95	126	171	172	73	0	0	13	47	47	47	42	39	
80	80	110	165	161	157	151	84	105	94	88	80	90	101	94	76	86	86	98	113	110	87	101	105	62	22	16	19	4	0	24	38	26	7	15	40	42	26	29	0	0	0	39	184	191	105	66	73	70	77	77	72	77	79	79	78	78	78	80	83	135	211	152	0	0	0	21	33	10	0	0	0	0	0	7	12	50	114	143	133	84	77	91	84	70	75	90	69	63	72	79	75	71	77	54	80	89	112	176	218	115	5	0	65	115	136	115	98	88	86	84	86	90	89	82	101	169	182	113	0	0	0	40	41	39	45	43	42	
135	135	109	128	123	119	98	92	84	85	84	91	96	97	84	70	98	105	91	98	95	98	102	110	130	146	151	125	61	52	33	0	0	0	1	28	22	12	40	5	0	0	15	156	157	84	73	77	76	74	74	77	83	68	71	72	73	73	75	90	144	217	108	0	0	0	31	22	0	26	13	28	28	3	0	0	0	18	53	36	14	58	124	126	130	123	112	77	58	65	82	74	29	69	79	106	94	122	189	202	0	0	0	45	61	60	64	87	111	105	119	111	111	98	81	103	159	155	13	0	0	26	46	39	39	48	46	45	
119	119	50	108	179	192	108	126	117	114	93	78	89	100	92	78	91	77	72	80	91	96	94	103	111	132	142	146	130	172	90	0	0	0	0	0	0	3	20	0	0	0	4	159	175	108	82	84	80	79	80	83	77	63	67	83	67	69	81	94	143	202	84	0	0	0	41	29	5	45	32	46	43	26	18	19	0	0	0	0	0	15	84	125	126	114	111	108	96	97	88	87	66	90	78	95	100	135	196	150	0	0	0	81	56	6	14	37	36	61	86	90	85	76	70	88	138	94	0	0	0	49	27	46	52	50	53	52	
124	124	73	112	114	84	46	78	123	154	130	105	101	94	82	86	86	89	89	107	108	82	85	88	91	91	93	115	123	168	125	83	81	82	12	0	0	0	13	0	0	0	0	156	174	104	87	79	77	76	77	79	71	64	77	84	74	71	85	104	159	170	78	0	0	0	9	9	9	28	41	50	42	30	13	3	0	2	5	19	23	3	0	8	0	0	39	80	104	114	113	107	66	98	98	110	115	144	157	65	0	0	7	127	97	43	21	36	43	24	0	0	0	14	26	58	73	38	0	0	4	40	12	48	62	48	32	36	
97	97	81	76	39	11	24	0	17	66	105	150	160	126	88	101	113	105	90	88	82	80	85	88	91	76	83	102	90	109	100	72	103	137	132	135	109	28	0	0	0	0	6	168	185	109	86	80	79	79	80	81	73	73	91	92	72	63	72	89	157	131	32	0	0	0	24	21	4	16	38	34	15	16	27	29	40	47	33	46	36	10	0	0	0	0	0	0	23	50	106	133	135	157	134	90	74	79	67	0	0	0	67	136	99	64	54	52	45	27	18	10	10	18	0	59	75	62	46	22	18	16	25	0	14	3	0	0	
103	103	78	74	46	52	72	71	20	0	0	0	31	97	163	224	132	88	79	102	109	87	72	81	78	73	86	102	88	87	92	74	53	73	108	124	125	111	117	119	26	0	49	197	200	122	80	72	62	66	70	75	71	81	76	68	67	77	76	112	192	195	105	0	0	0	23	38	25	45	40	18	5	0	6	10	14	17	23	32	30	25	11	18	5	0	0	0	0	0	0	0	35	43	90	77	48	78	43	0	0	7	81	91	49	22	29	36	44	54	44	44	45	0	0	27	85	108	86	93	110	118	133	80	81	36	0	9	
111	111	70	63	47	52	64	88	67	53	27	0	0	6	11	20	70	147	172	148	118	86	67	72	93	92	130	142	99	75	48	63	55	67	83	95	95	94	106	131	132	165	187	225	194	129	110	109	109	91	82	78	67	60	48	61	78	101	97	112	173	195	14	0	0	0	10	20	19	46	43	25	25	19	24	28	23	20	27	29	29	24	19	5	13	16	20	28	3	10	2	0	7	0	0	0	0	59	54	19	34	68	70	63	47	35	54	57	54	57	42	17	9	0	0	80	138	121	83	83	109	118	127	104	108	123	95	122	
90	90	61	61	39	58	59	77	85	112	77	28	0	0	0	0	11	43	46	61	110	176	167	161	150	123	104	93	63	40	47	54	65	60	52	76	82	86	89	107	137	208	198	131	46	73	139	143	128	102	95	97	87	75	82	109	101	89	73	99	205	196	0	0	0	13	19	27	57	46	35	27	22	20	27	33	33	31	35	33	35	23	12	13	27	33	39	34	32	20	26	8	21	0	0	0	0	6	72	91	105	77	21	5	0	10	28	21	20	34	27	22	5	0	18	138	155	117	77	79	69	62	64	76	86	107	114	126	
59	59	65	55	66	69	58	79	59	37	62	89	96	84	49	14	30	0	0	0	55	143	108	97	135	164	162	121	73	65	46	71	85	91	95	109	94	73	82	81	65	141	174	81	0	0	0	29	81	126	149	141	108	106	97	69	60	76	100	129	222	150	0	0	0	0	28	25	34	33	26	4	12	7	22	30	41	41	43	45	31	29	29	27	21	16	34	40	41	42	28	28	17	21	0	0	0	47	145	149	111	70	51	41	61	61	48	12	0	5	0	0	0	0	77	150	131	100	87	93	75	59	85	91	71	74	67	69	
43	43	59	69	60	68	48	60	44	40	83	121	105	75	55	41	78	49	10	6	4	0	0	0	10	107	187	176	139	125	138	113	111	81	78	73	74	54	64	92	99	165	197	61	0	0	0	0	0	0	10	74	122	156	158	145	136	102	84	115	236	100	0	0	0	0	70	27	22	43	32	12	15	18	25	32	28	33	41	41	28	24	30	24	3	0	23	38	33	41	24	24	6	5	0	0	0	167	205	132	94	104	124	130	117	110	95	88	67	46	12	3	25	66	169	196	148	89	79	84	69	72	93	81	77	78	81	82	
59	59	74	69	65	63	49	54	79	99	97	78	55	65	104	84	57	11	18	42	40	0	0	0	8	46	65	44	41	59	141	127	136	119	97	84	75	73	59	70	104	157	179	41	0	0	0	0	10	4	0	0	0	49	95	124	100	66	45	92	225	52	0	0	0	18	52	34	39	32	32	27	29	26	19	10	16	41	43	36	21	23	22	20	13	19	38	29	30	30	19	6	14	0	0	0	71	214	173	77	46	88	105	83	73	76	99	125	126	111	127	157	178	154	173	177	135	123	119	132	102	68	80	49	67	76	76	76	
73	73	76	65	77	68	80	87	94	87	52	17	14	47	66	76	87	66	44	31	43	78	44	61	97	73	0	0	0	0	0	16	102	152	143	127	105	97	120	90	121	178	207	80	0	0	2	28	29	24	6	0	27	0	0	0	0	0	47	82	111	47	0	0	0	23	16	22	29	20	31	21	21	10	11	3	22	48	46	27	8	7	22	25	14	23	36	37	40	39	10	9	0	0	0	0	123	190	147	88	72	84	84	72	73	85	103	92	76	112	144	194	171	77	32	55	72	78	101	131	126	105	119	110	104	96	82	82	
38	38	41	55	64	81	68	85	24	26	75	119	117	78	75	102	124	116	58	20	3	0	7	82	111	62	0	0	0	0	0	0	0	0	56	146	207	180	115	97	119	122	109	11	0	0	16	31	37	42	53	47	24	0	0	0	0	0	32	84	94	92	27	0	0	0	0	0	0	0	0	0	0	11	32	37	48	71	57	20	0	0	12	7	0	8	32	47	58	50	30	0	0	0	0	44	196	190	117	80	104	96	81	87	86	76	65	73	86	103	132	164	132	0	0	0	6	4	0	26	49	71	99	125	120	137	152	150	
54	54	78	72	53	61	59	59	75	84	83	61	54	71	98	105	57	58	77	80	44	0	2	116	133	31	0	0	14	86	8	5	6	0	0	0	0	0	96	125	125	120	118	24	0	0	0	0	4	13	29	57	69	11	34	46	31	0	0	0	49	95	90	124	140	166	109	45	36	0	0	0	0	0	0	0	0	47	40	5	19	38	31	38	60	63	40	27	16	0	0	0	0	0	0	100	173	135	90	114	104	88	85	76	77	79	73	96	96	94	162	160	39	0	0	36	47	32	21	0	0	0	0	0	27	76	92	79	
71	71	86	84	90	90	104	88	92	84	90	84	78	74	73	77	44	51	66	76	68	71	51	95	77	0	0	23	33	3	24	24	25	25	10	0	0	3	0	0	0	11	84	78	40	13	0	16	24	31	18	17	7	17	33	45	27	9	0	0	11	142	89	89	104	121	134	133	159	92	57	0	0	0	0	10	17	20	11	3	15	0	5	32	54	40	32	30	35	14	17	2	0	0	3	125	151	96	93	129	89	74	73	73	82	84	79	85	84	123	164	110	0	0	2	30	39	43	53	55	48	56	55	31	37	18	3	0	
82	82	53	70	83	82	79	76	65	73	76	72	64	50	62	79	60	68	85	101	107	114	76	85	58	0	13	57	47	0	27	36	30	54	65	36	31	34	0	0	0	0	0	73	115	84	42	0	0	0	0	0	19	54	56	53	13	0	0	0	78	204	160	121	97	93	87	76	89	142	133	138	137	131	111	103	31	0	0	0	0	0	0	44	23	6	0	20	24	25	23	4	0	0	38	210	190	103	98	113	72	67	78	77	85	84	77	88	111	151	152	44	0	0	17	36	41	51	61	61	50	45	41	24	22	17	21	14	
99	99	39	54	59	63	62	68	64	53	49	50	52	74	72	61	53	60	65	71	69	68	81	96	54	0	0	5	17	33	22	24	29	50	52	39	18	25	28	0	0	0	0	131	172	126	83	48	30	24	7	0	0	0	0	0	0	0	0	0	106	197	140	106	76	79	73	77	86	112	99	116	122	135	152	154	97	32	50	67	35	0	0	0	0	0	5	25	36	33	17	0	0	0	97	240	174	87	82	89	89	72	82	79	77	78	71	97	132	143	103	0	0	30	19	44	52	45	55	49	51	49	53	44	41	43	66	60	
125	125	63	75	70	69	69	68	72	72	68	73	73	83	82	51	51	54	54	52	63	74	112	80	28	7	10	0	14	34	10	11	24	29	36	13	8	12	44	0	0	0	3	172	204	119	93	100	132	131	112	89	68	25	0	0	0	0	0	0	114	229	154	103	73	61	76	63	68	75	63	64	59	72	105	99	102	122	151	170	121	71	44	11	0	0	0	0	0	0	0	0	0	0	183	235	125	46	61	72	88	77	71	78	76	78	86	97	135	134	63	0	0	36	35	46	58	43	48	54	53	42	42	49	38	21	25	22	
138	138	70	68	62	72	79	75	76	85	78	77	70	76	93	84	75	88	82	90	107	125	102	50	23	47	63	36	19	21	10	24	37	53	52	38	21	27	82	0	0	0	13	184	182	98	66	83	106	110	128	154	156	160	120	94	64	37	34	76	201	201	132	86	60	85	94	86	91	69	64	83	86	68	76	64	66	92	109	111	112	124	128	118	82	74	48	13	0	0	0	0	0	79	248	227	95	34	64	86	85	71	72	77	84	85	85	107	143	138	44	0	0	25	49	43	44	40	56	54	43	41	33	64	57	52	46	51	
124	124	65	57	74	64	71	54	47	39	38	43	58	90	104	70	73	89	92	94	99	99	59	13	15	51	66	62	50	41	0	14	34	33	37	21	17	6	36	0	0	0	35	173	164	92	85	79	93	90	80	93	78	120	140	151	163	152	175	213	171	209	179	152	117	120	98	67	70	91	66	69	69	63	67	82	85	76	72	58	68	94	89	109	155	159	137	111	94	65	4	0	71	193	243	159	66	42	87	116	80	79	81	86	83	83	84	117	163	118	0	0	8	23	49	38	39	49	54	51	38	45	49	47	67	70	52	59	
105	105	50	58	61	34	34	4	0	0	0	16	51	115	109	0	36	95	83	73	68	67	29	11	18	36	44	55	57	55	0	4	9	23	42	61	37	22	12	0	0	0	35	163	180	127	92	71	69	69	60	60	71	78	71	65	95	114	185	236	125	22	59	84	109	133	146	127	126	119	95	91	102	90	84	79	73	58	58	63	78	79	62	84	84	90	95	128	144	156	144	138	198	247	205	123	74	78	141	155	95	89	88	88	84	74	86	137	166	65	0	0	25	28	34	54	56	50	50	47	47	53	68	49	70	68	51	56	
42	42	0	23	23	0	9	0	8	66	121	132	128	170	150	0	0	134	99	74	68	69	36	29	53	65	69	79	82	106	60	49	15	16	46	65	34	4	7	0	0	0	60	166	193	131	78	77	80	83	86	79	81	91	73	76	93	104	154	214	24	0	0	0	0	39	61	101	122	146	136	106	97	112	97	82	89	79	71	87	87	81	87	67	73	72	63	62	79	87	93	111	171	178	145	101	18	16	113	118	111	103	114	126	109	98	120	151	148	23	0	4	52	63	60	75	63	64	63	57	66	71	35	57	51	52	51	53	
40	40	15	48	70	78	133	201	179	185	168	131	110	139	156	86	0	2	79	73	92	62	42	44	58	59	43	49	41	55	40	47	47	34	25	15	0	0	7	0	0	0	30	142	155	95	84	76	86	87	80	82	85	77	71	83	83	106	173	223	17	0	0	36	18	0	0	0	0	24	25	65	110	154	142	126	118	107	105	98	73	77	91	80	62	68	68	66	81	87	85	135	165	125	0	0	0	0	0	83	85	72	94	103	94	92	94	121	113	25	0	4	44	59	38	60	47	47	46	29	45	40	23	58	54	42	43	43	
234	234	188	179	176	156	174	182	89	69	105	136	138	96	76	198	189	0	0	0	40	56	21	33	30	45	57	51	40	22	40	54	76	61	37	15	1	14	15	0	0	0	31	147	159	100	90	77	82	83	76	79	80	81	73	83	83	110	174	193	0	0	0	22	32	22	0	0	0	0	0	0	29	62	68	72	91	110	116	116	101	113	118	98	72	75	77	76	80	76	96	154	191	91	0	0	0	0	18	101	41	0	0	0	21	42	75	75	62	0	0	0	6	27	28	42	44	45	36	37	39	34	10	65	55	52	54	55	
212	212	102	95	125	123	125	101	56	51	73	105	112	74	61	142	193	142	1	0	0	24	48	45	43	52	59	42	37	31	47	57	59	57	55	53	18	11	23	0	0	0	21	162	177	114	84	76	81	82	77	70	72	73	73	79	86	126	175	181	0	0	0	8	28	28	34	26	35	25	10	0	0	0	0	0	0	17	50	102	125	126	127	106	128	120	105	90	82	77	107	174	203	82	0	0	0	0	83	113	67	41	39	37	28	11	0	0	0	17	44	63	70	50	30	34	25	17	8	7	13	31	34	53	49	45	38	39	
207	207	102	71	89	91	99	74	70	74	89	114	130	101	60	97	144	245	186	0	0	0	46	49	48	56	47	47	41	68	81	54	23	23	64	73	30	37	20	3	0	0	5	159	189	111	77	76	77	78	72	67	69	80	74	65	89	147	160	151	0	0	0	3	6	0	11	37	60	32	30	15	29	15	0	0	0	0	0	0	4	0	36	59	117	123	128	141	140	116	112	165	195	23	0	0	0	1	117	104	60	42	47	54	42	29	7	0	1	93	153	133	116	103	112	103	70	50	33	13	14	31	30	18	21	29	16	19	
225	225	146	83	91	118	130	81	80	113	128	116	102	85	71	88	127	240	217	0	0	0	10	10	33	44	37	39	43	52	71	32	0	15	60	75	53	74	61	20	0	0	8	172	195	111	83	83	77	80	73	78	71	81	84	70	80	125	135	121	0	0	1	17	22	25	35	55	54	50	47	35	36	23	7	16	39	24	2	0	0	0	0	0	0	0	21	57	87	89	118	155	139	0	0	0	0	0	75	88	71	55	52	48	41	35	15	1	21	112	175	116	93	105	128	114	101	102	107	98	92	77	67	0	18	16	3	8	
202	202	122	55	52	98	107	91	74	89	95	69	60	87	119	98	115	210	147	0	0	6	26	14	20	10	32	47	52	34	43	28	39	56	55	57	48	60	89	10	0	0	9	191	200	112	77	71	71	75	71	75	78	73	87	82	68	117	139	143	11	0	28	22	6	8	37	30	34	8	31	10	3	15	19	35	40	18	15	22	4	0	0	0	0	0	0	0	0	0	17	0	15	0	0	0	0	0	35	78	73	54	53	52	42	40	25	2	5	95	164	100	69	73	86	89	73	90	106	106	111	114	96	88	96	82	49	61	
192	192	96	27	53	80	106	94	82	82	121	121	97	92	96	126	147	188	104	0	0	0	45	51	19	0	0	33	57	66	19	42	73	72	46	42	36	32	39	12	0	0	91	215	185	97	83	85	84	93	89	74	75	79	88	56	56	108	166	210	61	0	0	0	0	28	52	33	37	4	16	10	12	29	25	28	30	15	20	19	11	15	33	41	26	21	30	20	5	0	0	0	0	81	106	65	43	56	96	114	69	37	30	23	23	19	17	0	0	97	146	99	71	68	81	83	73	77	83	79	87	96	100	119	111	122	113	128	
191	191	123	68	97	89	113	134	98	49	80	115	91	88	90	132	150	179	111	0	0	15	47	45	32	9	0	8	33	33	56	48	41	23	18	44	46	47	34	45	41	63	126	168	166	118	99	104	98	94	98	70	55	88	85	39	60	119	193	200	1	0	0	0	0	29	37	17	25	8	6	11	22	41	39	47	41	36	29	36	35	42	51	57	48	54	55	50	42	17	0	0	0	158	170	101	127	163	159	125	91	60	45	33	11	0	0	0	20	90	121	98	85	91	75	84	90	97	88	90	83	78	72	84	77	82	95	99	
142	142	130	106	107	107	113	111	55	10	84	129	124	121	99	115	180	188	65	0	0	23	45	48	52	43	31	1	17	9	83	42	32	41	43	52	56	68	60	51	57	58	46	54	124	160	143	131	120	127	129	90	60	107	125	72	77	133	202	177	0	0	0	27	26	27	33	36	44	18	23	34	40	46	53	65	72	48	48	43	32	31	28	36	24	27	38	38	27	5	0	0	43	180	168	95	113	134	114	93	112	104	101	91	66	49	42	75	117	118	120	97	108	106	87	74	69	66	62	69	71	73	76	77	66	59	80	76	
121	121	111	83	77	61	66	88	77	74	140	146	88	69	69	109	227	216	18	0	0	28	50	50	42	37	42	36	41	58	8	18	44	78	72	54	40	34	34	49	67	50	16	15	43	50	45	22	30	78	118	140	148	150	136	98	75	104	155	139	7	0	0	14	23	21	31	46	41	35	28	42	41	39	48	62	64	40	37	25	29	26	24	18	15	35	46	28	17	0	0	0	35	180	179	70	50	58	78	79	90	93	102	107	106	100	107	120	139	169	154	142	133	121	97	98	85	69	71	78	79	82	73	83	78	67	93	86	
126	126	117	110	75	71	70	105	119	113	134	105	37	37	69	147	247	211	0	0	0	44	44	39	23	25	42	55	51	52	0	0	39	43	44	46	38	18	40	67	50	32	29	42	35	18	18	0	0	0	0	24	84	83	90	119	134	151	190	172	101	0	0	0	24	41	54	56	45	51	39	39	30	19	19	26	32	26	22	25	24	20	8	6	17	36	46	25	3	0	0	0	68	188	155	53	47	79	101	95	78	73	84	89	87	87	94	117	151	137	78	38	60	87	120	131	111	120	138	134	118	84	84	82	70	39	78	68	
94	94	77	90	84	117	125	62	99	82	118	101	68	92	107	139	219	170	0	0	0	61	35	25	38	33	25	39	40	29	6	40	51	24	8	26	52	72	17	22	18	23	34	43	39	48	56	15	0	0	0	0	0	0	0	11	42	70	126	112	95	0	0	0	6	23	33	28	28	22	17	13	7	10	14	27	35	25	24	15	16	14	9	16	30	45	37	26	0	0	0	0	103	194	143	66	93	113	105	76	81	80	74	83	95	98	103	128	168	105	15	0	20	21	19	44	50	68	101	110	110	108	138	84	59	51	95	82	
86	86	73	89	79	71	59	87	122	104	117	119	87	87	90	124	203	127	0	0	11	40	18	26	43	41	35	40	35	35	21	39	40	40	9	0	21	46	10	14	40	52	49	36	40	44	43	43	73	124	90	0	0	0	0	0	0	0	0	0	0	0	0	23	0	0	0	0	0	9	3	0	6	24	29	40	46	36	23	29	21	19	15	30	37	50	43	27	10	3	0	0	40	150	129	69	91	117	99	76	84	73	69	71	81	79	83	117	163	83	0	0	39	34	25	24	14	19	44	32	29	57	81	70	55	100	176	150	
112	112	107	121	87	100	83	184	191	135	123	115	97	102	131	188	216	151	0	0	0	22	50	44	30	37	56	35	15	8	68	13	0	54	69	18	0	3	75	61	58	47	32	29	24	29	44	38	36	35	18	0	54	21	5	34	22	0	0	0	0	93	156	190	103	54	35	0	0	0	0	0	0	0	0	13	29	40	28	28	30	43	48	62	53	45	32	2	0	0	0	0	77	169	147	72	100	107	82	57	82	79	85	91	95	102	107	127	145	78	0	0	60	53	57	39	30	42	47	2	0	0	3	23	31	121	192	150	
153	153	144	209	235	255	255	255	255	255	213	154	99	135	189	210	222	97	0	0	0	51	59	17	14	38	33	3	40	77	58	65	32	77	111	53	26	0	0	0	38	50	24	30	48	46	59	46	38	34	23	36	80	64	64	61	40	0	0	0	0	45	173	182	70	107	151	129	139	103	77	27	0	0	0	0	0	0	5	5	7	7	7	10	32	44	31	29	25	34	19	0	72	191	131	59	98	103	71	59	88	82	86	84	81	81	94	124	127	56	0	0	34	31	24	34	53	72	58	29	18	22	27	18	62	35	17	0	
255	255	255	255	255	87	0	0	0	0	0	0	0	123	240	255	198	0	0	12	30	21	17	0	0	71	74	14	10	57	6	0	0	29	23	11	47	16	21	13	39	44	42	58	57	25	31	24	28	36	37	49	63	56	55	37	21	4	10	3	0	0	126	174	90	93	97	91	116	113	121	111	91	84	68	45	3	0	0	0	0	5	26	30	38	25	27	29	30	30	3	0	31	127	126	84	102	93	78	106	77	87	82	81	81	73	99	116	118	53	0	13	48	58	59	53	72	74	58	34	32	26	43	44	83	56	11	8	
89	89	0	0	0	0	0	0	0	0	26	186	85	21	23	38	0	0	0	58	4	21	35	0	44	110	94	42	13	12	47	17	29	78	20	26	93	64	52	17	0	5	18	42	40	31	29	38	41	53	59	56	57	54	56	42	26	36	26	4	0	0	88	170	122	72	72	101	121	73	120	124	116	134	147	118	95	83	56	19	0	0	0	0	0	3	17	28	41	34	11	0	0	53	114	100	104	101	84	72	72	73	77	75	75	76	86	110	99	56	0	16	57	61	58	57	53	58	45	23	18	40	39	89	104	78	47	56	
0	0	0	0	0	0	141	224	255	255	255	188	81	68	13	0	0	0	13	76	30	25	55	24	34	80	105	55	28	20	88	47	50	69	21	1	50	57	15	0	13	18	0	0	34	62	49	46	40	42	36	37	29	40	34	31	45	48	47	17	0	0	0	143	153	110	80	87	76	73	85	72	56	88	114	113	128	147	136	124	125	100	50	19	0	0	0	0	1	2	13	0	0	34	164	141	103	123	91	56	87	88	71	73	72	82	75	106	125	74	22	19	46	48	51	57	56	52	42	25	29	54	79	76	83	57	48	57	
184	184	255	255	255	255	255	216	117	102	118	0	0	45	121	137	66	0	0	22	42	40	40	0	0	26	95	68	36	67	81	40	1	13	33	0	0	77	8	11	35	39	0	0	0	28	43	16	22	26	31	43	41	26	35	44	55	58	47	15	0	0	10	157	170	80	55	70	56	91	75	62	70	89	77	76	90	91	86	104	127	146	133	137	120	81	28	0	0	0	0	0	0	0	158	152	92	99	81	76	88	80	79	81	83	82	86	106	149	108	35	12	32	50	55	59	64	48	32	44	55	79	89	63	60	49	39	46	
164	164	146	92	67	51	56	32	63	29	67	129	95	119	147	165	117	12	0	5	0	4	11	33	44	33	61	112	85	34	21	35	33	45	115	57	0	88	82	39	27	40	40	6	0	39	74	46	38	46	52	50	46	27	34	53	51	37	31	41	41	22	94	193	176	84	86	97	98	60	48	58	80	85	66	66	66	47	50	51	70	71	80	86	113	146	157	179	161	102	15	0	0	0	118	156	133	119	66	95	90	78	84	83	83	84	87	105	123	117	33	0	27	53	58	61	44	31	31	40	60	72	78	86	80	77	66	72	
56	56	83	70	27	31	81	58	73	115	135	144	78	157	221	84	0	0	52	79	16	0	5	84	104	45	50	125	76	0	0	33	93	52	75	35	0	28	121	64	15	17	51	61	50	58	77	50	50	52	45	42	42	40	43	42	33	30	40	41	61	0	45	123	151	146	94	86	94	90	76	85	82	71	68	66	65	73	85	89	89	88	86	75	91	91	81	79	84	131	156	192	112	101	163	150	146	160	88	99	79	70	83	87	84	82	81	81	108	108	51	6	24	41	48	47	35	26	39	56	64	68	63	68	53	68	60	64	
53	53	25	17	55	52	23	32	4	83	12	0	21	121	112	0	0	0	0	36	92	56	0	15	39	29	55	28	0	22	50	68	96	0	0	11	10	28	5	55	15	4	43	54	16	4	16	29	35	35	21	17	17	48	46	29	29	31	37	52	49	81	16	0	31	79	87	119	179	174	148	127	102	104	100	93	84	102	86	76	71	66	67	66	72	78	86	87	90	92	92	85	119	153	193	51	40	138	108	132	132	119	113	105	92	95	89	96	126	127	66	12	13	36	49	46	38	44	65	81	81	76	53	67	54	75	72	71	
64	64	59	61	50	28	42	128	85	90	75	19	105	112	66	0	0	0	0	49	70	92	70	10	0	0	59	59	9	0	22	24	74	3	52	112	49	86	100	19	9	45	40	21	66	37	47	50	58	51	52	46	50	51	45	33	31	35	24	33	43	22	24	47	54	10	0	0	0	16	49	112	150	162	144	120	97	94	89	93	86	74	63	62	69	69	60	60	67	73	82	88	63	114	134	72	0	0	21	17	63	69	110	129	136	129	125	100	103	116	96	40	3	25	31	40	39	53	65	70	61	71	65	63	63	71	57	55	
91	91	105	126	104	95	104	95	70	127	143	65	115	125	93	0	0	0	32	0	0	21	59	60	64	40	17	10	9	31	11	98	143	0	0	66	0	5	90	42	57	93	96	47	46	15	22	33	38	33	28	25	34	36	30	26	30	31	41	56	65	36	44	68	58	47	28	30	26	0	0	0	0	11	76	113	107	117	137	121	95	84	97	95	97	93	86	82	88	81	74	78	70	92	84	60	4	11	44	39	16	14	25	27	39	50	56	65	79	99	109	70	7	5	18	25	45	59	71	72	63	54	25	55	46	56	60	58	
127	127	111	97	50	24	32	10	69	172	152	48	84	170	185	92	1	16	11	0	0	0	20	63	99	89	13	0	0	51	99	115	115	0	0	46	0	0	104	3	0	22	79	55	20	0	26	30	28	25	22	36	41	38	38	39	41	44	56	58	58	16	26	33	43	32	38	25	28	9	12	0	0	0	0	0	0	24	93	118	93	125	159	142	123	113	100	90	78	60	52	49	92	72	103	111	57	9	17	36	66	51	33	26	17	13	0	16	38	46	81	68	30	18	33	1	22	33	24	20	33	51	27	67	51	51	56	52	
82	82	49	26	0	0	30	81	139	176	96	26	103	190	127	0	0	41	37	10	16	0	3	16	16	47	83	79	45	9	16	79	125	37	11	50	22	58	84	0	0	23	110	68	2	0	37	39	37	38	39	48	45	52	48	44	49	51	46	38	22	24	32	23	29	31	46	49	47	74	61	43	28	11	0	0	0	0	0	0	0	5	90	113	125	120	123	126	118	99	106	104	79	57	88	122	52	5	16	47	44	52	57	57	60	41	25	26	29	15	27	32	43	67	69	82	103	104	58	33	41	25	7	0	0	21	13	12	
91	91	66	90	106	126	165	205	197	144	62	71	167	163	11	0	0	29	119	63	0	16	0	0	4	0	57	109	76	26	14	18	17	50	85	52	18	62	54	48	41	94	149	72	0	6	37	44	40	41	43	37	41	33	21	23	32	35	35	21	14	64	41	32	27	38	45	42	40	77	36	20	36	47	34	0	0	0	0	0	0	0	5	0	0	0	33	83	115	136	147	143	159	96	116	141	78	19	14	35	14	36	53	72	65	62	35	43	49	34	11	2	25	92	136	135	152	156	133	112	113	92	70	62	68	75	45	47	
180	180	122	130	133	115	116	136	138	83	44	105	200	171	0	0	0	0	0	56	78	52	0	0	0	0	7	28	35	61	109	56	0	0	31	32	0	19	64	53	28	92	125	41	0	9	25	30	32	29	28	19	24	10	15	22	33	39	38	38	41	50	37	37	43	59	57	47	39	65	37	43	61	59	50	46	28	16	25	33	39	30	8	0	0	0	0	0	0	18	67	68	51	11	72	125	117	74	53	53	34	46	42	39	51	43	31	46	59	63	37	0	16	102	169	134	117	121	106	118	133	142	133	152	150	139	116	125	
168	168	89	85	105	88	60	87	111	86	56	117	189	172	0	0	0	0	0	2	18	85	97	57	10	0	19	8	2	18	46	82	35	0	0	0	7	3	82	41	16	74	105	2	0	30	26	20	22	26	22	30	38	42	38	43	39	31	37	45	52	23	34	42	54	58	46	34	26	0	32	41	58	53	51	80	47	4	21	11	8	32	40	46	17	0	15	19	13	0	0	0	0	0	3	75	65	64	80	90	33	41	17	25	45	49	36	46	51	40	30	3	20	105	171	131	95	89	81	84	85	94	94	105	96	121	127	134	
151	151	103	119	165	142	116	114	144	95	80	120	209	173	0	0	20	21	2	22	24	31	75	89	67	38	2	0	0	0	6	30	47	118	104	0	0	26	106	87	79	118	115	7	0	51	12	23	34	36	44	43	43	47	46	27	30	30	35	34	42	39	43	58	52	47	32	38	32	66	60	45	34	35	32	28	25	25	29	19	21	35	39	39	20	16	22	20	14	12	16	0	0	0	64	78	14	10	76	124	76	63	62	60	67	55	27	25	19	0	4	14	32	76	133	103	76	79	81	82	84	72	80	76	84	88	95	92	
124	124	63	67	107	59	24	80	121	79	96	98	245	202	0	0	16	42	51	35	15	0	0	20	68	92	60	21	0	0	0	13	31	49	80	55	12	0	42	76	112	103	103	0	0	17	8	35	49	47	45	42	13	25	21	27	43	46	38	36	46	47	40	41	19	19	20	25	36	40	26	24	28	31	35	51	64	78	67	55	38	27	22	9	8	20	30	49	44	41	39	28	0	0	100	123	39	0	73	168	102	92	109	128	114	97	85	61	39	25	43	60	38	48	95	135	138	118	85	95	94	86	92	103	92	90	87	85	
130	130	31	23	79	66	79	114	170	139	117	69	163	143	0	0	18	46	37	33	26	11	33	21	4	31	82	91	35	0	5	1	3	4	17	64	82	57	16	33	47	39	32	0	0	23	58	34	22	13	15	26	44	45	45	28	39	45	39	33	41	20	25	33	33	40	32	31	25	23	30	47	58	59	61	61	47	27	44	52	53	40	38	46	8	22	24	26	23	20	28	27	0	0	61	126	59	0	54	105	119	87	91	88	101	101	96	95	89	98	129	131	84	75	98	155	151	119	109	125	117	83	114	101	89	88	88	88	
132	132	33	50	107	67	92	91	160	118	122	46	122	122	0	0	0	34	48	52	45	33	24	27	4	0	23	81	78	71	33	0	0	1	0	0	59	69	66	28	0	0	0	9	0	0	13	8	14	30	28	35	31	27	13	18	39	42	30	22	12	17	24	48	57	52	56	54	53	60	62	63	52	42	32	31	34	56	64	53	46	39	40	74	28	18	17	6	0	16	33	40	10	0	45	131	85	7	17	52	125	106	73	78	92	76	65	67	75	111	144	143	119	114	150	148	133	91	94	122	132	111	148	120	115	115	119	118	
120	120	17	79	145	74	81	111	172	92	109	51	139	99	0	0	0	33	66	46	43	48	46	33	8	0	0	2	28	77	89	48	8	0	0	0	20	21	31	59	61	24	14	63	59	30	25	0	5	30	47	34	26	26	26	30	39	29	22	29	38	46	47	54	43	47	47	49	44	38	42	27	31	35	38	51	64	67	47	22	17	20	55	87	59	44	38	14	14	33	27	9	0	0	44	117	86	38	14	27	114	121	101	85	91	62	60	79	96	126	123	112	94	101	140	131	101	36	21	64	89	68	92	98	105	120	141	135	
101	101	27	119	187	104	83	133	175	64	81	48	140	53	0	0	0	61	75	32	30	60	41	58	62	9	0	0	22	0	43	98	62	6	20	0	0	9	0	36	53	8	0	21	77	64	55	38	22	13	2	16	25	41	33	27	34	33	37	43	61	38	40	38	39	36	28	31	23	34	34	36	40	36	42	48	43	25	14	29	32	45	45	55	47	46	59	66	65	49	9	0	0	11	67	91	71	62	49	34	90	116	113	97	83	55	62	87	111	113	98	79	88	92	116	131	100	11	0	9	35	14	8	40	40	49	75	62	
103	103	52	121	175	80	60	139	188	85	59	101	150	0	0	0	0	83	68	0	19	58	50	57	46	20	8	32	49	40	38	61	40	46	60	24	0	0	0	0	0	0	0	22	55	55	54	59	48	30	12	8	10	10	9	15	26	42	43	39	35	16	22	24	40	42	42	36	40	30	39	46	46	48	40	34	23	5	28	53	61	55	35	20	29	40	67	79	67	40	0	0	20	57	85	64	60	77	65	25	49	80	105	90	69	59	76	98	106	102	91	79	88	98	98	128	130	59	18	39	64	44	41	48	38	31	19	10	
138	138	53	83	119	66	59	130	146	78	8	160	164	0	0	0	47	95	30	0	26	72	44	42	38	32	47	76	56	25	18	12	0	0	35	58	18	0	0	0	0	45	73	69	68	48	52	28	30	53	79	59	24	22	24	13	25	41	38	28	23	31	39	28	41	49	50	36	36	38	40	50	40	38	34	39	49	59	53	49	54	38	40	59	49	50	42	45	38	38	49	65	0	38	58	51	55	83	49	5	48	60	92	94	71	70	102	102	93	96	95	83	92	93	89	104	135	92	16	18	42	53	49	76	64	48	41	41	
123	123	61	105	106	75	104	136	153	105	31	171	146	0	0	0	44	78	25	0	49	83	0	0	45	34	67	80	47	40	44	5	0	0	28	17	42	22	49	130	146	123	96	78	65	47	45	46	46	51	47	63	84	73	58	29	1	0	7	27	42	42	43	36	32	31	16	28	40	47	38	41	33	34	33	45	54	57	52	36	26	26	40	59	35	29	40	41	42	64	71	75	28	60	108	58	53	44	18	0	16	1	62	94	91	98	125	114	95	89	92	87	96	99	95	102	138	152	38	0	39	48	42	72	73	67	65	69	
90	90	68	132	118	82	125	132	124	81	56	137	92	15	0	0	29	61	21	7	63	77	0	6	77	40	43	71	75	118	36	15	28	0	0	0	21	0	14	79	103	50	32	35	58	62	49	47	40	39	31	49	72	54	52	50	34	17	30	26	2	32	17	21	40	37	40	28	30	40	35	25	39	32	33	38	29	28	41	46	36	31	49	45	39	43	58	62	56	48	39	19	0	54	85	73	53	51	29	11	12	0	28	120	147	129	105	97	94	92	90	98	96	97	92	85	112	138	65	0	53	72	47	74	73	73	59	63	
98	98	90	151	105	71	103	129	108	66	71	153	77	16	0	0	67	78	15	1	58	46	0	22	78	22	0	25	60	95	30	0	22	77	17	0	0	0	0	51	89	58	36	42	52	67	46	44	42	45	44	48	64	49	50	62	71	67	74	29	0	0	11	38	60	53	36	35	41	44	38	43	53	45	34	40	34	38	53	54	47	47	53	61	55	52	46	48	31	23	28	18	0	55	66	95	44	54	21	26	0	0	38	157	204	148	73	71	94	88	93	89	86	84	76	85	99	121	105	40	45	65	39	71	82	73	59	63	
114	114	122	139	68	53	125	157	144	78	93	192	98	0	0	0	66	61	0	8	70	32	0	35	78	2	0	24	53	1	46	41	0	67	79	0	0	13	107	116	94	71	55	36	46	58	61	55	52	53	52	50	61	52	38	38	35	50	72	64	57	37	25	0	0	24	38	43	35	37	31	43	39	29	27	40	44	51	61	55	42	32	44	53	40	33	28	31	32	31	45	40	59	73	94	70	58	30	56	70	46	14	31	96	141	118	85	88	101	88	82	86	87	81	90	104	109	120	152	90	10	44	32	67	76	63	56	60	
105	105	129	128	31	65	178	148	83	0	67	177	52	0	0	0	50	44	0	17	60	22	0	36	60	0	0	115	116	0	18	120	51	24	70	87	43	132	145	103	62	48	51	47	44	62	62	50	43	43	49	56	56	52	37	24	23	38	60	65	57	55	70	70	23	0	0	10	37	52	33	40	40	35	35	39	50	53	43	30	20	28	23	39	35	40	48	47	44	50	58	56	48	36	75	49	72	52	104	97	59	23	0	48	135	150	106	88	85	76	84	80	82	92	104	103	92	96	163	105	0	20	40	48	56	57	56	58	
142	142	160	119	30	88	199	100	39	0	88	176	49	0	0	42	82	54	17	40	56	10	0	31	70	0	0	122	120	0	0	50	64	82	56	57	61	101	70	59	52	52	66	40	32	44	44	41	42	42	49	52	48	47	43	53	55	52	51	41	48	45	53	64	59	67	52	7	0	26	21	31	47	55	49	52	43	44	38	39	46	34	37	29	57	53	53	43	55	47	57	63	0	40	66	83	57	59	41	22	0	48	69	123	184	167	114	106	123	118	113	105	102	100	98	93	87	107	155	117	0	10	45	47	65	74	69	68	
191	191	144	103	47	98	149	112	88	79	153	173	57	0	0	24	51	20	0	42	64	16	0	106	136	21	0	80	78	8	16	12	33	9	0	20	83	64	44	56	54	55	54	40	28	36	59	46	46	47	46	52	45	49	47	59	57	58	55	58	61	41	44	35	32	63	65	50	31	10	10	10	21	30	20	23	35	46	37	50	55	46	46	54	46	37	34	42	49	48	51	48	0	38	69	88	41	70	36	36	102	144	120	104	92	76	111	154	156	146	123	114	110	100	108	107	104	108	126	143	62	0	44	61	84	86	80	78	
173	173	108	57	49	91	87	141	60	67	147	106	0	0	0	85	110	30	0	33	55	0	5	105	79	0	0	82	61	0	38	40	7	0	9	11	63	83	64	57	40	49	64	47	35	46	73	51	49	49	50	41	39	52	56	52	57	48	40	34	32	44	49	40	37	51	58	62	62	79	42	15	9	21	41	46	45	24	26	36	38	30	27	24	23	28	37	41	49	40	39	15	69	96	119	51	49	51	63	53	122	114	78	70	62	28	70	62	1	24	50	81	113	150	174	166	142	125	121	149	73	0	0	12	34	31	33	32	
188	188	141	91	54	133	97	121	93	11	185	132	0	0	4	100	79	0	0	70	62	0	23	87	78	4	0	23	29	5	70	76	0	0	74	70	75	78	67	44	47	50	54	43	44	67	52	33	36	51	62	55	57	65	51	54	64	65	49	41	55	48	58	53	61	69	68	60	50	77	75	66	57	34	18	0	21	55	51	43	27	17	25	39	68	75	67	52	27	25	49	56	79	41	47	40	0	0	31	59	86	69	75	64	78	62	82	98	87	37	0	0	0	16	34	45	45	94	138	133	58	7	20	38	52	27	0	0	
171	171	100	29	14	111	96	136	122	101	241	127	0	0	10	90	72	0	5	53	25	0	46	74	44	4	53	92	56	8	103	125	0	0	82	93	50	31	49	29	37	44	54	43	56	59	55	65	74	61	51	49	54	55	44	50	60	67	39	32	41	65	70	65	65	54	54	43	37	26	41	59	83	69	49	21	15	14	18	33	50	68	68	35	57	47	32	43	59	75	72	61	23	53	88	92	34	57	87	96	127	90	66	76	77	92	49	43	48	44	56	57	47	37	14	13	6	0	5	0	0	49	155	132	136	116	107	120	
179	179	93	42	69	156	156	110	98	135	183	43	0	0	4	103	49	0	35	102	44	3	35	53	3	2	107	127	33	0	81	124	0	0	101	113	41	1	0	19	37	58	59	59	60	62	56	68	62	62	67	64	41	47	48	49	71	67	38	39	46	66	63	65	47	52	53	53	45	66	42	29	39	63	67	92	80	34	0	0	0	3	30	46	47	38	42	61	65	50	35	23	42	68	23	0	52	174	179	99	59	82	82	85	63	71	60	50	62	113	133	117	77	44	39	25	40	35	10	7	0	60	182	151	124	122	135	143	
118	118	96	59	100	160	133	97	72	169	155	0	0	0	15	100	46	0	84	128	37	0	21	58	13	5	77	47	0	0	15	100	0	0	100	128	48	21	67	52	16	0	22	52	86	85	59	56	47	59	75	75	47	50	58	64	71	50	37	32	36	50	56	56	50	49	56	48	36	37	49	51	61	61	52	43	57	64	39	30	14	5	0	12	0	0	34	67	60	33	30	9	45	27	22	60	85	56	82	156	76	36	21	32	55	54	93	98	97	89	69	52	52	70	92	100	109	59	20	8	0	41	146	134	106	94	89	92	
102	102	102	75	119	143	78	107	79	211	149	0	0	0	51	117	79	16	58	63	0	3	56	86	44	3	49	18	0	10	43	77	0	0	113	116	52	38	89	65	35	39	41	57	49	30	28	58	75	59	58	51	55	58	66	66	57	39	34	39	40	82	84	80	70	59	60	45	29	23	74	99	100	63	31	19	41	67	84	98	86	55	42	52	119	100	42	0	0	15	51	56	54	87	71	69	123	117	58	25	75	107	98	51	86	113	71	70	99	65	34	36	61	91	128	90	73	41	25	54	39	20	37	98	104	114	96	98	
138	138	119	66	118	110	85	36	66	209	112	0	0	0	86	97	6	0	9	31	0	27	75	65	9	0	77	54	2	52	99	52	0	0	148	124	57	26	43	67	74	88	78	46	24	7	7	30	43	51	50	69	60	66	70	52	50	40	33	47	53	72	76	67	49	58	58	42	44	76	67	74	51	56	60	69	78	72	59	57	52	46	79	99	141	134	110	76	42	32	20	2	0	8	81	118	108	49	61	113	81	58	107	179	112	46	60	80	55	75	97	95	98	98	102	57	72	107	146	153	73	0	0	106	118	122	86	82	
115	115	69	20	96	85	102	69	87	193	94	0	0	19	107	63	0	0	68	51	0	41	98	34	0	20	90	39	0	57	113	18	0	59	148	99	56	30	69	65	39	26	35	63	81	71	21	17	29	51	66	51	41	45	46	55	50	50	46	54	60	60	59	48	40	60	69	66	54	36	39	48	72	78	73	60	50	47	35	46	57	44	31	17	0	47	138	154	122	107	54	0	0	61	96	94	110	155	102	39	88	73	31	25	91	157	84	32	42	73	89	79	73	59	48	41	46	87	97	71	34	41	48	162	168	143	99	91	
131	131	81	34	124	141	173	123	107	141	61	0	0	0	57	39	0	64	140	35	0	43	102	13	0	29	76	0	0	59	125	10	0	79	126	84	62	40	67	64	43	43	58	76	64	63	57	36	37	22	4	12	45	62	61	56	59	55	61	61	63	91	75	57	46	69	60	55	33	28	41	45	53	50	47	49	54	46	43	60	58	43	37	41	104	103	62	34	69	123	119	66	90	94	129	117	58	47	50	52	70	75	94	90	68	26	73	105	120	89	63	69	76	72	51	83	81	86	72	43	68	122	170	15	87	119	160	141	
175	175	15	26	176	141	140	1	93	171	50	0	0	27	99	43	21	66	79	6	0	87	81	24	14	51	42	0	12	92	114	12	0	89	44	69	42	21	40	50	49	47	65	71	70	55	38	57	64	57	60	43	17	21	39	51	65	62	51	58	76	99	65	58	58	56	54	42	49	41	61	71	72	62	67	76	75	66	61	52	46	40	57	44	67	64	98	96	39	16	24	92	137	149	115	76	41	63	74	91	116	77	72	68	66	82	71	55	69	96	82	62	55	74	82	70	65	56	100	61	65	61	83	52	72	65	75	46	
127	127	0	36	172	121	69	93	177	138	0	0	0	57	153	66	24	43	58	14	0	82	78	17	12	49	46	1	40	134	105	0	0	23	32	78	77	50	47	55	42	44	64	75	70	43	24	54	72	75	63	67	68	46	39	40	48	61	62	71	65	67	50	54	61	75	56	35	33	53	62	73	73	56	51	61	74	64	68	63	55	63	59	62	73	65	93	63	21	12	11	80	155	115	101	82	70	88	80	83	70	75	92	97	78	75	69	80	86	50	49	109	154	119	31	70	72	89	53	57	49	85	40	68	70	52	49	39	
66	66	0	82	157	123	93	100	219	66	0	0	0	55	134	38	0	18	64	14	0	70	67	5	18	63	40	0	29	107	27	0	0	71	96	117	81	56	45	52	49	47	72	82	62	47	50	69	68	57	56	62	72	72	75	60	40	9	5	33	65	76	58	58	52	51	41	55	58	65	78	91	83	55	54	75	82	61	55	58	59	71	70	66	93	66	91	58	9	17	8	124	175	139	119	103	96	112	106	85	74	45	59	77	78	88	81	98	101	88	74	68	61	50	49	98	74	85	71	82	64	104	111	89	102	88	88	88	
60	60	53	139	136	128	125	73	217	55	0	0	0	40	62	3	0	46	85	20	0	43	55	0	23	69	45	0	28	66	2	0	9	118	126	90	71	56	70	58	52	58	71	69	52	44	47	65	70	53	45	51	52	68	72	77	73	57	30	32	38	55	37	39	41	52	61	67	77	66	87	84	76	64	58	69	65	37	43	51	65	72	71	69	80	53	102	61	8	11	13	173	178	138	114	90	96	118	100	90	89	53	45	68	76	74	85	69	52	57	69	81	77	87	88	88	126	138	125	36	88	86	68	81	73	76	75	76	
90	90	87	137	127	127	74	97	217	82	0	0	0	66	33	0	0	77	100	16	0	71	64	11	33	76	40	11	45	55	25	0	7	79	105	67	60	67	73	61	60	59	67	60	47	35	45	77	89	73	69	61	62	74	64	50	59	74	80	67	78	20	29	30	37	44	59	58	58	70	64	66	67	62	66	64	54	41	50	59	64	72	73	56	60	53	91	71	0	0	37	194	169	125	101	103	106	115	103	94	100	91	99	103	68	59	63	72	72	72	84	86	71	70	98	37	43	74	114	67	75	88	102	64	64	55	68	67	
94	94	64	112	127	105	21	169	214	72	0	0	25	129	40	0	25	108	95	5	13	113	63	15	60	82	10	0	42	60	15	0	0	49	126	78	53	46	68	50	48	62	70	61	54	50	71	71	59	49	41	67	78	80	68	58	62	67	67	65	94	57	58	32	27	24	31	44	48	57	56	60	70	61	58	64	55	60	60	63	70	73	60	49	60	55	92	78	0	0	77	186	143	97	101	101	0	105	90	90	92	102	112	121	99	91	73	79	102	87	75	68	46	60	100	87	95	115	37	32	44	104	37	80	67	90	74	76	
75	75	101	107	96	96	62	195	174	12	0	0	35	129	35	0	3	100	74	0	32	105	20	0	92	90	0	0	68	94	0	0	0	61	156	80	50	47	66	56	61	75	78	58	58	76	90	74	46	36	37	52	65	51	57	88	96	81	50	50	60	78	59	47	45	52	46	45	44	48	50	58	61	51	66	69	70	75	71	62	71	73	65	59	69	60	78	78	0	0	140	179	149	91	93	102	95	81	90	107	94	101	101	99	102	115	103	95	94	68	69	96	98	87	92	109	74	64	55	65	64	97	96	64	64	95	75	77	
76	76	130	141	80	83	123	172	145	0	0	0	47	117	8	0	1	109	80	4	32	59	0	0	105	88	0	0	103	123	0	0	38	62	131	45	59	65	72	56	67	79	75	63	63	71	71	77	62	60	69	64	48	49	62	69	68	69	59	52	58	55	56	72	90	87	73	48	45	45	43	53	66	72	73	80	79	76	63	70	73	81	77	70	63	62	66	72	0	0	139	170	161	109	97	101	97	86	103	0	0	101	93	80	94	108	121	122	113	82	68	79	72	73	92	76	77	81	96	61	101	76	61	64	75	93	89	87	
77	77	105	180	78	45	115	173	118	0	0	0	64	104	0	0	45	118	66	8	33	53	6	3	90	55	0	26	77	58	0	0	101	66	98	21	58	43	63	44	60	91	85	65	67	74	66	74	55	60	84	74	51	50	62	58	58	70	65	58	59	71	72	81	71	86	75	75	76	53	31	36	58	71	67	72	65	51	60	62	74	72	75	68	58	78	67	51	0	0	107	193	126	97	90	104	101	102	103	93	90	91	96	103	106	110	105	113	105	81	41	41	71	92	77	57	60	73	87	87	91	82	90	91	83	71	68	66	
105	105	140	162	110	49	95	179	111	0	0	0	49	92	0	2	85	114	31	0	64	71	10	11	71	37	0	45	88	48	0	0	102	106	94	63	78	49	22	30	50	72	71	51	65	72	77	72	55	51	60	68	67	80	81	83	72	46	32	65	85	87	80	67	57	67	68	72	64	53	64	84	68	48	37	42	52	49	61	70	59	49	53	73	73	69	64	54	0	0	140	226	125	95	94	105	100	99	100	92	93	93	103	95	97	98	105	86	88	101	93	79	73	66	54	72	89	105	99	76	60	71	95	45	58	66	76	76	
126	126	153	138	111	49	106	166	77	0	0	0	70	102	27	23	87	75	0	0	88	45	0	15	63	9	0	76	109	21	0	0	62	143	73	84	87	54	49	54	70	75	74	57	69	80	75	77	67	62	65	74	77	75	56	68	62	18	22	81	97	69	58	59	65	92	77	67	49	41	76	94	72	55	53	45	27	19	50	66	72	67	52	65	84	54	58	60	0	1	153	191	110	94	101	95	101	100	92	92	100	100	99	101	94	96	95	91	85	95	119	138	119	90	79	87	73	60	63	70	65	78	84	71	84	98	97	95	
123	123	153	99	91	55	145	172	37	0	0	1	82	65	0	24	80	46	0	18	115	46	0	43	78	0	0	92	116	0	0	0	38	174	70	85	88	65	87	71	64	71	67	54	58	76	61	63	55	62	66	66	61	58	50	63	65	31	47	98	91	65	44	46	57	74	65	58	55	39	81	90	78	74	80	63	33	29	40	67	68	67	68	67	70	49	37	42	0	16	191	190	109	91	97	102	100	101	93	93	100	98	97	97	100	93	94	102	0	105	71	81	116	123	101	79	64	52	58	82	86	90	115	72	99	92	69	71	
110	110	157	92	86	85	196	212	20	0	0	62	119	44	0	34	89	33	0	37	99	43	3	91	109	17	5	118	139	0	0	0	61	187	90	84	76	59	73	50	56	76	66	54	57	57	32	35	41	54	73	73	63	70	65	80	73	36	62	94	76	71	55	41	55	65	56	42	46	44	80	91	75	60	63	63	60	66	79	78	67	49	49	45	81	76	69	62	3	40	176	166	106	94	103	100	98	98	91	92	100	98	97	98	99	104	99	108	102	88	89	101	107	84	85	112	130	131	115	67	52	59	88	53	98	103	77	84	
120	120	156	125	81	103	209	150	0	0	0	102	143	29	0	63	111	25	0	34	53	4	2	86	71	0	0	97	121	0	0	0	112	176	90	92	71	54	44	49	66	90	76	45	53	49	29	33	49	67	77	78	66	73	73	72	50	36	54	81	62	71	49	71	81	80	50	33	37	40	77	87	58	55	59	73	73	85	87	99	74	40	21	38	57	73	83	83	41	88	177	139	113	98	97	97	97	97	99	100	100	98	97	98	100	93	96	79	70	95	0	0	0	0	82	110	0	122	98	77	78	70	76	17	53	88	86	87	
171	171	181	145	73	84	131	51	0	0	0	111	152	10	0	111	109	8	7	74	47	0	25	103	53	0	2	67	73	0	0	50	145	133	65	90	64	23	64	74	90	91	49	13	33	58	58	71	76	78	60	51	41	62	85	82	51	46	53	64	57	66	50	70	84	71	50	45	65	90	73	53	40	58	86	90	87	69	64	72	74	47	42	51	45	60	44	40	70	136	187	100	111	94	0	0	94	96	97	98	89	98	98	99	101	94	94	95	105	107	96	90	89	0	0	95	101	83	83	101	142	128	93	99	54	32	55	48	
177	177	171	150	33	50	109	30	0	0	0	123	138	15	0	129	107	3	9	84	43	0	71	161	35	0	15	95	6	0	0	30	155	95	35	43	48	47	78	94	95	67	12	14	65	81	69	73	75	64	56	59	63	74	86	67	34	29	66	80	73	71	69	61	70	74	63	75	82	96	64	41	37	58	68	68	72	75	71	81	87	72	64	70	74	88	64	22	56	129	149	96	100	0	0	0	0	0	93	95	98	100	101	102	95	97	96	93	0	97	99	92	92	96	0	93	87	99	101	104	0	100	101	88	101	78	47	58	
172	172	145	95	0	54	136	27	0	0	0	133	102	0	20	122	94	0	0	72	51	0	98	169	21	0	87	164	0	0	0	5	164	106	61	33	40	44	58	92	101	67	21	28	73	73	59	69	78	66	68	72	79	68	58	38	36	49	67	76	60	90	74	59	60	71	72	69	65	67	51	43	59	68	64	60	66	70	72	78	88	65	52	68	75	99	60	8	81	167	151	106	96	106	0	0	0	0	0	0	0	97	91	93	97	89	89	95	99	97	96	98	98	98	96	88	89	99	97	0	97	89	81	0	129	131	117	137	
161	161	151	67	0	121	165	15	0	0	20	155	71	0	8	103	43	0	8	91	59	0	61	109	0	0	137	176	0	0	0	43	181	125	63	56	46	42	60	83	80	43	11	29	77	87	57	68	83	68	68	69	71	57	46	48	63	82	56	59	48	89	73	58	63	79	75	58	51	52	54	52	71	74	78	71	65	71	60	52	62	73	68	76	94	95	48	24	110	184	143	81	92	105	101	88	93	0	0	0	91	93	94	98	93	98	89	98	103	101	100	99	97	95	0	97	99	99	98	96	97	102	95	0	0	86	78	91	
148	148	176	77	14	209	176	0	0	0	65	194	72	0	5	95	16	0	73	98	23	0	26	63	0	0	111	96	0	0	0	74	160	101	56	72	85	84	56	69	55	21	20	45	99	93	60	73	78	69	65	64	61	59	60	77	89	86	59	48	62	54	50	53	57	76	76	50	49	66	77	68	71	72	69	75	87	97	59	40	58	69	70	76	81	82	47	49	120	168	124	81	91	98	96	89	91	97	100	92	97	94	0	0	0	98	94	95	104	95	95	94	91	97	0	96	98	99	99	100	103	106	104	86	85	58	92	99	
134	134	143	37	31	219	133	0	0	0	114	191	43	0	30	109	36	8	100	78	0	0	52	77	4	38	99	26	0	0	0	88	144	90	63	84	92	72	56	63	63	50	47	60	71	74	69	77	79	74	65	69	72	66	79	98	85	70	61	61	69	66	51	35	36	51	66	74	70	80	83	77	60	61	73	84	107	98	51	33	53	73	76	69	70	74	42	46	132	150	118	102	90	100	98	91	87	93	87	85	95	96	96	0	0	0	96	101	104	97	99	89	96	101	97	97	99	92	93	104	101	96	90	92	74	69	0	0	
142	142	120	1	61	202	100	0	0	6	122	145	7	0	47	104	31	0	29	23	0	0	94	85	0	49	85	10	0	0	3	130	147	89	54	78	79	64	56	70	77	77	64	64	62	56	51	54	63	73	68	72	78	67	75	75	65	46	62	69	53	73	54	38	41	57	73	75	70	68	84	82	67	59	72	89	81	72	54	40	70	92	82	72	58	33	0	23	129	158	114	93	96	99	0	95	99	107	100	90	90	91	100	101	0	0	0	101	95	97	88	90	99	95	100	97	98	91	93	106	94	94	81	90	87	87	80	73	
154	154	96	13	135	191	78	0	0	7	126	99	0	0	69	71	0	0	31	28	0	15	137	88	0	35	80	0	0	0	71	164	100	65	45	81	70	71	60	56	49	65	66	74	89	76	44	51	54	61	55	52	60	59	60	52	60	65	78	74	65	61	64	77	82	82	75	64	48	68	89	78	63	62	80	78	57	69	55	54	75	88	82	70	54	13	0	24	141	162	92	90	92	103	0	0	0	0	100	92	82	94	100	95	101	96	103	94	87	88	99	99	99	98	95	101	98	98	100	104	103	91	75	84	83	90	0	0	
106	106	27	9	176	178	61	0	0	36	129	54	0	17	123	36	0	48	129	69	0	17	110	22	0	72	125	16	0	47	89	166	77	84	74	85	63	54	67	53	50	67	72	71	74	78	75	62	68	55	40	50	61	76	69	61	84	101	76	53	70	62	72	72	65	62	61	58	55	57	68	49	51	75	91	72	67	79	71	44	59	78	86	92	74	47	33	83	157	147	100	119	103	104	93	92	0	0	95	92	108	104	97	99	91	94	93	100	94	98	92	89	89	90	92	93	94	102	101	102	98	89	85	110	0	100	65	57	
103	103	43	68	234	151	70	0	0	60	137	42	0	81	147	14	0	90	146	44	0	51	117	16	0	110	111	0	0	16	53	115	48	0	49	87	92	111	71	52	49	66	73	62	61	66	59	51	44	51	64	64	54	54	55	69	88	100	85	78	92	61	46	59	77	91	87	80	80	92	78	68	68	79	79	63	79	86	55	63	93	99	75	58	64	39	5	78	170	137	109	93	99	83	74	0	0	0	89	93	95	96	99	94	100	95	90	80	77	88	107	0	0	0	0	0	100	93	84	95	100	95	102	81	91	94	102	106	
129	129	34	23	243	166	0	0	0	78	136	6	0	98	131	0	0	88	120	10	0	53	66	0	0	96	87	0	0	65	64	136	95	33	75	48	50	58	56	47	47	65	68	54	41	50	67	53	58	63	80	81	82	67	55	55	58	59	61	67	92	81	73	85	104	80	54	48	51	67	69	69	85	84	75	69	75	67	51	47	81	78	67	56	58	28	11	91	168	132	97	99	99	90	84	108	0	96	92	95	97	97	97	100	94	89	90	93	96	107	103	94	94	95	0	0	95	97	100	104	100	95	78	97	94	100	103	100	
154	154	49	36	255	161	0	0	0	95	111	0	0	100	107	0	3	115	97	0	0	67	52	5	42	93	38	0	0	65	61	134	113	43	56	36	45	50	52	49	60	66	67	54	60	70	81	68	69	74	76	86	88	64	56	69	68	62	62	56	67	75	62	69	73	54	41	58	81	85	86	93	89	79	70	65	66	61	36	49	63	78	69	57	45	26	24	120	176	121	100	101	102	96	87	105	104	99	93	96	97	97	97	97	99	92	93	102	112	96	92	85	84	97	100	95	91	97	95	94	97	83	79	98	97	94	93	91	
122	122	37	82	187	56	0	0	0	158	139	0	11	127	88	0	23	127	64	0	0	108	74	17	59	82	6	0	0	35	65	116	75	44	73	71	77	74	47	59	71	62	52	54	58	74	91	84	80	59	55	65	60	42	56	88	109	89	63	48	51	58	47	50	47	28	43	81	124	106	93	89	82	73	65	77	92	85	58	51	73	77	76	59	58	23	43	141	173	109	95	98	107	101	87	100	91	103	95	98	100	100	100	99	98	98	98	96	102	95	90	98	94	96	93	88	93	98	102	0	0	0	0	0	0	0	99	100	
111	111	24	127	125	0	0	0	1	154	112	0	11	102	46	0	37	139	48	0	0	133	74	0	33	65	0	0	0	60	107	107	71	47	66	59	71	62	48	73	73	39	32	35	55	72	105	95	83	59	62	63	69	47	61	81	74	55	46	71	103	74	68	62	59	39	45	76	98	81	75	69	75	70	83	75	86	82	59	66	75	82	81	75	63	27	38	154	168	99	99	95	106	100	87	94	87	108	98	100	92	93	93	93	91	98	95	94	102	102	104	98	101	93	86	87	96	96	94	100	93	0	0	0	0	0	95	97	
142	142	36	184	135	0	0	0	53	167	90	0	35	116	63	0	59	114	26	0	15	114	39	0	6	58	3	0	0	100	129	128	79	65	52	32	61	64	50	78	73	40	34	68	93	87	73	75	67	55	70	88	86	49	56	76	76	52	66	89	106	75	71	78	78	63	60	71	80	59	54	67	84	98	86	79	79	69	62	58	69	79	77	91	58	0	33	165	164	88	96	111	103	100	89	89	92	111	100	91	94	95	96	96	95	92	98	104	104	96	97	97	96	95	104	106	109	104	99	92	90	91	92	0	0	0	95	97	
92	92	6	126	88	0	0	16	107	192	103	15	63	125	60	0	59	65	0	0	67	110	28	0	45	82	6	0	0	120	124	106	59	50	58	48	83	64	42	73	74	47	63	93	103	76	56	67	61	51	63	83	64	34	52	96	85	71	66	67	55	69	58	66	79	81	65	80	82	56	59	60	72	83	80	60	50	66	62	67	63	66	77	74	38	0	43	182	165	73	101	111	102	98	89	91	86	105	101	92	95	96	96	96	95	93	101	99	98	99	90	91	89	98	104	102	101	96	93	92	87	95	98	101	94	100	99	100	
72	72	35	145	57	0	0	0	97	132	40	0	1	48	16	6	44	11	0	42	123	108	33	23	105	92	0	0	15	135	122	67	25	40	73	54	65	31	61	89	76	53	44	70	65	66	87	84	61	38	50	57	44	45	74	97	74	56	57	63	65	69	51	49	72	61	73	67	81	61	54	55	72	77	80	63	69	70	79	65	59	66	57	66	22	0	57	192	158	55	98	116	91	98	89	94	90	107	99	87	90	92	93	93	93	92	100	100	92	94	95	93	103	100	99	86	94	93	95	90	87	90	91	89	99	98	108	106	
0	0	113	146	53	0	0	0	63	65	0	0	27	41	12	18	70	41	0	46	104	79	10	35	107	28	0	0	70	98	100	65	71	71	48	39	58	65	57	90	60	39	56	91	84	61	69	72	65	62	69	62	49	57	64	68	69	57	52	67	66	81	60	72	72	48	53	75	73	92	83	72	71	68	61	68	61	56	65	58	60	74	74	66	44	0	79	188	136	97	97	100	101	95	97	95	85	94	101	104	104	107	99	100	100	101	101	101	102	94	86	95	94	104	91	100	98	96	102	100	101	103	96	99	92	87	70	71	
15	15	142	148	0	0	0	15	65	44	0	0	50	61	5	20	78	60	1	20	72	73	41	61	75	0	0	0	44	115	86	62	60	52	49	55	70	67	47	55	28	38	70	90	69	57	68	76	65	63	76	92	102	87	77	66	51	40	38	65	55	88	69	77	80	59	71	90	91	72	68	56	65	84	83	80	48	40	62	70	63	71	68	59	30	0	99	177	143	92	99	85	107	98	98	92	88	93	100	100	105	96	98	98	98	98	100	92	93	93	93	103	105	96	87	92	100	98	96	101	95	0	0	0	0	104	102	106	
0	0	146	133	0	0	0	60	96	43	0	20	108	65	0	9	66	50	1	24	77	57	23	28	31	0	0	0	48	154	98	70	67	66	60	64	66	61	52	55	53	53	67	78	66	62	84	79	70	60	63	72	74	72	66	48	29	39	40	70	70	92	76	90	82	61	69	87	76	80	62	52	56	80	81	62	33	28	68	79	73	61	59	47	12	11	130	185	126	108	98	91	105	103	108	103	86	88	100	100	105	94	94	94	91	99	98	91	94	96	95	102	99	90	84	94	102	102	92	100	93	95	0	89	0	0	97	100	
0	0	149	113	0	0	0	41	89	20	0	42	109	24	0	34	54	18	0	65	108	33	0	49	47	0	0	0	47	152	91	58	64	76	76	69	70	72	69	78	80	78	65	51	67	75	67	70	56	54	56	56	57	54	60	58	50	49	54	70	78	71	62	77	83	43	59	90	83	68	65	57	53	65	63	55	39	50	77	75	75	69	51	29	0	22	143	180	118	0	0	93	94	101	102	92	85	81	90	94	90	89	89	89	97	94	102	101	103	95	95	93	90	98	107	99	100	102	97	90	96	96	0	93	0	0	95	97	
0	0	163	91	0	0	0	34	84	21	0	58	114	22	0	78	92	0	0	78	104	0	0	98	96	8	0	0	28	131	83	60	65	74	70	61	62	71	85	72	65	68	66	51	57	63	49	47	55	61	65	70	83	72	58	72	71	48	59	69	92	56	58	88	67	37	54	92	75	58	70	70	56	57	63	64	51	56	80	75	79	79	55	23	0	41	172	167	111	103	99	100	94	103	102	96	93	90	100	108	96	96	97	99	100	101	100	99	96	94	93	92	102	100	97	93	103	99	97	95	88	91	99	101	99	101	102	103	
23	23	186	50	0	0	9	46	87	19	0	81	110	23	1	115	135	4	0	78	68	0	0	125	95	0	0	0	64	129	88	59	66	66	63	64	57	68	81	58	50	64	84	91	66	63	72	60	59	60	52	56	59	68	72	85	77	60	74	88	99	71	84	103	73	28	39	69	61	52	77	82	69	74	76	75	52	64	78	72	83	83	70	35	0	57	176	153	99	107	99	105	87	98	95	93	95	100	102	101	99	99	100	102	95	90	94	88	89	95	99	105	103	103	91	97	102	105	94	95	91	90	91	102	97	98	89	90	
