132	132	132	135	136	137	137	135	136	134	134	133	133	133	134	167	181	191	194	184	164	134	119	117	124	143	166	161	158	159	159	158	158	157	153	153	158	159	156	156	155	152	156	158	151	141	143	151	150	152	151	145	140	138	144	151	149	144	143	136	143	143	141	139	132	141	144	144	140	141	131	137	136	136	136	133	138	141	138	137	133	141	144	141	138	136	139	136	133	130	131	133	133	132	131	134	133	134	130	133	133	134	133	138	136	133	136	140	137	135	136	133	135	134	135	135	136	137	141	133	138	140	137	134	136	135	132	137	
134	134	134	135	135	135	134	134	135	135	134	134	134	134	135	168	178	176	169	156	139	124	114	113	120	132	148	148	147	146	143	146	148	146	148	149	156	160	158	152	153	157	157	156	148	141	146	155	150	152	148	143	139	138	144	147	148	143	140	136	142	142	140	140	133	140	146	145	143	142	134	140	139	139	137	133	139	141	139	139	134	141	144	142	140	136	139	138	138	132	130	130	132	131	131	133	133	134	131	135	136	134	134	137	134	130	137	140	138	135	136	135	135	135	134	133	133	135	140	133	140	141	138	138	140	136	133	139	
136	136	136	136	136	138	140	140	141	142	142	140	139	140	140	163	165	140	116	100	93	96	105	117	120	122	115	124	143	144	146	152	153	153	157	160	159	158	157	150	155	154	151	150	142	139	145	149	149	148	142	135	133	137	142	144	144	141	139	137	143	142	141	142	136	139	147	145	145	142	136	142	138	143	140	135	141	144	144	142	133	140	141	141	137	133	139	137	137	132	128	128	130	127	130	132	133	135	134	138	137	135	136	136	135	129	135	138	137	133	137	134	132	137	136	130	128	132	135	133	143	145	140	142	142	134	131	139	
139	139	137	136	136	138	140	141	142	142	141	140	139	139	138	149	147	128	109	95	90	90	96	108	117	123	123	130	140	140	143	149	153	156	158	155	156	153	151	153	162	156	154	149	149	141	144	146	147	144	140	134	134	135	139	138	141	140	139	138	142	142	142	142	137	140	146	143	144	142	137	143	140	143	139	135	138	141	140	139	132	138	139	140	139	135	142	141	139	134	131	134	135	129	134	135	136	135	136	140	140	134	138	138	138	131	135	138	137	131	134	132	130	134	135	131	132	136	135	134	145	146	137	144	140	133	137	140	
136	136	134	133	133	136	138	140	140	139	139	138	138	137	137	138	131	118	102	89	85	87	93	101	111	121	126	133	138	138	138	142	143	145	143	148	146	148	150	147	156	157	158	153	152	144	152	157	157	150	144	131	131	137	138	136	139	138	138	137	137	135	135	136	135	135	139	136	138	137	132	139	140	141	139	137	139	141	139	139	135	140	141	142	139	137	143	141	138	135	136	137	136	131	135	137	139	136	137	140	140	132	138	138	139	131	135	138	134	132	134	134	131	136	137	133	134	136	137	138	144	144	136	144	140	134	139	138	
137	137	136	134	134	136	138	140	140	139	138	138	137	136	136	122	112	108	99	88	80	81	79	86	101	118	135	139	142	142	142	144	144	146	148	148	148	149	147	143	155	164	165	158	149	143	149	157	158	157	154	145	141	140	144	146	145	143	141	140	140	140	141	141	137	140	143	141	139	137	133	137	137	135	134	133	135	133	131	132	130	135	135	136	137	138	144	143	140	137	142	140	141	138	140	141	141	137	141	141	139	134	138	139	139	134	138	138	133	132	135	134	132	136	137	134	138	139	136	138	144	143	138	143	140	136	139	137	
139	139	138	137	139	140	142	142	142	142	140	139	137	135	135	115	110	111	106	94	83	75	72	79	93	112	136	145	152	153	156	156	154	156	158	157	155	150	143	144	161	166	160	151	140	141	146	152	146	146	139	136	135	141	139	143	141	142	140	142	145	146	147	145	139	149	152	149	144	141	137	140	140	141	138	138	142	139	136	136	134	138	138	139	138	138	140	140	141	141	142	141	142	138	139	139	139	135	137	139	138	134	137	137	138	134	138	136	134	134	137	136	134	138	139	137	143	143	137	139	146	143	140	143	139	138	140	137	
142	142	142	141	143	144	145	144	144	143	141	139	137	136	137	114	111	113	110	98	86	73	68	73	86	107	133	142	147	149	153	156	159	163	160	159	159	151	149	159	164	160	154	145	138	138	142	149	143	146	137	133	134	142	137	143	141	142	139	139	141	140	142	144	140	148	151	150	145	141	138	144	144	148	143	142	147	142	139	139	136	141	141	143	142	144	147	150	150	146	157	160	158	148	149	152	149	143	138	138	136	135	135	135	135	133	135	134	133	134	135	135	133	136	137	137	144	143	138	140	143	140	140	141	137	137	138	136	
146	146	146	148	150	151	151	150	149	147	145	144	141	141	141	122	124	128	128	119	100	81	74	74	85	99	120	136	143	145	146	148	152	156	163	167	164	162	162	156	157	159	146	134	136	134	137	139	137	137	136	131	132	143	142	145	143	147	142	141	142	144	141	138	141	153	156	159	158	144	143	146	148	151	148	146	154	149	147	142	141	147	145	145	143	147	147	150	150	148	152	147	144	143	147	143	143	141	140	140	141	137	136	138	137	141	140	140	138	139	140	139	139	138	139	144	145	144	143	140	140	139	138	136	135	136	136	135	
150	150	151	153	154	156	156	155	155	154	152	148	146	146	146	132	133	136	135	128	111	93	83	80	88	101	122	137	145	145	146	150	155	160	162	161	159	155	151	156	163	157	140	131	131	132	135	137	136	135	135	131	134	143	145	148	146	147	142	143	143	144	141	138	140	157	157	157	157	145	144	145	149	149	147	147	158	150	149	146	145	150	147	145	143	146	146	149	148	145	147	148	144	141	149	140	139	140	136	136	136	136	133	135	135	141	140	139	138	138	143	142	144	144	145	148	150	147	145	144	142	140	139	138	137	139	139	137	
156	156	158	161	161	162	162	162	162	161	159	156	152	151	150	143	144	148	148	141	124	106	93	88	90	101	119	129	137	138	142	143	145	146	148	155	148	147	150	156	160	150	134	129	129	131	133	135	134	133	133	131	136	141	143	147	145	148	144	143	142	142	141	139	141	158	156	154	156	144	144	144	150	145	147	148	161	151	150	147	147	151	148	147	143	146	144	143	143	144	143	147	147	145	152	140	137	141	135	134	134	137	133	137	138	141	135	136	140	139	146	146	149	148	147	150	152	148	145	144	140	137	138	139	141	144	143	139	
157	157	161	164	164	164	165	164	163	160	159	157	153	151	149	146	146	149	152	149	140	131	122	115	112	112	121	128	136	136	137	140	143	144	145	151	146	141	140	143	159	156	142	136	135	137	138	140	142	142	140	137	141	145	142	147	147	151	146	142	141	141	140	140	143	159	160	158	158	145	144	143	151	145	149	152	163	155	154	153	152	152	150	148	144	144	142	138	138	142	142	144	143	143	144	140	138	142	136	136	138	140	135	135	136	137	138	139	144	145	152	151	159	158	157	158	161	155	151	149	144	142	143	139	140	146	147	142	
158	158	161	164	164	164	164	164	163	161	157	154	151	151	150	147	146	147	150	149	145	141	133	125	119	118	125	131	140	139	140	142	143	145	146	149	145	141	140	141	161	161	148	141	138	141	142	143	146	145	143	141	142	144	144	146	147	150	147	146	145	144	142	143	146	157	160	158	158	146	143	143	150	146	150	153	160	156	156	155	153	152	150	148	145	142	140	140	140	138	135	135	137	141	139	137	139	141	137	138	141	141	136	133	139	137	140	143	149	152	156	156	161	161	160	161	161	156	153	149	144	143	143	140	142	149	149	144	
158	158	160	165	165	166	166	165	164	161	157	153	148	148	148	141	142	146	151	152	152	151	147	138	130	126	127	134	145	145	147	147	149	150	150	150	145	139	139	140	166	166	157	151	148	151	154	155	157	157	156	155	152	149	152	146	147	146	147	149	148	146	144	145	149	160	161	158	158	149	144	145	149	148	152	155	160	159	158	158	156	153	152	149	144	140	138	136	138	136	133	133	133	139	138	135	137	139	136	138	142	140	136	133	138	136	140	146	152	156	159	160	163	164	164	164	162	158	156	152	149	146	146	144	145	152	153	149	
158	158	165	169	167	166	164	162	159	156	153	150	145	147	147	148	148	150	157	159	161	158	153	144	132	127	122	128	136	137	139	140	144	145	147	146	145	142	140	143	161	161	157	152	148	148	146	145	145	144	144	144	147	151	157	157	159	157	161	161	161	159	158	158	160	160	157	157	158	146	147	145	152	147	151	153	157	158	161	160	159	157	155	152	145	142	139	138	137	137	137	137	137	139	140	139	138	138	136	137	139	138	137	139	141	146	150	156	163	166	167	167	166	165	165	161	160	159	159	157	154	151	149	143	143	143	141	145	
158	158	166	170	169	166	162	157	155	153	153	152	147	149	147	152	151	153	158	157	158	158	154	145	134	128	120	124	133	133	136	138	140	143	144	144	145	144	143	144	160	160	156	151	145	143	141	138	137	137	136	136	141	148	154	159	163	162	163	165	164	163	163	165	167	163	157	157	158	146	147	146	154	148	152	153	157	157	161	161	159	157	155	152	145	144	141	138	137	137	139	139	138	138	137	136	135	137	138	136	134	134	135	139	145	155	160	163	170	169	169	170	168	165	164	160	160	162	162	161	159	155	151	146	145	144	140	145	
158	158	166	171	169	166	160	153	149	145	145	145	144	146	144	145	143	147	150	150	152	157	155	148	137	131	127	130	136	136	138	140	143	146	147	147	145	143	142	143	161	161	156	151	144	141	139	137	136	135	134	135	139	149	158	161	162	162	165	166	165	165	164	164	164	162	159	159	159	149	150	148	155	150	154	155	157	157	161	159	158	156	154	151	145	144	142	138	136	136	138	139	139	140	140	140	138	137	139	137	137	136	136	138	144	154	159	163	169	171	170	171	171	171	171	167	169	172	173	171	169	164	158	153	153	151	146	149	
158	158	167	172	171	167	161	153	147	146	145	144	146	149	148	145	146	148	149	150	155	158	158	152	141	137	138	145	145	149	152	155	159	158	154	154	147	142	141	143	162	162	158	151	144	142	139	136	134	133	133	133	138	149	153	160	163	164	165	166	166	167	166	165	163	162	162	162	161	151	152	152	156	150	154	157	159	159	159	158	157	155	152	149	145	144	142	139	137	137	138	138	140	141	141	141	140	140	139	139	141	143	142	142	146	152	157	163	171	174	176	177	177	178	175	173	176	179	179	177	176	172	166	160	157	155	151	152	
158	158	167	174	171	168	162	154	149	151	150	148	151	149	145	145	153	152	148	149	155	159	160	154	143	140	144	150	144	154	157	158	159	155	147	153	147	142	143	145	163	163	158	151	143	140	137	135	133	132	131	132	137	146	148	158	162	165	166	167	168	167	166	166	165	163	163	163	161	151	150	152	156	150	153	157	159	159	158	157	156	154	151	148	143	142	140	138	137	136	137	138	139	140	140	140	140	142	143	140	140	145	146	146	148	155	160	166	174	178	180	178	180	181	179	178	179	180	181	180	179	177	173	164	161	157	154	155	
158	158	167	175	173	170	164	157	153	164	162	158	160	155	147	142	157	152	147	148	153	160	162	158	150	147	150	151	145	153	154	157	152	152	149	155	146	142	143	144	164	165	160	152	143	140	137	136	133	132	132	133	136	145	146	160	161	163	167	169	169	167	167	167	166	165	164	164	164	159	159	159	162	158	161	163	161	158	155	154	153	151	147	145	142	139	137	138	137	135	136	138	139	142	144	144	144	147	150	148	148	152	151	148	152	158	163	170	177	182	181	182	186	188	189	183	181	180	179	179	179	176	171	164	161	159	154	155	
157	157	168	176	175	171	166	158	156	170	168	164	162	154	146	146	157	154	146	148	152	158	161	158	151	149	151	148	143	147	148	152	149	153	147	153	146	142	144	147	166	166	160	154	146	143	141	138	136	135	137	138	141	149	150	161	163	165	167	168	168	168	167	167	166	164	163	163	164	161	161	159	159	157	159	160	159	156	152	152	150	148	145	144	143	140	138	137	137	136	139	140	141	141	140	142	147	149	151	154	156	156	155	150	153	157	164	171	177	180	183	188	191	191	189	182	174	172	175	175	173	171	167	161	158	155	152	154	
156	156	169	177	176	172	167	158	156	163	162	164	165	157	148	145	147	151	145	145	152	157	161	159	153	152	155	149	140	144	144	146	147	149	147	153	147	143	144	148	168	166	162	158	152	149	146	141	138	139	140	142	147	154	157	161	163	165	168	169	169	168	167	166	165	163	162	161	159	157	155	154	154	154	155	156	156	154	149	148	147	145	142	141	140	138	136	134	133	133	135	138	139	139	141	147	150	148	152	156	158	157	155	149	153	158	164	171	177	183	189	190	190	190	188	177	169	168	173	173	169	166	164	160	156	152	149	152	
156	156	170	179	178	174	169	160	155	155	155	157	157	148	142	142	152	152	146	145	149	154	158	155	150	149	151	147	141	142	142	143	143	145	145	151	146	144	146	150	168	167	163	161	158	156	153	149	148	148	147	148	153	160	163	165	166	167	169	169	169	167	165	163	162	158	156	155	152	150	149	148	148	149	150	150	150	149	145	144	144	144	142	139	141	140	139	138	137	137	138	139	139	141	145	148	152	156	162	165	166	166	161	151	156	161	166	172	178	186	189	189	187	187	186	171	168	169	171	171	166	161	159	156	153	149	146	150	
156	156	170	180	179	175	170	160	155	152	153	152	146	142	145	148	157	152	148	145	148	150	153	151	147	146	148	146	142	143	143	144	144	146	144	151	146	144	147	151	169	167	163	161	158	156	155	152	153	155	152	151	156	164	165	167	168	169	169	169	167	165	164	161	159	155	152	150	149	147	145	145	145	145	145	146	147	145	143	142	142	142	143	140	136	136	135	134	135	136	135	135	139	145	145	146	153	159	163	165	168	168	162	153	157	160	165	173	180	184	187	188	188	187	186	175	171	172	173	173	172	167	161	157	155	151	146	151	
156	156	170	181	180	176	171	161	155	153	153	150	144	140	140	149	154	148	147	142	146	146	147	144	143	143	144	145	142	143	142	144	144	144	144	152	146	145	147	152	170	168	164	162	160	158	156	156	157	160	158	156	159	166	167	169	170	170	170	168	166	164	161	158	154	148	145	144	142	141	140	140	139	139	140	141	142	142	142	140	138	140	141	138	137	138	137	136	136	136	134	139	142	144	147	150	156	162	165	167	170	171	163	152	155	160	168	174	180	183	184	185	184	182	181	176	170	172	176	175	175	171	166	160	158	154	148	152	
155	155	170	182	181	176	172	161	155	152	152	150	151	148	143	149	154	147	147	144	146	143	142	139	139	138	139	143	144	143	143	144	145	145	144	152	146	146	147	153	169	167	163	162	161	158	157	158	161	163	163	163	165	170	170	171	172	171	170	168	166	163	157	153	149	142	140	139	137	136	135	135	134	134	136	137	139	141	142	141	139	140	139	137	136	137	137	135	133	133	137	139	139	144	153	157	159	163	166	168	169	171	164	152	156	163	170	176	179	182	182	183	182	180	179	178	177	178	180	180	178	175	169	163	162	158	153	155	
156	156	170	181	180	175	172	162	155	153	153	149	148	148	144	148	148	146	150	140	145	143	142	139	140	140	140	144	144	144	143	144	144	144	144	152	146	145	147	152	166	165	164	166	165	161	158	159	160	161	165	169	169	168	168	170	171	171	170	167	166	162	153	147	144	139	137	136	135	134	133	134	134	135	137	139	138	138	136	137	136	137	138	136	136	137	136	134	134	136	139	140	141	145	149	153	157	162	164	165	165	165	163	154	158	164	170	177	181	183	183	183	180	178	178	180	182	181	182	182	180	178	173	166	164	159	153	155	
157	157	171	180	179	175	172	163	157	154	153	147	144	142	139	148	147	143	146	138	145	147	150	150	148	145	143	144	144	145	144	146	146	147	145	152	146	144	147	150	153	153	163	174	174	172	162	155	151	155	165	178	174	163	165	167	168	169	169	167	163	159	147	141	140	138	137	136	134	133	132	133	133	134	137	139	140	136	129	131	131	134	137	136	139	139	138	137	138	138	141	145	147	151	154	155	158	159	158	155	153	155	154	153	158	164	171	178	183	186	185	183	180	178	176	180	181	183	186	186	184	181	176	166	162	155	152	152	
157	157	170	180	179	175	173	164	158	156	155	148	146	143	141	147	145	142	147	140	146	148	154	157	153	146	140	140	142	143	143	145	145	146	146	153	147	144	147	151	160	162	166	172	173	171	165	160	157	159	165	173	170	166	167	169	170	171	170	168	164	158	146	141	140	140	139	139	137	136	135	135	135	136	137	137	139	136	129	130	132	136	138	137	139	137	137	140	140	138	141	146	149	154	156	156	159	160	157	156	157	158	157	156	159	165	173	180	184	187	186	184	181	179	177	180	183	184	186	186	184	181	176	167	164	158	153	154	
158	158	170	181	180	176	173	165	158	155	154	148	144	141	139	146	143	140	146	140	147	153	159	158	153	145	141	142	140	142	143	145	145	146	146	153	146	144	147	152	165	168	169	173	172	170	167	163	161	163	165	170	169	168	169	170	172	172	171	168	164	156	145	140	139	140	141	141	139	137	136	136	136	137	137	137	139	138	133	133	135	139	141	141	142	143	143	142	140	139	142	147	150	155	155	156	159	161	159	158	159	159	158	160	164	170	177	182	185	183	183	180	178	176	174	180	184	184	184	183	182	180	176	168	165	159	154	154	
158	158	170	181	181	177	175	167	159	155	156	150	148	145	143	146	141	140	145	141	150	160	166	162	156	148	144	142	137	139	140	142	143	144	144	152	147	145	149	153	175	175	168	165	165	165	169	173	173	172	167	162	165	172	173	174	175	175	173	169	164	154	144	140	138	145	147	144	142	140	139	139	140	140	140	140	141	141	139	139	141	142	145	145	145	147	148	144	141	141	144	149	152	157	159	161	163	163	164	164	163	162	161	166	169	174	176	178	180	180	179	177	175	172	170	175	179	180	181	181	181	178	174	167	166	161	158	157	
158	158	169	182	182	177	175	167	159	156	158	153	150	148	146	145	141	141	147	142	151	161	168	164	159	149	144	142	136	138	139	141	142	144	144	152	147	146	149	153	172	172	165	160	159	160	168	175	178	176	170	161	165	174	175	176	176	176	174	170	165	154	145	141	142	153	153	150	147	144	140	139	139	139	140	141	141	141	142	142	144	145	146	148	149	149	149	147	145	143	146	151	153	157	158	161	164	165	167	166	165	165	164	167	169	172	172	171	171	170	169	168	166	163	161	168	173	174	175	176	176	173	169	162	161	158	156	157	
158	158	170	182	181	177	175	167	160	156	159	155	151	148	146	144	142	144	149	144	152	163	171	168	161	150	145	144	136	137	137	140	141	143	144	152	148	147	149	153	168	170	166	161	158	157	167	178	183	181	172	160	164	175	176	177	177	177	175	171	166	155	145	142	148	164	166	164	160	152	144	141	142	142	141	141	143	144	146	147	147	147	149	150	151	151	150	147	144	143	146	151	154	158	160	162	166	168	169	168	168	167	166	167	171	177	179	179	177	174	172	170	168	165	162	169	171	171	170	171	169	166	164	157	156	154	155	156	
159	159	168	180	179	176	173	168	158	155	158	155	151	149	146	145	143	143	151	146	155	166	174	173	164	152	145	145	139	140	140	142	144	144	144	154	146	148	150	151	156	155	156	148	149	153	161	175	183	181	176	164	166	174	174	175	176	176	175	171	166	158	147	144	151	167	169	167	165	157	145	144	144	144	144	143	145	146	149	149	151	149	154	155	153	150	151	149	145	145	146	151	153	156	161	164	168	170	170	169	170	171	168	162	169	177	174	172	168	164	163	163	163	163	163	167	169	168	169	170	169	167	166	154	152	151	149	154	
160	160	168	178	179	176	173	167	156	154	157	156	151	150	147	143	143	144	153	147	156	168	176	175	165	154	147	149	143	142	143	144	144	146	147	155	147	147	148	155	160	154	150	142	145	148	157	171	180	179	174	165	167	170	173	175	176	175	175	171	166	158	148	146	153	165	163	163	162	158	146	145	144	143	145	148	149	153	156	152	152	154	158	161	163	153	151	147	145	143	145	150	153	156	161	166	168	171	171	169	169	169	167	161	169	176	172	168	164	161	160	161	162	162	162	164	165	164	164	165	164	163	164	151	149	150	149	154	
159	159	168	177	177	174	171	166	155	152	155	153	149	148	146	145	145	146	153	149	158	169	178	178	167	155	148	153	150	149	149	149	148	150	148	156	149	148	148	156	160	158	152	147	150	154	160	169	177	175	171	167	167	168	169	171	172	174	173	170	167	159	149	148	155	165	155	155	155	158	148	145	146	146	144	154	151	151	160	156	154	157	153	154	164	151	150	146	143	142	145	150	153	156	161	166	168	170	171	170	171	171	167	160	169	173	169	164	159	156	156	157	159	159	160	159	160	159	159	160	159	159	161	148	147	150	149	154	
159	159	166	172	171	168	164	160	153	151	153	151	147	146	146	142	141	143	151	151	160	171	180	180	170	156	147	157	161	161	156	153	154	153	151	158	151	148	149	150	169	178	177	176	178	174	171	168	165	165	164	166	164	161	162	164	168	170	171	170	167	159	151	151	158	164	150	149	148	157	148	145	143	145	147	155	148	148	154	152	154	159	152	153	162	151	150	144	142	141	144	149	152	155	159	164	167	169	169	169	169	168	166	162	172	174	169	164	159	156	158	160	162	164	165	162	161	160	160	160	160	161	163	150	150	155	155	158	
159	159	163	165	165	164	162	159	153	152	154	150	146	145	146	140	140	142	151	151	160	172	181	181	170	157	148	157	160	161	155	152	152	151	151	156	149	148	149	149	182	191	191	194	196	186	176	166	156	155	155	159	156	151	151	154	161	167	170	169	167	159	151	152	159	162	148	148	146	157	145	144	146	147	147	154	152	150	154	152	156	161	160	162	157	150	149	143	141	141	143	148	151	154	158	163	166	168	168	169	170	169	166	163	174	175	170	164	159	157	159	163	165	166	167	163	160	160	161	161	162	163	163	153	154	158	158	159	
159	159	164	166	164	161	158	157	152	151	154	151	145	144	144	139	140	143	153	153	161	172	181	180	169	158	148	157	162	162	160	159	158	158	157	156	150	148	148	152	199	214	217	220	218	200	177	157	143	141	142	150	148	144	147	154	161	166	168	168	167	160	151	154	161	159	146	146	144	156	143	143	145	147	148	153	156	153	153	151	152	150	151	149	149	148	147	143	140	139	141	146	150	153	158	163	165	167	168	170	170	169	167	167	179	179	173	167	162	161	163	167	169	172	173	166	163	164	164	164	164	166	166	156	160	164	162	163	
155	155	160	169	167	166	166	166	158	157	159	154	151	148	143	150	150	147	147	143	154	171	187	187	179	167	155	163	168	166	164	163	162	161	161	160	154	147	144	148	179	184	186	181	174	167	158	153	148	150	152	156	154	152	151	163	170	172	171	168	164	157	151	154	163	164	153	150	148	158	144	143	144	144	146	148	149	149	151	152	151	149	148	149	148	146	145	142	139	138	142	148	151	156	160	163	167	170	170	170	170	169	165	160	175	175	172	168	163	163	166	166	166	168	168	163	161	162	162	163	163	163	165	149	155	158	158	159	
154	154	161	172	172	172	173	171	161	159	162	158	153	150	147	158	156	147	144	139	150	168	188	197	198	179	157	163	167	166	166	162	158	155	151	149	145	140	142	146	168	166	169	167	161	162	161	162	158	157	153	154	151	152	150	166	171	174	173	167	162	156	151	155	165	165	155	153	150	159	145	144	145	145	145	147	149	153	158	154	155	162	161	161	153	147	145	144	143	142	144	150	154	157	161	164	165	168	169	169	169	168	164	158	174	174	171	168	165	165	167	165	165	166	165	161	160	161	161	162	163	162	163	147	152	155	155	157	
159	159	166	179	178	178	178	177	165	163	168	166	157	154	151	156	154	146	144	141	150	166	179	182	186	170	148	148	149	147	145	144	145	145	144	143	143	142	141	141	158	155	158	157	150	148	145	146	144	143	141	143	144	148	151	167	172	173	174	167	162	156	151	155	165	168	162	160	156	159	145	144	144	146	149	155	160	163	163	154	155	163	161	159	154	146	144	144	144	142	144	151	155	158	161	164	166	167	169	170	171	170	165	160	174	174	171	167	164	165	166	165	164	165	164	161	160	160	161	161	163	162	159	149	153	154	154	158	
158	158	166	180	180	180	179	178	168	164	165	163	155	154	153	158	157	149	145	142	151	165	175	172	168	159	144	143	144	145	145	145	144	144	143	143	141	140	139	139	150	147	148	147	143	141	138	141	139	139	136	138	141	149	151	168	172	173	173	167	163	155	151	155	164	168	165	165	161	159	145	144	145	146	149	155	160	161	162	155	156	162	160	161	153	146	144	144	144	141	144	151	155	158	161	164	165	166	168	170	170	168	165	161	174	173	171	166	164	165	166	165	163	164	164	161	160	160	161	161	162	163	156	149	154	155	154	158	
158	158	167	181	182	181	180	180	169	165	165	165	160	157	153	156	155	147	142	140	148	161	174	175	168	154	143	141	141	140	141	142	143	144	142	141	139	139	140	142	152	152	149	145	140	136	133	137	136	135	133	136	140	148	150	166	173	174	173	167	163	155	150	156	165	165	165	165	163	159	145	144	145	146	149	158	160	161	162	155	158	162	160	161	151	147	146	144	143	141	145	151	155	158	160	164	166	166	168	170	170	168	165	163	175	173	170	166	165	166	166	164	163	163	163	161	160	160	161	161	162	163	152	150	153	155	153	157	
147	147	158	176	178	176	174	174	163	161	157	151	150	149	150	154	153	148	146	146	152	160	167	167	161	149	140	141	146	146	146	144	143	142	143	147	149	152	152	152	156	159	157	152	140	133	132	135	133	133	132	134	138	147	149	166	173	174	173	167	163	156	151	156	165	161	161	160	161	156	145	145	147	146	148	156	158	158	161	153	157	163	161	162	150	145	145	144	142	141	146	151	155	159	162	164	165	165	166	168	168	167	164	164	174	172	169	165	164	165	164	163	162	162	163	160	160	160	161	161	162	162	149	152	152	154	154	157	
138	138	150	170	172	170	168	166	157	154	152	150	151	148	147	153	152	149	149	150	154	159	163	162	157	149	139	139	144	143	143	145	148	152	153	154	156	159	162	163	166	166	162	153	141	136	134	136	134	135	134	137	140	148	150	167	173	173	173	167	163	155	151	155	165	160	159	158	159	155	146	147	147	146	149	156	159	159	162	154	157	162	158	162	150	146	145	144	143	142	147	152	155	159	162	164	167	166	168	170	169	169	164	164	173	172	168	165	164	165	163	162	162	162	162	160	160	160	161	161	162	161	149	153	153	154	154	157	
130	130	141	161	162	159	158	155	149	146	145	143	144	142	143	149	149	149	147	150	153	155	155	154	149	143	136	140	149	152	154	156	158	161	162	165	167	168	169	168	171	171	165	157	143	138	135	138	136	137	138	139	141	147	149	167	172	173	173	167	163	154	151	155	165	157	157	156	157	155	145	146	148	147	150	155	159	157	161	153	159	162	158	163	148	146	145	143	142	142	147	153	156	159	162	164	166	166	169	170	170	170	163	165	173	171	167	165	163	164	163	161	161	161	162	159	162	159	161	161	161	159	150	152	154	154	154	158	
130	130	136	148	148	145	144	142	139	139	138	138	138	137	139	142	143	147	147	151	155	155	156	155	154	151	149	153	162	164	165	167	169	170	171	171	173	173	173	174	176	176	169	160	145	140	135	138	137	139	139	142	144	148	149	167	172	173	173	167	163	154	151	155	164	155	153	153	156	154	145	147	149	148	150	155	157	156	161	153	159	162	157	163	147	146	145	143	142	142	147	153	155	159	162	164	166	166	168	170	170	170	164	166	173	170	166	164	163	164	162	161	161	161	161	159	162	160	161	160	162	156	148	153	154	154	154	158	
139	139	143	149	149	147	146	143	141	138	138	141	138	139	141	142	142	148	150	154	161	162	163	163	162	160	159	163	169	169	170	170	170	171	173	173	173	174	175	175	177	176	170	160	145	139	134	138	137	138	139	142	144	148	149	167	172	173	172	167	162	153	151	156	164	153	152	153	154	153	146	148	149	148	150	155	156	155	160	154	160	162	158	162	147	146	145	143	142	142	147	153	155	158	161	164	165	166	168	169	170	170	165	167	173	170	165	164	164	162	161	160	160	161	160	159	162	160	160	160	162	153	149	154	153	154	154	156	
156	156	154	154	152	145	141	139	137	136	135	141	137	139	141	140	136	145	148	154	166	167	167	167	167	167	167	168	170	170	171	172	172	172	172	173	173	174	174	174	177	176	169	158	142	136	131	136	134	135	136	139	142	147	150	167	172	172	172	167	162	153	151	156	164	151	150	152	153	152	145	149	150	148	150	155	155	155	160	153	161	162	158	161	147	146	145	144	142	141	146	152	155	158	161	163	165	165	167	169	169	169	165	168	172	170	165	164	164	162	160	160	160	160	160	159	161	161	160	161	161	151	149	153	153	156	155	156	
173	173	169	162	157	146	141	138	135	135	135	143	136	140	142	134	132	144	148	152	166	167	169	169	169	171	172	172	170	170	170	171	170	170	170	170	171	171	171	171	174	174	166	155	139	133	128	133	132	131	133	135	140	147	150	166	172	172	172	166	162	152	151	157	164	150	149	151	153	152	145	148	150	148	150	155	154	153	159	153	162	161	157	159	146	146	145	143	142	141	146	152	154	157	161	164	164	164	167	169	169	169	166	170	171	169	165	164	164	161	160	159	160	160	159	159	160	160	160	160	157	149	149	153	154	158	155	156	
176	176	172	164	160	148	141	139	135	136	136	144	136	139	141	134	131	143	147	152	168	169	169	170	171	173	174	173	170	170	170	171	171	170	170	170	170	170	170	170	174	173	165	154	138	131	128	132	131	132	132	135	139	148	151	166	172	173	172	166	162	152	151	157	163	149	148	151	152	151	145	148	149	147	150	155	154	153	159	152	162	161	157	159	146	145	144	142	141	140	146	152	154	158	161	163	164	164	167	168	169	170	166	171	171	168	165	163	164	160	160	159	159	159	159	159	160	160	160	159	154	147	151	155	155	157	154	157	
174	174	174	175	164	151	137	135	133	137	139	146	137	136	135	139	138	145	148	152	168	170	172	173	173	171	170	171	174	174	174	174	174	174	174	174	174	173	174	174	178	176	165	153	136	134	135	139	141	136	132	129	132	149	154	169	175	174	172	166	160	150	148	156	162	147	146	148	148	147	141	144	145	146	150	158	157	157	158	153	161	161	158	156	144	144	142	140	138	138	147	153	156	158	161	162	162	163	166	167	167	167	166	165	167	164	163	164	163	162	161	160	158	158	158	157	160	159	159	159	152	147	154	156	156	158	159	160	
174	174	175	176	165	152	138	135	134	137	140	146	138	136	134	140	138	145	148	152	168	170	172	173	173	171	170	171	174	174	174	174	174	174	173	174	173	173	174	174	178	177	166	153	138	135	136	140	143	138	133	131	134	149	153	168	174	175	173	166	159	149	148	156	161	152	149	148	147	145	142	144	144	145	150	157	157	157	155	153	162	161	159	155	145	144	142	140	139	139	147	153	155	158	161	162	161	162	165	167	168	167	166	166	166	164	163	164	163	161	161	159	158	158	158	157	160	159	159	158	149	148	154	156	157	158	159	161	
174	174	176	177	166	153	138	134	135	137	139	145	138	135	134	138	138	145	148	151	167	170	172	173	173	171	170	171	173	173	173	173	173	174	174	174	173	174	173	174	179	177	166	154	138	135	137	140	142	139	134	132	135	148	151	168	173	174	172	165	158	149	148	155	162	153	151	152	152	148	142	143	144	145	151	157	156	156	156	153	161	157	157	152	145	144	141	140	139	140	147	153	156	159	161	161	161	162	164	166	168	167	166	166	166	163	163	164	162	161	160	159	158	157	157	158	159	158	159	157	147	150	154	156	157	158	160	162	
175	175	176	177	167	154	138	135	135	137	140	145	139	135	133	134	137	145	149	150	166	170	172	173	173	171	170	171	173	173	173	173	173	174	173	173	173	173	173	173	179	179	167	155	141	139	140	144	146	143	140	136	139	148	152	168	173	172	173	164	157	148	147	155	161	153	151	150	151	146	143	144	144	146	151	156	156	157	153	151	158	156	157	152	144	143	142	140	140	141	147	154	156	158	160	160	160	161	162	165	165	165	166	166	165	163	164	164	162	161	159	158	158	157	157	159	159	158	159	154	146	152	154	157	157	158	161	161	
175	175	176	177	166	154	140	135	135	137	140	144	140	135	133	135	137	144	149	151	166	170	172	173	173	171	170	171	173	173	173	173	173	173	173	173	173	172	173	172	179	179	168	156	142	140	141	144	148	146	143	140	141	150	152	169	173	172	172	164	156	147	147	155	160	152	151	151	153	145	142	143	142	143	147	152	153	155	152	152	156	153	152	147	144	143	143	141	140	141	148	154	155	158	159	160	160	160	161	163	163	164	166	167	165	162	163	163	161	161	159	158	158	157	157	158	158	158	159	150	146	151	153	157	157	159	162	159	
175	175	176	178	166	156	141	136	135	137	140	144	141	135	133	138	139	143	150	152	166	170	172	173	173	171	170	171	173	173	173	173	173	173	173	173	172	172	172	172	180	179	168	157	143	141	143	147	152	153	150	148	149	152	151	167	173	173	171	164	156	147	147	154	159	152	149	151	153	145	142	141	140	143	147	151	151	151	150	149	149	145	144	143	143	144	143	142	141	142	148	154	155	158	159	159	159	159	161	162	162	163	166	167	165	162	163	164	161	161	159	158	158	157	156	158	156	158	158	146	148	150	153	156	158	159	162	159	
175	175	177	179	170	157	141	136	137	138	141	144	142	136	135	137	137	143	150	151	166	170	172	173	172	171	170	170	172	172	172	172	172	172	172	171	171	171	171	172	178	178	169	158	150	149	153	155	160	159	157	152	151	150	150	167	172	172	169	162	154	146	146	154	158	150	149	150	152	143	142	142	141	141	144	145	145	145	146	145	147	144	144	142	143	144	143	142	142	143	149	153	155	157	157	157	158	158	159	160	159	159	167	166	163	163	163	162	161	159	158	158	158	156	156	158	156	157	155	146	148	152	154	155	157	160	162	159	
175	175	176	179	170	156	142	137	137	139	141	144	143	136	135	135	138	143	150	151	166	171	172	173	172	171	170	170	172	172	172	172	171	171	172	171	171	171	171	171	177	176	168	159	153	153	154	157	161	155	149	144	146	148	148	165	170	171	170	162	154	146	145	154	157	145	145	147	151	142	141	143	142	142	142	143	142	143	146	145	145	143	143	142	143	143	143	142	142	143	150	152	154	156	157	157	157	157	159	159	159	159	168	165	163	163	163	161	162	160	158	158	157	156	156	158	155	157	153	145	148	152	153	155	157	160	162	159	
175	175	176	179	171	156	142	137	137	140	142	144	145	137	135	136	138	142	151	150	165	170	172	172	172	171	170	170	171	171	171	171	170	170	171	171	171	170	170	170	177	176	166	156	147	144	144	151	158	150	144	140	143	145	149	165	171	171	169	161	154	145	144	153	156	145	144	145	148	141	141	142	143	143	142	142	143	143	144	144	146	146	148	149	144	144	143	142	143	144	150	152	154	156	157	156	156	156	157	158	158	159	168	164	163	163	163	162	161	159	158	157	157	155	156	157	156	157	152	146	149	152	153	154	158	161	162	158	
175	175	177	179	171	157	144	138	138	141	143	145	146	137	135	137	138	142	153	151	164	170	171	172	172	171	170	170	171	170	171	170	170	170	171	171	171	170	170	170	176	174	164	152	140	138	139	147	156	149	143	141	142	145	151	163	169	170	168	162	154	145	144	154	156	149	146	146	148	141	141	142	143	143	142	142	144	145	148	149	151	152	151	154	144	144	144	143	143	145	150	153	154	156	157	156	156	156	157	157	157	158	167	164	162	162	163	162	161	159	158	157	157	155	155	156	156	156	150	146	150	153	153	155	158	160	161	158	
175	175	177	179	173	158	144	139	138	141	143	144	147	137	135	136	137	141	153	151	164	170	172	173	172	170	170	170	171	171	171	170	170	170	170	170	170	170	170	170	174	173	164	151	138	136	139	147	156	150	144	141	142	145	149	156	163	168	168	161	153	144	144	153	156	148	147	148	150	141	141	141	143	145	148	150	151	152	152	154	154	154	150	154	143	144	143	142	143	144	150	153	154	155	156	155	155	156	157	157	156	159	168	164	162	162	162	161	160	158	157	157	156	155	155	155	157	155	148	145	149	153	154	155	158	160	161	157	
175	175	177	180	173	158	145	140	138	141	144	145	148	137	135	136	139	143	154	150	164	171	172	173	172	171	170	170	170	170	170	170	170	170	171	170	169	170	170	170	174	171	162	150	137	135	137	146	155	148	142	138	139	143	149	153	160	167	169	160	152	144	144	153	156	147	147	148	149	139	140	142	142	147	154	155	154	154	152	154	154	154	148	153	143	144	144	143	144	145	150	153	154	155	156	154	154	155	157	156	156	159	169	164	162	163	162	161	160	158	157	157	156	155	155	155	157	154	147	146	150	154	154	154	158	160	161	158	
176	176	178	180	174	160	150	144	144	147	150	152	157	151	151	150	153	156	161	152	164	170	170	170	170	170	169	171	173	174	173	173	172	172	172	172	171	170	170	170	166	162	155	149	140	137	135	141	148	142	138	139	141	141	143	146	150	157	158	154	150	144	144	152	155	149	147	149	151	141	141	143	144	149	156	156	155	155	156	157	156	155	151	152	144	144	144	143	142	143	152	154	152	151	151	152	156	158	161	161	158	164	167	161	160	160	160	159	158	158	157	157	156	156	155	156	156	153	146	146	152	153	153	153	157	159	159	157	
176	176	177	179	174	161	152	148	149	157	162	163	167	165	164	164	163	163	165	154	164	167	168	167	168	169	168	172	176	176	175	174	174	174	173	173	172	171	170	170	162	155	147	144	139	136	134	138	143	143	140	138	137	134	138	140	141	148	153	152	149	142	145	153	153	149	150	151	149	140	142	144	144	150	155	157	156	156	157	157	156	155	154	152	144	144	144	142	141	142	152	154	152	149	148	151	157	161	166	164	160	167	165	159	158	159	159	158	157	157	157	157	156	156	155	156	155	151	144	147	152	152	153	153	157	159	159	157	
176	176	178	181	174	164	160	157	158	162	167	166	169	166	163	159	156	157	159	151	161	166	167	168	170	170	171	170	170	170	169	169	169	169	169	169	169	169	168	168	162	153	145	146	143	142	139	136	132	131	132	133	135	134	134	140	142	143	144	148	146	143	146	151	150	145	150	151	148	141	142	144	143	148	153	154	154	153	154	154	155	153	147	143	141	141	141	140	139	140	149	151	148	146	145	148	154	159	165	163	159	165	165	159	158	159	158	157	157	157	157	157	156	156	156	156	154	147	143	148	150	152	153	154	157	159	161	158	
176	176	178	180	173	163	161	159	158	161	163	164	166	158	157	153	151	154	157	150	159	166	166	168	170	171	172	170	168	167	168	168	168	168	169	168	169	168	168	168	163	154	145	143	138	134	132	132	131	132	134	133	132	131	135	142	142	142	147	145	143	143	144	148	151	145	146	150	151	145	143	144	144	149	153	154	153	151	151	148	145	143	142	141	140	140	140	138	138	139	147	148	145	144	143	146	152	158	163	162	158	164	164	159	159	159	158	157	157	157	157	157	157	157	156	156	154	144	145	148	149	152	153	154	158	160	160	157	
176	176	178	181	174	163	159	157	156	158	156	160	164	154	154	150	148	152	155	146	155	163	165	168	171	172	173	170	165	165	165	166	166	167	168	167	168	168	168	168	162	154	146	143	138	135	133	133	131	130	130	131	131	131	133	138	143	143	145	145	141	143	142	143	146	144	143	149	150	145	145	146	144	148	149	149	148	143	140	141	141	141	139	138	139	139	138	137	136	136	145	145	143	143	141	144	150	156	161	160	156	162	161	158	158	159	158	157	157	157	157	157	157	157	157	156	153	143	146	148	151	152	153	154	158	160	160	155	
177	177	177	180	174	163	159	155	153	154	152	157	162	153	150	147	145	150	153	143	151	158	161	167	171	173	175	172	167	167	168	168	169	170	171	171	172	172	172	172	163	153	145	143	137	135	133	131	130	129	129	128	129	131	134	134	134	132	136	140	140	142	139	138	138	141	141	144	144	144	145	145	142	142	142	141	141	138	139	138	139	138	138	138	136	136	135	135	134	134	142	140	138	139	138	141	148	153	157	157	154	159	159	158	159	159	157	157	157	157	157	157	157	157	157	157	148	144	146	150	151	153	153	154	157	160	159	155	
176	176	177	178	173	161	154	152	148	154	153	158	163	154	150	141	138	142	148	140	145	149	153	163	168	172	176	173	169	169	170	170	171	172	173	173	173	173	174	174	160	151	144	141	136	133	130	128	128	128	128	129	129	129	129	129	131	129	130	136	139	137	131	133	137	141	140	141	143	146	145	144	142	142	141	140	142	140	138	138	139	140	138	136	135	135	134	134	134	134	140	138	136	136	135	140	147	154	157	156	154	157	159	158	159	159	158	157	157	157	157	157	157	157	157	156	143	144	145	150	149	152	152	155	158	159	159	156	
176	176	176	177	172	162	152	152	149	157	155	156	160	150	149	140	141	142	146	139	142	145	148	161	167	171	175	173	173	173	174	174	174	175	176	175	175	176	175	175	158	146	142	141	138	135	132	129	128	128	128	128	129	129	129	129	128	128	128	128	131	132	130	131	135	138	139	139	139	139	141	142	140	141	140	138	140	137	136	137	137	137	135	135	134	134	134	135	135	134	139	137	134	133	134	140	146	153	156	153	150	149	154	158	159	158	158	157	158	158	157	158	157	158	157	151	142	143	146	147	149	149	152	153	156	157	159	155	
176	176	176	176	168	161	153	152	149	152	154	155	158	150	146	143	147	147	145	136	138	142	145	158	165	168	171	173	173	173	173	173	174	174	173	172	172	172	171	170	157	146	143	140	135	131	130	129	128	129	129	129	129	129	128	128	128	128	128	128	133	134	131	132	137	135	135	134	134	139	140	143	141	141	139	137	138	137	136	135	136	137	135	135	136	136	136	137	137	137	141	138	134	132	134	142	149	152	154	152	146	146	155	158	159	158	157	157	158	157	158	157	156	157	157	146	142	144	145	147	148	148	151	152	156	157	158	154	
176	176	175	174	165	159	152	151	154	152	153	152	153	150	145	141	140	136	132	132	135	138	143	153	163	167	169	173	174	173	172	172	171	169	169	168	167	165	164	162	145	138	137	137	134	132	130	128	128	128	129	129	129	129	128	128	128	128	128	129	131	136	137	134	131	133	134	134	134	136	137	137	137	137	138	139	137	136	136	134	136	138	136	137	138	139	139	138	138	138	142	138	134	132	135	142	150	153	151	148	143	144	154	158	158	158	157	158	158	157	157	157	157	157	153	144	143	144	144	144	146	149	152	153	156	156	158	155	
176	176	175	168	155	152	151	147	146	149	151	150	149	146	141	136	135	133	131	132	133	135	140	147	158	164	165	168	167	167	166	165	163	160	156	152	149	145	142	140	136	133	133	131	129	128	128	127	128	128	129	131	131	129	128	128	129	128	128	128	130	135	137	137	138	139	139	137	137	136	138	139	138	136	138	139	137	136	137	137	138	139	139	140	140	141	141	140	140	142	144	141	138	135	136	141	147	153	151	149	149	147	152	158	158	158	157	157	158	158	157	158	158	157	149	145	143	143	145	144	145	149	151	152	155	155	156	155	
176	176	174	164	154	151	148	145	142	144	145	144	141	140	137	138	139	138	136	134	135	135	137	143	153	162	165	165	164	161	158	154	149	144	144	140	137	136	133	132	132	132	131	128	127	126	126	126	128	128	130	133	133	129	128	129	131	131	130	130	128	130	132	134	137	139	139	137	138	139	142	143	144	140	139	140	138	140	141	141	139	140	140	141	141	143	144	142	142	144	146	143	141	138	139	144	148	152	149	149	153	151	153	157	158	158	157	158	158	158	158	158	158	156	146	143	144	142	144	144	146	150	151	153	155	155	156	155	
176	176	174	162	154	146	139	136	136	140	144	147	145	144	143	143	140	139	138	134	131	130	134	138	149	160	164	159	152	149	147	144	141	138	137	134	132	129	127	126	128	129	128	126	125	125	125	125	126	128	130	134	134	133	132	131	132	132	130	130	129	129	128	127	130	139	141	142	141	142	142	144	147	144	142	142	141	144	147	147	143	141	141	141	145	146	147	144	145	147	149	146	143	139	139	143	146	150	151	152	156	153	152	158	158	158	157	158	158	157	157	157	157	154	145	142	146	144	142	143	144	148	151	153	155	155	157	155	
182	182	171	149	145	143	142	142	144	144	144	143	142	143	143	139	138	137	135	134	136	137	139	142	142	139	136	135	135	136	135	132	132	132	132	131	130	130	130	128	128	128	129	130	130	129	130	131	133	134	136	137	136	132	132	132	130	129	131	128	129	131	130	128	129	128	131	135	142	146	149	154	162	157	156	152	150	162	166	162	150	141	138	141	140	144	151	150	153	153	149	148	149	146	141	141	142	144	147	154	165	170	167	160	160	158	157	155	154	152	153	152	151	146	137	145	146	144	143	138	137	141	145	149	151	155	158	159	
180	180	169	148	143	144	145	144	143	143	143	142	142	142	140	137	136	135	136	137	139	139	138	136	136	138	139	137	135	134	132	131	131	132	128	130	130	129	129	128	128	128	128	129	131	131	131	131	133	134	134	134	133	132	130	131	129	128	128	131	131	133	132	130	134	133	138	136	141	149	149	153	163	166	169	165	164	166	158	157	151	148	144	143	142	144	151	152	155	156	153	150	149	146	142	143	144	146	149	152	159	164	163	161	160	160	160	159	157	157	156	155	154	146	139	146	146	145	143	139	138	141	146	150	152	155	157	158	
178	178	168	148	143	143	144	142	141	141	139	138	138	139	139	138	137	136	136	137	138	137	135	134	135	138	137	135	132	132	130	131	131	130	131	131	130	128	128	128	128	129	129	131	131	130	130	131	131	130	131	131	131	129	128	129	128	128	128	128	132	136	134	131	135	133	137	135	140	146	153	159	162	167	170	167	166	168	167	163	158	149	146	146	145	145	152	153	153	155	153	150	150	148	145	145	146	149	151	152	154	158	158	156	156	157	159	161	162	161	160	159	156	145	144	146	145	145	142	140	139	140	145	149	152	154	157	158	
174	174	163	144	140	139	140	140	140	140	140	141	141	139	137	137	138	139	140	138	136	135	133	134	136	133	132	133	132	133	132	131	131	130	133	134	131	130	131	132	134	132	130	129	130	130	129	128	127	127	126	126	127	128	127	128	128	127	127	129	129	130	135	136	134	134	135	136	140	142	153	164	164	165	172	172	174	173	172	169	166	155	149	146	145	145	151	154	153	156	154	152	150	149	148	148	148	152	155	157	157	158	160	159	158	158	159	161	163	164	165	166	160	149	151	147	144	143	143	141	142	144	145	149	152	155	157	159	
171	171	160	142	144	146	146	146	146	144	141	138	136	137	139	138	138	137	137	137	135	134	133	133	134	132	131	132	132	132	131	130	130	131	132	133	134	134	134	134	132	132	132	132	130	128	128	127	126	126	128	129	129	128	127	127	126	124	124	124	128	130	136	140	136	135	136	136	137	142	145	149	156	162	163	161	168	174	171	164	154	152	149	145	146	145	150	154	153	156	156	153	151	149	149	149	150	151	154	157	157	156	157	159	160	160	159	158	158	157	159	162	156	149	150	146	145	143	143	142	146	149	147	149	152	155	157	159	
167	167	161	148	147	144	143	141	141	140	140	140	137	135	136	135	135	134	133	133	134	133	134	132	131	135	135	132	131	131	132	134	135	134	134	135	134	133	134	133	133	133	132	132	131	130	128	128	128	128	128	126	125	124	124	124	123	122	124	124	125	130	134	134	137	138	138	139	138	144	146	146	149	152	155	152	160	171	176	168	156	154	151	147	146	146	148	152	153	157	154	154	153	152	152	152	152	152	154	156	157	156	157	158	158	159	160	160	160	158	155	156	149	150	150	144	145	142	145	143	150	154	149	151	153	155	155	157	
154	154	147	141	141	141	141	141	141	138	136	135	135	136	137	133	132	133	133	132	132	132	132	132	132	133	134	133	133	135	135	134	134	134	134	133	133	133	134	133	133	134	132	132	132	130	128	128	128	130	129	125	123	124	123	123	126	125	126	123	125	128	136	136	134	137	140	137	139	145	143	144	150	151	153	149	155	164	179	174	159	155	151	148	146	145	148	150	152	156	153	153	151	151	153	154	154	155	154	154	155	154	155	153	153	156	158	158	156	155	154	150	145	144	144	143	144	143	144	145	152	155	150	153	154	155	154	155	
148	148	144	139	142	142	140	138	137	137	135	133	132	132	132	132	132	130	131	131	132	130	131	133	136	137	138	137	134	135	134	134	134	133	132	132	132	131	132	135	135	135	132	130	129	128	128	128	125	128	129	125	125	129	131	130	132	128	124	124	128	129	132	133	136	138	143	138	137	140	139	145	153	153	153	147	156	168	172	171	166	159	153	149	146	146	147	150	153	155	154	153	152	152	153	155	155	155	153	153	153	155	156	152	151	154	158	159	155	154	152	147	143	142	141	142	144	144	144	145	151	154	151	154	154	156	154	153	
141	141	139	138	137	136	136	136	135	134	133	132	131	131	132	136	135	131	131	131	132	135	136	137	138	138	138	136	132	131	131	132	133	132	134	132	132	133	133	134	135	134	130	129	129	128	128	128	127	129	133	133	133	131	131	128	129	127	125	133	137	134	128	128	132	132	139	136	136	139	142	148	154	156	156	153	153	166	171	168	166	159	152	148	145	145	145	149	152	154	154	155	155	154	156	157	157	156	155	153	153	153	150	148	150	154	154	154	153	152	150	145	140	138	136	141	143	144	144	146	151	155	153	155	154	154	154	153	
139	139	139	140	136	133	134	133	133	133	132	130	128	128	129	133	135	135	136	137	136	136	135	135	135	136	137	135	132	132	132	132	134	133	133	131	132	131	129	128	133	134	129	128	128	128	129	133	137	138	139	138	136	132	129	128	126	126	128	134	137	133	129	130	135	132	137	136	138	142	144	152	157	157	156	159	155	162	164	161	161	159	153	150	145	143	146	151	152	156	157	157	157	156	158	159	159	158	157	155	152	150	148	149	153	155	152	154	155	154	151	146	142	138	137	141	142	143	144	148	154	156	154	155	154	154	152	153	
136	136	134	133	132	133	133	133	131	130	130	129	130	131	133	138	137	135	135	135	136	136	136	136	136	136	136	133	131	134	136	135	134	133	133	135	134	129	128	128	129	131	130	130	131	134	137	139	135	134	139	141	138	134	132	133	128	126	127	129	131	130	130	132	136	132	135	135	140	145	149	153	155	157	157	162	160	164	161	157	166	162	156	151	147	145	147	151	151	155	157	158	157	157	158	160	160	159	156	154	152	150	150	148	151	154	155	156	155	154	151	147	142	139	137	140	142	142	145	151	156	157	154	156	155	154	152	153	
133	133	132	135	138	138	134	131	130	131	132	133	136	136	136	135	135	135	136	136	137	136	136	135	136	137	138	138	136	136	136	136	135	132	130	132	128	126	127	128	127	129	130	133	135	135	133	135	137	141	145	145	139	135	134	134	130	128	126	127	130	134	136	137	141	138	140	140	142	146	155	164	166	171	174	172	170	173	165	160	164	158	154	149	147	146	148	150	152	155	159	160	160	160	160	163	164	162	159	157	154	152	152	153	154	158	160	163	160	159	154	150	146	142	141	141	140	142	145	152	156	157	155	156	154	154	152	152	
134	134	134	136	140	140	138	138	139	140	138	137	137	136	136	136	136	135	134	133	132	132	133	135	137	139	140	139	136	133	133	133	132	133	133	131	128	128	129	130	130	129	129	135	136	132	135	140	141	141	143	146	144	139	139	142	141	139	133	130	138	144	144	144	147	143	145	145	149	152	163	172	174	172	171	167	168	169	171	173	169	165	162	159	153	151	151	152	153	154	159	157	157	156	157	158	158	158	158	157	157	156	155	156	157	158	158	159	157	153	149	148	147	145	144	141	141	144	149	154	156	155	152	151	151	152	153	152	
135	135	137	142	145	147	146	145	144	143	142	142	141	141	141	134	133	132	132	134	134	134	135	135	133	131	128	128	133	132	134	134	133	137	135	132	131	132	132	132	132	129	128	134	137	134	138	142	146	145	145	147	146	146	147	152	153	153	142	133	141	152	154	156	156	152	150	150	157	159	166	166	169	162	157	162	161	157	164	178	174	170	167	167	162	161	159	157	149	151	155	154	154	151	153	153	150	151	155	156	158	163	161	159	159	158	156	154	153	147	145	146	148	148	148	141	140	146	154	158	158	155	150	145	148	150	155	151	
141	141	144	145	144	142	141	141	141	141	140	140	139	137	136	132	133	134	136	137	138	135	133	131	129	129	129	129	132	133	133	132	131	134	131	131	133	135	135	134	132	128	128	135	137	133	137	141	145	147	149	149	145	143	146	146	144	145	132	126	128	134	141	146	150	144	143	146	153	154	159	161	166	167	164	164	152	157	155	162	162	164	164	164	159	163	165	158	152	153	157	157	154	150	152	155	153	153	154	155	158	161	158	157	157	156	154	151	149	145	145	145	146	146	146	142	140	146	154	158	158	155	150	144	147	149	153	151	
141	141	141	141	141	142	142	142	142	139	138	136	137	137	139	136	137	138	137	135	132	130	131	129	128	128	129	131	133	134	132	131	129	130	130	130	132	135	137	137	130	128	127	135	137	133	136	140	143	147	150	151	145	141	144	146	143	141	128	125	126	129	132	132	143	141	147	148	149	157	156	161	166	165	165	163	155	154	150	154	158	162	162	162	161	161	162	159	154	153	158	154	154	154	153	154	154	153	154	156	158	160	157	156	156	155	152	149	147	144	144	144	144	145	145	143	141	146	155	158	158	154	150	143	146	148	152	150	
141	141	141	141	140	139	138	136	134	136	137	137	138	139	139	136	134	133	131	131	130	130	131	131	132	132	132	132	131	134	129	132	130	129	130	132	135	138	138	137	129	128	127	134	136	131	135	139	143	145	150	153	149	142	144	146	143	141	133	124	123	127	128	129	139	138	135	137	146	155	156	161	159	152	158	160	161	152	146	147	151	153	155	158	160	159	155	159	154	155	160	161	159	156	155	153	155	154	156	155	155	156	154	154	154	153	150	148	146	145	144	143	142	144	144	142	140	147	156	158	157	154	149	142	145	146	151	150	
140	140	137	133	132	132	134	135	135	137	138	137	136	134	131	130	131	131	131	132	132	132	132	133	134	134	135	135	134	137	131	133	131	129	131	133	136	137	137	134	129	128	128	134	135	131	134	139	143	146	151	156	158	155	156	152	149	147	146	144	138	133	130	133	139	136	135	140	143	146	154	160	159	155	156	159	162	161	154	146	146	149	150	152	154	153	153	152	152	152	162	165	162	160	160	164	163	155	153	153	156	155	151	151	151	149	147	146	145	145	144	143	143	144	143	141	141	149	158	159	158	154	149	142	143	144	150	149	
134	134	132	131	133	135	137	137	135	135	134	131	130	131	131	131	132	132	132	133	133	134	134	134	135	136	139	139	141	144	133	134	131	129	130	131	132	133	134	133	128	128	127	135	136	132	133	138	144	146	150	157	163	166	169	157	153	152	153	153	156	151	143	142	138	132	133	135	142	156	154	159	169	157	150	156	157	169	164	156	153	150	146	148	150	153	152	151	151	153	163	162	162	167	163	163	164	159	155	151	150	150	149	149	147	146	145	145	145	144	144	142	143	144	142	141	142	151	159	160	158	154	148	141	142	144	149	149	
136	136	136	135	134	132	132	132	130	130	130	130	131	130	131	132	133	132	133	132	134	134	136	139	144	147	150	142	142	147	132	135	131	128	127	128	130	132	134	135	127	127	126	136	137	134	135	139	143	149	158	165	167	173	176	167	164	168	170	168	168	166	164	159	154	142	137	140	146	153	154	161	168	158	154	156	159	164	153	144	144	144	143	145	149	154	154	153	156	155	158	158	159	165	172	165	168	165	160	157	151	146	145	145	145	144	145	144	145	144	144	143	144	143	142	142	143	154	158	161	158	154	146	140	141	143	148	147	
137	137	136	133	132	130	130	130	130	131	131	131	133	132	133	133	136	134	133	133	138	142	146	148	150	152	152	144	145	150	133	135	133	129	127	127	128	131	134	137	128	129	128	137	138	136	137	140	143	148	155	165	170	174	175	170	167	168	172	170	175	174	170	166	157	143	146	147	147	145	150	155	160	160	158	158	166	155	145	139	147	140	141	144	150	158	159	155	159	159	161	154	163	167	173	169	171	170	165	165	159	148	147	147	145	144	145	145	145	144	144	145	145	145	143	142	145	155	160	161	158	153	144	139	140	142	148	146	
134	134	133	131	131	131	131	131	132	133	132	132	134	133	134	134	135	135	143	146	147	146	146	148	148	150	153	145	150	152	134	136	133	130	128	127	129	133	134	136	131	128	130	140	139	137	140	141	143	147	156	165	172	173	176	167	169	169	171	180	181	167	170	165	159	158	153	159	157	165	161	162	152	158	160	170	173	163	140	133	139	135	139	146	153	156	159	159	162	165	161	159	168	173	170	173	177	176	177	174	165	158	148	145	144	144	145	146	145	144	145	146	146	145	144	143	145	155	160	161	158	153	144	139	140	142	146	145	
133	133	133	132	133	135	135	135	136	136	135	136	138	138	142	150	151	146	150	143	141	140	142	147	149	151	152	146	154	156	136	136	134	133	130	128	128	133	136	137	132	132	139	148	144	140	141	143	145	143	140	143	146	148	150	152	161	167	168	171	169	172	166	158	162	165	164	165	152	163	156	148	156	148	159	169	167	157	155	148	143	140	141	148	152	150	154	159	156	155	151	155	155	166	163	176	175	177	181	175	167	163	148	143	143	146	146	146	146	146	148	148	148	146	145	144	145	155	160	162	159	154	145	139	140	140	144	143	
133	133	134	134	134	135	134	134	136	136	139	142	144	145	150	155	152	145	151	145	142	138	139	146	149	150	152	148	155	157	136	137	135	134	133	130	129	132	137	139	135	135	140	146	149	147	146	143	139	138	139	141	140	140	143	146	156	165	167	169	166	162	158	163	166	174	169	166	159	160	160	152	154	150	156	163	149	149	151	151	148	146	148	151	153	149	152	152	150	146	146	153	153	161	165	174	170	180	179	174	169	164	154	143	145	146	147	147	147	148	149	149	148	147	146	145	146	156	160	163	160	153	144	139	139	138	143	142	
132	132	134	134	134	134	134	135	138	144	148	152	151	148	152	156	155	149	153	143	141	138	138	144	148	148	149	149	156	158	136	136	134	134	134	134	132	132	137	139	138	140	142	149	160	151	143	140	136	133	134	138	138	133	135	139	147	157	162	159	164	156	153	153	153	173	169	164	165	167	154	146	150	152	156	152	146	147	149	153	155	152	149	147	149	150	154	147	149	139	148	156	160	156	164	172	176	183	179	175	169	173	162	145	146	147	147	147	148	149	150	150	149	148	148	145	147	157	161	163	159	151	142	139	139	137	142	141	
134	134	132	134	133	137	139	145	145	143	140	145	152	148	156	158	155	148	151	139	136	135	137	143	146	150	152	153	160	157	152	146	146	147	150	149	149	135	128	125	145	161	160	180	186	166	145	132	128	128	139	153	147	135	139	146	154	158	166	164	153	154	158	159	162	153	159	150	145	140	132	133	133	140	144	140	143	146	153	153	162	158	154	157	162	162	155	153	147	147	150	147	151	147	149	145	156	164	173	174	175	171	160	145	145	147	149	149	151	152	152	150	150	147	147	146	146	149	150	150	146	142	141	140	140	139	139	138	
134	134	133	138	143	145	143	140	137	136	137	143	153	148	154	159	157	149	151	138	136	135	138	145	148	151	152	155	166	165	167	163	154	159	157	158	157	144	137	129	148	164	172	183	181	175	154	139	130	132	136	147	144	138	148	161	173	174	173	169	155	145	151	150	166	156	150	146	142	141	143	143	145	154	145	142	139	152	157	159	160	157	154	157	161	163	158	161	156	154	146	144	141	146	153	149	156	161	168	165	170	167	157	147	147	148	149	150	152	152	152	152	150	149	149	148	146	149	149	147	143	141	141	140	139	139	139	138	
137	137	138	144	143	137	137	135	135	136	139	141	154	149	155	159	158	149	150	139	135	136	138	143	149	153	153	157	177	178	170	170	169	174	167	179	172	154	145	141	142	163	174	180	181	187	165	145	128	127	126	136	144	153	166	171	175	175	174	167	153	147	147	148	151	149	150	152	149	143	138	139	141	153	145	142	155	150	148	150	158	155	156	157	160	159	157	153	153	151	142	140	137	139	150	152	156	158	158	157	162	160	150	148	148	149	150	150	152	152	151	156	153	153	151	149	147	149	148	146	143	142	142	140	139	138	138	137	
139	139	137	143	141	134	137	136	135	140	142	140	153	148	155	160	158	151	150	141	137	135	136	140	145	150	155	163	182	178	175	169	170	174	178	185	181	159	147	140	138	152	159	174	187	191	179	160	133	123	119	128	142	157	168	172	175	177	174	166	159	151	150	146	143	149	151	160	154	150	144	137	137	152	143	141	153	149	153	156	157	154	158	151	159	159	162	155	159	160	148	152	146	142	149	146	154	147	148	154	149	146	146	150	150	150	149	150	150	151	150	156	155	154	152	149	147	149	148	144	144	142	141	141	140	139	138	136	
143	143	138	144	141	133	137	138	138	141	145	143	153	148	153	159	158	150	149	144	138	134	136	141	143	148	157	169	182	170	170	167	169	173	178	177	181	165	146	142	140	144	146	165	177	178	180	166	156	148	141	134	141	156	169	175	178	177	171	166	153	152	144	145	142	153	157	160	157	151	149	143	148	144	141	146	152	153	148	147	155	149	159	165	163	162	165	163	160	155	146	146	151	143	131	137	145	142	148	154	146	144	147	152	151	151	150	149	149	150	149	153	155	153	153	149	147	149	147	142	142	141	141	142	142	140	139	136	
150	150	142	143	144	136	136	137	139	139	144	144	153	148	154	159	157	150	149	145	139	137	137	141	146	153	158	165	176	169	161	159	159	169	179	180	182	156	141	133	128	133	141	155	167	171	171	154	153	149	138	123	133	158	166	172	174	175	170	160	149	142	150	150	146	154	160	158	152	140	142	150	141	136	136	139	148	148	145	140	146	145	152	154	164	169	159	163	164	157	152	145	141	141	135	134	140	138	138	149	146	140	148	154	153	151	150	148	148	149	151	154	161	155	155	150	148	150	147	141	141	141	141	140	140	139	138	137	
154	154	147	143	145	136	136	137	139	139	142	144	153	149	153	157	156	149	147	147	141	140	139	145	150	162	164	168	175	168	155	155	158	174	180	180	186	158	141	128	126	130	141	152	158	160	160	152	150	145	133	114	128	155	166	170	174	174	167	154	145	148	153	160	160	168	153	153	150	136	135	147	145	139	130	138	136	142	135	134	146	146	159	163	168	170	160	158	160	158	152	154	145	133	138	138	142	142	151	148	144	146	151	156	153	151	148	147	145	147	150	151	167	157	155	150	146	148	145	139	139	139	142	142	140	138	138	137	
155	155	148	142	145	139	142	141	140	140	141	142	152	149	151	156	156	150	148	149	145	144	144	148	158	171	172	177	180	168	156	152	161	174	176	184	184	157	152	135	130	142	146	144	145	156	159	158	146	141	134	114	128	148	160	170	172	173	167	160	154	155	159	167	155	170	169	163	154	142	138	139	134	134	130	138	138	138	144	135	147	147	149	164	156	160	162	155	152	151	154	162	156	135	135	137	145	133	145	148	144	148	151	156	154	150	146	145	148	145	146	150	158	158	156	150	145	144	142	139	138	139	143	142	141	137	138	141	
158	158	150	142	145	142	147	146	144	140	140	140	151	149	151	154	155	150	147	148	147	148	149	152	165	174	172	177	177	167	157	153	157	167	171	173	172	168	157	152	141	139	140	137	132	143	153	161	147	140	134	117	122	132	150	164	160	160	166	151	151	152	145	152	157	156	164	155	149	146	142	137	139	135	125	127	130	140	149	142	148	153	145	150	153	150	153	161	157	158	161	157	154	149	130	130	142	145	146	142	148	151	154	156	153	149	147	142	141	146	145	144	149	152	151	149	145	141	140	138	138	139	142	143	145	141	138	143	
158	158	152	142	146	141	146	147	145	140	142	142	152	150	150	155	155	150	146	148	145	149	149	155	168	173	175	176	167	163	154	154	157	163	167	166	169	160	155	138	136	135	134	135	131	134	143	155	146	135	130	125	131	139	142	151	160	157	156	147	147	146	142	147	163	152	154	151	146	137	135	138	135	132	131	136	136	140	149	145	139	157	157	148	160	158	154	156	160	165	162	157	153	150	142	127	141	150	147	140	149	157	156	157	153	147	145	140	141	142	146	148	142	150	150	148	147	141	140	139	139	146	148	142	144	143	137	142	
159	159	154	142	148	143	146	146	144	142	146	145	152	150	150	155	155	150	146	149	145	146	149	155	167	172	172	168	163	161	158	157	160	162	169	160	157	150	141	138	142	138	135	129	120	129	144	155	157	148	139	131	132	144	147	152	162	154	149	152	143	136	142	148	168	158	154	153	145	131	127	137	136	133	133	136	137	139	148	141	135	158	159	152	156	160	159	159	163	161	161	153	151	146	144	134	136	148	144	145	152	157	157	156	154	148	143	138	139	144	137	143	145	142	148	149	150	143	140	139	140	153	155	149	150	149	142	144	
159	159	155	142	149	144	147	146	144	142	146	144	152	150	149	155	156	150	146	148	143	142	149	154	165	171	169	161	158	160	158	155	160	161	158	154	148	141	130	131	141	146	135	123	126	128	128	140	148	149	147	134	133	136	146	156	161	160	150	147	144	145	153	153	167	159	152	149	146	142	137	136	138	137	136	139	140	135	132	130	135	150	157	156	167	169	166	162	160	174	165	154	152	151	150	147	134	142	142	149	158	164	164	155	151	147	141	136	134	140	134	132	140	144	140	148	154	145	140	140	143	155	155	161	161	155	148	147	
159	159	155	142	148	144	147	146	145	143	144	141	150	150	148	156	156	152	146	150	146	148	153	155	158	161	165	158	151	155	150	150	163	168	158	151	144	140	134	139	144	144	138	134	137	138	139	152	145	145	145	138	141	139	142	150	152	163	161	148	144	143	151	157	156	155	150	143	139	142	143	139	139	145	141	138	143	135	132	131	137	146	164	166	162	164	167	170	161	175	165	159	156	154	153	153	152	142	144	153	159	166	161	154	149	145	136	136	141	132	129	134	144	142	146	151	150	146	140	140	145	158	156	161	163	156	150	154	
159	159	155	141	149	143	145	146	146	144	144	141	148	148	144	155	155	152	145	153	149	149	151	155	156	158	163	153	146	151	149	150	169	177	170	150	146	140	140	144	146	145	153	154	151	152	149	154	137	141	146	152	147	146	145	147	153	155	161	157	159	156	155	163	161	149	142	136	131	142	156	159	157	154	151	152	151	140	150	141	135	145	159	158	164	170	175	175	162	173	165	163	161	160	158	160	163	150	152	157	161	163	161	152	146	140	137	140	140	129	130	135	140	145	146	149	144	148	143	142	145	159	165	164	168	161	160	168	
158	158	155	143	148	145	147	147	145	144	142	141	146	147	144	156	157	153	146	151	144	146	152	153	157	163	168	160	154	159	155	155	171	182	178	158	150	142	137	140	147	149	151	144	145	146	150	148	140	147	150	154	157	155	148	145	148	154	158	159	164	164	165	163	167	151	148	150	150	152	162	167	166	157	156	163	160	149	160	159	155	164	170	171	169	174	177	177	161	162	157	164	163	162	160	160	163	152	152	155	158	158	156	149	145	138	137	142	142	128	128	132	138	148	145	145	153	156	150	145	145	156	164	160	164	162	164	164	
158	158	154	142	147	144	143	142	143	144	143	145	145	147	144	156	158	152	144	151	147	149	151	152	158	161	170	169	158	159	158	158	163	164	170	159	152	153	147	144	149	153	146	143	147	153	153	149	152	146	154	162	169	160	163	152	148	158	160	161	170	164	167	167	174	159	149	146	149	154	162	167	168	164	160	157	158	152	158	152	161	165	164	167	174	176	178	178	163	154	155	165	165	163	160	162	162	152	150	152	153	153	151	146	144	140	133	131	137	127	125	132	137	137	140	146	152	155	154	144	147	157	161	153	156	155	167	174	
159	159	154	144	146	143	140	142	145	147	148	152	149	148	141	153	155	151	145	153	151	154	154	154	159	163	172	170	161	161	161	162	163	158	159	163	162	155	155	156	153	150	146	149	145	149	150	146	149	154	158	167	163	158	157	150	151	151	158	161	164	167	169	165	177	164	156	148	146	145	152	150	150	157	153	159	171	164	163	165	172	168	166	165	171	179	181	174	163	162	165	169	168	166	162	165	157	147	145	146	147	148	147	147	143	138	134	130	128	131	140	140	137	137	141	146	152	156	155	146	148	158	156	146	146	151	167	172	
158	158	154	144	144	144	142	145	149	152	151	149	148	149	141	145	147	147	149	157	154	160	161	156	156	159	163	165	169	168	165	164	169	163	160	164	163	161	156	152	160	152	154	157	151	148	156	159	155	156	159	176	167	162	156	156	154	152	153	160	156	166	175	169	179	170	162	152	149	146	149	145	146	157	159	163	179	171	161	168	177	176	173	169	173	179	181	174	167	168	169	168	168	168	167	166	152	143	143	143	144	145	145	146	142	139	136	129	128	129	142	149	146	148	142	144	152	160	153	146	144	155	147	146	151	150	159	163	
157	157	153	145	145	150	150	151	151	150	149	146	148	150	141	141	142	145	153	162	159	169	173	163	160	156	154	163	166	166	161	161	168	163	166	156	157	154	155	146	151	156	155	153	149	151	157	152	160	159	160	164	163	158	149	151	159	157	150	153	152	154	162	170	179	173	169	156	149	148	145	147	146	152	163	167	181	180	166	170	175	181	178	174	173	178	181	176	173	174	172	170	170	169	170	162	147	145	145	144	142	143	144	147	144	139	139	134	133	135	131	146	139	138	139	146	155	165	153	143	141	156	147	148	152	155	161	162	
154	154	153	145	143	149	147	148	149	150	149	149	145	150	142	142	147	149	161	168	168	169	173	168	163	162	158	162	170	169	159	157	158	159	159	155	148	152	153	149	151	152	157	157	156	150	151	151	158	159	159	163	164	159	154	151	158	156	155	153	159	158	157	169	170	174	168	160	157	157	152	154	157	160	156	168	183	184	173	174	175	180	181	180	181	180	179	177	175	173	174	172	164	166	172	159	149	149	146	146	142	142	142	146	143	143	139	135	136	139	134	142	134	136	140	152	164	167	155	140	143	154	152	140	146	146	142	152	
152	152	152	145	142	148	146	149	150	148	150	148	146	150	141	145	151	151	158	166	167	165	167	167	163	165	168	169	171	170	159	155	158	156	147	152	148	149	148	152	166	155	154	157	162	154	148	149	159	162	161	163	166	166	165	158	158	158	156	153	157	158	155	161	168	170	160	157	149	163	163	165	168	173	169	164	174	180	178	179	175	176	179	181	181	180	178	177	175	171	174	171	163	160	170	156	153	152	150	152	146	141	146	146	145	143	141	138	137	139	136	135	145	142	145	159	162	160	154	139	145	155	149	150	145	144	140	145	
150	150	150	143	142	149	146	147	149	147	148	145	148	149	141	148	156	155	152	153	156	154	154	165	167	169	174	171	176	172	165	154	158	150	152	158	152	143	149	155	160	163	158	155	155	161	153	157	154	159	159	166	172	176	174	161	163	152	157	157	160	159	157	156	169	166	154	166	162	169	172	171	171	176	176	166	163	169	174	176	173	170	166	175	179	179	177	177	175	171	176	170	168	167	167	157	157	155	159	153	149	145	145	147	146	145	144	141	139	139	138	135	143	142	146	156	160	155	149	137	148	152	147	142	141	144	146	141	
150	150	147	140	143	149	145	145	147	147	146	147	150	145	141	152	159	160	159	156	154	154	152	155	163	166	167	170	173	170	165	154	158	153	146	159	155	148	153	160	165	159	160	162	159	153	152	155	151	155	159	155	162	164	158	156	160	152	155	158	163	158	170	167	167	169	173	166	174	174	180	180	180	181	176	161	151	155	158	159	168	161	167	173	177	178	176	176	174	174	174	173	174	176	168	166	164	164	169	157	155	155	150	150	150	153	150	146	146	145	145	146	143	145	149	152	163	166	159	142	150	149	148	141	139	136	148	143	
148	148	142	140	141	148	143	144	147	144	144	149	147	142	143	157	159	157	161	162	161	160	155	157	163	165	166	167	171	172	165	157	154	154	148	158	165	156	159	163	165	159	166	162	161	161	151	146	155	160	173	161	152	155	162	153	155	153	162	161	165	164	162	163	167	166	178	174	169	168	174	177	182	181	173	158	146	150	159	159	163	165	172	175	177	176	173	176	172	172	172	176	175	174	170	170	168	166	167	162	158	156	154	154	153	156	153	149	150	147	145	147	146	147	147	151	157	165	160	142	149	141	140	139	129	128	142	136	
149	149	142	140	142	147	143	143	144	144	146	148	143	144	152	157	165	164	168	169	164	164	161	161	161	164	165	164	172	167	162	154	155	158	158	155	155	161	153	156	160	161	161	161	150	155	150	146	146	151	161	164	150	148	150	147	148	153	158	156	158	167	161	159	174	172	167	172	170	172	177	178	184	182	173	155	140	144	148	157	164	173	177	178	176	173	170	175	170	169	169	173	175	171	171	170	169	167	164	165	161	160	156	155	155	155	154	153	153	155	150	150	148	150	151	162	161	165	156	141	144	136	130	126	134	136	134	133	
149	149	146	142	142	147	147	146	144	146	148	146	147	156	167	161	166	172	176	171	168	164	164	162	165	170	174	168	162	157	161	153	160	162	160	161	151	154	154	141	152	156	157	160	158	157	152	150	156	154	148	152	152	149	144	147	147	154	160	157	163	152	152	151	158	164	160	163	169	168	172	175	177	183	177	163	154	161	163	174	176	176	179	177	171	166	170	173	171	170	169	166	168	166	169	165	163	161	173	170	161	160	156	152	153	156	150	146	149	146	152	151	151	152	153	153	155	157	158	164	164	152	139	134	137	144	144	134	
