197	197	196	196	196	195	196	193	186	164	138	128	124	119	115	113	113	117	123	125	125	126	124	119	115	112	111	111	108	106	105	103	111	125	142	157	171	182	187	189	188	179	167	160	159	158	155	154	156	152	136	110	88	80	82	80	79	87	103	119	132	139	145	152	155	153	154	156	156	152	137	106	81	71	71	72	73	73	73	73	72	71	70	69	71	74	75	77	79	79	77	75	73	71	71	71	71	72	74	74	73	72	71	74	72	72	69	70	82	102	122	128	116	103	90	80	80	88	102	110	110	117	140	159	157	158	158	159	
197	197	196	197	196	194	194	193	186	165	137	127	125	119	116	115	116	120	124	125	124	125	125	120	115	110	108	108	107	105	104	102	102	101	103	110	124	143	162	173	176	171	164	159	158	157	156	155	154	145	122	92	74	69	68	72	72	72	75	80	88	105	120	130	141	148	151	152	154	146	124	91	75	74	75	74	75	74	74	75	75	73	72	71	72	74	75	77	80	83	82	78	74	74	72	71	70	71	72	73	73	73	71	69	69	70	71	77	95	119	136	142	140	134	126	121	117	114	114	110	106	109	125	149	158	159	158	157	
197	197	196	197	197	193	195	192	182	155	127	121	118	115	117	119	121	123	126	126	123	123	124	121	115	111	110	110	110	107	104	104	101	99	101	102	101	107	117	123	130	135	142	150	155	157	158	156	148	129	101	79	73	74	73	73	74	75	75	75	74	76	81	91	105	120	133	141	146	134	108	81	72	75	75	75	77	77	77	76	77	76	75	73	73	73	74	75	77	80	81	78	74	74	72	71	69	69	71	72	72	71	70	69	68	69	72	87	111	133	143	143	144	146	150	152	149	142	138	126	118	116	113	128	154	159	158	156	
199	199	196	197	197	195	197	191	176	144	122	118	114	113	115	116	120	123	126	126	124	123	123	122	117	114	112	110	108	105	103	106	105	102	101	102	101	103	100	92	85	91	102	116	129	141	150	153	141	113	86	74	73	74	74	76	77	75	76	77	78	77	75	73	75	83	99	116	132	128	108	89	79	77	76	77	78	78	77	76	75	74	74	74	73	72	72	72	73	75	76	76	74	72	70	71	71	70	71	72	71	69	67	69	70	71	81	103	127	140	144	146	145	147	151	156	158	156	156	148	142	134	122	129	147	157	158	157	
199	199	197	197	198	197	198	191	173	137	120	119	118	116	117	118	120	123	126	126	124	124	124	122	120	119	117	114	110	105	102	104	103	104	106	107	106	107	100	87	79	76	75	79	91	107	126	137	129	105	86	78	76	76	76	78	79	79	79	79	79	78	76	75	74	74	81	93	116	136	136	123	108	97	89	83	79	75	74	73	72	72	71	72	73	74	73	73	72	71	72	74	73	71	69	70	70	71	71	72	70	69	69	69	69	76	95	121	138	143	144	144	143	148	157	160	159	159	160	159	158	150	142	145	145	154	155	158	
193	193	195	196	198	196	197	190	167	134	123	121	122	121	122	124	123	125	125	123	123	124	124	121	121	122	123	121	116	111	108	107	106	106	108	111	114	111	99	87	80	77	77	74	75	81	99	124	136	128	114	100	87	81	78	79	79	79	79	79	78	77	77	75	74	72	79	100	129	148	155	151	145	134	121	108	96	87	81	76	74	72	71	71	73	75	76	74	72	71	71	71	72	74	70	70	70	71	70	70	70	70	70	73	74	91	118	135	142	145	147	148	149	152	157	159	159	159	160	160	160	158	152	149	149	147	147	155	
175	175	182	188	194	195	196	185	158	129	124	124	125	125	125	127	127	128	130	129	129	128	125	122	121	123	125	126	124	118	114	111	108	108	109	110	110	104	92	83	78	76	77	75	75	83	106	135	152	155	150	137	120	104	92	85	81	79	78	77	76	76	76	75	75	75	87	115	143	156	156	157	158	156	151	143	131	119	108	95	83	77	75	73	72	74	75	74	72	73	73	74	72	73	73	72	72	71	70	70	70	69	70	74	82	102	129	144	149	152	157	157	157	158	160	160	159	161	160	160	160	160	160	155	148	131	127	141	
141	141	150	163	177	185	190	181	156	128	125	125	127	131	132	132	133	135	134	134	133	131	127	122	119	120	123	125	123	119	114	110	106	104	103	104	100	92	83	77	76	75	76	75	75	88	118	146	159	161	161	159	154	142	128	115	104	92	83	79	78	76	75	77	75	81	102	133	153	157	155	157	156	156	156	156	153	148	140	129	117	106	96	84	77	78	77	74	72	71	72	73	74	75	78	77	75	73	70	69	69	69	71	77	92	115	136	149	154	157	160	161	162	161	161	160	160	161	161	161	160	159	162	158	144	119	107	119	
125	125	124	130	144	158	172	176	161	144	138	132	130	134	135	133	134	135	131	130	130	127	121	115	113	115	116	117	116	115	113	110	107	105	103	101	95	85	77	75	74	73	74	74	76	94	128	153	161	162	163	162	161	158	154	148	138	125	110	98	87	81	79	81	80	93	121	146	156	156	155	156	156	156	157	157	157	155	153	151	147	142	132	114	100	93	84	80	76	73	71	72	73	76	76	76	75	73	71	70	70	71	72	83	109	133	144	148	153	156	158	160	161	162	161	161	160	162	161	162	161	158	160	153	135	114	101	107	
126	126	121	119	124	132	152	176	181	175	166	153	143	138	135	132	130	127	126	126	125	122	117	114	113	113	112	110	109	110	111	110	106	105	103	102	94	82	74	73	72	72	71	73	80	103	137	157	160	161	164	164	162	161	161	159	158	154	146	132	117	108	106	107	108	117	134	147	154	156	157	155	156	156	155	155	156	157	157	157	155	154	150	143	133	125	114	106	97	87	78	74	74	75	74	75	77	76	74	72	71	71	75	91	124	150	156	154	154	157	158	159	161	162	162	161	161	162	161	162	162	160	160	146	122	109	105	108	
127	127	122	119	120	126	150	182	193	193	189	183	172	161	151	141	132	126	125	125	124	119	115	116	116	116	114	109	106	106	108	108	106	105	104	101	93	82	76	74	72	73	72	76	88	116	145	158	160	161	164	165	165	163	162	161	160	161	161	155	146	138	135	135	137	138	141	147	154	157	156	155	155	156	155	155	157	158	157	156	156	155	155	154	152	148	143	138	131	120	107	96	87	81	77	76	75	75	75	74	72	72	78	98	130	154	162	163	163	163	162	162	163	163	163	161	162	162	161	161	161	160	155	137	113	106	106	108	
124	124	123	122	122	128	155	187	195	196	195	197	194	187	180	169	156	146	136	130	125	120	115	114	115	116	115	111	107	107	107	108	110	108	104	98	88	80	76	75	74	76	75	81	98	129	153	159	161	163	164	164	164	165	163	162	161	161	162	160	157	153	150	149	145	138	133	137	145	151	153	154	155	156	156	157	157	156	155	155	155	155	156	155	155	154	153	152	150	146	139	130	119	110	98	91	82	77	76	75	73	72	81	107	135	152	160	164	166	166	165	163	163	163	163	162	162	162	161	161	159	155	145	126	110	105	107	107	
127	127	125	121	121	135	165	191	196	198	196	198	198	197	197	194	186	177	166	153	142	132	123	116	115	115	114	110	108	108	109	110	113	112	105	93	82	76	74	74	74	76	78	84	103	133	156	161	162	164	163	163	165	165	163	163	162	162	163	162	161	160	160	157	145	119	105	107	114	128	138	146	150	153	154	156	157	157	157	156	156	155	155	155	155	155	155	154	153	153	152	150	145	142	132	125	112	99	90	84	79	74	87	116	141	152	159	164	165	166	165	163	162	163	164	163	162	161	160	161	160	151	134	116	108	106	108	108	
124	124	126	123	121	140	172	193	196	198	198	199	200	200	199	197	196	194	191	183	174	164	150	135	125	120	114	108	106	107	108	109	112	112	105	91	82	77	75	73	73	73	77	85	105	134	156	162	163	164	164	164	164	163	163	163	163	163	163	163	163	162	162	159	143	102	83	83	84	96	103	113	123	135	143	149	154	156	157	156	156	156	156	155	155	155	155	154	153	154	155	153	152	152	150	149	143	135	124	113	105	94	102	125	144	152	160	164	164	165	165	164	162	162	163	163	162	161	160	160	159	146	125	110	105	108	108	109	
121	121	126	128	132	150	177	194	198	198	199	199	198	197	197	197	197	197	197	195	195	191	181	167	153	142	128	115	108	106	106	106	107	107	101	90	83	81	78	76	74	74	76	86	109	140	159	162	163	163	164	164	163	163	162	163	163	163	163	163	163	163	162	159	139	98	79	79	77	80	79	82	89	100	111	122	133	142	148	152	155	156	156	154	154	156	155	155	155	155	154	153	153	152	154	154	151	151	149	144	137	126	119	125	137	147	158	165	166	165	164	163	162	162	163	163	162	162	162	161	154	136	115	107	107	109	109	109	
121	121	123	133	151	170	183	193	199	198	199	200	199	198	198	198	198	197	198	197	197	198	195	188	181	173	160	145	134	125	117	109	106	101	94	87	84	83	82	79	78	76	76	85	110	142	160	162	162	163	163	164	164	163	163	163	163	163	163	163	163	162	162	158	135	95	78	78	77	79	77	77	77	79	83	88	97	107	118	132	142	146	146	150	154	156	155	155	156	154	153	153	154	152	152	153	152	153	152	151	150	141	123	109	115	132	148	158	161	163	163	163	163	164	164	163	163	162	164	160	145	124	110	107	108	109	109	109	
118	118	119	127	146	170	186	192	193	197	198	198	198	199	199	198	197	197	199	198	197	198	197	195	193	191	188	183	176	164	147	133	120	103	87	82	82	83	83	81	80	79	78	84	108	141	158	161	163	164	164	164	164	164	164	163	163	164	163	163	164	163	162	158	131	91	75	76	78	79	76	78	78	78	78	77	76	80	85	97	110	115	119	131	144	150	153	156	156	153	152	152	153	152	149	152	153	155	153	152	150	137	111	91	99	118	128	135	142	149	154	157	161	162	163	162	161	160	162	155	134	115	109	110	110	109	109	110	
124	124	125	126	132	150	172	185	187	192	196	198	198	197	198	198	198	198	198	196	196	196	197	197	196	196	195	194	194	190	181	172	152	127	104	92	85	82	83	81	79	79	78	84	107	141	160	164	164	165	165	165	165	165	164	163	164	164	163	163	164	163	161	157	128	93	76	76	78	78	76	77	78	80	80	78	77	77	76	77	82	85	89	100	115	127	135	140	147	151	152	154	154	153	153	154	152	153	153	152	146	129	96	81	96	115	117	117	122	127	131	137	144	148	151	153	155	157	159	148	126	110	110	113	109	110	110	110	
126	126	127	128	128	131	139	149	157	168	180	190	195	196	197	197	197	198	198	198	198	198	198	195	195	196	195	195	195	196	194	191	178	160	146	133	114	101	93	85	83	79	77	82	107	140	160	164	165	165	165	165	165	165	164	164	165	166	164	163	164	163	160	151	126	97	81	75	75	75	75	75	78	81	81	79	77	76	76	76	76	79	80	80	84	92	97	104	115	128	137	144	150	153	152	155	154	152	151	149	139	117	87	81	98	116	119	116	116	117	119	120	121	124	128	136	143	149	152	145	129	116	115	114	109	112	112	111	
122	122	121	120	121	120	119	122	127	136	144	154	166	180	190	193	194	197	199	199	199	198	197	196	196	196	196	196	196	196	193	191	180	170	165	162	155	146	133	115	104	94	85	87	109	141	160	164	165	165	165	165	165	165	164	165	167	167	165	163	163	162	160	146	119	94	80	76	77	76	75	77	79	79	77	77	77	77	77	77	76	78	78	76	75	77	76	77	82	91	100	111	125	137	143	150	151	147	145	142	132	109	84	86	102	115	117	117	118	118	117	116	116	116	117	123	130	142	150	150	145	136	130	126	122	118	116	113	
116	116	115	115	117	117	115	115	117	120	122	127	132	139	151	167	180	189	193	196	197	198	197	196	196	197	196	195	196	195	190	186	177	172	167	167	169	169	163	154	145	135	117	107	118	146	162	164	165	165	165	165	165	165	166	166	167	166	164	164	163	163	161	149	123	93	81	79	79	80	79	81	80	78	76	75	75	76	75	76	77	77	77	76	75	76	74	73	74	75	77	81	88	94	108	119	132	136	136	138	131	116	100	103	110	116	116	115	116	117	117	118	117	116	118	118	123	136	149	156	155	154	153	150	147	141	135	128	
116	116	115	114	115	115	113	113	114	116	118	122	124	123	125	134	142	152	165	178	187	191	195	197	196	196	195	194	197	196	188	180	172	171	169	169	170	171	171	168	165	163	155	148	143	149	155	160	164	167	169	167	166	165	164	164	164	165	165	166	166	163	159	146	111	85	80	79	77	78	78	82	81	79	78	78	78	78	78	77	78	78	77	76	75	75	75	75	75	75	74	74	76	77	80	84	93	103	117	133	137	132	127	123	120	119	118	116	117	116	116	117	117	116	117	118	124	142	155	160	159	159	162	162	162	158	156	152	
116	116	115	114	114	113	112	112	113	113	115	120	122	123	123	125	127	127	131	137	148	164	179	189	193	196	197	195	194	190	182	174	171	171	170	168	167	168	169	170	169	169	169	168	155	139	127	134	148	157	163	165	166	167	165	164	166	168	168	166	165	164	162	144	101	79	78	77	77	77	81	81	80	79	79	79	80	81	81	80	80	80	78	77	75	75	76	77	78	78	76	74	74	73	75	74	76	81	96	121	141	148	149	141	131	125	122	119	116	114	114	116	116	117	119	121	132	151	161	164	163	162	161	161	162	162	162	161	
116	116	115	115	115	114	114	114	114	114	115	116	119	122	127	129	129	126	124	120	120	128	142	154	162	171	183	193	196	190	180	173	170	170	171	170	171	171	170	168	170	169	165	165	155	130	102	97	104	117	132	146	157	163	164	166	166	164	163	165	167	165	161	140	98	81	77	75	78	78	80	81	79	77	77	77	79	81	82	82	83	82	80	78	77	76	75	76	78	79	78	77	76	75	75	77	77	77	92	120	145	156	160	156	150	144	141	136	131	123	118	117	115	115	118	125	142	157	163	164	164	164	162	160	163	163	162	161	
115	115	115	116	116	116	116	116	115	116	117	118	119	121	123	126	128	130	130	127	121	117	118	121	125	131	144	161	175	177	172	170	171	171	170	169	169	170	169	168	168	170	168	167	156	126	91	84	85	85	90	100	114	131	146	155	161	163	163	162	162	161	159	134	94	82	80	78	83	80	80	81	80	78	77	77	79	80	80	81	83	82	80	79	78	77	74	74	76	78	78	77	76	75	74	76	73	78	101	132	149	154	161	165	167	165	161	158	153	148	142	135	128	125	127	134	152	164	167	166	165	165	162	160	163	163	162	162	
120	120	120	121	120	119	119	119	118	117	119	120	121	121	122	123	127	130	129	127	125	123	120	116	116	117	118	124	128	129	131	137	151	159	167	171	171	171	171	171	168	168	168	167	156	124	90	83	83	82	84	85	86	92	102	114	127	139	145	148	152	155	158	133	93	76	78	81	83	82	83	81	80	79	78	77	77	77	78	80	81	80	79	78	77	76	75	76	77	77	76	75	74	74	74	75	73	83	112	141	151	152	158	165	168	167	165	165	165	166	164	160	155	151	146	143	149	158	162	164	166	168	165	162	163	161	162	163	
125	125	126	124	122	121	122	122	122	122	121	122	121	120	119	121	122	124	130	131	128	123	121	121	119	120	119	111	99	87	85	90	103	118	138	154	163	168	169	171	173	168	167	166	156	128	95	85	83	85	86	85	83	83	86	85	85	90	99	117	138	149	151	138	107	87	84	83	82	82	83	81	80	79	77	77	77	77	79	81	81	79	76	76	76	75	75	76	78	78	77	76	74	74	70	74	78	94	123	145	155	159	163	166	167	167	166	167	169	169	167	168	167	165	154	138	131	135	140	145	151	158	160	161	163	164	164	164	
125	125	127	124	121	121	122	124	123	124	122	124	126	125	124	125	128	129	130	129	126	123	120	117	117	121	119	107	94	84	80	80	79	82	88	98	116	136	153	161	164	164	164	160	149	126	92	83	84	84	85	87	89	88	85	83	83	82	81	89	110	133	147	150	137	119	108	98	91	88	84	83	81	78	76	76	78	80	82	83	83	79	75	75	75	75	74	75	77	78	78	77	76	74	74	80	89	110	137	153	159	165	170	169	169	169	169	169	168	169	169	168	167	162	151	131	119	118	120	121	121	127	133	139	146	152	156	160	
128	128	130	131	132	131	129	130	130	129	130	130	129	128	129	130	132	133	129	128	125	122	121	117	116	122	121	107	93	85	82	84	81	82	83	83	83	88	100	112	132	144	151	155	153	133	107	92	85	83	84	85	87	89	88	85	86	84	83	84	85	104	132	148	153	153	149	143	131	115	106	98	91	86	81	76	76	78	80	84	83	79	78	79	78	78	78	78	77	76	76	74	74	74	73	80	94	118	143	156	163	170	173	171	170	170	170	169	169	170	169	167	168	159	139	122	118	119	118	117	115	112	113	115	118	123	131	139	
131	131	131	130	131	132	133	133	134	131	131	130	130	129	128	127	126	124	121	120	119	120	121	121	121	123	118	103	92	86	83	82	85	85	85	84	81	79	80	85	88	100	113	130	148	148	134	115	98	89	86	85	84	85	86	86	85	83	83	86	85	93	115	148	157	161	163	164	162	157	153	139	126	112	101	92	89	87	85	83	81	79	78	77	76	79	81	80	79	78	77	74	73	73	77	84	102	128	146	154	163	172	171	170	170	170	170	170	170	169	168	168	165	150	129	117	116	115	116	117	117	116	114	114	114	113	116	117	
127	127	125	124	124	127	129	131	131	130	129	128	127	127	125	123	121	121	119	118	116	116	118	119	120	122	115	102	92	88	86	84	85	86	86	89	88	84	82	82	81	82	85	99	124	147	154	143	126	106	91	85	83	85	88	89	88	87	84	84	84	93	123	154	163	167	166	166	165	165	164	164	159	152	145	137	129	119	105	92	87	84	80	76	76	79	79	78	77	78	77	76	75	75	76	85	111	141	153	156	164	170	169	169	169	169	170	170	169	170	169	167	159	140	122	116	115	115	115	117	118	118	116	114	112	112	111	111	
121	121	120	118	118	121	123	125	127	127	127	125	123	123	122	123	122	121	120	120	117	115	115	114	114	114	109	101	94	89	87	86	85	84	85	87	87	85	83	83	83	82	82	89	112	145	161	161	153	140	128	118	108	100	93	90	86	87	86	86	85	93	130	156	165	167	166	166	165	165	165	165	164	164	163	162	159	153	141	128	122	116	105	92	85	79	79	79	78	78	78	77	77	77	77	90	120	148	155	157	163	168	170	169	169	169	170	169	169	169	169	164	151	132	121	119	115	116	116	116	117	117	117	116	115	113	111	112	
119	119	119	120	119	120	121	122	124	125	126	126	125	123	124	124	124	122	121	121	118	116	115	113	110	103	97	96	94	90	88	88	84	84	85	86	86	84	82	82	82	81	82	88	110	145	165	166	165	164	162	157	148	138	127	117	105	98	93	89	88	97	132	161	167	168	166	165	165	163	163	164	164	164	163	163	164	163	160	157	155	152	142	130	118	105	95	90	85	80	78	76	76	78	81	102	134	153	153	154	161	165	169	169	169	169	170	169	169	168	167	160	144	127	119	119	116	116	117	116	116	116	116	116	116	115	113	110	
119	119	120	121	121	120	120	120	122	123	124	126	126	126	125	125	125	123	121	121	119	118	117	114	109	98	90	90	92	92	90	89	85	85	87	88	87	85	83	82	83	80	80	86	110	145	165	167	166	168	169	169	168	166	162	157	147	137	126	116	111	118	140	159	165	166	165	167	168	166	166	165	165	166	165	163	163	162	160	161	162	161	160	157	152	145	134	124	114	104	94	86	80	79	89	116	146	157	154	155	159	165	169	169	169	169	170	170	170	168	166	158	139	124	118	117	118	116	116	116	117	116	116	116	116	117	116	115	
120	120	120	121	121	120	120	119	119	120	120	122	123	125	126	126	125	121	119	120	119	118	116	110	104	96	90	89	89	90	91	88	87	87	87	87	86	85	82	80	80	79	80	88	112	145	165	169	169	169	170	170	169	169	168	170	170	167	162	153	146	143	141	150	158	163	164	166	166	165	165	166	164	164	164	162	162	162	162	162	161	160	160	161	160	161	161	157	149	141	131	119	108	102	112	132	148	151	152	155	161	167	169	169	169	170	170	170	169	168	166	152	131	121	119	117	117	116	116	117	117	116	116	117	118	116	119	119	
121	121	120	120	121	122	122	120	120	120	120	122	126	130	134	136	129	113	112	116	116	116	112	106	99	94	93	91	89	89	91	89	88	87	85	86	87	87	84	82	81	80	81	90	113	145	166	172	170	168	169	169	169	169	170	170	170	170	170	167	164	157	134	116	123	133	143	152	158	160	163	163	163	164	165	164	163	162	162	162	161	160	161	161	160	161	160	159	159	159	157	150	141	134	135	141	143	140	142	149	161	168	169	170	170	170	170	169	168	169	164	145	124	119	119	118	118	118	118	118	117	116	116	117	119	117	120	120	
120	120	118	120	122	126	128	128	134	135	140	148	155	156	159	162	151	115	99	107	109	111	109	103	97	94	94	93	92	93	92	91	90	89	87	87	87	86	83	81	80	79	83	95	117	146	166	171	171	171	171	171	170	170	170	171	170	169	170	167	165	158	123	92	90	95	104	114	123	134	143	149	154	157	160	164	164	163	162	162	160	161	161	162	162	161	160	159	158	158	159	158	152	145	140	135	130	124	118	124	145	157	161	164	167	168	168	167	168	168	161	141	124	120	120	120	122	122	119	119	118	117	116	118	115	117	117	117	
123	123	127	135	140	147	155	163	174	176	179	186	188	183	180	181	178	153	109	90	94	98	102	98	93	92	91	90	88	87	86	87	86	86	87	88	88	86	82	79	79	79	82	93	115	144	163	168	170	171	171	171	171	171	171	170	170	170	169	167	165	157	118	90	88	88	88	85	86	93	103	112	121	132	143	152	155	157	159	160	161	160	159	160	162	161	158	158	158	158	160	160	157	152	144	127	102	92	89	93	114	136	142	145	150	154	157	159	162	163	158	143	127	122	121	123	122	123	121	119	117	115	115	116	115	116	116	115	
157	157	164	177	184	188	195	200	205	201	191	187	189	192	194	192	191	192	162	105	77	72	82	88	85	84	84	85	85	84	81	80	80	81	82	85	86	86	84	83	80	80	83	92	114	144	163	168	170	170	170	170	170	170	170	170	170	170	168	167	164	152	112	86	83	85	88	87	84	83	84	84	89	96	107	116	123	129	137	144	150	154	155	158	161	160	159	159	158	158	159	160	159	157	148	121	84	73	77	83	102	121	124	124	126	128	133	139	147	152	152	143	131	125	124	125	124	124	122	119	117	115	115	116	114	116	116	116	
193	193	196	202	204	203	205	205	205	203	197	195	197	201	200	194	189	192	187	155	102	66	59	68	75	77	79	80	81	81	79	78	79	78	78	79	81	84	85	85	83	82	83	90	113	145	165	169	169	169	169	169	169	168	168	168	169	168	168	168	163	149	111	87	83	82	84	86	87	86	85	84	82	82	84	86	88	94	102	109	119	130	138	143	149	152	157	158	159	159	158	158	158	158	149	120	85	75	78	87	104	116	122	121	122	121	122	123	125	131	139	147	149	147	143	139	134	131	126	122	118	115	115	116	114	115	115	115	
191	191	193	202	205	202	205	205	205	201	198	195	196	199	200	194	183	180	185	181	142	82	52	51	61	68	72	75	76	76	78	80	79	79	78	77	78	81	82	83	84	83	82	87	110	144	165	169	169	169	169	169	168	167	167	168	167	166	167	168	161	146	111	86	82	81	80	80	82	85	87	86	84	82	82	82	81	84	86	84	87	94	100	106	115	125	134	141	148	154	157	157	157	156	150	116	86	78	79	90	111	119	120	120	121	120	120	119	121	123	133	151	164	165	163	160	156	152	145	138	132	126	123	121	118	117	117	116	
179	179	180	191	196	191	195	202	207	205	200	197	197	198	199	196	187	177	175	175	150	95	60	52	51	54	60	66	69	71	74	76	77	78	77	77	78	79	80	81	83	82	81	86	109	144	165	169	170	170	169	169	168	168	167	168	168	166	165	166	159	143	110	90	86	82	80	81	82	84	85	86	86	85	84	82	81	82	84	82	79	80	80	80	84	90	96	103	113	123	132	139	146	152	147	118	89	80	79	89	110	121	123	121	120	119	118	118	120	123	132	152	167	168	169	170	170	166	162	159	156	151	147	142	136	127	126	123	
180	180	175	179	179	174	182	197	208	207	200	199	200	200	200	200	197	185	170	160	134	91	67	61	56	52	50	53	60	67	70	71	74	76	76	77	77	77	78	78	79	80	81	86	111	145	165	168	169	169	169	169	168	168	168	167	168	167	164	165	160	146	113	94	88	84	81	82	84	84	83	82	84	83	82	82	82	82	83	81	80	81	79	78	79	80	80	82	86	91	96	103	113	122	129	125	111	98	91	94	110	122	125	123	121	121	119	119	121	123	131	150	166	169	170	170	170	169	167	167	167	166	165	162	158	151	148	144	
185	185	182	183	179	174	179	188	199	201	198	196	201	203	202	203	203	196	177	154	121	82	67	64	63	59	52	48	50	58	65	68	71	72	75	74	74	76	77	76	76	79	80	89	114	146	162	165	167	169	169	169	168	167	167	167	168	167	166	165	162	151	118	90	86	82	81	84	86	84	84	81	82	81	83	85	84	84	83	82	81	80	80	80	82	83	83	83	83	83	84	84	87	92	109	135	141	132	125	124	130	135	133	128	124	121	119	120	122	123	130	149	164	168	169	169	169	169	168	168	168	168	168	168	167	167	165	163	
187	187	189	194	193	189	187	185	195	202	198	191	195	201	203	205	205	200	181	154	119	79	66	66	65	63	59	53	49	50	56	62	67	69	71	72	73	76	77	77	79	80	80	87	107	132	151	157	160	165	168	169	168	166	166	166	168	166	167	166	163	151	114	86	84	81	80	83	84	82	83	82	81	81	84	87	88	88	87	85	83	82	81	82	83	84	85	85	83	83	84	83	82	85	105	140	154	153	156	159	159	156	151	145	138	133	127	124	124	127	135	149	162	167	169	170	169	168	169	170	169	169	168	167	166	168	167	167	
192	192	194	198	199	199	196	193	201	203	194	186	194	203	205	204	202	199	185	157	117	78	66	67	65	64	63	61	56	53	55	59	64	66	71	75	76	76	76	78	78	78	78	81	86	101	121	137	146	151	156	162	166	165	165	166	169	166	166	167	166	152	114	85	83	83	83	83	84	85	85	82	82	82	85	87	89	91	92	90	87	85	83	82	81	82	83	83	82	82	82	81	81	84	107	141	155	157	163	169	171	168	167	164	160	155	148	142	140	144	151	156	162	166	170	172	171	169	168	167	167	168	168	168	168	167	166	166	
200	200	200	199	198	199	195	191	199	203	197	193	201	205	200	194	192	197	192	163	115	78	69	67	66	65	63	63	62	62	62	63	58	61	67	71	72	72	72	74	72	74	76	75	73	78	88	100	112	116	122	133	143	151	157	161	164	164	163	164	165	153	120	90	83	83	85	84	86	87	87	85	84	83	84	85	87	89	90	90	87	85	83	81	80	80	81	82	82	81	80	79	80	84	107	142	157	156	158	164	170	172	171	171	171	170	166	162	159	159	161	163	163	165	168	170	170	170	169	168	168	169	169	169	168	167	167	168	
201	201	202	198	196	199	193	190	197	204	202	200	206	206	196	187	186	194	191	164	114	77	69	68	68	67	64	62	63	66	66	65	60	59	60	60	63	65	67	67	68	71	71	70	71	73	74	77	83	87	91	95	102	111	122	132	141	150	156	160	165	157	133	96	83	80	86	88	89	89	88	87	85	84	83	83	83	84	86	86	84	84	82	80	79	79	80	82	82	81	79	79	80	86	112	144	157	156	159	165	172	174	172	172	173	174	174	171	169	168	166	159	149	145	148	154	160	162	163	165	169	171	171	169	168	169	168	168	
198	198	200	191	188	193	190	192	200	201	202	201	207	208	200	193	190	190	184	156	105	72	67	69	69	68	67	64	62	64	64	63	61	63	64	61	59	59	61	62	63	64	66	67	69	71	72	72	74	77	79	82	83	85	91	96	102	111	120	131	144	146	137	106	93	86	87	88	89	88	86	84	82	81	81	81	82	84	85	84	83	82	82	81	79	80	81	82	81	81	80	80	83	89	116	145	157	158	165	171	174	174	175	173	173	176	177	176	175	173	169	155	138	131	131	132	134	138	141	146	152	158	161	164	169	167	168	171	
198	198	203	193	187	190	186	186	194	205	207	204	207	207	203	199	194	189	182	149	95	68	66	66	66	67	68	67	65	64	63	63	59	63	69	71	64	57	55	57	58	60	64	66	67	67	69	71	71	72	75	81	83	81	81	84	84	85	87	93	105	115	121	122	120	112	103	97	93	88	85	84	81	79	80	81	82	84	85	83	82	82	82	81	81	82	83	83	82	80	80	81	84	91	112	142	155	159	166	172	174	174	175	174	174	174	176	176	174	173	169	153	133	127	128	125	123	124	125	127	131	132	136	144	153	156	161	172	
199	199	208	199	193	195	188	187	193	209	211	205	201	200	200	203	202	195	183	150	98	69	63	65	66	65	65	67	68	66	63	62	64	62	67	76	77	65	56	55	55	59	62	63	64	65	66	67	69	70	72	75	75	77	81	83	83	84	84	81	81	88	101	128	146	150	139	129	122	111	102	95	90	84	82	81	81	82	83	84	82	81	81	82	84	85	85	84	82	79	79	80	83	89	115	144	156	159	167	171	173	172	173	173	174	175	176	176	175	173	168	151	132	127	128	125	124	123	124	125	123	119	117	121	130	135	142	158	
203	203	210	206	200	199	192	189	194	203	197	191	182	180	182	193	200	195	176	139	99	76	67	66	66	64	68	72	69	63	63	64	66	66	63	72	81	77	69	58	53	53	58	62	61	63	65	65	66	68	69	70	70	73	77	81	83	84	84	80	79	82	87	114	148	161	155	156	156	148	140	131	122	109	99	93	89	86	84	84	83	82	80	80	81	83	85	85	83	82	80	80	83	89	112	144	156	159	169	174	173	171	173	173	173	173	174	174	175	174	166	149	132	125	125	123	122	123	124	124	122	117	115	118	122	128	136	141	
203	203	206	197	185	179	165	141	126	116	114	102	98	115	134	157	175	178	155	115	91	85	75	66	64	63	70	81	80	69	64	65	63	61	58	64	68	71	75	66	59	52	52	55	59	64	64	62	64	66	69	70	72	75	77	80	81	81	81	80	79	80	81	98	135	158	160	162	163	159	159	156	153	146	138	131	123	114	104	95	89	83	80	81	82	83	83	82	83	83	82	81	81	83	103	135	153	161	171	174	174	175	173	173	172	172	172	173	174	172	164	148	133	127	127	126	125	124	125	124	122	118	118	120	124	129	136	136	
178	178	165	136	109	94	82	75	76	85	93	99	116	132	125	120	121	121	105	84	84	87	74	68	66	67	78	91	92	82	74	71	68	65	65	66	59	64	77	76	69	56	47	46	51	58	63	64	66	68	70	73	74	76	76	76	77	77	77	78	78	78	77	90	123	151	159	160	160	162	164	159	162	162	159	158	156	148	138	128	118	108	101	94	87	80	81	81	82	84	85	84	83	83	93	122	148	160	170	175	175	174	173	173	172	171	172	172	173	171	163	148	133	128	129	128	127	125	124	124	122	120	121	124	128	135	139	137	
79	79	79	81	85	89	92	107	127	139	152	157	156	147	135	130	116	99	79	69	77	82	73	67	66	67	75	89	97	93	86	81	79	75	74	70	58	57	71	79	72	61	53	48	44	47	57	64	67	68	69	70	71	71	71	71	71	71	72	75	78	78	77	80	108	141	157	159	159	161	160	160	160	159	158	161	163	161	159	155	150	145	141	133	120	108	95	89	85	83	84	84	83	81	87	116	147	161	168	176	177	174	175	174	173	172	172	172	173	172	167	152	136	128	128	127	126	125	124	124	123	122	125	130	135	136	139	137	
103	103	119	139	152	159	158	158	160	163	160	161	162	145	128	133	133	123	100	78	68	68	68	65	65	62	65	80	94	95	90	89	84	82	79	72	65	59	67	83	75	68	63	58	50	44	48	58	64	64	64	66	66	67	68	68	68	68	69	71	73	75	76	82	105	135	151	154	157	160	159	161	160	160	160	161	160	160	161	160	159	160	160	158	152	147	139	129	115	103	95	91	88	85	83	106	142	160	166	174	176	176	177	175	174	173	173	173	174	174	171	158	140	129	127	126	125	125	125	124	123	125	130	136	141	140	140	138	
156	156	155	155	156	156	155	155	155	154	157	154	156	157	144	137	133	130	113	90	77	68	59	59	63	69	72	77	87	96	93	86	82	84	84	80	80	71	68	83	85	75	67	66	63	56	53	57	63	63	64	65	65	66	67	67	67	67	68	68	70	72	74	86	104	129	145	150	156	161	162	158	157	159	161	161	159	159	160	159	159	159	158	158	158	157	157	157	153	149	142	131	116	104	101	107	133	155	168	176	174	177	176	175	175	174	174	174	174	174	170	161	143	129	125	125	126	125	124	123	124	127	133	138	142	143	143	142	
153	153	148	149	156	155	151	151	154	152	153	154	154	153	143	142	137	113	90	81	86	84	71	59	62	73	80	77	81	91	90	81	78	81	84	80	81	77	68	73	86	80	70	69	71	68	62	61	63	64	65	65	65	65	65	66	66	66	66	68	69	70	71	70	82	104	126	140	147	152	157	158	159	160	160	160	159	159	160	160	160	160	160	160	160	159	160	159	158	156	156	157	154	151	139	132	139	148	163	175	173	175	175	174	174	174	174	174	174	173	171	164	147	132	126	125	125	124	124	124	126	131	135	139	141	141	141	142	
149	149	148	150	150	150	153	154	151	154	151	155	145	138	139	139	123	89	63	60	70	81	89	82	68	66	71	75	79	78	76	81	81	80	82	73	70	76	72	70	75	79	74	70	73	71	64	59	59	61	64	64	64	64	65	65	64	64	66	68	69	69	69	71	67	72	90	109	119	130	141	147	152	156	157	159	161	160	159	159	159	159	159	159	159	159	159	159	160	160	160	160	159	157	157	155	151	136	140	157	162	167	171	172	172	172	173	173	173	173	174	170	153	137	128	125	125	126	126	127	131	135	138	140	141	140	141	142	
151	151	152	152	154	157	157	156	158	160	163	168	160	144	143	135	115	77	52	45	52	65	78	87	89	80	67	65	70	73	73	76	79	81	83	72	71	77	74	81	85	79	75	76	77	72	68	57	57	60	62	64	65	66	67	66	65	64	65	66	67	69	71	71	71	72	73	75	82	89	96	108	119	131	141	148	153	157	158	159	159	159	159	159	159	159	159	159	158	158	158	159	159	159	157	158	155	143	132	133	137	141	149	154	160	164	167	168	169	168	170	169	160	144	131	128	129	128	128	131	134	137	139	140	141	140	141	143	
159	159	161	164	168	171	169	167	170	173	175	178	172	157	152	142	123	88	58	49	49	47	53	67	81	86	83	75	69	68	71	77	80	90	93	72	66	72	69	73	83	80	79	82	83	77	67	56	55	58	60	61	63	64	66	65	65	65	65	67	69	71	72	72	73	74	74	75	76	79	80	80	83	88	96	107	120	130	137	145	151	153	153	156	159	160	160	160	160	159	159	158	159	160	159	158	153	145	133	129	130	130	130	132	135	138	141	145	148	153	158	163	165	154	141	134	131	131	133	136	139	140	140	139	138	140	140	142	
170	170	173	174	176	175	169	167	170	174	178	183	176	160	157	152	139	112	82	65	54	46	46	49	58	74	88	91	82	69	66	73	88	94	94	77	70	72	66	70	82	73	67	73	82	79	66	55	56	57	58	59	61	63	65	66	67	67	68	69	71	71	72	70	70	71	72	72	72	72	72	77	79	79	78	79	84	90	98	110	123	131	135	144	153	156	157	159	159	159	158	157	156	157	160	158	158	154	141	130	126	127	129	129	128	127	126	126	128	132	139	146	156	158	152	148	145	143	144	143	142	140	141	141	139	141	140	142	
171	171	173	175	176	173	169	170	176	181	186	185	173	160	157	153	131	101	88	83	74	62	54	47	47	54	67	83	91	88	77	70	73	87	97	86	77	75	73	79	83	74	65	70	82	80	65	55	57	58	59	60	61	62	63	65	67	68	69	69	70	69	68	68	68	67	69	70	71	71	70	72	76	79	80	79	77	78	78	82	89	92	95	108	122	131	139	145	150	154	157	157	158	159	157	156	160	161	148	134	127	125	126	128	130	130	128	126	123	124	126	131	139	148	157	163	165	168	170	167	160	155	152	149	144	142	141	143	
171	171	177	182	183	183	183	186	194	199	200	191	174	162	157	143	110	76	65	77	89	82	67	59	49	47	52	59	74	88	88	83	74	73	77	82	84	78	75	82	85	84	78	80	87	79	61	54	55	57	58	58	59	59	60	60	62	63	66	67	67	67	66	68	67	67	68	70	70	70	69	70	70	72	76	79	80	79	77	77	77	77	79	84	91	96	98	104	115	127	136	143	147	150	157	155	161	165	158	143	132	127	125	126	129	131	131	129	126	126	126	126	129	137	152	169	180	186	190	190	185	180	176	171	166	163	162	161	
183	183	192	196	195	191	188	189	193	202	204	193	175	164	156	136	95	64	55	56	67	82	85	77	64	56	49	47	53	65	77	87	89	81	68	66	71	72	71	78	87	88	83	86	88	76	56	51	52	54	55	55	56	56	57	56	57	59	61	65	66	67	68	67	67	68	69	71	71	70	70	72	72	72	73	75	77	78	78	77	78	80	82	83	81	80	80	80	83	87	94	104	114	120	129	133	147	162	165	159	147	139	133	131	129	129	130	129	127	128	129	130	130	132	147	170	187	192	194	195	193	192	192	191	189	188	187	185	
190	190	200	204	199	193	191	190	190	197	197	187	175	169	161	137	93	64	54	50	54	63	73	84	87	77	62	52	51	51	57	67	77	88	83	71	63	61	66	74	89	90	86	87	88	72	51	50	50	51	52	53	53	55	56	57	57	58	59	61	64	66	68	67	67	69	70	70	70	70	69	68	71	72	72	72	74	78	79	78	77	77	79	82	82	81	79	78	80	81	83	83	84	84	91	103	124	142	153	160	160	156	146	141	137	135	135	134	131	130	131	131	132	134	146	168	187	195	196	195	194	194	193	193	194	194	193	195	
190	190	199	204	200	196	197	197	197	196	193	183	177	175	171	144	98	73	66	58	55	58	64	71	82	88	83	72	59	49	48	50	58	70	81	88	81	63	60	72	89	94	94	93	89	69	49	50	49	51	51	52	53	55	56	57	57	57	57	59	61	63	66	69	70	70	70	69	68	69	69	71	72	72	71	72	73	75	78	80	79	78	79	81	82	81	80	79	79	80	82	82	84	84	82	95	114	128	135	146	159	167	164	159	155	152	149	145	140	136	134	133	135	139	147	164	182	192	194	195	194	195	194	193	194	194	194	195	
186	186	192	195	188	184	189	189	190	192	194	185	181	174	176	152	105	79	72	67	64	62	61	64	66	74	84	88	80	66	54	48	46	53	63	75	84	82	73	70	79	85	90	91	86	64	46	47	50	51	52	52	53	55	55	55	56	57	58	59	59	61	63	66	68	70	70	69	67	67	67	69	70	71	72	74	76	77	79	80	80	79	79	81	82	81	79	79	80	81	82	83	84	85	83	92	111	126	129	133	149	167	172	171	171	171	168	163	159	153	149	147	150	153	154	162	176	189	195	196	194	195	195	194	194	196	195	195	
177	177	187	191	179	174	179	181	188	200	203	193	181	165	161	142	100	80	75	72	70	67	66	63	63	63	67	78	89	88	73	58	49	45	48	55	64	77	82	78	74	73	76	80	78	63	46	46	48	49	50	51	52	53	54	55	55	55	56	58	59	60	62	62	66	70	71	71	70	68	67	69	70	73	75	76	77	78	77	76	76	76	76	78	81	82	82	82	80	81	81	82	84	85	86	89	106	124	129	129	142	160	172	174	175	175	176	175	173	172	172	174	178	178	173	172	177	187	192	192	194	196	196	194	195	195	195	195	
177	177	193	201	191	188	191	189	195	203	205	191	177	156	147	129	90	71	69	71	73	72	70	67	63	61	60	63	74	86	87	80	66	52	45	45	46	55	69	77	80	74	68	69	74	71	59	51	48	47	49	51	51	51	52	52	51	52	55	57	58	58	59	61	64	69	73	73	73	72	71	74	74	74	74	73	73	73	73	74	74	73	73	75	78	80	81	81	81	81	81	82	82	83	87	88	104	125	131	128	135	149	167	174	174	174	176	175	176	178	182	188	194	194	191	187	188	186	182	179	181	186	188	189	193	192	193	194	
181	181	198	206	200	203	206	200	202	206	203	182	168	146	139	118	83	64	63	68	72	72	71	71	69	65	60	58	61	67	76	85	84	72	58	47	40	42	50	59	70	75	74	71	74	81	79	71	65	56	50	49	51	52	53	52	52	53	54	56	57	59	61	63	65	68	69	71	71	71	71	72	73	72	71	71	71	72	73	73	73	72	72	72	74	76	78	79	81	82	83	83	82	81	85	91	105	122	130	128	130	140	160	172	176	175	177	175	177	183	189	195	198	198	196	195	194	188	175	162	159	164	168	169	174	177	180	183	
186	186	198	202	199	207	212	205	205	207	202	177	160	139	130	104	78	65	62	69	71	68	69	72	72	73	70	62	58	62	67	70	78	83	75	62	53	45	41	46	51	62	69	69	70	79	88	88	84	76	67	60	54	51	51	53	53	54	55	56	57	59	63	62	63	65	66	67	67	67	67	69	70	71	71	71	71	71	72	72	72	73	72	72	72	74	77	77	79	81	83	82	83	82	86	94	107	118	124	126	129	135	151	167	175	177	177	177	180	187	194	196	197	196	197	197	197	192	177	156	145	146	149	149	151	154	157	161	
191	191	197	201	198	204	211	205	204	208	203	180	160	145	129	94	73	67	67	72	69	63	66	71	73	75	73	68	66	67	69	69	70	73	74	73	69	58	47	44	43	48	52	61	70	79	89	91	91	91	88	82	72	63	56	55	54	53	54	56	57	58	59	58	59	61	63	65	66	66	66	66	68	70	71	71	72	72	72	72	72	73	73	73	73	74	75	76	77	78	80	82	83	84	88	97	108	113	118	123	127	130	141	157	170	175	178	179	184	190	195	197	197	196	197	198	197	195	184	165	148	144	146	145	146	146	146	147	
195	195	197	200	195	197	202	202	205	208	201	182	160	156	136	95	74	69	73	76	67	60	65	69	69	70	71	72	75	79	77	72	67	64	62	64	69	70	64	54	51	59	64	73	81	87	93	95	95	94	94	94	94	87	79	69	61	56	54	55	56	56	56	57	58	58	60	62	63	64	65	65	66	68	69	70	72	74	74	73	72	72	74	74	74	76	75	76	77	79	81	83	84	85	88	98	106	110	114	119	122	123	132	147	164	173	178	184	190	194	196	197	198	197	198	198	197	195	190	174	154	144	144	145	146	147	146	145	
199	199	201	194	194	198	200	200	205	208	199	182	158	160	141	102	78	71	73	75	66	58	62	66	60	61	68	72	80	87	86	78	72	62	56	54	61	65	70	71	75	87	92	93	94	97	99	99	98	97	96	97	99	101	101	93	84	74	63	56	54	55	55	57	58	58	58	58	59	62	65	65	65	66	67	68	69	72	73	74	74	74	73	73	75	76	76	78	80	81	83	84	84	84	87	96	108	110	113	114	115	114	121	134	156	173	182	188	195	197	197	197	197	197	198	198	197	197	195	185	161	145	144	144	144	146	147	146	
198	198	200	189	195	202	202	200	204	205	193	176	157	157	135	103	81	70	71	71	63	57	61	63	57	57	64	68	74	86	92	89	77	71	67	58	55	56	63	67	78	93	100	98	98	100	103	103	101	100	99	99	100	103	106	104	101	95	84	73	65	59	54	56	55	57	59	59	59	60	63	64	64	65	67	67	67	70	71	73	76	76	75	75	78	78	79	81	82	82	82	81	81	81	82	93	103	108	110	113	113	114	117	125	146	171	187	193	196	197	197	197	197	198	198	197	197	196	195	190	169	151	147	146	145	146	147	147	
192	192	195	190	198	204	202	199	200	199	188	172	158	157	129	98	79	71	75	73	63	59	63	63	56	57	62	62	62	73	86	88	81	75	76	78	68	58	56	60	76	92	102	103	102	102	105	107	105	104	103	103	103	104	106	106	106	105	101	96	88	77	67	57	56	57	59	59	59	59	60	62	63	66	67	67	68	70	72	74	76	77	77	78	80	81	80	80	80	80	79	79	79	80	83	93	100	107	107	112	112	114	116	120	140	170	191	198	197	197	197	197	198	198	198	197	196	196	195	191	178	159	150	148	146	147	148	147	
186	186	187	189	200	205	200	196	200	197	186	165	154	155	125	92	72	67	73	70	61	60	65	63	57	58	64	63	59	69	79	74	80	81	77	85	87	78	70	80	94	101	106	106	105	104	106	108	107	107	106	106	106	107	108	107	106	104	103	103	103	98	92	79	70	60	56	56	58	59	59	61	62	65	67	67	68	71	73	75	76	75	75	75	77	79	78	78	78	78	78	79	81	82	86	93	103	107	110	110	112	114	119	122	137	164	187	196	197	197	198	197	197	197	198	197	197	198	197	194	187	168	150	148	145	147	148	147	
180	180	177	186	201	204	195	195	202	196	177	149	143	146	116	86	69	63	68	67	60	60	64	63	58	60	66	65	65	79	83	67	71	86	83	85	93	98	95	105	110	110	108	107	107	106	106	107	108	107	107	107	108	109	109	108	106	104	103	104	106	106	103	98	95	87	74	62	57	59	61	62	62	65	67	68	69	71	72	73	72	72	71	71	72	75	77	78	79	80	80	81	83	84	85	92	104	108	112	111	115	116	119	122	133	156	182	194	196	196	196	196	197	197	197	198	198	198	197	195	193	175	150	146	146	145	147	147	
178	178	173	186	199	199	191	194	202	193	174	143	140	141	114	86	70	66	69	66	61	61	65	64	61	66	73	70	69	84	89	70	65	73	80	87	90	98	105	112	112	112	111	111	110	107	105	106	107	107	107	108	109	109	109	109	108	107	107	106	106	106	105	105	104	102	97	90	80	69	62	62	62	64	67	69	69	70	70	69	70	71	71	71	72	72	76	78	80	81	82	83	84	85	87	94	101	107	108	112	115	117	117	125	133	148	170	184	190	193	195	197	198	198	198	197	197	198	197	197	196	182	156	146	146	146	147	149	
178	178	172	187	195	193	188	191	194	190	179	153	150	143	114	88	71	70	70	64	59	63	67	67	69	79	86	78	73	83	89	80	71	68	71	74	79	92	106	111	112	113	113	113	112	109	107	108	109	109	108	109	110	110	110	110	111	111	110	109	108	108	108	107	106	104	103	103	99	92	82	72	67	65	65	66	66	67	67	67	69	71	73	73	73	74	76	76	78	80	82	84	86	87	88	96	100	105	106	114	117	122	129	134	134	137	146	156	170	181	185	187	189	191	194	195	196	197	198	198	197	189	167	148	147	148	150	151	
176	176	170	185	188	186	185	188	185	186	176	156	157	141	107	86	79	83	80	68	60	63	67	66	71	83	86	80	76	84	90	84	80	75	70	65	77	86	100	109	112	113	112	113	114	112	110	111	113	111	111	111	111	111	111	112	114	114	113	112	109	108	108	108	109	108	107	107	107	105	101	96	86	76	69	66	65	65	66	67	67	70	72	72	74	76	77	77	79	80	82	84	86	87	94	101	107	106	109	113	119	121	129	133	132	133	135	136	144	153	155	159	163	169	176	183	188	192	193	195	194	193	176	152	150	148	149	149	
172	172	169	181	182	178	177	188	187	191	177	157	159	138	100	85	83	91	88	71	61	66	69	65	71	83	87	80	76	82	87	84	90	89	78	78	88	93	100	107	110	110	111	112	113	113	113	116	115	113	113	113	114	114	114	115	115	115	116	114	111	110	111	110	111	111	111	111	111	109	107	107	105	100	93	82	73	66	65	67	69	70	71	72	75	78	78	79	81	84	84	86	89	91	99	101	108	110	106	108	116	123	131	131	132	131	131	130	133	136	138	138	139	143	149	154	157	161	165	173	182	184	178	169	165	161	160	156	
175	175	172	182	181	175	175	188	189	196	184	168	164	136	97	83	82	91	91	76	68	69	68	65	70	79	81	78	82	89	88	84	97	99	86	83	96	100	99	100	103	104	106	110	112	114	115	116	118	120	120	118	117	116	115	116	115	116	116	115	111	110	112	114	115	115	114	112	111	109	108	107	108	109	109	103	93	82	74	68	67	69	74	77	78	77	81	83	84	86	89	90	90	91	94	100	110	117	118	122	126	128	131	130	129	131	134	137	134	134	136	136	137	136	137	139	142	145	144	145	149	154	163	177	190	186	185	181	
180	180	180	189	187	181	182	192	192	194	183	174	160	125	91	78	79	89	88	79	77	81	74	67	68	74	73	73	84	91	84	79	93	102	91	87	104	109	104	100	96	98	101	106	110	113	115	117	119	121	122	123	122	120	118	116	116	116	117	116	113	112	113	116	117	117	115	114	113	112	111	113	111	110	111	112	109	106	99	88	77	70	69	73	77	79	83	85	87	88	89	88	88	90	95	103	102	103	120	140	144	136	128	130	131	133	134	137	137	137	136	138	138	136	136	137	140	141	142	140	139	143	149	167	191	198	197	195	
178	178	181	191	192	186	186	190	187	190	179	174	153	115	86	74	77	86	85	78	83	88	79	69	68	73	71	67	75	80	75	74	82	95	90	91	108	116	112	110	109	105	100	99	102	108	114	117	117	119	120	122	125	124	121	119	118	118	117	115	113	112	114	117	119	119	117	115	115	113	112	112	115	117	117	114	112	111	111	108	100	91	84	81	83	87	87	86	86	88	89	89	91	95	98	101	106	115	121	126	137	149	144	136	132	131	132	132	136	137	135	134	134	135	137	138	139	141	143	141	140	141	141	153	176	194	199	199	
179	179	183	192	193	187	186	182	174	180	173	173	146	104	80	72	78	85	84	76	78	82	76	71	72	75	72	64	70	74	71	76	82	90	87	93	113	118	116	117	118	115	110	107	105	105	105	106	109	115	119	120	122	123	123	122	121	119	118	115	113	114	115	121	123	123	121	119	116	113	111	110	117	123	124	119	114	112	112	113	114	112	107	102	103	109	118	115	103	93	88	89	92	95	100	110	117	121	130	133	130	133	145	150	147	139	138	138	134	133	136	135	135	136	137	137	137	137	138	137	138	139	137	143	159	180	194	200	
186	186	192	196	193	185	184	178	169	162	160	165	137	95	74	72	81	83	75	67	69	74	73	73	73	74	68	63	70	74	75	81	89	88	84	97	118	121	120	119	117	119	119	119	117	112	106	102	101	105	110	115	118	120	121	122	122	120	119	116	116	116	118	122	123	123	121	120	118	115	113	115	117	120	122	122	121	119	117	114	113	113	113	113	116	124	137	142	139	129	113	101	93	90	99	108	121	132	134	131	133	138	134	136	146	157	152	143	142	141	138	140	140	138	137	136	137	134	135	137	138	141	137	137	144	167	185	195	
188	188	196	197	190	180	183	177	172	158	155	156	129	92	73	75	84	81	68	65	71	73	72	73	75	70	62	61	68	70	72	81	92	88	85	102	119	122	123	122	122	121	119	117	118	120	120	115	106	103	104	109	112	114	116	118	120	120	120	119	119	120	122	123	122	122	120	121	121	119	116	115	117	120	124	126	125	122	119	116	114	115	116	115	116	119	122	136	151	156	150	139	124	110	110	119	127	132	138	144	140	133	136	138	135	140	151	159	151	144	141	140	138	136	134	134	134	132	131	132	133	133	134	138	142	161	176	188	
188	188	199	199	191	180	186	184	180	163	155	146	120	87	70	72	82	81	71	74	79	74	69	74	78	69	59	60	65	63	67	80	93	88	88	104	116	120	123	122	121	122	121	121	123	124	123	121	117	112	109	106	104	106	111	116	118	120	121	121	122	124	125	129	126	124	121	122	121	119	117	119	119	121	123	125	125	125	124	122	119	119	119	117	117	120	127	133	138	144	154	163	161	154	143	140	142	140	136	136	139	140	142	143	145	144	142	140	145	150	151	145	140	138	137	135	133	132	132	134	136	133	133	136	138	142	156	172	
189	189	201	201	185	179	188	194	191	163	153	141	112	84	72	79	86	83	76	79	80	74	71	77	80	69	60	63	66	64	70	85	95	85	84	101	110	120	120	118	119	121	122	123	126	128	126	123	120	121	120	118	115	112	108	110	113	116	120	121	122	123	126	131	128	126	124	123	121	120	120	120	123	125	126	126	126	127	127	127	124	122	121	120	122	123	128	134	138	140	143	143	152	178	188	181	167	153	145	145	148	150	147	145	144	143	143	142	140	138	142	152	155	150	142	138	136	135	132	131	135	131	132	133	137	134	138	143	
196	196	204	192	175	174	188	199	194	172	160	135	103	84	73	81	92	87	78	77	78	72	69	77	81	71	63	66	67	64	72	88	91	79	77	95	109	121	125	123	120	121	122	124	128	130	129	125	121	124	126	126	124	123	121	117	115	114	115	117	118	121	123	126	125	124	125	125	123	121	121	124	127	130	130	127	127	128	129	129	129	127	126	126	126	127	131	134	136	136	140	140	150	180	207	204	195	183	171	162	153	149	146	145	146	145	142	141	140	138	139	139	141	148	152	150	144	142	139	138	133	133	133	137	134	137	139	139	
188	188	194	176	168	176	187	199	195	175	166	129	93	82	72	77	89	86	78	77	78	72	67	73	79	71	66	70	68	62	67	82	82	75	79	100	115	127	129	127	124	124	124	126	130	131	130	127	127	129	128	127	127	128	129	129	127	122	117	112	110	114	119	122	121	121	121	123	123	125	126	128	132	135	134	131	129	130	130	129	129	129	129	130	130	131	135	135	136	134	137	140	151	188	215	219	216	209	199	188	175	165	157	149	145	144	144	143	141	141	141	140	138	137	140	145	150	151	146	144	141	139	137	141	143	142	143	141	
180	180	185	169	172	183	184	196	191	174	168	128	89	77	70	73	79	80	77	82	84	75	66	71	79	72	68	73	71	63	65	74	74	73	85	107	121	128	130	130	130	128	128	130	131	131	130	129	130	132	132	130	130	131	131	133	133	132	129	124	117	114	113	116	115	115	116	119	122	125	128	130	134	136	136	134	132	132	130	128	128	129	131	132	132	132	135	135	137	134	136	140	154	196	215	219	221	218	215	211	202	193	182	170	159	153	148	146	145	143	141	141	140	140	140	141	143	148	154	155	150	140	142	142	139	141	140	139	
190	190	192	172	176	186	188	197	186	176	169	131	88	72	72	77	75	76	78	86	88	79	72	77	82	75	72	77	73	66	66	70	71	71	81	102	120	126	130	132	133	132	132	133	134	133	131	130	131	133	134	134	133	133	134	136	135	134	134	134	131	126	122	115	112	111	112	115	118	121	125	129	132	134	136	136	135	133	132	129	130	131	132	133	133	132	133	134	136	134	134	138	158	200	217	220	220	219	219	220	217	212	206	198	189	177	164	156	153	149	146	144	144	145	144	142	143	142	144	147	149	144	142	142	142	139	137	136	
202	202	198	175	174	184	190	198	181	179	167	129	88	71	75	84	77	74	78	89	89	80	78	83	84	79	78	80	72	65	68	71	67	65	77	97	120	126	128	130	133	133	134	137	137	136	136	135	136	135	133	131	131	134	136	138	139	138	137	136	134	133	133	126	121	116	113	112	114	117	120	124	127	131	134	135	135	135	134	133	133	133	134	134	133	132	133	135	135	134	132	136	163	201	219	219	219	219	219	219	218	218	217	214	210	202	192	181	171	162	155	150	148	148	147	147	149	148	146	147	139	138	138	142	135	139	138	139	
201	201	190	173	179	185	185	189	174	176	159	121	87	72	77	87	78	70	75	88	88	80	80	82	80	78	83	84	72	66	72	75	65	63	77	97	121	125	127	129	132	133	137	140	141	140	139	141	141	139	135	131	130	131	133	135	138	142	143	140	135	133	134	135	132	127	124	121	118	117	117	119	124	129	132	133	135	137	137	137	136	136	137	137	136	135	134	135	134	135	133	138	171	203	217	218	219	220	220	219	220	220	220	219	217	215	212	206	197	186	174	160	152	152	152	151	150	149	145	143	141	139	137	139	139	138	138	141	
194	194	178	175	190	191	181	178	167	170	150	113	87	76	80	88	76	66	74	88	88	80	78	78	72	73	83	84	73	71	79	81	66	66	82	99	120	121	125	128	131	133	137	141	143	142	142	143	143	143	140	138	137	135	133	134	136	139	140	141	138	136	136	136	136	136	136	133	129	124	122	120	122	125	129	132	134	136	138	138	138	138	139	140	140	138	136	137	135	136	133	141	176	206	217	218	220	222	222	220	221	221	221	221	220	219	218	218	214	209	195	174	158	152	149	149	151	147	146	146	146	140	141	138	137	138	138	141	
190	190	174	183	197	197	184	173	164	166	144	105	88	79	86	90	77	70	80	90	86	78	79	79	71	69	79	79	72	77	82	80	70	71	92	108	124	120	123	124	127	129	135	141	144	144	145	145	145	144	142	141	142	141	137	135	136	136	137	139	139	139	139	140	140	140	139	138	136	134	131	128	124	124	126	129	130	132	134	135	137	138	139	140	141	140	139	140	139	136	135	146	181	211	217	219	220	221	221	221	221	220	220	220	220	220	220	220	219	217	208	193	173	159	154	153	150	149	147	146	145	144	144	143	142	141	139	138	
192	192	180	188	199	196	187	174	162	162	139	103	87	78	85	91	80	75	84	89	81	77	82	82	70	67	74	73	70	79	83	79	72	75	98	118	130	128	129	125	123	125	131	138	140	141	144	146	146	145	143	141	142	142	141	141	139	139	137	134	135	140	143	143	142	140	139	139	138	137	136	135	135	133	130	127	125	126	128	131	135	137	138	138	139	142	142	142	142	140	137	151	188	215	218	219	220	221	221	221	221	220	220	220	221	220	220	220	220	219	218	214	204	189	173	161	152	150	149	148	148	146	145	145	147	142	141	142	
195	195	188	192	199	195	191	177	168	158	130	97	84	79	86	91	83	79	85	85	74	75	84	81	70	69	72	70	70	82	87	78	71	74	98	126	133	135	134	131	129	130	132	136	137	138	141	144	145	145	143	142	142	143	143	142	139	139	137	132	133	141	144	141	139	138	139	140	139	137	136	136	140	141	138	133	130	126	123	124	130	135	138	139	140	143	145	144	144	144	141	156	193	215	218	219	220	221	221	221	220	220	221	221	221	221	220	220	220	220	219	219	221	217	205	189	177	163	156	153	151	148	146	146	148	148	147	147	
200	200	195	194	198	193	191	180	176	159	125	93	82	82	88	88	80	81	86	81	71	76	87	83	74	76	78	71	72	86	90	76	69	72	98	133	136	138	138	138	138	135	135	135	136	135	136	138	138	140	141	142	143	143	142	141	139	139	138	133	136	143	143	140	137	135	136	137	136	135	135	135	141	144	142	141	138	134	129	127	129	133	136	138	142	144	147	147	147	147	145	162	199	218	219	220	220	221	221	221	220	220	221	221	221	221	221	220	220	220	220	220	218	219	221	217	209	197	183	167	156	151	150	150	152	152	151	148	
200	200	195	194	197	193	187	177	178	160	123	95	86	92	96	89	80	83	88	81	71	76	85	84	79	85	85	74	75	89	92	76	68	75	103	138	140	140	138	140	139	137	136	137	136	134	134	134	132	133	136	140	143	144	144	144	141	140	139	135	137	143	141	143	140	136	136	135	133	132	133	134	140	143	142	142	142	140	138	138	137	137	135	134	137	141	148	153	157	157	155	170	203	219	220	220	221	221	221	221	220	220	221	221	221	221	221	221	220	221	220	219	219	220	221	220	220	218	213	202	186	168	155	152	153	151	152	151	
189	189	188	193	196	194	180	166	166	147	113	94	90	101	105	94	85	89	92	83	74	77	80	80	81	86	82	70	72	82	85	71	65	81	111	139	140	140	140	141	138	138	138	139	136	133	134	134	131	132	135	138	142	143	144	144	143	141	137	134	136	140	140	143	141	141	141	139	134	132	131	132	136	140	140	141	143	144	144	145	145	144	140	134	133	137	143	152	162	167	169	184	208	219	221	221	221	221	221	221	221	221	221	221	221	221	221	220	220	220	220	221	221	221	222	221	219	219	220	219	213	203	188	171	159	152	151	150	
176	176	181	193	195	193	171	150	143	127	99	90	90	105	109	97	90	97	96	84	79	83	81	80	85	89	79	66	67	73	74	61	63	87	117	135	137	138	139	139	140	140	141	139	134	130	133	136	136	137	139	140	140	140	140	143	145	142	137	135	136	138	139	142	141	142	144	141	138	136	137	137	135	135	135	139	144	146	147	146	146	147	145	141	139	140	142	149	157	164	177	195	215	219	221	221	222	222	221	221	221	221	220	221	221	221	221	220	220	220	221	221	221	220	220	221	221	220	221	220	220	219	216	205	192	175	162	152	
174	174	182	192	194	189	152	133	128	113	92	82	87	103	106	97	94	102	97	83	80	86	83	80	90	99	84	68	72	78	67	60	67	89	123	132	131	131	133	136	140	143	142	137	130	129	135	139	140	142	143	142	142	142	142	143	143	140	135	134	137	140	140	141	141	141	143	142	141	141	141	141	137	134	133	136	140	143	145	147	147	149	149	148	146	147	149	156	160	165	180	200	215	219	220	222	222	223	222	222	221	221	221	221	221	221	220	220	220	220	220	221	221	221	220	221	221	221	222	221	221	220	221	219	217	208	198	182	
182	182	189	193	191	179	136	129	128	106	88	78	85	99	97	89	93	101	95	80	77	85	84	80	90	100	87	75	84	90	70	60	69	92	128	136	134	130	129	131	136	141	142	136	130	131	135	139	141	145	146	145	145	146	146	144	142	139	136	135	137	138	139	142	141	140	141	143	143	142	141	140	138	137	137	139	140	142	143	144	145	148	150	150	149	152	156	162	165	169	187	207	217	219	219	221	222	222	222	222	222	222	222	221	220	220	220	219	219	220	221	221	221	221	221	221	221	221	221	221	221	222	221	220	219	219	217	211	
187	187	195	197	194	175	136	141	136	104	85	76	88	100	91	79	85	95	89	78	79	85	82	78	83	91	82	76	89	93	73	63	73	98	132	141	140	137	133	132	135	138	138	133	130	132	138	141	142	145	148	147	147	147	147	145	143	142	141	140	137	135	136	139	139	139	141	144	144	142	141	141	140	140	141	143	145	145	144	143	142	143	146	149	150	153	159	165	167	174	194	213	219	218	218	220	220	219	220	222	222	222	221	221	221	221	221	220	219	220	221	221	221	221	221	221	222	221	221	221	221	221	221	220	220	216	219	219	
187	187	194	196	199	178	148	158	142	105	85	78	94	107	92	75	80	88	82	77	84	84	76	71	76	82	77	74	82	83	66	62	78	105	133	141	141	142	142	140	137	137	136	131	129	133	140	143	143	146	148	148	147	147	147	148	147	147	147	145	140	137	137	135	134	136	139	143	144	143	143	144	144	143	144	145	148	149	149	147	142	140	143	147	149	152	158	164	168	177	198	216	220	219	219	220	219	218	218	220	220	220	221	221	222	222	222	221	220	220	221	220	220	220	220	221	222	221	221	221	221	221	220	220	219	218	217	216	
179	179	187	192	198	177	156	165	141	103	88	86	101	110	92	75	80	85	78	74	81	79	70	68	75	82	77	77	79	73	60	62	79	108	133	140	142	144	145	143	140	140	139	137	135	134	137	140	142	145	147	148	147	148	149	149	151	151	150	147	144	142	141	137	134	132	134	138	143	145	146	148	149	147	146	146	148	151	152	149	144	141	143	147	148	148	153	158	162	176	200	216	220	220	219	220	220	219	218	218	218	217	219	220	221	222	222	222	221	221	221	220	220	219	220	221	221	221	221	221	221	220	219	218	217	218	216	216	
171	171	182	191	197	174	159	166	136	103	90	90	103	108	91	78	82	84	75	69	71	70	66	67	79	83	76	78	79	71	63	70	86	115	133	139	140	143	144	143	141	141	143	142	141	140	138	138	138	140	142	144	145	147	148	149	151	152	150	147	147	146	144	141	138	136	136	139	142	145	146	148	150	151	148	148	149	151	150	148	145	143	147	150	150	148	150	150	152	169	198	216	219	218	219	220	221	220	220	220	218	217	217	218	219	220	221	221	221	221	221	220	220	220	220	221	221	221	221	221	219	220	218	217	215	214	216	218	
173	173	181	189	192	171	164	166	135	105	88	89	103	105	92	83	85	85	76	72	73	69	64	68	84	86	76	80	80	73	67	77	98	122	130	136	138	142	144	144	141	140	140	142	143	144	145	142	138	138	138	140	140	142	145	147	149	150	151	151	150	149	147	143	143	144	144	144	144	144	144	147	150	151	150	150	151	150	148	147	145	145	148	152	152	151	151	148	149	166	197	216	216	217	218	220	221	221	221	221	220	218	217	217	218	218	219	219	220	219	220	220	220	220	220	220	221	221	221	220	220	220	219	217	215	216	215	217	
184	184	184	184	182	165	166	167	135	105	87	92	104	101	90	89	94	86	78	85	89	78	64	68	81	80	76	85	88	79	74	85	103	125	128	135	138	142	143	143	141	139	139	141	143	144	145	145	143	141	140	139	138	139	141	146	148	150	153	156	153	150	150	145	145	146	146	146	146	146	147	147	149	149	150	152	153	150	148	148	147	145	148	151	153	154	155	152	154	172	199	214	215	217	218	219	219	220	221	221	220	219	220	219	218	218	218	217	217	218	219	220	220	220	220	220	220	220	220	220	220	220	219	217	216	215	219	220	
191	191	183	178	165	160	177	164	130	102	90	95	103	98	92	98	102	90	81	93	100	85	69	73	82	75	75	89	92	80	75	87	106	123	124	124	132	139	142	143	141	139	138	141	142	142	143	144	143	141	141	141	142	142	141	143	145	148	152	154	154	153	152	147	146	147	150	152	151	150	151	154	153	153	152	153	152	150	150	149	146	147	150	153	152	152	154	154	158	180	206	216	217	216	217	217	217	219	221	221	220	220	220	220	220	219	219	218	218	216	216	218	220	221	222	221	221	222	221	221	220	220	220	219	219	217	219	220	
191	191	184	180	159	150	173	157	114	94	89	96	102	93	89	99	103	89	83	94	99	84	71	75	79	73	74	85	87	80	80	94	110	128	130	127	130	130	133	136	138	137	137	140	141	141	142	143	145	143	143	144	146	146	146	145	145	145	146	147	148	150	152	150	148	149	152	151	149	150	151	155	156	156	156	155	153	152	150	147	144	145	149	152	152	152	154	155	162	185	209	218	218	218	218	216	216	219	220	220	220	220	220	220	220	220	219	218	218	218	218	218	218	218	219	220	221	222	221	221	221	221	220	219	218	219	219	220	
193	193	189	185	157	145	164	144	97	81	84	99	101	88	87	99	100	88	85	95	94	79	72	78	80	76	76	80	76	73	79	95	113	131	134	131	132	129	131	133	135	136	137	139	141	142	144	147	148	147	146	146	146	147	148	147	147	148	148	146	146	146	147	147	146	146	147	147	147	151	156	158	159	159	159	157	155	153	151	148	144	144	147	151	152	152	154	156	166	192	213	219	220	218	218	217	216	218	219	220	220	220	220	220	220	220	220	219	219	220	220	218	217	216	217	218	219	220	221	221	221	221	221	219	218	220	220	220	
196	196	191	181	154	143	145	121	85	72	83	104	105	89	90	100	97	85	87	96	89	72	72	83	85	79	77	76	69	65	75	93	115	129	131	131	135	135	134	134	134	136	137	137	138	141	144	148	152	151	149	146	145	145	145	144	146	151	152	150	148	146	146	145	143	142	142	141	144	152	159	160	160	160	159	157	156	155	155	151	147	145	148	151	153	153	156	158	171	196	216	219	220	218	219	218	216	217	218	219	220	220	220	220	220	220	220	220	220	219	220	219	218	218	217	217	217	218	218	219	220	221	221	221	221	221	221	221	
196	196	194	180	150	144	132	103	83	69	83	104	104	89	91	99	94	84	88	98	88	69	71	86	86	77	75	74	68	65	75	96	120	130	130	130	133	134	135	135	136	138	138	136	136	139	143	148	153	153	151	148	146	145	145	142	144	148	149	148	148	150	153	148	147	145	143	141	141	147	153	155	156	158	158	157	156	155	155	153	149	147	148	151	153	155	157	159	172	199	217	219	220	218	219	218	216	216	217	219	220	220	219	219	219	219	219	220	220	220	220	220	220	219	219	218	217	218	218	218	218	219	219	220	221	221	220	220	
192	192	196	180	144	143	125	95	83	76	91	107	102	89	93	100	94	83	88	97	88	74	76	88	84	73	73	74	70	67	79	101	126	134	133	132	131	131	135	136	137	140	140	137	138	143	148	148	149	150	149	147	147	147	146	142	143	147	148	146	148	151	153	150	149	149	148	145	143	146	148	148	150	153	156	157	156	153	152	150	148	146	147	150	152	155	155	157	172	201	217	219	220	219	219	218	216	215	217	219	220	219	219	219	219	219	219	219	220	220	220	219	219	219	219	219	220	220	220	219	218	217	217	218	219	221	221	220	
190	190	189	172	135	133	112	84	75	79	96	109	100	87	91	98	93	82	86	90	86	82	87	94	85	76	78	80	74	72	84	104	128	133	132	131	132	132	135	136	136	140	141	139	141	147	150	149	147	148	146	144	145	146	144	140	143	148	148	147	147	148	148	148	147	148	150	150	147	148	148	145	146	148	151	153	152	150	148	147	146	145	145	146	149	152	152	154	173	203	217	217	220	218	219	218	216	215	216	219	220	219	219	219	219	219	219	219	220	220	219	219	218	218	218	219	220	220	220	219	218	217	216	217	218	219	219	219	
192	192	183	166	134	128	102	76	69	70	88	99	90	77	78	85	84	81	84	83	82	87	95	100	89	82	85	84	76	76	89	110	129	130	128	130	132	132	134	132	136	141	141	139	141	145	147	148	151	150	146	143	143	142	140	138	141	145	145	144	145	146	147	148	146	146	148	148	148	149	149	147	145	145	146	148	149	148	146	145	146	144	143	144	146	149	150	153	175	205	217	215	218	217	218	218	216	215	216	219	220	219	219	219	219	219	219	219	220	219	218	218	218	218	219	219	219	218	219	219	219	218	217	217	217	217	218	218	
185	185	179	154	144	127	98	73	65	64	74	79	73	68	72	74	74	78	85	83	80	87	96	97	91	88	88	78	66	73	95	118	131	133	133	133	131	132	133	134	136	139	138	137	141	146	147	147	148	149	147	147	146	145	142	139	139	140	140	140	141	143	145	149	148	148	148	146	147	149	149	149	148	146	145	145	144	143	142	141	144	143	143	145	146	148	148	154	182	209	216	216	217	219	219	218	217	216	215	217	219	219	220	220	219	219	219	219	219	219	219	218	217	218	218	219	218	219	219	219	220	220	220	220	219	219	218	217	
178	178	172	150	144	124	91	71	62	63	70	71	65	64	70	72	68	72	81	82	78	80	88	92	89	86	82	71	61	69	92	121	131	133	134	134	134	135	135	136	136	136	134	135	140	145	146	145	147	147	146	146	148	149	149	144	140	138	135	135	137	141	142	150	149	150	150	148	149	152	151	148	146	144	145	146	145	142	138	139	142	143	143	143	145	147	148	158	186	211	218	217	218	219	220	219	218	216	215	216	218	219	220	219	219	219	219	219	219	218	218	218	218	219	219	218	217	218	219	219	219	220	220	220	221	220	220	220	
172	172	162	139	137	119	87	71	62	65	71	69	63	68	76	73	65	66	75	78	76	79	85	86	84	81	76	67	61	67	92	124	132	135	136	138	138	138	139	139	139	138	137	137	139	142	144	145	146	146	146	145	145	146	147	145	142	138	134	134	136	140	142	149	149	151	150	147	148	151	150	148	145	142	142	144	144	140	137	137	142	143	143	142	142	144	147	161	192	214	219	220	219	220	220	220	220	218	216	216	217	218	219	218	218	218	219	219	219	218	218	218	218	219	219	218	218	218	219	219	218	219	219	220	221	220	220	220	
171	171	154	127	129	112	83	70	61	64	72	69	65	73	82	76	68	70	74	73	73	81	87	82	82	83	79	71	67	71	92	125	133	135	138	140	141	141	142	143	143	143	142	141	139	139	141	143	143	144	143	142	143	143	144	145	144	141	139	137	139	142	143	146	147	148	147	144	146	150	150	148	146	143	141	141	141	139	137	139	143	144	145	144	142	143	145	163	196	216	219	221	220	220	221	221	221	220	217	217	217	219	218	218	219	219	219	219	220	219	219	218	218	218	218	219	220	219	219	219	218	218	218	219	221	220	220	220	
171	171	150	126	126	106	78	68	62	65	73	70	67	78	86	81	77	83	84	74	71	81	85	78	81	90	86	77	74	76	95	125	132	135	138	140	141	141	142	144	145	144	143	143	142	140	140	141	140	140	141	141	142	144	146	146	146	145	144	142	142	145	148	146	146	147	144	140	143	148	148	146	147	146	143	141	141	140	139	141	144	146	147	147	145	144	146	167	199	217	219	221	220	220	220	221	221	220	219	218	219	220	219	219	219	219	219	219	219	219	218	218	218	218	219	219	219	219	220	219	218	217	217	218	219	220	220	220	
167	167	144	128	126	99	75	67	65	68	74	69	68	78	84	81	82	94	95	80	72	79	79	72	79	93	87	74	75	82	103	128	133	134	137	139	140	141	141	143	145	142	141	143	146	146	143	143	143	142	141	141	140	141	143	145	147	148	147	145	145	148	151	149	150	150	145	138	140	143	143	143	146	147	145	145	144	142	140	141	145	146	149	150	149	148	149	170	202	217	219	220	219	220	220	220	220	220	221	220	220	220	220	220	220	220	219	218	218	217	217	217	218	219	219	219	218	219	220	220	218	217	216	217	218	219	219	219	
164	164	139	127	122	94	75	65	66	69	72	66	65	73	75	72	77	93	98	84	78	82	75	67	77	94	87	70	75	89	110	132	134	135	138	139	140	141	142	143	142	141	140	141	144	146	144	143	144	143	143	144	143	142	140	143	145	147	147	147	146	147	149	149	150	151	146	140	141	142	143	144	144	143	143	145	146	143	140	141	146	147	149	150	150	151	154	175	205	218	219	219	217	218	220	220	220	221	221	221	220	219	220	220	220	220	220	219	219	218	216	216	217	217	218	218	217	218	219	220	219	217	216	216	217	218	219	218	
