0 0 0 0 0 0 0 0 0 0 0 0 0 0 0 0 0 0 0 0 0 0 0 0 0 0 0 0 0 0 0 0 0 0 0 0 0 0 0 0 0 0 0 0 0 0 0 0 0 0 0 0 0 0 0 0 0 0 0 0 0 0 0 0 0 0 0 0 0 0 0 0 0 0 0 0 0 0 0 0 0 0 0 0 0 0 0 0 0 0 0 0 0 0 0 0 0 0 0 0 0 0 0 0 0 0 0 0 0 0 0 0 0 0 0 0 0 0 0 0 0 0 0 0 0 0 0 0 
0 0 0 0 0 0 0 0 0 0 0 0 0 0 0 0 128 0 0 0 0 0 0 0 0 0 0 0 0 0 0 0 0 0 0 0 0 0 0 0 0 42 0 0 0 0 0 0 0 0 0 0 0 0 0 0 0 0 0 0 0 0 0 0 0 0 0 0 0 0 0 0 0 0 0 0 0 0 0 0 0 0 0 0 0 0 172 0 0 0 0 0 0 173 0 0 0 0 0 0 0 0 0 0 0 0 0 0 0 0 0 0 0 0 0 0 0 0 0 0 0 0 0 0 0 0 0 0 
0 0 0 0 0 159 0 158 146 139 0 0 0 0 0 0 0 112 116 115 108 108 106 102 107 0 0 0 0 0 0 0 0 0 40 34 33 33 33 33 33 33 0 0 33 33 33 33 33 33 33 46 52 44 45 48 51 46 53 49 52 74 154 0 0 153 162 166 0 0 0 0 64 65 90 109 118 88 0 0 0 0 170 180 177 0 0 170 156 164 147 169 164 172 0 0 0 166 84 44 42 48 44 41 34 34 40 42 46 44 55 44 50 50 50 46 46 54 50 58 0 0 170 158 156 176 160 166 
144 138 0 153 157 156 138 0 0 124 0 0 0 0 0 0 112 124 116 106 105 110 104 104 0 0 0 0 0 112 0 0 0 0 0 0 0 0 0 37 37 37 0 0 37 37 37 37 37 37 37 0 46 46 41 44 0 0 64 54 48 82 148 146 136 148 151 0 52 0 0 0 0 62 82 84 106 0 0 0 57 55 151 178 180 181 174 176 173 174 142 150 0 0 0 0 140 124 54 41 44 40 70 44 40 34 39 44 49 46 45 48 46 46 44 44 49 50 59 0 0 146 168 166 178 164 170 174 
0 0 0 0 152 128 0 126 0 0 0 0 0 0 0 109 116 118 111 116 104 100 105 0 0 0 0 0 0 0 0 0 0 0 0 0 32 32 32 32 32 32 0 0 32 32 32 32 32 32 32 45 0 54 42 44 52 0 0 56 57 84 147 146 140 151 113 68 66 65 0 0 0 0 0 0 114 130 168 114 70 64 124 180 172 184 176 180 171 176 0 0 0 0 0 0 0 51 48 50 44 42 48 40 43 40 41 42 46 44 48 46 46 44 42 46 42 50 62 0 0 75 166 166 172 180 168 157 
167 161 169 0 176 150 0 0 0 0 0 0 0 0 0 116 118 120 117 108 108 106 0 0 0 0 0 0 0 0 0 0 0 0 0 0 32 32 32 32 32 32 32 0 0 0 0 32 32 32 32 42 50 0 47 46 48 54 0 0 59 75 148 146 140 142 0 56 64 67 61 0 0 0 0 0 148 160 173 156 113 90 98 179 174 178 0 0 0 0 0 0 0 0 0 0 0 152 106 54 0 48 44 43 44 40 44 40 42 44 49 48 46 46 43 49 50 54 53 0 0 51 95 145 162 170 170 163 
0 0 0 0 0 176 141 0 0 126 0 0 0 0 0 118 116 120 118 112 104 111 102 0 0 0 0 0 0 0 116 60 0 0 0 0 39 39 39 39 39 0 0 0 0 39 0 0 0 0 0 0 48 49 47 54 51 51 58 0 58 72 153 142 138 0 0 0 0 72 60 64 0 0 0 0 0 170 172 164 128 102 96 180 0 0 0 0 0 0 0 0 0 0 0 0 0 174 177 156 85 0 44 43 38 45 44 38 43 46 47 45 44 48 48 57 62 59 56 56 0 0 48 55 65 116 164 176 
0 0 0 0 0 0 0 0 0 0 0 0 0 0 120 122 122 116 110 109 104 110 106 0 0 0 0 0 0 104 113 63 0 0 0 0 38 38 38 38 38 38 0 0 0 0 38 38 38 0 0 0 0 48 43 54 57 56 57 56 68 80 146 140 124 0 0 0 58 76 60 60 74 0 0 0 0 0 174 168 148 0 0 0 0 0 0 0 0 0 0 0 0 0 176 178 180 175 170 180 178 94 44 46 34 40 40 40 40 46 46 46 49 50 54 54 58 58 60 54 0 48 52 55 48 49 114 136 
177 178 177 180 180 180 0 0 0 0 0 0 0 0 117 112 120 116 112 0 0 0 0 0 0 0 0 0 0 107 112 60 0 0 0 0 36 36 36 36 36 36 0 0 0 0 36 36 36 36 36 44 50 44 44 52 55 75 80 66 68 90 147 152 0 0 0 68 60 66 76 80 90 80 0 0 0 0 0 0 161 0 0 0 0 0 0 180 154 162 130 118 132 174 172 178 174 174 175 176 170 172 86 41 45 44 46 45 44 46 47 46 52 52 50 54 58 64 62 56 0 0 50 48 52 95 140 160 
0 0 0 0 0 0 0 0 0 0 0 0 0 0 122 110 108 110 0 0 0 0 0 0 0 0 0 0 0 112 120 65 0 0 0 0 38 38 38 38 38 38 0 0 0 0 38 38 38 38 38 66 70 54 57 50 58 76 84 88 0 0 0 0 83 70 87 98 98 84 76 98 0 0 0 0 0 0 0 0 0 0 0 0 175 183 180 176 170 137 110 118 143 174 176 174 176 180 178 176 176 176 150 64 43 42 42 42 38 42 46 54 52 56 51 54 56 54 58 52 0 0 46 77 162 176 171 168 
0 0 0 0 0 0 0 0 0 0 0 0 0 0 122 117 118 0 0 0 0 0 0 0 0 0 0 0 0 112 121 66 37 0 0 0 0 0 42 42 42 42 0 0 0 0 42 42 42 42 42 104 98 84 91 92 96 80 84 81 87 0 0 144 110 0 78 78 123 124 107 122 0 0 0 0 0 0 0 0 0 0 0 180 178 186 186 194 184 154 130 144 162 176 178 178 176 176 176 174 176 172 166 118 70 50 45 42 46 41 46 52 54 54 50 56 60 57 55 50 0 56 50 148 169 168 160 174 
0 0 0 0 0 0 0 0 0 0 0 0 0 0 116 124 0 0 0 0 0 0 0 0 0 0 0 0 0 110 114 69 0 0 0 0 0 0 0 38 38 0 0 0 0 0 38 38 38 38 38 80 84 91 75 76 0 0 86 106 118 0 0 140 110 106 110 118 127 121 106 0 0 0 0 0 0 198 188 181 0 96 141 190 192 200 198 202 194 186 158 154 176 180 178 176 180 175 174 0 174 171 166 146 58 72 51 46 46 46 50 49 52 50 51 52 54 56 54 57 0 42 88 162 162 174 166 176 
0 0 0 0 0 0 0 0 0 0 0 0 0 0 125 123 0 0 0 0 0 0 0 0 0 0 0 0 0 106 111 70 42 0 0 0 36 36 36 36 36 36 0 0 0 36 36 36 36 36 36 124 92 90 99 109 95 90 106 119 138 169 166 141 119 122 136 142 130 138 136 0 0 0 0 0 0 202 195 174 148 112 170 180 194 190 188 190 183 180 169 148 153 158 156 156 151 155 146 0 0 138 144 132 53 52 49 48 48 47 45 48 50 48 48 48 55 46 50 50 0 0 97 170 162 176 170 169 
0 0 0 0 0 0 0 0 0 0 0 0 0 111 117 120 0 0 0 0 0 0 0 0 0 0 0 0 112 110 114 72 0 0 0 0 42 42 42 42 42 42 42 0 0 42 42 42 42 42 42 106 100 122 118 139 126 115 126 130 156 188 174 158 120 137 136 139 134 146 140 0 0 0 0 0 198 207 198 180 150 179 170 168 176 184 164 169 166 0 151 136 134 143 141 140 136 134 135 0 0 0 141 136 52 46 47 44 48 48 48 50 53 48 48 50 48 49 50 0 0 0 92 168 168 174 172 172 
0 0 0 0 0 0 0 0 0 0 0 0 0 108 113 117 0 0 0 104 104 108 110 0 0 0 0 0 122 108 116 70 0 0 0 0 40 40 0 40 40 40 40 40 40 40 40 40 40 40 40 122 104 134 126 123 135 140 128 140 192 203 168 163 108 132 148 158 136 140 127 0 0 0 0 0 183 198 203 196 186 166 174 154 170 179 160 149 142 172 152 142 139 142 140 146 0 0 138 138 0 0 148 137 58 44 42 47 48 49 46 50 50 42 48 49 48 42 45 48 0 48 104 162 168 172 172 174 
0 0 0 0 0 0 144 0 143 0 0 0 0 116 118 122 0 0 0 0 108 106 106 102 0 0 0 102 0 112 113 68 36 0 0 0 38 38 38 0 38 38 38 38 38 38 38 38 0 0 0 0 0 124 132 140 132 90 122 114 186 191 157 148 140 146 128 162 160 141 130 0 0 0 0 0 0 202 208 0 194 154 175 188 180 184 180 0 143 154 0 0 146 152 142 145 0 0 0 0 0 0 142 150 84 46 50 48 50 52 46 52 42 46 49 44 42 42 48 0 0 60 139 170 176 170 168 182 
0 0 0 0 0 0 150 152 157 0 0 0 124 122 122 122 0 0 0 113 110 110 110 100 100 0 0 0 0 0 115 70 41 0 0 0 0 0 0 0 0 0 0 0 0 0 0 0 0 0 0 0 0 0 144 139 138 124 104 120 196 174 164 138 154 162 126 150 153 131 0 0 0 0 0 0 128 178 204 0 0 0 0 187 200 212 208 198 195 183 170 176 175 176 170 168 169 172 174 174 0 0 174 180 94 46 44 46 50 46 44 44 49 46 46 48 38 45 46 0 0 0 156 162 170 162 158 156 
0 0 0 0 0 147 138 137 0 0 0 0 0 126 130 0 0 0 0 113 109 108 104 98 104 106 0 0 0 0 120 81 41 0 0 0 0 0 0 0 0 0 0 0 0 0 0 0 0 0 0 0 0 0 138 134 139 130 118 153 190 154 160 140 158 161 156 146 146 0 0 0 0 0 0 104 114 126 132 130 0 0 0 0 0 0 0 0 0 0 0 0 0 0 0 0 0 173 177 0 0 0 176 174 105 60 47 46 52 38 46 48 48 46 48 46 44 46 48 50 0 0 158 171 168 150 146 77 
0 0 0 0 0 150 153 152 174 0 0 0 125 125 120 126 130 0 0 0 111 110 106 102 99 0 103 103 0 0 0 0 37 36 0 0 0 34 34 34 34 34 34 34 34 34 34 34 34 34 34 130 140 136 130 132 140 136 113 148 176 166 158 152 160 158 148 153 162 0 0 0 0 0 0 121 124 125 0 0 0 0 0 0 0 0 0 196 196 184 183 182 0 0 175 0 0 176 174 0 0 0 176 176 88 46 45 46 50 50 46 48 48 44 42 46 42 48 48 54 0 0 164 172 165 142 120 47 
0 0 0 0 0 138 144 150 170 0 0 0 120 123 0 0 126 120 118 118 117 108 110 106 0 0 0 0 0 0 0 0 0 0 0 0 0 0 37 37 37 37 37 37 37 37 37 37 37 37 37 128 140 114 112 112 130 133 110 138 163 162 142 116 146 146 154 138 0 121 0 0 0 0 0 118 126 126 0 0 0 0 0 0 196 190 147 190 190 184 180 181 178 178 0 0 172 176 179 0 0 0 176 177 90 45 44 43 44 48 40 46 50 44 50 42 44 48 51 54 0 104 168 160 170 138 112 62 
0 0 0 0 0 0 0 0 170 0 0 0 122 122 121 0 119 120 120 115 110 102 106 100 100 97 0 0 0 0 0 0 0 0 0 38 38 0 0 38 38 38 38 38 38 38 38 38 38 38 38 120 108 60 59 62 105 126 136 131 142 163 158 154 140 140 151 116 0 0 0 0 0 0 0 94 92 118 0 0 0 0 0 0 178 178 121 132 183 0 0 0 0 0 0 0 178 174 176 0 0 0 174 176 88 43 40 40 40 42 39 52 42 46 46 47 46 48 50 58 0 0 164 158 159 152 120 104 
0 0 0 0 0 156 0 0 0 0 0 0 0 124 0 0 0 113 112 112 106 112 108 0 0 104 96 0 0 0 0 0 0 0 0 36 40 40 0 0 40 40 40 40 40 40 40 40 40 40 40 140 0 118 107 114 120 122 142 170 160 156 158 168 167 184 139 132 130 0 0 0 0 0 0 112 112 133 0 0 0 0 0 0 0 174 136 146 154 0 182 176 176 174 174 174 170 156 138 0 0 0 154 178 83 42 44 38 36 40 44 49 42 42 56 48 45 46 43 51 0 0 164 162 146 154 134 121 
0 0 0 0 0 0 0 0 0 0 0 0 0 127 127 120 119 116 113 112 116 112 0 0 0 101 0 0 0 0 0 0 0 39 38 0 36 36 0 0 0 36 36 36 36 36 36 36 36 36 36 138 0 148 146 142 134 130 145 162 176 164 150 150 141 150 0 0 0 0 0 0 0 0 0 122 104 0 0 0 0 0 0 0 0 158 152 179 0 152 182 174 172 170 162 166 164 147 146 0 0 153 156 178 86 47 48 47 34 45 44 43 44 40 44 37 47 62 68 69 0 0 164 158 152 150 164 148 
0 0 0 0 0 0 0 0 0 0 0 0 130 130 132 126 123 121 119 0 0 0 0 0 0 0 0 0 0 0 0 0 0 40 0 0 0 0 36 0 36 36 36 36 36 36 36 36 36 36 0 0 0 140 145 148 130 138 142 152 175 166 168 148 151 0 0 0 0 0 0 0 0 0 0 120 0 0 0 0 0 0 0 174 185 184 146 144 162 166 184 131 123 127 125 146 142 133 136 0 0 160 154 184 92 44 54 44 40 44 50 42 42 46 42 42 60 77 78 0 0 0 166 157 162 150 170 164 
0 0 0 0 0 144 145 164 176 0 0 0 134 125 118 116 120 117 111 0 0 0 0 103 102 108 98 92 0 0 0 95 0 0 0 0 0 0 0 0 0 42 42 42 42 42 42 42 42 42 0 0 0 113 124 111 116 127 124 136 174 0 152 150 139 0 0 0 0 0 0 0 0 0 102 120 118 0 0 0 0 0 0 178 181 181 162 138 172 181 176 160 149 150 158 140 148 150 0 0 0 148 158 184 132 40 46 42 37 43 46 52 40 40 40 46 65 89 78 74 0 0 170 154 168 156 160 161 
0 0 0 0 0 131 149 174 172 0 0 0 130 128 112 112 118 118 118 0 0 0 0 112 106 0 97 94 0 0 0 0 44 0 0 0 38 38 0 0 0 38 38 0 0 0 0 0 0 0 0 0 0 0 129 134 126 122 128 130 170 144 163 144 163 0 0 0 0 172 0 0 0 0 0 122 130 0 116 0 0 0 0 134 166 176 0 0 0 0 0 0 0 0 0 0 0 0 0 0 159 162 168 182 145 41 46 42 41 40 44 46 46 42 41 50 60 84 79 67 0 0 160 160 170 166 150 168 
0 0 0 0 0 164 0 174 166 0 0 0 130 126 114 114 116 116 0 0 0 0 0 0 0 0 0 0 120 0 0 90 45 40 0 0 0 41 41 41 0 41 41 41 0 0 0 0 0 0 0 0 0 0 130 121 128 122 114 114 179 170 136 146 142 138 0 0 0 166 0 0 0 0 166 106 132 130 112 0 0 0 0 96 108 162 182 0 0 0 0 0 0 0 0 0 0 0 0 0 181 173 184 180 153 47 46 42 40 41 46 54 38 39 43 52 60 77 80 58 0 0 163 161 170 157 164 173 
0 0 0 0 0 172 172 168 127 0 0 0 0 129 128 0 0 0 0 0 0 110 0 0 110 114 105 0 123 108 0 0 43 0 0 0 0 0 37 37 37 37 37 0 0 0 0 37 37 37 37 118 124 129 134 134 108 92 106 113 160 188 154 154 148 0 0 0 0 166 0 0 0 0 169 80 104 127 120 92 0 0 0 88 142 157 138 186 172 160 158 160 160 179 182 176 166 158 154 158 158 156 156 162 154 56 44 44 42 42 47 52 45 40 45 41 60 76 66 50 72 172 162 162 173 156 170 170 
0 0 0 0 0 148 146 123 118 0 0 0 0 120 126 0 0 0 0 0 118 0 0 0 104 104 102 98 120 112 114 0 0 0 0 0 0 0 0 38 38 0 0 0 0 0 0 0 38 38 38 129 122 124 112 99 120 132 94 84 128 186 174 158 151 0 0 0 0 162 0 0 0 0 191 124 123 145 100 91 130 0 0 152 138 172 165 181 180 171 155 154 166 180 164 159 174 176 176 186 187 182 178 170 146 52 44 46 44 47 41 48 46 39 42 43 70 74 72 53 76 145 170 159 164 162 166 168 
0 0 0 0 0 158 128 114 0 0 0 0 0 129 125 0 116 0 114 116 0 108 0 0 100 106 97 0 0 113 118 0 0 0 34 0 0 0 41 41 41 0 0 0 0 41 41 41 41 41 0 0 0 0 112 120 130 128 134 109 101 176 168 157 176 0 0 0 0 0 0 0 0 0 176 142 122 142 108 96 138 103 0 0 110 122 184 184 150 142 158 186 0 152 168 156 160 161 162 154 172 187 0 179 174 64 48 44 46 44 42 51 52 42 43 50 66 76 78 62 84 0 138 155 160 164 167 174 
0 0 0 0 0 0 123 0 122 120 125 0 0 0 123 0 0 0 0 116 114 0 0 0 0 101 100 95 114 112 0 0 40 36 0 0 0 0 36 36 36 36 0 0 36 36 36 36 0 36 36 0 87 54 70 108 118 120 114 81 58 156 0 0 173 0 0 0 0 174 0 0 0 0 0 148 110 102 90 72 77 124 0 0 108 166 170 0 0 0 0 0 0 0 0 0 158 160 152 163 166 168 0 162 174 74 43 46 44 48 42 51 48 50 48 48 72 72 76 65 94 0 133 127 160 164 166 172 
0 0 0 0 0 0 0 129 114 117 122 0 128 0 120 0 116 0 0 0 0 0 0 0 106 98 94 94 115 111 110 0 0 0 0 0 0 0 0 36 0 0 0 36 36 36 36 36 36 36 36 0 0 104 120 134 127 104 83 78 60 100 174 160 148 0 0 0 0 0 0 0 0 0 0 0 135 89 82 80 0 0 0 0 0 0 0 0 0 0 0 0 0 0 0 0 158 146 152 162 150 0 0 0 166 82 46 46 46 50 41 40 45 44 47 44 84 72 74 69 0 0 146 138 121 158 165 166 
0 0 0 0 0 0 0 0 122 126 133 0 0 0 124 0 0 119 116 107 108 109 104 108 111 94 96 96 118 112 114 0 0 0 0 0 0 0 0 40 0 40 40 0 40 40 40 40 40 0 40 118 83 110 125 124 124 132 108 110 108 68 146 172 130 0 0 0 170 0 0 0 0 0 176 0 0 0 118 0 0 0 0 0 0 0 0 0 0 0 0 0 0 154 166 150 154 150 148 154 168 0 0 0 158 84 49 44 46 44 46 51 46 42 40 50 87 74 72 65 0 0 148 142 139 114 137 157 
0 0 0 0 0 133 132 116 128 128 0 0 0 0 0 128 0 0 115 106 112 110 106 104 107 108 104 107 119 0 0 0 0 0 0 0 0 0 0 0 0 0 32 32 0 32 32 32 32 0 0 144 136 141 128 117 128 118 93 94 106 92 136 160 138 0 0 0 0 0 0 0 0 0 172 157 120 0 0 0 0 0 0 148 150 152 158 155 168 176 158 168 164 157 158 162 162 166 159 160 169 152 158 156 162 74 44 44 44 45 44 52 48 43 44 50 86 77 68 74 110 0 143 142 134 136 137 130 
0 0 0 0 0 0 0 126 138 136 132 0 0 0 0 126 0 0 120 114 115 109 104 110 108 104 100 0 0 0 0 0 0 0 0 32 32 0 0 0 32 32 32 32 32 0 32 0 0 0 0 138 132 132 120 106 112 114 102 99 100 77 141 162 140 0 0 0 0 0 0 0 0 0 172 174 0 0 0 0 0 0 0 132 150 140 132 130 176 166 170 166 162 158 162 158 166 0 158 164 170 162 166 163 166 75 46 46 44 42 46 48 38 38 47 50 78 80 71 72 123 146 140 141 136 134 146 147 
0 0 0 0 0 136 132 128 134 138 134 0 0 0 0 120 125 0 0 116 111 111 112 111 115 108 102 0 0 0 0 0 0 39 34 36 36 0 0 0 36 36 36 36 36 36 36 0 36 36 36 142 140 118 103 101 100 100 99 105 82 84 131 160 140 0 0 0 0 0 0 0 0 0 165 162 160 0 0 0 0 0 0 153 142 158 140 147 180 158 163 146 156 172 0 0 155 162 156 158 156 154 154 152 158 100 45 48 48 42 48 45 44 38 44 47 74 83 74 80 0 0 142 138 144 138 142 147 
0 0 0 0 0 120 118 124 130 130 127 0 0 0 0 115 121 0 0 116 116 108 102 104 103 104 102 92 118 118 0 0 46 36 32 36 0 0 0 0 36 36 36 0 36 36 36 36 36 36 36 137 140 116 97 100 116 104 96 112 100 74 131 160 138 0 0 0 0 0 0 0 0 0 149 138 147 0 0 150 144 0 0 145 149 142 158 160 177 155 158 149 160 150 178 162 154 170 158 159 158 158 156 160 160 116 46 50 45 44 42 44 41 41 48 46 76 84 71 71 0 0 138 139 144 140 141 142 
0 0 0 0 116 121 118 0 125 0 134 0 0 0 0 123 120 123 0 0 114 114 108 102 98 0 98 85 114 111 0 102 45 39 37 37 0 0 0 0 36 36 36 36 0 36 36 0 0 0 36 133 0 127 100 80 90 86 117 111 96 81 144 160 130 0 0 0 0 0 0 0 0 0 132 131 150 142 0 0 0 0 141 134 131 122 126 0 0 0 160 158 156 142 158 167 164 166 180 166 0 156 160 162 154 75 49 44 44 48 51 40 40 41 46 45 76 76 74 72 0 142 136 140 140 136 140 150 
0 0 0 0 0 122 0 0 0 135 132 122 0 0 0 116 114 113 110 0 0 0 0 0 0 0 0 93 114 114 104 0 0 33 35 30 0 0 0 35 35 35 35 35 0 0 35 35 0 35 35 98 118 0 94 98 111 126 114 106 102 84 122 153 127 0 0 0 0 0 0 0 0 0 152 152 159 149 0 0 0 158 158 157 154 148 148 172 179 150 154 154 158 158 153 166 154 156 172 0 0 0 156 164 161 74 44 40 49 40 50 46 44 42 43 52 66 65 74 80 0 0 145 145 139 135 140 143 
0 0 0 0 0 118 128 135 136 128 132 126 0 0 0 122 115 106 114 114 0 0 0 0 108 104 0 86 110 116 0 0 0 32 34 35 0 0 0 0 33 33 33 33 33 33 33 33 0 0 33 117 105 102 93 99 98 96 78 62 67 53 116 148 130 0 0 0 0 0 0 0 0 0 134 137 146 150 0 0 147 150 157 140 136 140 142 166 183 155 156 144 159 144 153 152 152 144 145 163 164 154 150 154 154 84 44 44 48 46 44 48 48 41 43 44 62 68 80 89 0 0 136 143 136 136 142 142 
0 0 0 0 0 127 134 130 128 133 127 0 0 0 0 0 121 110 115 116 114 0 0 0 0 104 95 90 114 118 0 106 0 36 37 32 0 0 0 32 32 32 0 32 32 32 32 32 32 0 0 99 108 100 94 84 62 50 52 54 59 53 118 149 131 0 0 0 0 0 0 0 0 172 176 146 132 146 0 0 0 127 134 156 140 130 134 162 180 164 166 148 148 163 148 148 158 152 150 153 148 155 140 136 150 98 33 42 46 50 48 46 48 41 48 44 70 72 74 88 0 0 0 146 140 135 138 145 
0 0 0 0 0 126 131 129 120 123 124 0 0 0 0 0 118 114 112 115 114 106 0 0 0 0 0 0 0 0 0 0 0 0 0 0 0 0 0 33 33 33 0 0 0 0 0 0 0 0 0 0 0 0 78 62 54 49 50 56 58 54 111 150 143 0 0 0 0 0 0 0 0 136 172 162 154 159 169 142 152 160 152 158 154 152 152 162 180 162 158 168 170 173 177 175 175 174 180 182 174 180 180 176 178 74 60 44 48 48 46 47 41 48 38 42 60 67 67 90 0 0 144 148 143 138 135 150 
0 0 0 0 0 126 123 123 120 0 116 0 0 0 0 0 118 121 124 120 116 109 114 101 0 0 98 0 0 0 103 0 48 32 38 32 37 0 0 0 37 37 37 37 0 37 37 0 0 0 37 74 78 66 56 59 59 54 58 0 56 46 114 153 138 159 0 0 0 0 0 0 0 132 122 143 167 174 176 145 0 128 132 135 132 130 136 146 180 174 148 166 163 160 158 163 162 160 162 161 156 152 156 156 127 60 56 45 46 48 49 46 42 39 41 43 58 68 76 84 0 0 146 140 145 142 132 144 
0 0 0 0 0 124 120 118 117 118 118 0 0 0 0 0 118 112 118 120 112 101 101 102 102 0 0 0 0 0 0 0 0 0 0 0 0 0 0 0 38 38 0 38 38 38 38 38 38 38 38 84 67 46 47 54 56 54 52 54 0 46 116 156 134 159 0 0 0 0 0 0 0 128 126 120 121 142 167 165 164 168 168 174 174 174 174 176 180 180 152 139 152 151 144 156 144 144 147 146 145 148 154 152 63 44 44 46 50 50 46 58 38 44 46 41 52 68 78 72 132 0 144 149 148 138 140 140 
0 0 0 0 118 114 118 118 116 121 122 0 0 0 0 0 118 119 112 110 110 106 106 104 102 104 94 0 0 0 106 0 0 0 0 0 0 0 0 0 32 32 32 32 32 32 32 32 32 32 32 64 50 48 46 52 49 57 54 56 55 68 122 154 126 156 0 0 0 0 0 0 0 128 126 126 120 124 122 130 143 158 170 174 179 174 174 178 180 176 176 136 148 156 147 154 150 147 142 148 154 142 158 105 48 46 44 48 43 48 44 51 49 42 41 42 56 68 80 72 0 144 144 148 142 134 128 132 
0 0 0 0 114 112 112 0 114 110 110 0 0 0 0 0 121 119 112 112 102 106 98 104 109 107 98 90 108 0 0 0 0 31 0 0 32 32 32 32 32 32 32 0 32 32 32 32 32 0 32 94 73 52 48 48 48 51 56 54 52 51 116 148 122 0 0 0 0 0 0 0 0 0 122 119 122 112 114 118 112 116 116 118 121 136 140 138 142 133 126 122 116 138 140 145 146 144 144 150 154 144 110 62 47 50 44 46 46 43 42 44 46 44 40 42 56 75 76 69 0 0 140 144 142 146 142 140 
0 0 0 0 0 134 134 136 138 132 134 0 0 0 0 0 136 130 131 128 117 118 115 113 113 108 104 100 104 115 0 0 0 32 36 0 0 34 34 34 34 34 34 34 0 0 0 0 0 0 0 82 91 92 62 47 40 46 52 50 58 62 114 150 132 158 0 0 0 0 0 0 0 0 142 144 144 140 135 138 146 142 142 142 142 142 146 144 0 152 144 146 148 128 156 177 174 175 176 182 163 116 102 56 48 45 42 50 44 38 48 48 42 45 46 38 48 73 80 78 0 0 0 153 146 152 149 152 
0 0 0 0 0 120 0 0 0 0 0 0 0 110 0 0 107 100 100 0 0 0 0 0 0 0 0 0 0 0 0 0 0 0 0 0 0 0 36 36 36 0 0 0 0 0 0 0 0 36 36 74 59 82 70 61 44 58 75 72 86 100 132 155 132 156 0 0 0 0 0 0 0 0 146 143 146 142 140 138 142 144 140 146 144 0 148 147 0 148 141 146 151 151 132 141 0 0 174 0 0 0 0 0 0 0 0 43 0 0 0 0 0 0 0 0 50 74 80 90 0 0 154 158 142 146 142 150 
0 0 0 0 0 155 116 108 0 0 0 0 0 0 0 0 122 150 145 148 0 144 144 106 108 0 99 106 105 114 108 107 53 32 35 34 32 32 32 32 32 32 32 0 32 32 0 0 32 32 32 83 86 69 52 54 46 53 59 58 72 80 136 162 133 158 0 0 0 0 0 0 0 139 133 142 146 140 137 136 136 142 142 144 150 0 0 0 133 0 100 0 0 0 0 0 0 0 0 0 0 0 0 0 0 0 0 0 0 0 0 45 44 44 44 46 52 77 70 112 0 0 0 153 150 145 148 150 
0 0 0 0 154 162 122 119 140 0 0 0 0 0 0 109 122 158 108 93 0 0 87 86 107 106 0 96 108 120 106 108 58 31 33 31 34 34 34 34 34 34 34 0 0 0 34 34 34 34 34 80 60 74 67 51 44 46 50 48 58 53 112 160 132 0 0 0 0 0 0 0 0 138 136 138 142 143 136 140 137 136 140 144 148 0 0 114 129 0 0 0 0 0 140 0 0 0 116 103 0 0 56 57 47 46 48 44 39 0 48 42 42 42 38 40 55 69 70 127 0 0 152 152 149 145 148 146 
0 0 0 0 0 0 0 0 0 0 0 0 0 0 0 120 116 155 108 117 114 119 112 108 112 106 108 0 108 114 103 107 0 32 30 33 26 26 26 26 26 26 26 0 0 0 0 26 26 26 26 91 86 109 108 89 78 71 88 95 79 75 106 149 127 158 0 0 0 0 0 0 0 108 114 110 126 112 122 106 120 109 102 124 0 0 0 111 113 101 104 0 0 102 127 143 0 150 87 56 58 0 56 54 44 42 44 44 0 0 38 42 40 44 0 0 0 69 68 128 0 0 0 146 145 144 148 146 
0 0 0 0 0 0 0 0 0 0 0 0 0 0 0 0 121 158 110 104 110 108 106 111 108 102 102 103 100 114 96 102 56 0 29 28 30 30 30 0 30 30 30 0 0 0 0 30 30 30 30 108 106 126 134 126 132 132 133 122 49 68 138 160 136 162 0 0 0 0 0 0 0 115 114 125 128 0 0 110 128 124 122 125 127 0 0 122 134 125 116 0 0 0 0 144 150 0 130 60 0 0 56 56 44 47 44 41 0 0 42 42 44 41 45 38 49 64 68 106 0 0 160 150 143 146 140 148 
0 0 0 0 0 0 0 0 0 0 0 0 0 0 0 0 118 160 128 106 110 106 97 104 108 0 0 98 98 116 101 0 59 25 0 34 32 32 32 32 32 32 32 32 0 0 0 0 32 32 32 66 64 76 96 112 108 109 106 100 106 106 135 156 148 164 0 0 0 0 0 0 0 0 95 96 100 0 0 97 109 116 125 98 106 0 0 103 92 96 82 0 0 0 0 0 146 148 158 120 0 0 0 0 0 0 0 43 0 0 0 0 0 0 0 41 50 72 75 80 0 0 0 145 148 144 140 148 
0 0 0 0 0 0 112 128 125 172 160 154 0 0 0 122 115 156 146 128 123 123 107 104 106 104 102 0 98 0 0 0 0 28 34 0 0 29 29 29 29 29 0 0 0 0 0 29 0 29 0 0 0 103 96 81 64 60 56 68 67 66 109 146 135 159 0 0 0 0 0 0 0 115 118 122 114 0 0 124 138 131 124 127 126 0 0 132 122 114 114 0 0 0 138 146 0 148 150 0 0 0 0 56 35 43 44 46 0 0 0 40 42 45 45 40 53 70 73 73 0 0 0 146 148 146 136 148 
0 0 0 0 0 0 0 0 125 163 0 0 0 0 0 0 105 152 105 106 108 102 0 0 104 100 103 96 0 0 98 103 0 33 30 29 29 0 29 29 29 0 0 0 0 0 0 0 29 0 0 0 0 0 0 115 123 111 99 68 98 119 130 156 142 160 0 0 0 0 0 0 0 0 103 92 97 93 98 108 112 101 122 116 102 0 0 97 112 94 94 0 0 0 144 148 0 0 151 152 0 0 138 90 92 42 43 44 50 0 44 46 43 46 40 40 50 68 74 73 0 0 0 148 146 152 144 147 
0 0 0 0 0 0 0 0 0 0 0 0 0 0 0 0 110 152 112 117 122 121 106 106 0 0 0 98 0 0 0 106 0 31 35 26 28 28 28 28 28 28 0 0 0 0 0 28 0 28 28 120 120 0 0 0 0 98 101 82 109 110 133 167 142 168 0 0 0 0 0 0 0 0 123 126 135 0 121 142 137 126 124 134 0 0 0 126 122 124 125 0 0 122 132 150 0 0 131 153 118 0 80 124 152 80 40 44 0 0 44 38 42 48 43 41 40 0 76 83 0 0 0 148 146 152 150 152 
0 0 0 0 0 170 124 124 130 166 127 0 0 0 0 104 110 154 114 94 90 98 94 90 108 104 98 96 0 0 0 0 0 30 0 27 0 30 30 30 30 0 0 0 0 0 30 30 30 30 30 92 80 0 89 80 65 55 54 55 42 50 108 149 136 157 0 0 0 0 0 0 0 0 92 107 108 87 106 104 115 122 0 0 0 0 0 0 0 0 0 0 0 0 0 0 0 0 80 106 66 0 0 0 0 0 0 43 0 0 0 0 0 0 0 40 45 65 74 104 0 0 0 146 154 150 147 152 
0 0 0 0 0 143 118 112 131 161 150 0 0 0 0 96 112 142 143 135 134 131 124 97 108 0 0 99 95 0 0 0 64 0 28 28 30 30 30 30 30 30 30 30 30 0 0 30 30 30 30 80 64 82 0 65 63 100 76 95 80 82 134 155 137 153 0 0 0 0 0 0 0 0 114 103 117 115 113 110 129 144 0 0 0 0 0 0 120 131 122 130 0 0 0 144 151 0 60 78 66 0 0 52 45 42 42 41 46 0 0 42 44 43 42 43 42 62 81 146 0 0 0 148 153 146 150 159 
102 0 0 0 0 112 130 109 98 0 0 0 0 0 0 0 90 100 99 97 102 94 91 97 110 0 98 0 92 0 0 0 0 30 0 29 22 22 22 0 0 0 0 0 0 0 0 22 22 22 22 36 0 0 52 64 60 68 69 66 88 84 120 166 139 150 0 0 0 0 0 0 0 88 98 100 84 102 101 113 122 126 118 0 0 132 111 115 116 122 122 118 112 0 0 142 144 141 74 76 67 70 0 122 84 82 41 46 48 44 0 0 42 48 42 44 46 66 108 152 0 0 0 142 144 144 146 156 
128 0 0 0 0 0 124 132 0 0 0 0 0 0 0 122 120 118 120 118 116 113 114 112 107 94 94 90 88 0 0 0 0 40 34 26 24 24 24 24 24 24 24 0 0 0 0 0 24 24 24 34 0 0 0 0 0 48 41 40 65 50 100 149 138 148 0 0 0 0 0 0 113 105 96 106 98 120 107 114 130 130 130 0 0 136 126 121 122 124 120 0 0 0 0 0 142 146 133 103 67 72 0 0 98 0 0 48 46 0 0 0 0 0 0 0 0 62 106 147 0 0 0 140 146 152 150 153 
0 0 0 0 130 115 0 108 108 120 126 0 0 0 0 0 118 116 117 114 114 115 0 0 0 0 0 0 0 0 0 0 0 0 0 0 25 0 0 0 0 0 25 0 0 0 0 25 25 0 0 0 0 0 54 36 67 68 37 42 50 42 0 0 124 148 0 0 0 0 0 0 107 0 0 0 0 115 104 108 112 139 130 132 138 133 136 126 131 138 130 125 128 125 0 150 146 0 0 0 0 117 145 98 62 48 50 50 48 46 48 50 48 48 50 46 47 66 98 152 0 0 0 146 154 158 162 151 
0 0 0 0 0 120 144 0 146 128 93 0 0 0 0 0 124 122 115 114 114 114 106 108 103 0 0 0 0 0 0 0 0 26 30 0 22 22 22 22 22 22 22 22 0 0 22 22 22 0 0 0 0 0 0 35 30 40 44 0 38 36 0 0 124 148 128 0 0 0 0 0 0 0 0 0 0 110 123 110 108 136 128 0 0 0 0 0 0 0 0 0 0 0 124 0 0 0 0 0 0 0 0 0 0 112 48 53 61 50 52 50 52 54 56 46 48 62 94 134 0 0 0 156 157 159 162 153 
161 108 0 0 156 154 124 121 0 167 126 0 0 0 0 0 120 118 116 112 112 114 0 0 0 0 0 0 90 0 0 0 0 0 30 25 0 24 24 24 0 24 24 0 0 0 0 24 24 0 0 0 0 0 0 28 37 42 52 40 49 48 0 143 121 149 0 0 0 0 0 0 0 0 0 0 124 111 110 116 126 134 144 0 0 0 149 0 0 0 0 0 0 0 0 0 0 0 142 144 0 0 148 140 144 112 45 56 54 48 48 49 56 57 52 48 44 72 86 86 0 0 0 148 153 156 155 150 
154 109 0 0 0 102 112 116 0 0 124 0 0 0 0 0 114 118 115 117 0 0 0 0 0 0 0 0 0 0 0 0 0 0 0 0 0 0 0 0 0 0 0 0 25 0 0 25 25 0 0 0 40 40 38 46 38 44 40 44 44 43 0 146 120 148 0 0 0 0 0 0 0 0 134 132 136 134 136 138 138 158 155 0 0 162 160 160 0 0 154 155 0 152 105 100 0 121 132 144 156 0 0 140 149 84 45 54 52 49 46 46 57 56 55 54 48 72 82 88 0 0 0 154 156 160 160 140 
144 0 0 0 0 118 0 0 114 160 123 0 0 0 0 0 113 116 116 114 0 0 0 0 0 0 0 0 0 0 0 0 0 0 0 0 0 0 0 0 0 0 25 25 25 25 0 25 0 0 0 0 46 45 32 37 36 41 39 40 38 32 86 140 125 149 0 0 0 0 0 0 0 0 0 0 128 135 138 138 135 147 154 0 0 156 162 163 0 0 0 152 150 104 48 0 0 56 45 111 0 0 0 148 127 49 48 57 51 52 54 48 53 52 54 53 49 71 90 85 0 0 0 165 160 160 161 129 
142 0 0 0 106 121 118 122 112 150 132 0 0 0 0 0 108 107 107 102 106 110 110 98 106 96 100 92 88 110 96 0 0 0 24 26 0 28 28 28 28 28 28 28 28 28 28 0 28 0 0 0 0 43 30 35 35 42 30 39 42 42 0 138 124 150 0 0 0 0 0 0 0 0 0 0 132 136 134 139 136 132 152 0 0 0 0 0 0 0 0 156 144 76 52 0 56 52 54 76 92 0 0 137 77 76 52 59 50 53 51 54 57 48 54 49 47 82 94 96 97 0 0 160 161 160 149 128 
144 0 0 0 0 118 119 108 92 108 105 0 0 0 0 0 112 110 110 104 108 112 108 105 102 98 100 95 87 101 92 97 0 0 0 28 26 26 26 26 26 26 26 26 26 26 26 0 26 26 0 0 0 0 40 49 40 38 44 46 40 40 89 140 120 156 0 0 0 0 0 0 0 0 0 138 134 134 132 134 136 136 148 0 0 158 154 0 0 160 0 0 0 85 55 0 54 54 44 44 56 63 0 80 60 100 46 48 52 46 50 56 53 55 54 56 46 86 96 98 106 0 0 158 160 156 136 130 
150 0 0 0 0 117 118 122 124 0 0 0 0 0 0 0 114 108 106 113 112 113 112 104 98 97 92 96 84 102 96 94 0 0 0 0 32 32 32 0 0 0 32 32 32 32 32 32 32 32 0 0 0 0 44 42 34 41 44 43 42 0 87 140 130 162 0 0 0 0 0 0 0 0 132 128 137 134 133 130 132 134 133 0 0 160 154 0 0 165 162 0 0 98 46 0 68 58 50 50 48 0 0 0 59 56 45 50 47 52 56 56 56 54 50 56 53 88 86 124 164 0 0 160 138 93 110 132 
156 0 0 0 0 101 120 119 122 119 0 0 0 0 0 0 118 110 112 104 108 108 104 106 108 103 90 90 87 99 95 96 0 0 0 0 24 24 24 0 0 0 24 24 24 24 24 24 24 0 24 36 38 44 0 37 38 39 38 44 42 50 89 138 125 142 0 0 0 0 0 0 0 134 134 128 131 0 0 132 129 136 137 0 0 164 155 147 0 166 166 0 0 117 76 0 0 62 63 0 55 50 44 46 53 46 46 49 49 51 50 54 49 54 50 54 56 98 130 150 160 0 0 162 82 38 38 76 
158 106 0 0 166 114 94 98 100 0 0 0 0 0 0 0 114 114 113 103 98 105 103 102 105 102 92 84 85 98 96 94 76 0 0 0 24 24 24 24 24 24 24 24 24 24 24 0 24 24 0 36 34 38 36 40 39 36 38 40 52 44 84 142 120 139 0 0 0 0 0 0 136 132 133 135 132 0 0 0 141 136 132 0 0 151 148 0 0 0 139 137 0 102 85 75 0 0 0 0 0 0 0 50 49 46 46 47 49 48 52 51 54 56 56 52 60 107 162 158 156 0 0 105 46 44 44 36 
162 0 0 0 140 164 151 142 145 0 0 0 0 0 0 0 106 112 105 104 0 101 98 102 100 102 92 82 90 0 0 0 0 0 0 0 24 24 24 24 24 24 24 24 24 24 24 24 24 24 24 34 36 34 34 35 40 36 36 40 46 41 80 140 124 140 0 0 0 0 0 132 142 134 136 130 132 138 0 0 0 140 134 0 0 0 158 162 0 142 102 102 0 0 90 88 0 0 0 66 0 0 0 48 46 48 47 46 52 50 52 50 48 55 58 50 68 116 164 156 158 0 0 59 42 43 42 32 
112 0 0 0 97 106 126 129 132 122 104 0 0 0 0 0 114 106 102 102 98 103 105 94 100 98 0 0 0 100 0 96 84 0 0 0 0 0 26 26 26 26 26 26 26 26 26 26 26 26 26 34 40 39 37 32 32 36 43 40 44 40 82 137 120 0 0 0 0 0 0 130 132 131 138 134 138 0 0 0 0 0 132 142 0 0 160 150 0 0 104 104 0 0 63 76 96 0 0 0 59 58 60 60 54 54 54 50 50 50 47 46 52 53 54 46 74 110 156 152 158 0 0 78 50 40 44 38 
114 116 0 0 119 120 112 112 0 110 116 0 0 0 0 0 103 107 102 94 98 94 96 96 92 92 0 0 0 0 0 92 88 0 0 0 0 0 0 22 22 22 22 22 0 0 22 22 22 22 22 40 36 38 41 34 32 38 0 0 0 44 81 143 119 0 0 0 0 0 128 132 136 131 129 137 138 0 0 0 0 136 115 136 160 0 178 178 162 161 104 80 71 0 82 96 92 90 75 0 0 54 55 57 50 39 38 38 38 62 66 54 43 50 44 42 78 88 134 160 0 0 0 102 93 50 66 48 
114 0 0 0 0 0 0 0 0 0 0 0 0 0 0 0 95 104 102 92 94 94 96 96 92 90 87 0 0 0 0 0 0 0 0 0 0 0 0 0 26 26 26 0 0 0 0 0 26 26 26 40 36 40 39 44 45 39 42 0 0 0 0 141 120 0 0 0 0 0 0 120 119 119 116 0 0 0 0 0 0 172 164 164 138 124 133 161 0 182 138 104 106 98 0 103 96 92 87 70 64 55 54 58 48 44 42 38 36 46 70 90 57 46 44 46 78 102 111 92 75 0 0 116 56 70 120 46 
0 0 0 0 0 0 0 0 0 0 117 0 0 0 0 0 106 106 98 108 104 96 102 96 100 96 88 0 0 0 0 0 0 30 26 24 0 0 0 27 27 27 27 0 0 0 27 27 27 27 27 0 0 44 44 48 50 0 0 0 0 0 84 140 124 0 0 0 124 126 0 0 124 130 131 136 126 122 172 0 0 0 154 97 84 0 0 102 152 0 0 88 0 0 0 0 76 80 80 64 86 112 60 60 56 54 54 48 0 58 74 86 0 44 43 44 82 105 62 37 30 0 0 54 36 57 60 36 
118 0 0 0 0 0 114 116 119 115 110 0 0 0 0 0 104 109 106 0 0 0 0 0 0 0 0 0 0 0 0 0 88 38 26 27 24 0 0 0 24 24 24 24 0 24 24 24 24 24 0 0 0 0 0 0 46 0 42 0 0 0 0 141 138 0 0 0 0 136 129 126 0 0 132 122 134 0 177 0 0 172 112 96 98 0 0 74 105 160 0 0 78 86 108 100 98 98 86 96 73 134 138 122 84 48 56 56 50 44 56 52 42 46 56 78 92 57 42 40 38 0 0 0 88 38 37 36 
0 0 0 0 0 116 112 116 115 0 0 0 0 0 0 0 106 108 104 102 101 98 96 97 0 0 0 0 0 0 0 92 86 40 32 31 34 0 0 0 0 34 34 34 0 0 34 34 0 0 0 0 0 0 0 0 46 44 50 62 51 0 84 144 0 0 0 124 134 132 127 126 128 0 0 144 158 168 0 0 0 0 130 80 78 82 0 0 96 84 0 0 0 0 54 70 94 90 114 128 67 85 144 146 124 60 51 54 63 60 43 46 56 61 88 80 42 38 44 40 36 0 0 0 42 36 46 36 
0 0 0 0 0 0 0 112 0 112 114 0 0 0 0 0 102 102 96 104 0 0 103 0 0 0 0 0 0 0 0 92 90 41 24 29 0 0 0 0 0 0 30 30 30 0 0 0 0 0 30 40 0 0 44 54 44 44 0 0 0 0 0 0 0 168 148 122 150 137 138 154 134 118 0 0 160 116 0 0 0 0 0 0 0 0 0 0 0 0 0 0 0 0 47 50 55 98 152 119 88 48 92 116 76 42 57 64 68 62 52 68 82 76 60 38 33 39 40 40 36 0 0 0 37 38 44 32 
115 0 0 0 0 112 114 116 118 112 118 108 0 104 0 0 104 104 100 104 99 101 0 0 0 0 0 86 0 0 0 90 95 44 22 28 0 0 0 26 0 0 26 26 26 26 0 0 0 26 26 40 46 0 0 54 39 39 0 0 46 42 76 144 134 154 154 126 134 140 123 148 122 139 164 173 0 0 0 0 0 0 154 90 0 0 0 0 0 0 0 0 0 0 49 40 40 56 91 79 51 50 58 42 37 32 31 37 36 58 56 60 54 40 40 36 33 29 34 38 40 0 0 0 32 36 52 54 
116 0 0 0 0 112 108 114 111 112 120 0 0 0 0 0 108 108 104 102 104 108 0 0 0 0 93 93 85 0 0 0 92 46 28 26 27 0 0 27 0 0 27 27 27 27 27 27 0 0 0 35 40 40 0 76 43 48 0 0 0 44 78 148 161 168 144 125 0 150 127 137 136 160 159 168 0 0 0 0 0 0 166 119 84 78 70 0 0 0 74 157 152 58 46 44 42 52 46 45 64 108 97 68 80 68 44 38 36 42 48 44 38 40 36 37 33 56 37 40 40 0 0 0 42 50 40 100 
110 0 0 0 0 0 0 0 0 0 106 0 0 0 0 0 104 93 90 91 80 0 0 0 0 0 93 94 82 0 0 0 94 45 32 25 26 0 0 26 0 0 0 26 26 26 0 26 26 0 0 37 0 0 0 0 0 0 0 0 0 48 73 142 152 170 151 0 0 0 128 138 166 168 0 0 0 0 0 0 0 0 160 140 112 0 0 81 92 100 0 163 122 42 54 60 56 48 0 51 68 80 62 0 72 94 62 0 48 46 44 40 38 38 40 42 0 54 84 40 42 0 0 0 48 88 36 96 
0 0 0 0 0 0 0 0 0 0 59 0 0 0 0 0 63 56 62 0 56 0 0 0 0 0 96 90 84 0 0 86 93 42 22 24 30 0 0 0 0 0 0 30 30 30 0 0 0 0 0 0 0 42 42 0 94 74 102 0 0 44 80 142 144 158 160 0 0 0 0 150 170 166 174 0 0 0 0 0 164 156 64 69 76 0 0 0 83 70 118 0 120 67 0 68 62 0 0 54 64 56 54 44 0 38 44 40 36 0 48 42 43 38 46 45 42 0 88 72 37 0 0 0 38 38 67 120 
76 0 0 0 0 0 0 0 0 56 56 62 0 0 0 0 42 45 78 54 0 0 0 0 0 90 87 84 81 0 0 84 90 44 23 22 24 0 0 0 0 0 0 24 24 24 0 24 24 24 0 34 43 42 40 58 0 64 94 44 38 43 78 148 156 178 169 132 0 0 135 166 160 166 0 0 0 0 0 0 0 90 70 94 94 79 0 0 0 106 78 0 0 106 0 0 0 0 0 0 64 64 54 46 30 0 35 36 33 0 0 0 0 0 0 0 0 0 0 108 40 0 0 0 36 48 79 98 
108 62 0 0 46 0 0 0 72 52 62 70 0 0 0 0 0 49 62 53 0 64 0 0 0 90 89 86 0 0 0 86 88 48 28 26 24 0 0 0 0 0 0 24 24 24 24 0 0 0 0 40 40 43 38 43 0 0 0 0 0 40 74 144 172 191 170 138 142 0 0 156 154 0 0 0 0 0 0 0 144 71 58 81 76 76 0 0 0 0 0 0 0 0 0 0 54 0 0 0 72 61 0 0 0 0 0 44 50 0 0 0 0 38 34 40 0 0 0 0 40 0 0 0 38 40 44 47 
0 0 0 0 70 108 0 0 92 90 84 96 0 0 0 0 74 72 85 74 0 0 0 0 86 89 88 84 78 0 98 78 89 50 0 24 24 24 0 0 0 0 0 0 0 0 0 0 0 0 0 50 42 0 0 0 0 0 0 0 0 48 72 140 148 171 0 128 130 114 0 144 138 0 0 147 0 0 0 0 0 80 66 94 0 0 0 0 0 0 0 0 0 0 0 0 0 0 0 0 54 0 0 0 0 0 0 0 0 0 0 0 0 0 0 0 0 0 0 35 36 0 0 0 42 49 46 56 
0 0 0 0 0 111 0 0 0 110 110 106 0 0 0 0 0 102 101 104 0 0 0 102 97 92 88 86 81 87 103 82 90 55 0 26 26 26 0 0 0 26 26 0 0 0 0 0 0 0 26 57 48 0 39 42 44 54 0 40 40 44 74 138 125 147 0 0 140 125 152 157 153 140 0 150 142 0 0 0 0 0 76 77 0 0 0 0 0 0 0 0 0 0 0 0 0 0 0 0 53 0 0 0 0 0 0 0 0 0 0 0 0 0 0 0 0 0 38 34 34 0 0 0 32 40 45 46 
113 0 0 0 108 102 106 0 0 107 106 0 0 0 0 0 0 102 101 97 0 0 0 0 100 92 83 86 80 84 100 83 90 52 0 0 22 22 0 0 0 0 22 22 0 0 22 22 0 0 22 42 35 0 0 40 39 46 68 0 41 40 75 141 135 150 141 134 0 136 0 162 154 142 0 0 0 0 0 0 0 132 110 83 82 82 90 82 70 140 0 0 141 63 108 145 144 68 154 169 110 34 36 40 52 36 32 38 43 54 38 40 44 35 36 35 40 36 34 69 46 0 0 0 36 42 88 110 
0 0 0 0 0 0 0 0 0 0 116 0 0 0 0 0 108 108 105 0 0 0 0 0 0 0 0 0 0 0 0 0 0 0 0 0 0 28 28 0 0 0 28 28 28 0 0 28 0 0 28 64 0 0 0 82 69 67 0 58 43 43 0 0 0 0 0 0 0 0 0 0 0 0 0 0 0 0 0 0 0 168 186 160 108 90 89 87 60 72 0 0 0 62 39 62 94 40 76 130 100 156 134 91 56 51 48 49 52 44 33 52 48 78 46 43 80 60 64 76 55 0 0 0 52 38 96 86 
0 0 0 0 0 0 108 108 0 112 112 0 0 0 0 0 100 102 95 0 0 102 0 0 0 0 0 0 0 0 0 0 0 0 0 0 0 0 0 0 0 0 0 24 24 24 0 0 24 0 0 52 52 0 0 0 0 0 0 40 42 0 0 0 0 0 0 0 0 0 0 0 0 154 166 150 0 0 0 0 145 168 184 186 159 122 95 84 126 0 0 0 0 0 76 60 42 44 45 50 85 112 92 88 62 62 60 54 58 43 34 54 82 79 56 46 72 80 136 76 45 0 0 0 44 38 36 38 
0 0 0 0 0 0 0 112 112 110 110 110 0 0 0 0 104 101 95 0 0 0 0 0 0 93 90 88 81 78 0 0 0 0 20 24 24 24 24 0 0 0 0 0 0 24 24 0 0 0 0 0 0 45 46 38 56 54 40 48 44 0 0 0 128 142 0 0 0 130 139 148 0 158 149 161 148 0 0 0 0 170 168 180 175 100 0 0 0 0 0 0 0 0 75 48 46 40 75 78 100 62 64 58 57 58 49 58 54 44 42 50 68 58 52 37 87 121 98 49 47 0 0 0 42 34 36 32 
0 0 0 0 0 0 0 0 0 0 0 0 0 0 0 0 0 108 97 0 0 0 0 0 0 0 90 89 82 0 0 0 0 0 26 30 28 28 0 0 0 0 0 0 0 0 28 0 0 0 0 0 0 44 74 72 85 74 80 90 34 46 0 0 140 169 146 0 0 124 140 154 0 0 0 0 0 146 0 0 0 0 166 174 0 0 0 0 0 0 0 0 0 0 138 86 52 61 113 136 112 49 52 56 69 46 44 40 50 42 40 43 55 45 45 33 70 60 60 60 71 0 0 0 74 69 60 40 
108 110 0 0 0 108 111 115 105 108 114 112 0 0 0 0 101 102 99 96 0 0 0 0 94 87 82 80 78 78 100 0 0 0 28 28 28 0 0 0 0 0 0 0 28 0 0 0 0 0 28 36 0 0 0 46 42 50 43 40 40 38 0 0 120 141 136 0 0 0 132 144 142 0 0 0 0 0 144 0 0 0 0 148 0 0 0 0 0 0 162 141 78 134 172 160 119 99 112 123 42 40 113 126 119 42 34 37 40 38 44 48 46 46 68 44 50 42 48 48 64 0 0 0 67 70 64 38 
97 95 97 0 0 95 0 0 94 87 94 96 0 0 0 0 0 86 92 80 0 0 0 0 0 80 78 68 65 0 102 88 0 0 23 28 26 26 0 0 0 26 26 0 0 26 26 26 26 0 26 0 0 0 0 34 36 44 52 40 42 42 0 0 0 0 0 0 0 0 138 136 138 0 0 0 146 132 126 0 0 0 0 137 132 136 140 135 137 157 158 140 0 0 0 97 60 32 42 0 0 0 0 0 88 29 40 34 32 36 0 0 0 0 0 0 0 48 84 66 64 0 0 0 80 93 70 30 
100 102 94 0 91 96 94 90 95 90 96 0 0 0 0 0 86 95 86 84 0 0 78 85 82 0 74 79 74 77 0 88 88 63 24 28 24 24 24 0 0 24 24 24 0 0 24 24 24 0 0 0 0 0 33 33 41 42 46 40 44 42 75 0 0 0 0 0 0 0 0 0 0 0 0 0 0 140 145 0 0 0 0 0 0 0 0 0 0 0 0 0 0 0 0 0 0 0 0 0 0 0 0 0 0 0 0 0 0 0 0 0 0 0 0 0 0 0 0 123 97 0 0 0 128 122 90 34 
98 98 96 0 96 100 96 102 102 100 105 0 0 0 0 0 97 95 88 88 0 0 76 84 84 78 80 72 74 69 102 85 0 68 24 0 0 0 0 0 0 26 26 26 26 0 26 26 26 0 0 0 0 0 36 34 39 44 45 41 0 0 70 0 0 0 128 105 0 0 0 0 0 0 0 0 134 129 0 0 0 0 0 0 0 0 0 0 0 0 0 0 0 0 68 62 64 37 34 43 97 114 62 50 36 43 38 40 38 32 46 44 44 36 74 62 46 85 60 114 87 0 0 0 168 154 64 30 
112 0 0 0 0 0 99 99 0 104 97 0 0 0 0 0 94 90 91 0 0 0 0 86 82 78 76 78 72 70 100 90 89 0 29 25 30 30 30 0 0 30 30 30 30 0 0 0 0 30 0 0 0 52 46 39 37 41 0 0 0 38 67 142 0 0 131 0 0 0 0 142 124 138 0 0 126 126 0 0 0 0 0 146 152 141 138 0 0 0 0 0 0 0 0 87 96 92 62 36 34 38 39 36 40 110 52 38 36 56 46 44 38 40 40 44 39 44 62 92 44 50 0 0 62 59 36 60 
0 0 0 0 0 0 0 0 0 102 97 0 0 0 0 0 87 86 85 90 0 0 0 0 0 0 77 74 0 0 0 0 0 0 0 0 0 0 28 28 0 28 28 28 28 0 0 28 28 28 0 0 0 44 0 0 0 0 49 0 0 0 80 136 126 0 0 0 0 0 115 152 132 142 148 0 0 140 0 0 0 0 141 144 154 158 152 0 0 0 148 173 100 0 0 0 72 82 44 40 36 42 38 34 64 113 64 35 44 46 46 50 40 34 36 36 42 68 95 61 41 60 0 0 32 40 34 86 
152 0 0 0 100 104 101 92 96 94 96 98 0 0 0 0 79 88 98 91 0 0 0 78 76 0 0 0 0 0 0 0 0 0 0 0 0 0 0 25 0 25 25 25 25 25 25 25 25 25 25 38 52 0 0 0 0 43 46 44 0 34 70 136 0 0 0 0 0 116 0 140 144 134 144 137 0 0 0 0 0 0 142 151 148 150 160 0 0 0 0 162 94 62 54 46 41 42 44 46 40 40 36 36 70 117 79 38 37 40 38 48 40 28 28 56 100 52 40 32 36 76 0 0 37 40 34 33 
154 0 0 0 110 103 103 99 96 103 102 99 0 0 0 0 96 93 96 93 91 0 0 82 76 0 73 80 66 60 0 86 88 76 28 30 0 26 26 26 26 26 26 26 26 26 26 26 26 26 26 35 37 36 0 0 40 45 38 40 36 36 72 138 123 0 0 0 112 0 108 110 150 131 130 122 0 0 0 0 0 140 134 144 144 147 134 0 0 0 127 152 104 42 54 44 43 44 36 36 39 41 40 36 45 112 65 40 37 40 38 38 38 37 28 64 88 28 37 40 31 35 0 0 37 41 38 62 
132 134 0 0 129 89 108 106 101 100 98 0 0 0 0 0 92 90 86 90 89 90 0 0 0 76 69 74 66 60 96 88 79 82 0 0 30 30 0 30 30 0 30 30 30 30 30 0 0 0 30 35 34 38 0 0 0 40 42 41 36 40 71 132 127 0 0 0 120 114 118 110 0 155 160 133 0 0 0 0 0 0 122 120 117 148 130 128 123 138 136 140 166 96 40 46 46 48 72 0 52 42 37 34 34 58 58 40 40 37 32 38 38 42 35 36 46 32 35 36 40 0 0 0 32 32 57 112 
115 0 114 0 0 108 86 102 98 97 93 0 0 0 0 0 89 85 86 86 92 87 82 0 0 72 0 72 70 66 0 0 88 78 30 0 26 26 26 26 26 26 0 26 26 26 26 26 0 0 0 34 32 36 34 0 0 42 34 38 40 0 69 0 0 0 0 0 104 110 114 111 101 130 150 0 0 0 0 0 0 0 134 128 130 143 134 142 131 146 130 134 142 134 42 52 40 42 64 88 0 40 34 30 37 35 42 42 41 37 34 40 40 34 42 42 42 36 36 29 42 0 0 0 43 51 104 114 
110 111 0 0 118 116 96 102 104 92 94 0 0 86 0 0 100 88 88 95 84 90 83 0 0 76 65 78 73 73 100 84 92 80 0 0 0 0 28 0 0 0 28 28 28 28 28 28 0 0 28 36 42 35 36 36 0 0 39 42 38 35 66 130 121 136 128 106 104 106 0 98 112 0 0 0 0 0 0 0 130 128 139 137 128 141 142 147 138 140 140 139 143 130 52 43 44 48 48 52 0 0 40 33 29 38 48 40 40 38 37 34 39 30 38 40 34 40 32 40 38 0 0 0 68 120 114 116 
110 106 106 106 110 108 107 98 98 99 98 0 0 0 0 0 92 94 93 86 86 90 88 80 0 0 70 72 74 74 99 0 94 80 30 30 29 29 29 29 29 29 29 29 29 29 29 29 29 29 0 31 36 40 38 36 0 40 34 45 35 32 66 134 120 134 126 108 0 0 0 104 110 0 0 0 0 0 0 0 0 0 0 0 0 0 0 0 0 0 0 0 0 0 0 0 0 0 0 0 36 0 38 38 36 35 40 40 44 40 37 36 40 37 36 38 36 44 50 43 38 0 0 0 87 126 121 124 
130 130 134 140 142 140 134 112 104 104 100 0 0 0 0 0 97 94 89 90 90 89 91 84 83 0 0 0 0 0 0 0 0 84 33 29 31 31 0 0 0 0 0 31 31 31 31 31 31 31 31 32 36 42 38 38 0 0 38 40 42 37 66 134 119 134 122 0 0 0 100 0 0 0 0 0 0 0 0 0 0 0 0 0 0 0 0 0 0 0 0 0 0 0 0 0 0 0 0 0 0 38 34 30 34 35 40 44 42 38 40 34 32 36 32 37 38 41 54 39 42 38 0 0 130 148 150 142 
138 138 140 144 149 142 144 136 92 104 100 0 0 92 0 0 91 92 92 86 90 94 88 90 81 0 76 0 0 70 0 0 0 0 0 0 0 0 0 0 0 0 0 0 30 30 30 0 30 30 30 0 0 0 0 0 34 44 41 40 0 0 0 131 119 132 126 95 0 99 0 0 0 0 0 0 0 0 0 0 0 0 0 0 0 0 0 0 0 0 0 0 0 0 0 0 0 0 0 40 35 46 58 82 54 39 44 40 47 40 31 90 56 28 34 29 33 34 32 44 28 102 0 0 149 152 148 146 
134 145 144 142 142 142 143 148 97 107 108 0 0 0 0 0 94 84 89 85 95 88 88 94 0 83 84 78 0 0 0 0 92 0 0 0 0 0 0 0 0 30 30 30 30 30 30 0 0 0 0 0 0 0 0 0 0 38 40 44 0 0 0 129 119 128 121 93 96 0 0 0 0 0 0 0 0 0 104 102 0 142 150 153 154 157 153 152 155 0 0 140 114 96 96 102 110 102 86 62 58 62 46 74 39 42 45 46 40 38 36 60 42 32 36 34 46 34 29 38 92 140 0 0 119 118 120 118 
139 140 0 0 144 149 145 150 110 102 100 0 0 0 0 0 85 90 93 92 90 89 88 88 92 84 76 86 76 76 0 0 0 0 38 29 32 32 32 32 32 32 32 32 32 32 32 32 0 0 0 0 0 36 0 33 34 36 37 37 43 0 0 122 119 120 0 0 100 0 0 0 0 0 0 105 106 97 110 110 98 0 104 118 116 130 130 124 112 110 0 0 106 107 102 100 100 106 0 102 97 106 81 38 39 45 44 40 38 44 43 34 44 40 36 35 58 38 34 44 143 142 0 0 116 118 124 128 
118 119 122 121 118 122 122 140 118 96 96 0 0 0 0 0 89 87 91 90 0 82 86 87 84 90 84 82 78 68 100 98 0 0 0 32 36 36 36 36 36 36 36 36 36 36 36 36 36 36 0 0 40 38 32 34 32 35 41 40 47 40 0 118 115 122 0 94 0 0 0 0 0 108 108 105 0 96 105 108 98 99 0 108 104 100 103 104 100 0 110 0 0 106 103 103 102 102 94 102 99 96 58 38 40 40 44 36 28 39 42 40 46 44 38 38 41 38 34 62 146 147 0 0 108 108 118 122 
108 110 105 113 114 118 120 136 119 98 105 0 0 0 0 0 87 90 88 90 86 88 92 78 78 86 84 77 73 75 92 106 90 0 0 30 30 30 30 30 30 30 30 30 30 30 30 30 30 30 30 34 31 38 34 32 0 0 0 36 38 34 60 126 109 125 0 92 0 0 0 0 0 104 108 108 100 0 108 104 102 105 102 104 110 103 108 110 114 106 105 107 110 112 106 100 106 94 100 0 74 52 42 42 36 40 40 46 62 34 34 35 38 42 40 33 45 46 25 94 151 144 0 0 122 121 121 127 
108 112 116 112 104 112 108 130 120 0 107 0 0 0 0 0 84 82 94 87 88 94 90 80 81 82 76 77 73 76 95 104 90 92 40 26 30 30 30 30 30 30 30 30 30 30 30 30 30 30 30 32 34 36 36 36 0 0 0 0 46 36 64 122 0 0 0 0 0 0 0 0 0 102 99 98 102 100 102 100 97 0 102 108 104 0 110 107 0 108 110 108 107 0 0 101 96 99 0 0 38 38 38 41 39 43 41 64 88 38 35 36 37 37 34 58 89 68 42 64 120 145 0 0 118 116 112 112 
118 121 124 0 114 120 118 130 114 0 105 0 0 0 0 0 86 82 80 76 82 88 88 84 72 82 80 72 70 67 88 101 84 97 44 28 28 28 28 28 28 28 28 28 28 28 28 28 28 28 28 34 38 34 36 38 0 0 0 37 41 33 55 120 0 0 0 0 0 0 0 89 86 98 104 104 100 105 103 102 106 104 98 100 99 107 104 100 105 110 106 103 101 106 0 104 101 96 86 0 39 40 34 36 34 44 38 55 41 34 40 34 36 40 28 90 101 86 92 54 68 142 0 0 113 114 127 112 
116 113 0 0 118 117 112 129 116 96 90 0 0 0 0 0 88 83 76 84 86 86 84 88 84 84 73 67 70 66 84 96 84 85 40 36 29 29 29 29 29 29 29 29 29 29 29 29 29 29 29 30 40 36 36 0 38 39 0 0 38 35 59 115 0 0 0 0 0 0 0 0 0 100 104 0 94 0 0 0 0 98 90 106 108 104 104 112 110 102 100 98 98 107 102 97 101 91 72 40 42 42 34 36 39 40 36 39 35 34 34 32 40 40 32 68 108 106 101 82 122 140 0 0 123 116 126 120 
107 112 110 105 113 112 108 128 100 94 96 0 0 0 0 0 80 79 90 79 85 86 84 78 75 78 75 74 64 68 85 97 81 79 43 28 30 30 30 30 30 30 30 30 30 30 30 30 30 30 30 32 30 31 34 0 35 39 42 40 39 36 54 118 108 0 0 0 90 90 0 0 0 0 94 0 0 106 98 96 95 96 92 106 108 102 108 103 0 0 0 0 0 0 99 100 102 0 0 45 38 38 33 38 40 42 44 41 42 37 36 33 38 36 37 36 79 102 102 92 134 151 0 0 121 110 132 124 
118 122 116 116 114 0 0 0 89 91 92 93 0 0 0 0 82 80 83 82 82 88 76 80 74 72 72 68 72 68 84 99 72 82 41 24 24 24 24 24 24 24 24 24 24 24 24 24 24 24 24 33 36 28 30 0 46 46 36 34 39 35 58 114 105 118 0 0 0 0 0 0 0 96 0 0 0 0 0 88 0 0 0 0 0 0 0 0 0 0 0 0 0 0 0 0 0 0 0 87 50 36 34 36 36 39 41 38 35 40 38 34 34 36 38 38 41 93 80 94 108 140 0 0 0 132 139 136 
134 136 0 0 0 0 134 124 74 90 92 96 0 0 0 0 84 84 79 82 88 76 82 74 68 78 70 62 65 62 82 96 84 88 46 26 26 26 26 26 26 26 26 26 26 26 26 26 26 26 26 36 42 36 46 0 31 36 34 31 42 38 60 114 106 0 0 0 0 0 0 0 0 90 0 0 0 0 0 0 0 0 0 0 0 0 0 0 0 0 0 0 0 0 0 0 0 0 0 86 51 32 25 34 38 36 40 38 34 40 36 32 42 37 40 36 54 42 51 97 84 131 0 0 138 134 138 137 
135 132 0 0 138 133 132 108 86 86 90 0 0 0 0 0 85 82 79 81 74 72 82 80 76 76 71 63 65 68 85 98 82 93 46 28 30 30 30 30 30 30 30 30 30 30 30 30 30 30 0 0 0 0 0 0 28 34 38 0 0 0 0 0 0 0 0 0 0 0 0 0 0 0 93 0 0 90 88 94 91 0 94 94 94 99 104 104 95 96 98 90 88 98 96 96 92 92 88 110 116 96 102 62 36 42 50 41 35 32 59 50 42 44 65 45 57 62 70 83 82 104 0 0 137 140 141 134 
131 0 0 0 130 128 122 98 86 82 82 0 0 0 0 0 76 80 74 68 0 75 74 71 76 76 72 60 70 72 86 98 82 92 50 30 32 32 32 32 32 32 32 32 32 32 32 0 0 0 0 0 0 0 0 0 34 28 0 0 0 0 0 0 0 0 0 0 0 0 0 0 0 0 90 92 88 92 91 90 90 95 98 96 88 98 101 99 92 95 98 98 90 88 93 88 90 92 130 137 138 140 137 116 80 38 36 40 58 128 132 132 40 116 102 68 57 97 84 80 86 88 0 0 0 132 140 134 
126 132 0 0 126 124 100 86 86 84 78 0 0 0 0 0 82 78 76 82 75 82 80 72 74 70 77 64 65 71 74 0 76 89 48 28 33 33 33 33 33 33 33 33 33 33 0 0 0 0 0 0 0 0 0 0 34 0 0 0 0 0 0 0 0 0 0 0 0 0 0 0 0 0 0 88 90 92 86 86 85 92 88 93 91 84 94 86 92 95 92 94 89 86 88 82 98 132 128 129 132 137 135 134 135 82 39 40 104 137 136 103 42 124 126 88 44 85 80 85 82 83 0 0 130 136 131 130 
126 127 0 0 124 110 80 84 83 80 74 84 0 0 0 0 74 78 68 79 74 81 0 67 72 70 70 72 61 63 74 92 71 83 52 28 26 26 26 26 26 26 26 26 26 0 0 0 0 0 0 39 34 30 34 33 32 0 0 0 0 32 52 106 0 0 95 0 0 0 94 84 81 0 0 90 82 86 88 86 86 92 88 89 93 86 90 86 94 78 88 84 87 86 83 104 133 128 134 134 132 134 134 133 132 124 39 66 138 134 134 114 46 124 122 101 79 76 86 90 89 88 0 0 132 136 128 122 
130 125 124 119 112 85 78 0 83 76 75 0 0 0 0 0 76 74 72 68 69 79 68 62 67 69 70 70 61 57 62 88 74 82 54 32 30 30 30 30 30 30 30 30 0 0 0 0 0 0 30 30 34 35 30 36 38 43 0 0 0 42 56 0 0 0 96 0 0 0 74 76 82 89 0 0 83 80 82 78 83 82 84 84 88 90 87 94 84 84 84 85 83 80 90 130 128 131 134 130 124 127 130 131 132 131 62 48 119 136 132 76 103 128 127 116 124 92 82 86 88 90 0 0 0 125 130 120 
0 122 124 0 87 70 84 76 0 78 78 0 0 0 0 0 66 73 66 60 66 64 60 64 70 66 68 56 54 60 66 84 66 78 48 30 35 35 35 35 35 35 35 35 0 0 0 0 0 35 35 36 33 33 32 34 38 40 0 0 0 35 53 0 0 0 95 68 72 0 76 72 82 82 0 0 0 83 83 72 84 80 84 87 84 84 84 90 84 80 80 88 82 72 118 128 126 124 128 128 126 128 121 128 130 130 73 31 72 132 127 128 126 126 122 126 125 110 80 86 83 86 82 0 0 94 114 117 
119 117 102 82 77 70 62 0 74 78 74 76 0 0 0 0 65 62 62 65 63 68 64 66 58 60 62 62 58 52 63 80 62 79 50 30 28 28 28 28 28 0 28 0 0 0 0 0 28 28 28 27 32 34 32 36 35 34 0 0 0 34 0 0 0 0 98 84 74 60 73 74 74 76 71 82 0 0 80 71 88 76 76 78 79 78 92 76 82 77 76 86 84 102 120 125 120 123 123 124 0 124 112 128 122 131 62 78 68 125 124 128 120 122 121 120 118 122 84 87 82 82 0 0 0 76 74 104 
112 92 72 73 68 73 68 74 70 74 71 66 0 0 0 0 63 68 62 62 58 58 67 55 56 58 61 58 57 54 58 83 69 70 47 32 29 29 29 29 29 29 0 0 0 0 0 29 29 29 29 32 30 34 34 28 34 36 0 0 0 0 48 90 83 95 98 68 72 74 69 68 71 76 78 80 78 0 0 0 73 70 78 74 68 78 80 78 82 80 86 84 78 116 120 119 120 120 120 120 124 0 114 118 116 126 68 109 60 120 122 116 115 119 116 114 118 119 104 73 84 80 77 0 0 70 66 68 
79 78 70 70 62 68 67 67 66 64 71 0 0 0 0 0 64 60 56 62 60 64 60 56 57 62 60 56 54 54 58 73 68 78 49 36 30 30 30 30 30 30 0 0 0 0 30 30 30 30 30 32 28 36 34 32 32 32 0 0 0 0 55 86 76 94 97 62 78 69 76 67 72 69 76 75 68 76 0 0 0 0 74 77 76 85 82 79 77 78 79 74 84 117 115 116 119 116 115 112 117 113 110 115 120 118 114 115 85 117 110 110 115 115 115 112 112 118 107 74 84 76 70 0 0 72 72 70 
69 66 65 66 66 68 74 64 67 60 55 0 0 0 0 0 61 63 62 59 58 61 60 60 52 58 52 55 57 50 50 74 59 64 48 32 28 28 28 28 28 28 0 0 0 0 28 28 28 28 28 35 36 30 31 36 32 30 29 32 0 0 55 88 79 90 92 66 68 70 75 66 71 73 77 68 68 66 69 66 0 0 0 76 72 75 78 68 72 73 74 76 72 100 98 99 102 90 88 91 88 90 82 87 90 89 90 94 84 92 86 94 84 88 92 88 87 88 84 68 75 75 73 0 0 69 72 57 
60 60 60 69 64 62 56 64 62 63 54 0 0 0 0 0 54 58 57 56 0 54 58 48 52 52 59 58 50 48 46 75 61 66 54 31 29 29 29 29 29 29 29 0 0 0 29 29 29 29 29 34 34 34 34 31 36 40 28 28 39 0 46 84 79 87 89 60 62 68 70 67 70 69 64 68 67 66 65 64 60 64 65 71 70 71 70 68 74 68 69 64 76 86 86 90 88 76 75 74 76 70 86 81 84 86 85 80 84 86 91 80 82 83 87 81 84 84 84 70 70 76 72 0 0 70 75 64 
61 58 57 60 66 63 62 58 60 54 56 60 0 0 0 0 53 52 56 62 54 58 58 54 50 50 47 50 44 46 50 72 0 0 50 36 30 30 30 30 30 30 30 0 0 0 30 30 30 30 30 34 36 36 32 36 36 32 35 36 39 31 44 79 68 80 78 60 60 60 67 0 65 69 63 66 61 66 60 72 62 68 68 78 70 68 72 66 66 67 68 64 76 80 76 85 84 80 78 81 78 74 80 80 78 82 78 82 80 79 86 80 0 79 78 74 82 86 84 68 66 68 65 0 0 69 64 62 
59 58 56 60 60 68 62 61 63 58 60 61 0 0 0 0 52 54 52 55 0 60 58 56 52 49 54 44 49 46 50 64 62 62 51 32 29 29 29 29 29 29 29 0 0 29 29 29 29 29 29 32 32 0 0 0 36 38 34 33 34 34 42 72 0 0 0 0 0 64 60 50 0 62 59 63 62 57 66 68 0 66 68 66 64 68 64 66 64 64 68 58 77 80 80 79 86 79 78 84 84 80 80 84 82 84 83 88 84 82 84 82 86 86 90 86 88 87 84 84 64 62 62 0 0 61 62 0 

