0 0 0 0 0 0 0 0 0 0 0 0 0 0 0 0 0 0 0 0 0 0 0 0 0 0 0 0 0 0 0 0 0 0 0 0 0 0 0 0 0 0 0 0 0 0 0 0 0 0 0 0 0 0 0 0 0 0 0 0 0 0 0 0 0 0 0 0 0 0 0 0 0 0 0 0 0 0 0 0 0 0 0 0 0 0 0 0 0 0 0 0 0 0 0 0 0 0 0 0 0 0 0 0 0 0 0 0 0 0 0 0 0 0 0 0 0 0 0 0 0 0 0 0 0 0 0 0 
0 0 0 0 0 0 0 0 0 0 0 0 0 0 0 0 136 0 0 0 0 0 0 0 0 0 0 0 0 0 0 0 0 0 0 0 0 0 0 0 0 50 0 0 0 0 0 0 0 0 0 0 0 0 0 0 0 0 0 0 0 0 0 0 0 0 0 0 0 0 0 0 0 0 0 0 0 0 0 0 0 0 0 0 0 0 181 0 0 0 0 0 0 186 0 0 0 0 0 0 0 0 0 0 0 0 0 0 0 0 0 0 0 0 0 0 0 0 0 0 0 0 0 0 0 0 0 0 
0 0 0 0 0 172 0 172 162 150 0 0 0 0 0 0 0 125 128 125 117 115 116 114 117 0 0 0 0 0 0 0 0 0 42 40 42 42 42 42 42 42 0 0 42 42 42 42 42 42 42 59 58 50 49 56 59 61 62 62 64 88 163 0 0 164 176 180 0 0 0 0 72 74 98 117 130 100 0 0 0 0 184 191 188 0 0 180 170 175 160 178 181 186 0 0 0 185 92 48 46 55 49 46 41 41 46 48 53 50 63 53 64 62 58 55 53 60 59 67 0 0 183 172 168 187 171 178 
161 150 0 164 169 164 144 0 0 137 0 0 0 0 0 0 121 133 128 119 120 117 111 117 0 0 0 0 0 118 0 0 0 0 0 0 0 0 0 42 42 42 0 0 42 42 42 42 42 42 42 0 56 55 49 53 0 0 74 68 61 94 161 156 148 164 168 0 61 0 0 0 0 73 92 93 120 0 0 0 67 64 164 189 187 190 190 189 188 187 156 162 0 0 0 0 150 131 60 48 52 47 76 48 45 42 46 48 57 52 51 54 54 53 50 52 56 58 70 0 0 161 183 182 190 175 182 187 
0 0 0 0 161 138 0 131 0 0 0 0 0 0 0 120 128 128 123 128 115 111 115 0 0 0 0 0 0 0 0 0 0 0 0 0 41 41 41 41 41 41 0 0 41 41 41 41 41 41 41 53 0 63 49 52 59 0 0 67 66 94 159 155 153 166 127 80 74 78 0 0 0 0 0 0 127 142 181 129 83 75 136 194 186 196 193 191 189 187 0 0 0 0 0 0 0 58 55 57 50 48 57 46 48 47 51 50 51 49 57 53 51 48 47 52 47 56 78 0 0 85 177 181 187 192 180 170 
175 172 184 0 183 159 0 0 0 0 0 0 0 0 0 127 131 130 129 118 118 117 0 0 0 0 0 0 0 0 0 0 0 0 0 0 42 42 42 42 42 42 42 0 0 0 0 42 42 42 42 49 62 0 53 53 58 67 0 0 68 89 160 154 153 156 0 67 76 83 76 0 0 0 0 0 162 174 187 172 127 101 110 194 189 189 0 0 0 0 0 0 0 0 0 0 0 165 115 61 0 53 50 51 52 47 50 47 50 48 55 54 55 52 49 57 55 59 65 0 0 59 102 158 176 181 182 174 
0 0 0 0 0 186 156 0 0 137 0 0 0 0 0 126 125 133 133 120 114 117 109 0 0 0 0 0 0 0 121 66 0 0 0 0 46 46 46 46 46 0 0 0 0 46 0 0 0 0 0 0 59 56 54 62 61 63 67 0 69 89 164 154 154 0 0 0 0 82 69 74 0 0 0 0 0 182 189 178 142 113 107 190 0 0 0 0 0 0 0 0 0 0 0 0 0 188 192 170 93 0 50 49 48 58 52 49 54 53 55 53 51 54 54 67 74 68 64 64 0 0 56 63 69 123 172 187 
0 0 0 0 0 0 0 0 0 0 0 0 0 0 130 127 131 132 127 119 116 115 112 0 0 0 0 0 0 107 118 69 0 0 0 0 42 42 42 42 42 42 0 0 0 0 42 42 42 0 0 0 0 53 53 63 65 66 72 66 81 93 157 152 140 0 0 0 73 89 72 75 91 0 0 0 0 0 191 183 164 0 0 0 0 0 0 0 0 0 0 0 0 0 189 191 193 187 184 192 188 100 53 51 42 47 45 47 49 54 55 55 55 57 61 61 65 67 70 66 0 55 57 64 56 55 120 151 
189 189 188 187 189 191 0 0 0 0 0 0 0 0 127 119 125 125 124 0 0 0 0 0 0 0 0 0 0 111 119 67 0 0 0 0 41 41 41 41 41 41 0 0 0 0 41 41 41 41 41 52 61 53 53 63 65 88 101 91 82 103 160 161 0 0 0 78 71 79 90 97 103 93 0 0 0 0 0 0 176 0 0 0 0 0 0 194 166 174 144 132 146 188 186 190 188 188 190 189 181 182 95 50 53 52 49 52 53 53 56 56 61 62 56 61 66 74 73 62 0 0 55 54 59 103 151 173 
0 0 0 0 0 0 0 0 0 0 0 0 0 0 132 119 115 118 0 0 0 0 0 0 0 0 0 0 0 115 127 70 0 0 0 0 45 45 45 45 45 45 0 0 0 0 45 45 45 45 45 78 87 68 68 62 70 90 104 101 0 0 0 0 102 86 105 112 111 98 91 115 0 0 0 0 0 0 0 0 0 0 0 0 189 196 195 191 184 149 122 133 156 189 191 189 189 195 192 188 188 187 158 70 51 51 48 49 45 51 57 65 62 65 55 62 62 63 65 62 0 0 55 85 171 186 182 178 
0 0 0 0 0 0 0 0 0 0 0 0 0 0 138 131 127 0 0 0 0 0 0 0 0 0 0 0 0 117 129 73 40 0 0 0 0 0 49 49 49 49 0 0 0 0 49 49 49 49 49 124 115 101 104 106 112 100 103 100 106 0 0 157 127 0 98 100 145 142 124 139 0 0 0 0 0 0 0 0 0 0 0 194 192 200 204 211 201 169 142 160 177 192 190 191 190 189 188 186 187 185 179 130 77 56 51 49 53 51 53 59 64 63 60 65 65 67 61 57 0 66 59 159 182 181 173 187 
0 0 0 0 0 0 0 0 0 0 0 0 0 0 129 136 0 0 0 0 0 0 0 0 0 0 0 0 0 117 120 77 0 0 0 0 0 0 0 45 45 0 0 0 0 0 45 45 45 45 45 95 101 104 92 90 0 0 104 127 135 0 0 158 129 126 134 142 149 141 126 0 0 0 0 0 0 211 206 199 0 112 156 204 206 214 216 221 210 201 173 168 190 193 187 188 193 189 187 0 186 184 179 159 65 78 55 51 54 55 58 59 61 59 61 58 60 63 67 68 0 50 97 173 174 187 178 189 
0 0 0 0 0 0 0 0 0 0 0 0 0 0 133 133 0 0 0 0 0 0 0 0 0 0 0 0 0 108 115 76 46 0 0 0 42 42 42 42 42 42 0 0 0 42 42 42 42 42 42 143 112 109 121 128 123 115 131 138 155 182 185 163 142 145 159 164 153 158 155 0 0 0 0 0 0 219 216 194 165 124 180 193 205 201 200 203 192 190 176 156 163 165 162 164 159 163 153 0 0 144 150 137 62 61 56 54 57 55 53 56 57 56 55 54 65 54 59 58 0 0 106 180 171 186 182 182 
0 0 0 0 0 0 0 0 0 0 0 0 0 124 126 126 0 0 0 0 0 0 0 0 0 0 0 0 121 112 116 78 0 0 0 0 48 48 48 48 48 48 48 0 0 48 48 48 48 48 48 127 121 139 141 161 152 140 154 150 174 201 189 178 145 162 161 159 160 171 163 0 0 0 0 0 215 220 217 200 167 191 180 175 183 193 172 177 174 0 156 140 137 149 146 146 142 138 141 0 0 0 152 147 61 54 53 50 58 55 54 57 61 54 53 58 57 58 58 0 0 0 99 177 175 183 184 185 
0 0 0 0 0 0 0 0 0 0 0 0 0 124 125 130 0 0 0 112 111 117 122 0 0 0 0 0 129 114 122 79 0 0 0 0 47 47 0 47 47 47 47 47 47 47 47 47 47 47 47 144 131 161 150 148 160 163 152 163 209 222 190 185 136 160 174 179 159 163 153 0 0 0 0 0 199 210 219 214 203 183 182 162 180 190 168 158 149 177 158 147 146 148 147 152 0 0 147 144 0 0 158 144 63 49 47 55 56 55 50 61 60 49 53 57 58 49 51 57 0 57 113 173 177 182 184 186 
0 0 0 0 0 0 155 0 154 0 0 0 0 127 125 127 0 0 0 0 117 117 115 111 0 0 0 107 0 117 119 74 42 0 0 0 44 44 44 0 44 44 44 44 44 44 44 44 0 0 0 0 0 152 157 161 156 112 145 137 207 212 179 167 166 172 152 186 181 162 153 0 0 0 0 0 0 221 225 0 214 173 190 201 193 197 190 0 150 159 0 0 155 160 150 151 0 0 0 0 0 0 147 156 91 53 57 56 60 59 52 64 47 52 59 51 50 50 56 0 0 70 149 183 188 182 182 195 
0 0 0 0 0 0 160 163 165 0 0 0 133 129 131 133 0 0 0 119 117 118 120 109 106 0 0 0 0 0 120 77 48 0 0 0 0 0 0 0 0 0 0 0 0 0 0 0 0 0 0 0 0 0 167 160 158 145 126 143 217 196 187 162 179 187 149 172 173 151 0 0 0 0 0 0 146 197 223 0 0 0 0 207 221 232 225 215 210 198 189 191 187 190 185 181 183 185 183 185 0 0 187 192 103 53 51 55 62 55 51 53 55 55 54 55 46 55 55 0 0 0 167 176 183 173 171 168 
0 0 0 0 0 157 145 148 0 0 0 0 0 136 138 0 0 0 0 119 118 117 115 113 116 111 0 0 0 0 125 88 49 0 0 0 0 0 0 0 0 0 0 0 0 0 0 0 0 0 0 0 0 0 162 154 159 154 141 174 210 175 184 165 183 186 182 169 166 0 0 0 0 0 0 125 131 144 150 150 0 0 0 0 0 0 0 0 0 0 0 0 0 0 0 0 0 188 190 0 0 0 190 189 115 68 53 52 57 46 52 55 57 53 55 52 53 55 56 58 0 0 169 181 178 161 160 87 
0 0 0 0 0 161 161 162 186 0 0 0 139 140 134 136 139 0 0 0 122 117 114 111 109 0 110 107 0 0 0 0 43 40 0 0 0 42 42 42 42 42 42 42 42 42 42 42 42 42 42 155 162 156 155 154 164 161 139 170 198 188 178 170 185 180 171 180 185 0 0 0 0 0 0 142 146 146 0 0 0 0 0 0 0 0 0 212 212 196 195 195 0 0 187 0 0 189 189 0 0 0 190 192 98 55 52 53 57 59 53 57 59 53 46 52 52 59 55 63 0 0 174 179 176 157 139 60 
0 0 0 0 0 150 153 160 181 0 0 0 134 135 0 0 137 138 134 127 127 119 119 114 0 0 0 0 0 0 0 0 0 0 0 0 0 0 43 43 43 43 43 43 43 43 43 43 43 43 43 151 164 133 135 133 154 156 133 159 182 183 165 140 170 167 176 162 0 141 0 0 0 0 0 139 148 149 0 0 0 0 0 0 209 206 162 205 204 198 192 194 190 188 0 0 186 189 192 0 0 0 188 191 97 51 52 51 51 56 48 55 59 53 56 50 52 57 58 64 0 118 178 170 183 152 127 74 
0 0 0 0 0 0 0 0 179 0 0 0 137 135 130 0 132 134 134 125 121 115 115 107 103 105 0 0 0 0 0 0 0 0 0 42 42 0 0 42 42 42 42 42 42 42 42 42 42 42 42 144 135 79 75 79 127 150 159 152 159 183 184 179 166 163 173 138 0 0 0 0 0 0 0 114 111 137 0 0 0 0 0 0 187 192 133 146 196 0 0 0 0 0 0 0 194 189 188 0 0 0 189 189 93 47 46 46 46 46 46 64 51 53 54 57 54 54 56 65 0 0 175 171 170 164 132 116 
0 0 0 0 0 164 0 0 0 0 0 0 0 139 0 0 0 125 123 119 117 117 113 0 0 107 98 0 0 0 0 0 0 0 0 40 45 45 0 0 45 45 45 45 45 45 45 45 45 45 45 166 0 138 124 133 142 147 168 193 178 175 177 189 190 204 162 154 154 0 0 0 0 0 0 132 129 151 0 0 0 0 0 0 0 188 149 160 168 0 192 190 186 186 188 188 185 169 148 0 0 0 166 190 90 47 53 45 41 47 52 58 48 48 69 58 52 52 54 60 0 0 176 173 156 165 146 133 
0 0 0 0 0 0 0 0 0 0 0 0 0 142 140 131 129 128 124 122 128 118 0 0 0 105 0 0 0 0 0 0 0 45 44 0 43 43 0 0 0 43 43 43 43 43 43 43 43 43 43 163 0 174 175 165 154 153 170 190 197 182 168 171 161 169 0 0 0 0 0 0 0 0 0 144 121 0 0 0 0 0 0 0 0 172 165 193 0 166 194 190 185 183 175 179 176 157 154 0 0 162 166 188 93 55 55 55 41 54 52 50 51 46 55 42 52 71 82 77 0 0 176 171 165 164 176 159 
0 0 0 0 0 0 0 0 0 0 0 0 145 142 144 135 128 133 132 0 0 0 0 0 0 0 0 0 0 0 0 0 0 48 0 0 0 0 43 0 43 43 43 43 43 43 43 43 43 43 0 0 0 167 172 174 153 158 162 173 196 186 191 172 172 0 0 0 0 0 0 0 0 0 0 141 0 0 0 0 0 0 0 187 197 197 158 157 176 180 200 144 135 138 132 156 152 143 148 0 0 170 165 195 102 50 65 52 47 54 64 51 47 54 48 48 69 88 89 0 0 0 177 169 175 162 181 175 
0 0 0 0 0 152 153 174 189 0 0 0 148 140 129 125 127 128 125 0 0 0 0 111 109 113 109 102 0 0 0 99 0 0 0 0 0 0 0 0 0 48 48 48 48 48 48 48 48 48 0 0 0 138 149 135 140 146 145 153 193 0 174 173 157 0 0 0 0 0 0 0 0 0 122 140 133 0 0 0 0 0 0 190 192 192 174 150 184 195 190 168 158 159 164 149 156 158 0 0 0 158 168 198 142 48 55 49 42 49 52 62 42 49 49 54 76 100 87 83 0 0 179 163 178 167 171 174 
0 0 0 0 0 141 158 186 183 0 0 0 147 138 125 125 128 128 126 0 0 0 0 117 113 0 104 99 0 0 0 0 54 0 0 0 43 43 0 0 0 43 43 0 0 0 0 0 0 0 0 0 0 0 154 159 149 144 147 150 185 163 181 165 179 0 0 0 0 193 0 0 0 0 0 146 153 0 129 0 0 0 0 145 176 188 0 0 0 0 0 0 0 0 0 0 0 0 0 0 170 175 179 195 154 50 54 49 47 46 50 57 54 49 49 60 71 96 89 73 0 0 169 169 182 178 162 180 
0 0 0 0 0 172 0 185 175 0 0 0 143 137 125 127 134 132 0 0 0 0 0 0 0 0 0 0 125 0 0 94 55 47 0 0 0 48 48 48 0 48 48 48 0 0 0 0 0 0 0 0 0 0 154 144 151 147 135 133 197 188 152 167 157 154 0 0 0 185 0 0 0 0 185 128 156 152 123 0 0 0 0 109 119 173 194 0 0 0 0 0 0 0 0 0 0 0 0 0 192 184 196 193 163 56 53 49 47 47 58 66 44 44 51 65 76 90 87 65 0 0 176 171 181 170 178 186 
0 0 0 0 0 181 180 174 138 0 0 0 0 140 138 0 0 0 0 0 0 121 0 0 116 121 117 0 128 112 0 0 48 0 0 0 0 0 44 44 44 44 44 0 0 0 0 44 44 44 44 143 149 149 157 154 129 113 124 132 178 203 172 176 163 0 0 0 0 186 0 0 0 0 184 92 116 139 132 102 0 0 0 102 152 167 152 197 182 171 169 170 170 191 191 185 175 168 165 168 167 165 169 177 168 66 52 51 49 49 58 63 54 45 54 48 67 86 73 58 82 186 177 174 183 168 183 183 
0 0 0 0 0 157 154 130 136 0 0 0 0 132 137 0 0 0 0 0 129 0 0 0 112 113 112 103 128 115 119 0 0 0 0 0 0 0 0 41 41 0 0 0 0 0 0 0 41 41 41 152 146 148 133 120 142 152 118 106 145 201 189 173 166 0 0 0 0 179 0 0 0 0 207 137 136 158 113 102 139 0 0 163 148 183 181 195 192 183 163 162 178 190 172 169 183 187 186 195 194 191 191 183 156 59 51 53 53 58 49 62 60 44 50 50 76 83 77 62 86 155 181 171 174 173 180 181 
0 0 0 0 0 170 134 125 0 0 0 0 0 142 138 0 129 0 127 125 0 119 0 0 111 115 107 0 0 119 122 0 0 0 36 0 0 0 48 48 48 0 0 0 0 48 48 48 48 48 0 0 0 0 134 150 154 149 151 127 120 192 181 169 190 0 0 0 0 0 0 0 0 0 192 155 133 152 118 105 147 115 0 0 119 132 197 194 162 153 170 195 0 161 177 166 169 172 174 164 182 197 0 192 188 72 57 52 54 54 48 61 62 50 53 59 71 81 86 73 93 0 153 170 173 176 178 185 
0 0 0 0 0 0 127 0 129 128 139 0 0 0 135 0 0 0 0 125 125 0 0 0 0 110 109 102 123 117 0 0 49 41 0 0 0 0 43 43 43 43 0 0 43 43 43 43 0 43 43 0 108 70 90 130 140 143 134 97 78 175 0 0 187 0 0 0 0 185 0 0 0 0 0 160 122 114 101 82 86 134 0 0 117 177 183 0 0 0 0 0 0 0 0 0 168 171 164 174 177 178 0 174 189 83 51 52 53 58 53 58 55 56 58 58 79 78 83 75 103 0 150 144 175 176 175 180 
0 0 0 0 0 0 0 140 123 125 133 0 145 0 136 0 131 0 0 0 0 0 0 0 114 108 105 105 125 120 115 0 0 0 0 0 0 0 0 39 0 0 0 39 39 39 39 39 39 39 39 0 0 127 141 156 147 122 105 99 80 121 187 174 165 0 0 0 0 0 0 0 0 0 0 0 148 101 96 92 0 0 0 0 0 0 0 0 0 0 0 0 0 0 0 0 169 157 163 172 160 0 0 0 177 90 55 52 56 59 49 45 53 52 53 52 93 76 81 77 0 0 165 154 134 170 176 178 
0 0 0 0 0 0 0 0 133 138 142 0 0 0 143 0 0 130 126 120 118 118 115 118 114 108 108 105 124 119 119 0 0 0 0 0 0 0 0 46 0 46 46 0 46 46 46 46 46 0 46 141 103 133 152 148 144 147 126 130 128 88 157 181 139 0 0 0 184 0 0 0 0 0 187 0 0 0 131 0 0 0 0 0 0 0 0 0 0 0 0 0 0 169 181 160 160 157 160 164 177 0 0 0 170 93 62 51 53 52 54 64 53 48 47 57 101 82 83 72 0 0 162 159 155 129 151 171 
0 0 0 0 0 148 146 125 143 148 0 0 0 0 0 142 0 0 125 118 122 120 121 120 117 115 113 114 127 0 0 0 0 0 0 0 0 0 0 0 0 0 37 37 0 37 37 37 37 0 0 167 160 162 143 138 152 138 108 112 126 112 149 169 149 0 0 0 0 0 0 0 0 0 183 168 129 0 0 0 0 0 0 159 162 165 171 167 178 187 169 180 174 167 167 171 170 174 170 170 180 162 169 168 175 82 56 52 51 53 51 65 57 52 51 61 102 89 71 81 121 0 156 160 150 152 152 145 
0 0 0 0 0 0 0 140 157 155 151 0 0 0 0 141 0 0 127 123 126 120 115 124 122 117 109 0 0 0 0 0 0 0 0 38 36 0 0 0 36 36 36 36 36 0 36 0 0 0 0 165 158 157 138 130 139 137 121 125 116 95 156 173 152 0 0 0 0 0 0 0 0 0 183 186 0 0 0 0 0 0 0 143 160 150 141 140 187 175 180 176 171 169 173 169 178 0 169 176 180 170 177 175 178 84 56 55 51 48 54 56 46 46 60 61 90 92 73 77 135 163 159 161 153 150 161 164 
0 0 0 0 0 152 146 143 153 162 149 0 0 0 0 131 134 0 0 125 122 126 124 121 127 119 111 0 0 0 0 0 0 43 41 42 42 0 0 0 42 42 42 42 42 42 42 0 42 42 42 167 161 137 121 122 125 120 115 123 97 102 146 168 150 0 0 0 0 0 0 0 0 0 177 172 172 0 0 0 0 0 0 162 151 168 149 157 188 170 174 157 166 181 0 0 166 174 166 168 167 162 163 162 168 109 56 55 56 48 55 50 51 45 54 56 88 97 83 88 0 0 161 158 162 157 163 166 
0 0 0 0 0 134 131 139 149 148 144 0 0 0 0 125 129 0 0 129 124 118 110 109 113 114 113 100 125 124 0 0 51 40 40 41 0 0 0 0 42 42 42 0 42 42 42 42 42 42 42 164 162 134 116 122 136 128 115 135 115 93 142 169 149 0 0 0 0 0 0 0 0 0 161 148 156 0 0 161 154 0 0 156 159 154 171 173 185 166 170 159 168 159 188 174 167 182 169 168 166 166 166 168 168 124 52 57 51 52 50 49 48 48 55 55 88 98 74 78 0 0 153 155 159 155 157 159 
0 0 0 0 130 131 129 0 147 0 145 0 0 0 0 134 134 139 0 0 124 122 117 111 105 0 108 93 118 117 0 106 47 41 43 40 0 0 0 0 42 42 42 42 0 42 42 0 0 0 42 161 0 146 120 101 107 109 143 135 114 98 155 171 143 0 0 0 0 0 0 0 0 0 144 142 160 152 0 0 0 0 152 149 144 136 135 0 0 0 168 166 164 152 169 179 177 178 189 174 0 163 170 171 164 83 56 52 53 56 58 46 47 49 53 52 87 87 79 78 0 158 150 156 155 147 154 168 
0 0 0 0 0 129 0 0 0 148 146 139 0 0 0 128 128 124 127 0 0 0 0 0 0 0 0 102 118 120 108 0 0 38 42 35 0 0 0 41 41 41 41 41 0 0 41 41 0 41 41 124 145 0 120 123 131 147 139 130 125 101 134 167 143 0 0 0 0 0 0 0 0 0 165 164 169 159 0 0 0 169 164 169 165 162 159 181 189 160 161 163 166 166 164 175 163 167 180 0 0 0 165 174 172 83 50 47 58 47 60 56 51 50 51 62 74 68 80 88 0 0 158 160 157 150 155 158 
0 0 0 0 0 130 142 152 151 143 147 140 0 0 0 137 127 116 122 127 0 0 0 0 120 112 0 92 117 119 0 0 0 38 40 41 0 0 0 0 39 39 39 39 39 39 39 39 0 0 39 143 127 126 122 125 120 117 91 79 81 65 126 158 145 0 0 0 0 0 0 0 0 0 144 147 156 161 0 0 158 159 165 150 145 151 152 178 194 164 166 154 169 153 164 159 161 155 154 172 174 164 162 165 165 93 51 51 57 54 51 57 56 48 50 52 70 70 89 98 0 0 153 158 154 154 157 156 
0 0 0 0 0 138 147 147 147 147 140 0 0 0 0 0 131 121 126 128 124 0 0 0 0 114 103 98 120 123 0 111 0 42 42 37 0 0 0 37 37 37 0 37 37 37 37 37 37 0 0 126 130 125 117 105 81 68 62 61 75 62 125 156 140 0 0 0 0 0 0 0 0 184 187 158 142 154 0 0 0 137 143 165 148 138 144 172 190 174 176 157 157 174 159 158 169 162 159 164 160 165 149 145 162 106 40 53 57 60 54 54 55 49 56 51 80 79 84 100 0 0 0 160 155 151 154 160 
0 0 0 0 0 135 144 148 135 133 134 0 0 0 0 0 129 126 122 128 124 119 0 0 0 0 0 0 0 0 0 0 0 0 0 0 0 0 0 38 38 38 0 0 0 0 0 0 0 0 0 0 0 0 95 77 68 64 56 62 70 62 119 155 151 0 0 0 0 0 0 0 0 147 183 175 165 168 177 152 162 170 162 168 161 159 163 172 190 175 168 178 181 185 188 184 187 186 188 194 185 187 187 186 189 83 67 53 58 57 56 54 49 57 47 51 68 72 74 96 0 0 156 165 160 154 154 165 
0 0 0 0 0 137 132 138 128 0 122 0 0 0 0 0 125 137 132 134 127 124 123 108 0 0 108 0 0 0 104 0 53 36 45 41 45 0 0 0 45 45 45 45 0 45 45 0 0 0 45 98 101 85 69 72 71 67 65 0 64 56 124 159 146 170 0 0 0 0 0 0 0 142 134 157 178 183 185 154 0 137 144 146 140 136 147 156 193 185 157 172 170 166 162 167 167 167 167 167 162 159 162 162 139 70 63 53 54 57 55 53 48 45 47 51 64 70 83 88 0 0 158 157 159 155 151 161 
0 0 0 0 0 129 127 127 124 124 124 0 0 0 0 0 128 128 133 131 124 118 116 108 107 0 0 0 0 0 0 0 0 0 0 0 0 0 0 0 45 45 0 45 45 45 45 45 45 45 45 104 86 56 56 64 65 64 56 61 0 58 126 165 145 171 0 0 0 0 0 0 0 141 139 133 133 152 177 174 175 178 178 185 182 181 184 186 189 188 159 143 159 158 150 164 151 152 157 151 152 156 164 158 71 55 52 54 57 59 51 66 43 48 50 50 61 74 84 77 146 0 158 165 165 151 153 156 
0 0 0 0 130 120 123 124 120 125 128 0 0 0 0 0 127 126 123 120 117 113 114 108 103 110 95 0 0 0 109 0 0 0 0 0 0 0 0 0 36 36 36 36 36 36 36 36 36 36 36 80 62 55 52 61 63 69 60 65 63 80 132 164 135 164 0 0 0 0 0 0 0 141 139 140 133 136 133 145 162 174 182 186 193 186 190 194 192 186 187 141 152 161 153 162 157 157 145 150 163 149 164 110 57 54 57 57 51 56 51 59 56 48 46 48 62 75 87 81 0 157 158 161 154 145 142 147 
0 0 0 0 125 118 115 0 123 124 122 0 0 0 0 0 129 133 120 120 107 121 110 119 124 124 115 100 112 0 0 0 0 33 0 0 39 39 39 39 39 39 39 0 39 39 39 39 39 0 39 110 88 65 60 59 59 62 65 63 62 62 128 155 131 0 0 0 0 0 0 0 0 0 127 126 127 120 121 125 118 122 121 124 129 144 146 145 151 139 132 128 122 144 147 154 155 152 149 155 161 149 116 70 57 59 49 54 52 49 47 50 51 49 45 48 61 82 84 76 0 0 152 156 154 157 151 149 
0 0 0 0 0 151 148 152 155 149 154 0 0 0 0 0 152 145 146 140 130 134 131 129 129 122 118 114 107 121 0 0 0 36 40 0 0 42 42 42 42 42 42 42 0 0 0 0 0 0 0 104 109 107 76 58 46 57 61 59 77 76 126 158 139 166 0 0 0 0 0 0 0 0 152 155 156 148 145 153 161 154 152 152 154 153 159 153 0 162 154 156 156 134 161 186 186 186 186 192 175 128 113 63 55 51 46 58 53 45 54 53 48 52 52 43 51 79 85 82 0 0 0 170 160 168 163 165 
0 0 0 0 0 136 0 0 0 0 0 0 0 125 0 0 119 105 103 0 0 0 0 0 0 0 0 0 0 0 0 0 0 0 0 0 0 0 43 43 43 0 0 0 0 0 0 0 0 43 43 92 77 97 83 73 53 69 86 85 104 118 142 165 138 165 0 0 0 0 0 0 0 0 162 155 158 151 150 152 158 158 152 160 157 0 160 158 0 156 149 158 162 159 140 146 0 0 187 0 0 0 0 0 0 0 0 53 0 0 0 0 0 0 0 0 60 81 85 100 0 0 168 170 154 164 155 163 
0 0 0 0 0 160 120 118 0 0 0 0 0 0 0 0 128 158 154 157 0 149 152 113 123 0 114 121 109 118 113 112 62 41 45 41 38 38 38 38 38 38 38 0 38 38 0 0 38 38 38 102 105 83 60 67 53 64 71 71 83 92 143 170 141 167 0 0 0 0 0 0 0 151 146 157 156 150 148 150 148 155 156 161 163 0 0 0 143 0 104 0 0 0 0 0 0 0 0 0 0 0 0 0 0 0 0 0 0 0 0 54 52 51 51 51 59 84 78 126 0 0 0 167 167 161 164 167 
0 0 0 0 167 168 133 132 148 0 0 0 0 0 0 117 128 167 115 102 0 0 93 90 119 122 0 110 117 124 111 113 67 36 39 37 40 40 40 40 40 40 40 0 0 0 40 40 40 40 40 99 77 90 83 62 52 56 60 57 68 63 120 168 140 0 0 0 0 0 0 0 0 149 146 154 157 157 146 154 151 149 152 159 161 0 0 123 138 0 0 0 0 0 150 0 0 0 121 108 0 0 63 67 56 56 56 51 48 0 56 50 49 49 45 45 62 75 77 138 0 0 172 168 168 162 164 161 
0 0 0 0 0 0 0 0 0 0 0 0 0 0 0 134 125 164 115 129 124 132 127 125 126 120 127 0 115 118 106 111 0 39 34 39 33 33 33 33 33 33 33 0 0 0 0 33 33 33 33 111 102 126 126 107 94 87 104 117 94 89 115 155 137 165 0 0 0 0 0 0 0 116 122 119 139 123 133 118 132 118 110 133 0 0 0 119 123 110 112 0 0 110 136 153 0 161 91 64 65 0 62 63 50 49 53 52 0 0 46 49 47 52 0 0 0 77 75 137 0 0 0 162 161 163 165 159 
0 0 0 0 0 0 0 0 0 0 0 0 0 0 0 0 129 168 118 116 124 122 120 128 120 113 115 120 107 118 98 105 63 0 33 35 37 37 37 0 37 37 37 0 0 0 0 37 37 37 37 121 125 146 160 150 155 155 156 144 68 85 146 168 146 169 0 0 0 0 0 0 0 124 123 132 139 0 0 122 141 135 126 130 134 0 0 134 146 135 124 0 0 0 0 154 163 0 137 70 0 0 62 62 50 55 52 49 0 0 49 49 48 46 52 48 52 68 74 112 0 0 175 166 159 166 161 162 
0 0 0 0 0 0 0 0 0 0 0 0 0 0 0 0 126 165 135 110 114 108 103 118 124 0 0 113 105 121 103 0 65 30 0 40 39 39 39 39 39 39 39 39 0 0 0 0 39 39 39 79 83 94 116 131 128 128 124 124 128 125 144 164 159 175 0 0 0 0 0 0 0 0 103 104 108 0 0 104 120 126 132 107 114 0 0 114 100 103 88 0 0 0 0 0 157 161 169 126 0 0 0 0 0 0 0 51 0 0 0 0 0 0 0 48 56 81 79 86 0 0 0 160 165 162 158 162 
0 0 0 0 0 0 126 146 132 184 168 162 0 0 0 136 124 162 152 135 130 131 112 116 124 119 114 0 106 0 0 0 0 35 41 0 0 35 35 35 35 35 0 0 0 0 0 35 0 35 0 0 0 122 118 101 83 73 71 83 87 86 118 153 141 172 0 0 0 0 0 0 0 122 126 130 121 0 0 133 145 140 134 135 136 0 0 140 131 121 122 0 0 0 150 161 0 162 162 0 0 0 0 64 43 50 53 52 0 0 0 46 48 50 51 50 63 76 79 81 0 0 0 161 163 166 152 163 
0 0 0 0 0 0 0 0 132 173 0 0 0 0 0 0 111 163 108 122 125 117 0 0 118 113 118 112 0 0 101 104 0 38 39 36 36 0 36 36 36 0 0 0 0 0 0 0 36 0 0 0 0 0 0 133 141 130 117 88 118 140 141 163 149 176 0 0 0 0 0 0 0 0 115 101 106 106 107 117 120 109 132 124 111 0 0 102 120 103 106 0 0 0 153 162 0 0 161 161 0 0 147 98 99 50 50 49 61 0 52 53 51 54 49 47 56 75 80 80 0 0 0 164 160 172 158 165 
0 0 0 0 0 0 0 0 0 0 0 0 0 0 0 0 119 159 115 136 141 141 126 126 0 0 0 113 0 0 0 107 0 40 43 35 36 36 36 36 36 36 0 0 0 0 0 36 0 36 36 144 142 0 0 0 0 121 125 103 128 130 145 174 151 182 0 0 0 0 0 0 0 0 132 134 145 0 130 150 143 133 132 141 0 0 0 137 130 133 133 0 0 131 141 161 0 0 138 163 128 0 88 135 163 88 47 52 0 0 52 48 49 57 51 48 48 0 82 91 0 0 0 164 161 169 166 170 
0 0 0 0 0 182 129 139 135 172 133 0 0 0 0 110 117 161 121 101 98 103 100 104 119 119 112 112 0 0 0 0 0 39 0 31 0 36 36 36 36 0 0 0 0 0 36 36 36 36 36 114 97 0 115 104 79 68 70 73 57 70 126 156 145 168 0 0 0 0 0 0 0 0 104 118 116 95 114 111 121 132 0 0 0 0 0 0 0 0 0 0 0 0 0 0 0 0 85 112 71 0 0 0 0 0 0 51 0 0 0 0 0 0 0 48 52 71 81 114 0 0 0 162 171 167 164 169 
0 0 0 0 0 147 130 126 139 172 162 0 0 0 0 100 123 153 153 143 145 140 130 104 120 0 0 115 107 0 0 0 67 0 35 33 37 37 37 37 37 37 37 37 37 0 0 37 37 37 37 94 78 104 0 84 79 120 89 109 98 100 146 164 146 164 0 0 0 0 0 0 0 0 126 113 125 127 123 116 135 154 0 0 0 0 0 0 130 141 129 137 0 0 0 162 167 0 66 88 75 0 0 58 52 52 49 48 53 0 0 50 49 49 50 51 50 66 87 160 0 0 0 164 170 163 166 174 
108 0 0 0 0 128 149 122 106 0 0 0 0 0 0 0 100 112 110 106 116 105 105 115 127 0 116 0 100 0 0 0 0 35 0 36 30 30 30 0 0 0 0 0 0 0 0 30 30 30 30 45 0 0 66 81 76 86 84 79 106 98 133 176 148 161 0 0 0 0 0 0 0 96 109 107 89 116 112 124 130 133 126 0 0 144 124 125 125 131 131 126 123 0 0 159 159 151 79 87 77 77 0 129 92 90 49 53 54 53 0 0 49 54 49 54 54 71 118 168 0 0 0 158 158 158 161 171 
148 0 0 0 0 0 142 149 0 0 0 0 0 0 0 138 137 138 140 134 130 132 137 132 124 106 111 108 100 0 0 0 0 46 41 33 32 32 32 32 32 32 32 0 0 0 0 0 32 32 32 42 0 0 0 0 0 62 52 51 84 64 111 157 147 159 0 0 0 0 0 0 122 114 101 110 106 131 117 126 139 140 137 0 0 146 136 129 129 134 130 0 0 0 0 0 153 160 143 108 73 79 0 0 107 0 0 57 56 0 0 0 0 0 0 0 0 69 119 163 0 0 0 157 163 168 164 167 
0 0 0 0 149 129 0 121 123 137 146 0 0 0 0 0 135 137 136 131 131 134 0 0 0 0 0 0 0 0 0 0 0 0 0 0 33 0 0 0 0 0 33 0 0 0 0 33 33 0 0 0 0 0 70 52 83 82 50 56 65 52 0 0 129 154 0 0 0 0 0 0 116 0 0 0 0 124 113 117 119 149 139 141 148 142 145 136 142 148 140 134 137 134 0 160 162 0 0 0 0 128 158 105 69 60 59 60 58 56 58 59 56 54 57 54 56 75 107 167 0 0 0 161 170 176 174 165 
0 0 0 0 0 126 153 0 150 133 99 0 0 0 0 0 146 147 134 133 135 135 122 126 122 0 0 0 0 0 0 0 0 35 36 0 31 31 31 31 31 31 31 31 0 0 31 31 31 0 0 0 0 0 0 46 45 54 52 0 52 48 0 0 130 157 134 0 0 0 0 0 0 0 0 0 0 121 131 118 116 144 136 0 0 0 0 0 0 0 0 0 0 0 134 0 0 0 0 0 0 0 0 0 0 122 60 63 69 60 63 58 64 59 64 54 57 68 99 142 0 0 0 173 174 175 175 171 
171 117 0 0 164 164 128 125 0 178 130 0 0 0 0 0 138 133 134 128 128 136 0 0 0 0 0 0 104 0 0 0 0 0 38 33 0 31 31 31 0 31 31 0 0 0 0 31 31 0 0 0 0 0 0 43 47 50 65 52 59 59 0 150 130 159 0 0 0 0 0 0 0 0 0 0 133 126 124 128 137 145 155 0 0 0 160 0 0 0 0 0 0 0 0 0 0 0 156 158 0 0 160 150 153 120 57 65 63 61 56 58 69 65 59 58 55 82 93 91 0 0 0 164 171 171 166 167 
160 117 0 0 0 113 127 131 0 0 129 0 0 0 0 0 135 135 134 138 0 0 0 0 0 0 0 0 0 0 0 0 0 0 0 0 0 0 0 0 0 0 0 0 31 0 0 31 31 0 0 0 53 50 51 61 51 57 51 52 53 51 0 156 131 156 0 0 0 0 0 0 0 0 146 140 146 150 151 152 151 172 169 0 0 177 173 176 0 0 167 170 0 164 112 109 0 131 145 159 171 0 0 153 158 93 55 63 62 62 59 55 68 63 66 66 59 79 88 91 0 0 0 169 171 176 176 156 
157 0 0 0 0 139 0 0 122 169 130 0 0 0 0 0 134 136 137 133 0 0 0 0 0 0 0 0 0 0 0 0 0 0 0 0 0 0 0 0 0 0 31 31 31 31 0 31 0 0 0 0 58 58 40 47 48 53 55 52 54 46 94 149 131 159 0 0 0 0 0 0 0 0 0 0 140 145 151 152 150 162 169 0 0 164 172 173 0 0 0 164 159 110 51 0 0 61 51 120 0 0 0 160 137 58 57 65 59 63 66 55 58 61 63 62 60 76 94 90 0 0 0 175 172 169 172 144 
156 0 0 0 112 144 141 141 120 161 141 0 0 0 0 0 133 131 130 128 129 131 128 114 125 115 121 115 101 116 101 0 0 0 32 34 0 35 35 35 35 35 35 35 35 35 35 0 35 0 0 0 0 56 42 49 45 54 43 51 56 53 0 146 131 160 0 0 0 0 0 0 0 0 0 0 144 151 146 153 150 144 168 0 0 0 0 0 0 0 0 168 155 81 55 0 58 58 59 84 99 0 0 146 84 85 64 69 58 62 61 62 66 58 64 61 58 87 101 100 102 0 0 173 175 173 161 144 
157 0 0 0 0 142 139 126 108 116 117 0 0 0 0 0 133 131 132 121 128 131 126 121 121 118 122 114 101 107 97 100 0 0 0 35 34 34 34 34 34 34 34 34 34 34 34 0 34 34 0 0 0 0 57 64 47 48 56 58 50 51 97 146 128 166 0 0 0 0 0 0 0 0 0 151 147 146 144 144 153 153 163 0 0 171 166 0 0 174 0 0 0 91 61 0 55 58 45 48 59 68 0 89 66 111 59 56 61 56 60 63 60 66 64 65 54 91 98 100 112 0 0 171 173 171 152 146 
160 0 0 0 0 140 143 141 143 0 0 0 0 0 0 0 135 126 127 135 133 132 133 120 115 116 107 114 99 107 101 96 0 0 0 0 41 41 41 0 0 0 41 41 41 41 41 41 41 41 0 0 0 0 53 49 41 51 56 55 54 0 95 141 136 171 0 0 0 0 0 0 0 0 139 137 148 146 146 144 145 149 149 0 0 170 165 0 0 177 172 0 0 104 51 0 75 64 53 54 51 0 0 0 66 67 59 61 58 63 66 65 64 62 61 67 61 94 89 131 178 0 0 174 149 101 123 147 
163 0 0 0 0 118 144 141 142 136 0 0 0 0 0 0 140 130 130 125 132 127 124 125 126 122 110 107 102 105 101 100 0 0 0 0 30 30 30 0 0 0 30 30 30 30 30 30 30 0 30 45 47 55 0 47 48 50 50 52 55 64 96 144 132 151 0 0 0 0 0 0 0 148 146 141 141 0 0 147 143 154 153 0 0 176 167 163 0 177 175 0 0 123 80 0 0 69 65 0 58 55 51 51 57 53 54 55 57 60 58 63 59 63 57 65 62 102 140 162 174 0 0 173 88 43 43 83 
172 114 0 0 176 117 104 109 111 0 0 0 0 0 0 0 132 135 135 124 119 122 122 122 123 118 111 101 102 103 104 100 81 0 0 0 31 31 31 31 31 31 31 31 31 31 31 0 31 31 0 47 41 45 45 50 49 48 49 49 64 56 88 146 128 148 0 0 0 0 0 0 145 144 145 149 143 0 0 0 154 151 146 0 0 164 159 0 0 0 145 142 0 109 92 79 0 0 0 0 0 0 0 57 55 53 55 53 55 59 66 63 64 63 65 63 69 115 175 173 171 0 0 109 49 49 49 40 
171 0 0 0 147 174 162 153 154 0 0 0 0 0 0 0 127 133 126 128 0 122 116 119 116 121 112 99 110 0 0 0 0 0 0 0 30 30 30 30 30 30 30 30 30 30 30 30 30 30 30 42 42 41 43 49 47 46 50 49 56 51 86 146 131 149 0 0 0 0 0 143 155 146 150 141 141 148 0 0 0 151 149 0 0 0 168 178 0 153 108 107 0 0 100 93 0 0 0 70 0 0 0 52 52 54 52 52 58 60 63 59 59 65 69 61 77 122 177 172 176 0 0 67 49 50 47 38 
122 0 0 0 112 111 131 138 139 128 115 0 0 0 0 0 133 127 126 125 120 124 123 113 117 120 0 0 0 102 0 102 86 0 0 0 0 0 31 31 31 31 31 31 31 31 31 31 31 31 31 42 49 50 46 42 43 49 52 50 53 55 90 142 127 0 0 0 0 0 0 139 146 142 150 146 148 0 0 0 0 0 142 152 0 0 171 159 0 0 109 111 0 0 71 83 101 0 0 0 65 64 64 64 60 59 60 56 57 60 53 51 61 62 62 54 80 116 171 169 176 0 0 85 57 47 49 41 
131 132 0 0 140 142 130 128 0 128 136 0 0 0 0 0 123 126 122 116 120 116 115 112 110 109 0 0 0 0 0 97 98 0 0 0 0 0 0 31 31 31 31 31 0 0 31 31 31 31 31 47 51 51 47 42 48 50 0 0 0 53 87 150 124 0 0 0 0 0 137 142 148 141 139 151 151 0 0 0 0 143 122 143 167 0 184 186 175 169 110 83 76 0 88 101 97 94 79 0 0 59 61 61 56 45 42 43 42 66 71 61 52 59 53 50 83 94 145 176 0 0 0 111 102 60 74 52 
133 0 0 0 0 0 0 0 0 0 0 0 0 0 0 0 117 126 122 114 115 116 116 114 111 108 109 0 0 0 0 0 0 0 0 0 0 0 0 0 35 35 35 0 0 0 0 0 35 35 35 48 49 49 49 55 56 46 49 0 0 0 0 147 128 0 0 0 0 0 0 131 128 129 126 0 0 0 0 0 0 186 181 180 150 137 145 171 0 192 144 107 110 103 0 107 99 98 91 75 70 60 58 65 54 50 48 43 43 52 75 101 66 54 52 55 83 106 114 99 82 0 0 130 65 77 128 51 
0 0 0 0 0 0 0 0 0 0 138 0 0 0 0 0 128 131 119 131 127 124 121 113 118 116 108 0 0 0 0 0 0 38 34 30 0 0 0 35 35 35 35 0 0 0 35 35 35 35 35 0 0 54 50 61 61 0 0 0 0 0 93 143 131 0 0 0 134 136 0 0 133 140 141 146 136 129 184 0 0 0 170 114 95 0 0 117 166 0 0 96 0 0 0 0 81 86 86 70 95 125 64 67 60 59 59 53 0 64 87 99 0 51 50 52 88 115 71 44 37 0 0 65 41 62 65 42 
144 0 0 0 0 0 141 137 142 142 134 0 0 0 0 0 122 131 127 0 0 0 0 0 0 0 0 0 0 0 0 0 94 48 35 34 31 0 0 0 31 31 31 31 0 31 31 31 31 31 0 0 0 0 0 0 56 0 53 0 0 0 0 144 146 0 0 0 0 147 139 136 0 0 144 129 141 0 188 0 0 185 126 110 112 0 0 92 118 170 0 0 85 93 113 105 102 100 93 105 85 149 153 133 93 54 61 66 56 51 63 59 52 53 64 84 96 63 50 45 44 0 0 0 100 43 41 41 
0 0 0 0 0 140 135 139 141 0 0 0 0 0 0 0 131 131 127 123 123 120 116 118 0 0 0 0 0 0 0 95 91 49 45 43 43 0 0 0 0 43 43 43 0 0 43 43 0 0 0 0 0 0 0 0 55 58 63 71 68 0 89 151 0 0 0 132 142 140 137 135 136 0 0 150 168 178 0 0 0 0 145 96 91 97 0 0 112 97 0 0 0 0 64 77 100 96 119 134 76 97 161 163 138 68 56 62 70 67 48 52 68 70 95 84 46 43 49 45 42 0 0 0 48 41 49 40 
0 0 0 0 0 0 0 134 0 136 137 0 0 0 0 0 125 122 116 124 0 0 125 0 0 0 0 0 0 0 0 95 94 47 33 37 0 0 0 0 0 0 38 38 38 0 0 0 0 0 38 47 0 0 57 66 52 52 0 0 0 0 0 0 0 179 158 129 158 145 146 163 146 123 0 0 173 130 0 0 0 0 0 0 0 0 0 0 0 0 0 0 0 0 56 56 62 103 159 124 98 55 97 125 82 47 61 69 73 67 57 79 93 84 68 46 41 46 44 45 40 0 0 0 42 44 49 36 
138 0 0 0 0 137 138 138 139 137 143 133 0 132 0 0 126 126 121 128 123 124 0 0 0 0 0 104 0 0 0 95 100 49 28 35 0 0 0 34 0 0 34 34 34 34 0 0 0 34 34 50 56 0 0 65 52 48 0 0 56 55 92 149 144 169 163 137 143 152 131 156 130 148 176 186 0 0 0 0 0 0 167 104 0 0 0 0 0 0 0 0 0 0 56 49 48 64 97 86 58 55 69 51 45 38 34 42 42 62 61 71 63 46 47 43 39 33 37 45 46 0 0 0 38 39 58 59 
141 0 0 0 0 136 137 138 135 139 144 0 0 0 0 0 130 131 125 125 127 129 0 0 0 0 113 116 102 0 0 0 95 51 33 34 35 0 0 35 0 0 35 35 35 35 35 35 0 0 0 45 47 49 0 92 55 58 0 0 0 56 91 156 174 182 155 134 0 164 139 144 150 174 173 182 0 0 0 0 0 0 182 136 100 99 87 0 0 0 86 169 163 68 55 52 49 61 52 50 69 115 105 77 90 75 50 45 42 48 55 49 42 46 43 45 40 63 45 50 48 0 0 0 46 54 46 112 
129 0 0 0 0 0 0 0 0 0 128 0 0 0 0 0 124 107 104 107 90 0 0 0 0 0 116 116 101 0 0 0 101 53 40 34 33 0 0 33 0 0 0 33 33 33 0 33 33 0 0 47 0 0 0 0 0 0 0 0 0 59 85 150 164 184 162 0 0 0 136 146 180 179 0 0 0 0 0 0 0 0 173 154 127 0 0 94 105 113 0 174 133 53 60 70 67 60 0 56 74 86 68 0 84 103 68 0 53 49 48 45 42 43 51 47 0 63 91 48 50 0 0 0 51 99 44 112 
0 0 0 0 0 0 0 0 0 0 69 0 0 0 0 0 76 64 71 0 61 0 0 0 0 0 117 112 103 0 0 93 98 49 31 33 36 0 0 0 0 0 0 36 36 36 0 0 0 0 0 0 0 54 51 0 113 91 119 0 0 55 92 149 158 173 171 0 0 0 0 163 181 177 185 0 0 0 0 0 176 169 80 81 86 0 0 0 99 83 132 0 132 82 0 79 71 0 0 58 68 62 59 49 0 43 49 45 42 0 51 48 50 47 58 55 49 0 96 79 42 0 0 0 42 44 77 136 
92 0 0 0 0 0 0 0 0 65 65 76 0 0 0 0 49 53 90 62 0 0 0 0 0 110 106 104 104 0 0 89 93 47 29 29 30 0 0 0 0 0 0 30 30 30 0 30 30 30 0 46 51 48 50 71 0 85 112 57 48 57 90 157 176 198 182 142 0 0 143 177 167 176 0 0 0 0 0 0 0 107 85 107 110 97 0 0 0 117 89 0 0 121 0 0 0 0 0 0 73 73 60 49 39 0 41 44 38 0 0 0 0 0 0 0 0 0 0 119 44 0 0 0 40 54 88 109 
127 75 0 0 54 0 0 0 80 59 73 86 0 0 0 0 0 57 72 60 0 77 0 0 0 111 109 104 0 0 0 89 92 50 34 35 31 0 0 0 0 0 0 31 31 31 31 0 0 0 0 53 51 53 46 57 0 0 0 0 0 55 84 151 185 207 184 149 151 0 0 166 164 0 0 0 0 0 0 0 156 85 72 92 93 92 0 0 0 0 0 0 0 0 0 0 61 0 0 0 80 68 0 0 0 0 0 52 56 0 0 0 0 43 39 45 0 0 0 0 46 0 0 0 41 43 49 47 
0 0 0 0 86 126 0 0 111 107 102 116 0 0 0 0 92 86 102 88 0 0 0 0 103 110 105 104 99 0 99 80 91 53 0 32 30 30 0 0 0 0 0 0 0 0 0 0 0 0 0 60 50 0 0 0 0 0 0 0 0 60 83 147 158 184 0 137 135 122 0 153 148 0 0 156 0 0 0 0 0 94 87 109 0 0 0 0 0 0 0 0 0 0 0 0 0 0 0 0 61 0 0 0 0 0 0 0 0 0 0 0 0 0 0 0 0 0 0 42 40 0 0 0 46 54 50 58 
0 0 0 0 0 134 0 0 0 132 131 128 0 0 0 0 0 125 125 125 0 0 0 121 118 113 108 105 99 96 107 87 92 59 0 33 33 33 0 0 0 33 33 0 0 0 0 0 0 0 33 67 58 0 48 55 55 67 0 51 54 60 83 144 134 159 0 0 149 133 161 165 164 148 0 162 152 0 0 0 0 0 93 96 0 0 0 0 0 0 0 0 0 0 0 0 0 0 0 0 60 0 0 0 0 0 0 0 0 0 0 0 0 0 0 0 0 0 44 40 39 0 0 0 40 44 51 53 
138 0 0 0 131 122 126 0 0 132 132 0 0 0 0 0 0 128 128 118 0 0 0 0 118 113 106 107 93 93 104 89 96 56 0 0 30 30 0 0 0 0 30 30 0 0 30 30 0 0 30 54 45 0 0 53 54 62 91 0 52 54 83 146 145 162 153 141 0 144 0 172 164 150 0 0 0 0 0 0 0 138 121 104 99 100 104 99 89 153 0 0 153 79 120 157 155 74 164 177 119 42 43 45 57 42 39 48 54 59 42 46 51 42 42 42 49 41 40 77 53 0 0 0 41 46 93 124 
0 0 0 0 0 0 0 0 0 0 140 0 0 0 0 0 128 130 127 0 0 0 0 0 0 0 0 0 0 0 0 0 0 0 0 0 0 33 33 0 0 0 33 33 33 0 0 33 0 0 33 78 0 0 0 103 86 83 0 71 55 53 0 0 0 0 0 0 0 0 0 0 0 0 0 0 0 0 0 0 0 180 199 174 123 109 107 103 76 86 0 0 0 80 52 72 105 48 83 137 109 165 142 98 58 54 50 54 55 46 43 62 58 87 55 52 88 69 76 87 69 0 0 0 57 43 102 98 
0 0 0 0 0 0 132 128 0 130 129 0 0 0 0 0 124 122 111 0 0 125 0 0 0 0 0 0 0 0 0 0 0 0 0 0 0 0 0 0 0 0 0 29 29 29 0 0 29 0 0 66 61 0 0 0 0 0 0 48 52 0 0 0 0 0 0 0 0 0 0 0 0 170 184 165 0 0 0 0 156 179 197 199 173 141 110 101 138 0 0 0 0 0 88 74 53 49 47 52 88 118 97 94 68 69 66 59 69 50 42 64 91 88 65 54 82 93 150 86 58 0 0 0 51 46 44 44 
0 0 0 0 0 0 0 132 131 131 132 128 0 0 0 0 119 125 120 0 0 0 0 0 0 112 113 106 98 87 0 0 0 0 32 33 31 31 31 0 0 0 0 0 0 31 31 0 0 0 0 0 0 55 54 47 74 68 54 62 56 0 0 0 135 151 0 0 0 140 151 159 0 175 164 176 163 0 0 0 0 185 184 194 189 117 0 0 0 0 0 0 0 0 87 60 55 49 85 83 104 70 71 65 67 67 54 69 60 49 49 57 74 66 58 45 100 135 109 60 56 0 0 0 54 44 46 43 
0 0 0 0 0 0 0 0 0 0 0 0 0 0 0 0 0 128 119 0 0 0 0 0 0 0 111 110 99 0 0 0 0 0 35 38 35 35 0 0 0 0 0 0 0 0 35 0 0 0 0 0 0 56 92 87 101 88 98 105 42 55 0 0 149 180 154 0 0 137 156 168 0 0 0 0 0 155 0 0 0 0 180 188 0 0 0 0 0 0 0 0 0 0 151 101 64 72 125 147 119 55 62 63 76 52 50 45 57 49 49 49 59 49 51 41 80 72 70 73 85 0 0 0 87 85 78 54 
133 132 0 0 0 132 137 134 116 124 133 130 0 0 0 0 113 119 118 115 0 0 0 0 112 99 98 94 90 84 101 0 0 0 38 36 35 0 0 0 0 0 0 0 35 0 0 0 0 0 35 44 0 0 0 59 51 60 54 50 49 53 0 0 126 152 144 0 0 0 148 159 154 0 0 0 0 0 156 0 0 0 0 159 0 0 0 0 0 0 171 152 90 144 186 175 131 111 120 130 50 45 120 135 130 51 43 44 46 44 51 56 51 53 77 56 61 49 59 62 81 0 0 0 84 86 74 46 
112 105 109 0 0 107 0 0 96 89 103 105 0 0 0 0 0 89 97 81 0 0 0 0 0 90 82 70 67 0 105 97 0 0 31 35 33 33 0 0 0 33 33 0 0 33 33 33 33 0 33 0 0 0 0 44 44 51 62 49 53 58 0 0 0 0 0 0 0 0 152 146 149 0 0 0 158 146 140 0 0 0 0 148 143 148 152 148 149 168 168 154 0 0 0 110 72 42 53 0 0 0 0 0 94 35 49 39 39 42 0 0 0 0 0 0 0 59 105 86 77 0 0 0 101 115 83 39 
102 107 105 0 98 102 100 100 104 102 104 0 0 0 0 0 98 100 94 92 0 0 87 90 91 0 81 84 80 80 0 91 92 69 31 35 32 32 32 0 0 32 32 32 0 0 32 32 32 0 0 0 0 0 44 41 50 51 58 51 54 52 83 0 0 0 0 0 0 0 0 0 0 0 0 0 0 151 154 0 0 0 0 0 0 0 0 0 0 0 0 0 0 0 0 0 0 0 0 0 0 0 0 0 0 0 0 0 0 0 0 0 0 0 0 0 0 0 0 139 114 0 0 0 150 146 108 46 
111 114 106 0 101 107 102 109 114 112 111 0 0 0 0 0 105 107 100 96 0 0 87 95 94 84 82 77 80 74 107 90 0 73 32 0 0 0 0 0 0 34 34 34 34 0 34 34 34 0 0 0 0 0 47 40 44 55 59 53 0 0 79 0 0 0 140 121 0 0 0 0 0 0 0 0 144 138 0 0 0 0 0 0 0 0 0 0 0 0 0 0 0 0 84 79 77 48 42 52 109 125 73 61 44 50 45 48 46 36 53 54 51 44 89 75 56 95 71 130 104 0 0 0 191 177 77 44 
123 0 0 0 0 0 110 111 0 115 108 0 0 0 0 0 103 101 99 0 0 0 0 92 89 87 80 86 76 84 106 93 91 0 37 34 37 37 37 0 0 37 37 37 37 0 0 0 0 37 0 0 0 63 58 45 42 52 0 0 0 50 75 148 0 0 144 0 0 0 0 153 135 145 0 0 135 136 0 0 0 0 0 155 162 150 152 0 0 0 0 0 0 0 0 102 111 104 71 44 42 40 47 43 49 125 60 46 42 63 56 50 43 44 45 49 44 52 74 102 53 61 0 0 74 70 44 69 
0 0 0 0 0 0 0 0 0 114 109 0 0 0 0 0 96 96 95 100 0 0 0 0 0 0 88 82 0 0 0 0 0 0 0 0 0 0 35 35 0 35 35 35 35 0 0 35 35 35 0 0 0 55 0 0 0 0 61 0 0 0 89 142 133 0 0 0 0 0 129 162 141 150 157 0 0 148 0 0 0 0 153 155 166 170 166 0 0 0 158 185 113 0 0 0 93 94 52 44 40 44 43 42 77 130 74 43 52 52 49 56 46 40 39 38 46 79 112 75 48 69 0 0 37 49 40 94 
163 0 0 0 119 120 114 113 107 102 105 108 0 0 0 0 95 101 108 107 0 0 0 87 87 0 0 0 0 0 0 0 0 0 0 0 0 0 0 33 0 33 33 33 33 33 33 33 33 33 33 49 68 0 0 0 0 55 57 56 0 46 79 142 0 0 0 0 0 133 0 153 151 144 152 147 0 0 0 0 0 0 155 164 159 163 175 0 0 0 0 173 108 72 59 54 50 47 49 53 48 47 42 42 78 130 88 43 43 48 43 54 44 31 35 69 114 63 48 41 44 87 0 0 44 49 40 44 
164 0 0 0 123 118 118 117 107 113 111 112 0 0 0 0 104 106 109 108 103 0 0 88 85 0 79 83 79 73 0 88 90 84 36 39 0 34 34 34 34 34 34 34 34 34 34 34 34 34 34 44 47 46 0 0 51 54 49 52 44 48 80 143 131 0 0 0 129 0 128 124 162 141 144 135 0 0 0 0 0 152 144 155 156 159 147 0 0 0 141 162 113 49 60 51 49 51 44 41 42 51 49 41 52 124 73 48 43 47 43 45 42 45 35 73 103 38 46 45 38 44 0 0 49 50 45 71 
137 143 0 0 136 101 114 118 111 112 111 0 0 0 0 0 101 105 111 108 109 103 0 0 0 82 76 77 78 74 106 92 89 89 0 0 37 37 0 37 37 0 37 37 37 37 37 0 0 0 37 44 42 46 0 0 0 44 52 54 46 47 78 138 133 0 0 0 142 135 136 126 0 168 173 143 0 0 0 0 0 0 135 133 131 160 140 137 131 149 146 147 174 106 49 52 52 56 83 0 55 48 42 40 41 66 64 45 45 41 41 43 45 49 39 40 50 44 46 47 47 0 0 0 39 36 60 119 
129 0 121 0 0 113 94 114 109 114 110 0 0 0 0 0 112 103 107 105 106 103 99 0 0 83 0 77 83 77 0 0 90 79 39 0 34 34 34 34 34 34 0 34 34 34 34 34 0 0 0 46 40 48 46 0 0 49 47 53 51 0 79 0 0 0 0 0 124 132 135 128 114 143 163 0 0 0 0 0 0 0 146 141 146 156 145 152 140 157 141 142 150 143 51 59 47 49 72 96 0 44 39 37 42 41 47 48 46 41 41 46 46 43 48 47 44 41 42 40 47 0 0 0 50 56 110 120 
120 121 0 0 131 129 97 112 117 108 105 0 0 107 0 0 120 106 107 107 98 104 97 0 0 85 73 89 81 84 111 101 98 87 0 0 0 0 36 0 0 0 36 36 36 36 36 36 0 0 36 48 52 44 45 44 0 0 47 50 47 43 75 136 130 148 141 121 120 123 0 119 128 0 0 0 0 0 0 0 141 141 147 151 144 150 149 154 147 149 149 149 154 141 62 51 51 53 51 57 0 0 45 41 37 43 58 46 45 42 41 41 43 36 45 46 42 46 36 44 48 0 0 0 74 130 122 124 
120 117 114 114 118 114 111 103 118 115 113 0 0 0 0 0 110 110 108 103 103 105 100 96 0 0 78 79 87 89 104 0 99 85 37 37 37 37 37 37 37 37 37 37 37 37 37 37 37 37 0 39 47 46 47 48 0 49 43 52 46 45 77 138 130 143 138 124 0 0 0 125 128 0 0 0 0 0 0 0 0 0 0 0 0 0 0 0 0 0 0 0 0 0 0 0 0 0 0 0 49 0 44 44 40 40 47 47 49 43 41 44 47 42 43 46 41 50 59 49 47 0 0 0 94 133 125 127 
137 135 143 147 154 149 141 123 114 114 119 0 0 0 0 0 109 107 103 103 105 105 104 96 100 0 0 0 0 0 0 0 0 91 42 39 38 38 0 0 0 0 0 38 38 38 38 38 38 38 38 44 47 50 47 49 0 0 47 51 54 44 74 142 126 140 135 0 0 0 120 0 0 0 0 0 0 0 0 0 0 0 0 0 0 0 0 0 0 0 0 0 0 0 0 0 0 0 0 0 0 48 42 37 39 40 45 51 48 42 44 42 41 43 38 45 45 48 63 46 51 48 0 0 140 158 157 152 
146 150 152 152 157 155 156 147 110 120 116 0 0 109 0 0 106 106 106 102 105 111 111 102 99 0 89 0 0 82 0 0 0 0 0 0 0 0 0 0 0 0 0 0 38 38 38 0 38 38 38 0 0 0 0 0 41 50 48 46 0 0 0 136 124 140 135 109 0 117 0 0 0 0 0 0 0 0 0 0 0 0 0 0 0 0 0 0 0 0 0 0 0 0 0 0 0 0 0 46 41 58 69 93 58 46 49 46 57 43 35 100 67 37 43 38 42 42 40 49 36 111 0 0 156 159 157 157 
142 151 150 150 153 156 157 159 115 126 125 0 0 0 0 0 114 109 112 103 106 106 110 107 0 97 93 95 0 0 0 0 95 0 0 0 0 0 0 0 0 38 38 38 38 38 38 0 0 0 0 0 0 0 0 0 0 45 50 55 0 0 0 133 125 138 129 107 109 0 0 0 0 0 0 0 0 0 120 120 0 154 161 164 165 166 159 160 165 0 0 152 125 102 106 112 116 107 95 71 72 75 55 81 45 51 51 54 47 41 40 74 50 38 43 40 52 39 34 47 104 151 0 0 132 129 132 128 
150 154 0 0 155 161 157 161 122 117 116 0 0 0 0 0 96 103 111 109 104 108 110 104 100 97 94 102 91 90 0 0 0 0 47 41 44 44 44 44 44 44 44 44 44 44 44 44 0 0 0 0 0 47 0 41 43 41 43 48 54 0 0 124 122 129 0 0 109 0 0 0 0 0 0 121 125 118 127 126 118 0 118 127 132 140 138 132 122 120 0 0 120 118 113 112 111 114 0 108 110 111 87 43 44 53 51 45 44 48 47 45 49 44 43 42 65 45 38 54 156 154 0 0 128 127 134 139 
125 130 135 132 128 131 136 152 130 111 112 0 0 0 0 0 100 101 104 107 0 102 105 105 104 105 97 93 92 88 109 110 0 0 0 41 43 43 43 43 43 43 43 43 43 43 43 43 43 43 0 0 48 47 40 44 41 41 47 52 62 54 0 125 122 133 0 108 0 0 0 0 0 125 123 121 0 118 120 123 116 118 0 121 118 114 119 120 116 0 123 0 0 123 116 111 114 113 103 113 105 103 65 45 47 47 50 41 36 47 48 46 54 52 45 46 47 46 40 72 157 161 0 0 121 119 131 137 
116 118 111 124 126 130 132 147 130 112 119 0 0 0 0 0 102 106 100 104 99 105 107 100 100 100 98 99 93 92 107 112 99 0 0 37 39 39 39 39 39 39 39 39 39 39 39 39 39 39 39 43 43 48 38 39 0 0 0 45 50 48 72 131 118 132 0 107 0 0 0 0 0 119 123 124 116 0 120 120 114 120 122 120 121 119 123 127 129 122 118 120 122 125 117 111 115 109 113 0 79 60 49 50 41 45 44 52 68 39 37 40 44 47 47 40 51 57 31 109 163 157 0 0 130 129 132 138 
117 124 127 125 117 124 119 142 132 0 120 0 0 0 0 0 100 106 107 101 102 111 105 99 100 98 88 93 87 90 102 111 97 100 50 35 39 39 39 39 39 39 39 39 39 39 39 39 39 39 39 39 42 48 44 42 0 0 0 0 59 49 75 128 0 0 0 0 0 0 0 0 0 119 118 115 115 118 119 117 112 0 122 126 118 0 128 124 0 122 123 120 119 0 0 108 104 112 0 0 46 47 46 46 51 48 44 68 97 45 40 43 43 45 43 70 105 84 55 76 132 158 0 0 129 125 124 124 
127 132 132 0 123 130 128 143 128 0 118 0 0 0 0 0 103 102 101 94 98 109 108 105 93 96 93 85 86 83 97 110 93 104 53 38 38 38 38 38 38 38 38 38 38 38 38 38 38 38 38 45 48 45 43 45 0 0 0 49 53 44 65 130 0 0 0 0 0 0 0 107 108 109 115 120 117 120 117 112 114 122 120 118 118 125 122 119 125 127 118 118 113 116 0 111 110 106 93 0 48 49 41 41 42 50 42 61 50 41 46 40 44 52 40 103 119 104 109 68 81 154 0 0 126 121 136 122 
125 126 0 0 127 128 123 139 129 109 108 0 0 0 0 0 101 100 97 99 98 104 104 99 96 99 89 84 78 74 90 104 93 93 50 47 37 37 37 37 37 37 37 37 37 37 37 37 37 37 37 43 51 44 44 0 48 48 0 0 50 48 68 121 0 0 0 0 0 0 0 0 0 117 117 0 114 0 0 0 0 114 111 122 125 123 122 124 121 117 114 112 112 114 108 105 104 101 82 47 44 47 38 41 43 45 39 44 41 38 43 41 46 45 37 79 125 124 116 96 132 150 0 0 134 124 137 131 
119 125 122 116 123 122 120 142 114 106 109 0 0 0 0 0 93 92 102 98 102 102 102 93 92 97 90 87 77 79 91 105 88 87 52 37 38 38 38 38 38 38 38 38 38 38 38 38 38 38 38 45 40 40 44 0 42 48 50 50 46 44 66 126 119 0 0 0 105 104 0 0 0 0 111 0 0 120 111 108 113 111 114 126 125 124 120 116 0 0 0 0 0 0 106 108 108 0 0 51 44 45 39 43 43 47 48 48 49 45 44 40 42 41 42 45 91 113 115 109 143 163 0 0 132 116 140 133 
127 135 128 128 124 0 0 0 105 105 107 109 0 0 0 0 95 94 99 98 96 105 97 95 92 90 83 79 88 82 92 108 81 90 48 33 32 32 32 32 32 32 32 32 32 32 32 32 32 32 32 41 44 39 40 0 55 56 47 48 51 49 72 122 113 134 0 0 0 0 0 0 0 112 0 0 0 0 0 106 0 0 0 0 0 0 0 0 0 0 0 0 0 0 0 0 0 0 0 97 56 43 45 45 42 44 47 45 41 44 45 40 41 42 42 45 48 103 96 110 120 151 0 0 0 143 149 148 
146 147 0 0 0 0 144 134 93 104 111 114 0 0 0 0 101 93 89 89 95 96 97 94 87 95 80 79 86 75 89 104 92 99 55 40 36 36 36 36 36 36 36 36 36 36 36 36 36 36 36 43 51 46 54 0 40 44 42 42 52 50 72 121 113 0 0 0 0 0 0 0 0 106 0 0 0 0 0 0 0 0 0 0 0 0 0 0 0 0 0 0 0 0 0 0 0 0 0 95 54 39 35 45 47 43 50 46 41 44 47 41 46 43 45 42 63 51 62 110 98 136 0 0 146 144 149 148 
143 143 0 0 144 141 144 117 95 99 105 0 0 0 0 0 98 98 94 91 93 95 95 91 91 87 82 80 81 77 89 106 89 103 54 40 39 39 39 39 39 39 39 39 39 39 39 39 39 39 0 0 0 0 0 0 40 43 44 0 0 0 0 0 0 0 0 0 0 0 0 0 0 0 107 0 0 103 104 104 105 0 109 109 103 107 116 118 112 113 111 108 95 100 102 103 103 102 95 118 123 105 112 72 46 53 54 48 44 41 67 57 50 52 71 52 67 74 84 97 93 113 0 0 145 148 151 144 
138 0 0 0 143 140 134 109 101 97 101 0 0 0 0 0 92 94 89 85 0 95 92 84 87 85 78 76 78 87 95 106 89 99 60 38 40 40 40 40 40 40 40 40 40 40 40 0 0 0 0 0 0 0 0 0 48 38 0 0 0 0 0 0 0 0 0 0 0 0 0 0 0 0 108 105 103 108 107 101 102 110 111 109 104 109 110 114 109 108 108 110 107 99 96 94 99 105 142 146 143 146 146 126 91 50 46 45 66 137 142 138 48 128 113 79 72 106 93 91 99 101 0 0 0 141 149 144 
139 141 0 0 139 139 116 102 101 101 94 0 0 0 0 0 94 93 88 91 90 96 91 85 84 83 82 78 72 78 89 0 84 94 55 35 41 41 41 41 41 41 41 41 41 41 0 0 0 0 0 0 0 0 0 0 41 0 0 0 0 0 0 0 0 0 0 0 0 0 0 0 0 0 0 107 107 107 99 100 100 106 103 105 106 101 103 103 107 105 106 105 102 99 98 93 108 144 138 139 141 145 148 143 145 90 44 47 111 147 144 113 51 133 136 94 58 98 87 90 96 100 0 0 139 145 141 142 
134 138 0 0 138 118 93 101 98 96 90 98 0 0 0 0 91 89 78 89 86 92 0 81 80 79 84 85 69 68 84 99 79 88 56 35 34 34 34 34 34 34 34 34 34 0 0 0 0 0 0 46 40 41 41 38 38 0 0 0 0 40 57 112 0 0 104 0 0 0 101 95 96 0 0 107 102 105 96 99 96 104 99 102 105 102 97 100 103 97 96 98 94 95 91 111 140 133 135 140 137 141 145 144 142 133 44 73 148 147 142 123 56 133 131 107 89 93 94 101 99 101 0 0 139 143 136 133 
136 135 133 128 125 89 88 0 93 83 86 0 0 0 0 0 90 79 78 80 81 92 84 80 72 76 76 76 74 64 72 91 81 90 63 37 36 36 36 36 36 36 36 36 0 0 0 0 0 0 36 38 39 39 34 44 49 47 0 0 0 50 61 0 0 0 108 0 0 0 91 92 91 97 0 0 94 97 88 91 92 90 91 96 95 98 97 102 104 99 98 98 88 87 91 133 135 133 136 136 136 137 138 136 138 137 68 54 128 145 140 84 110 135 134 125 132 97 93 95 99 101 0 0 0 134 136 130 
0 128 131 0 101 84 97 93 0 85 91 0 0 0 0 0 74 78 76 69 74 78 77 76 79 78 73 63 60 66 74 94 78 83 54 38 43 43 43 43 43 43 43 43 0 0 0 0 0 43 43 43 44 42 39 42 46 45 0 0 0 45 62 0 0 0 102 86 90 0 86 81 93 94 0 0 0 93 90 86 93 87 93 96 92 95 95 101 96 91 90 98 89 83 121 130 133 129 131 130 129 131 130 131 135 136 75 35 79 139 134 135 131 131 128 131 130 117 89 97 94 95 93 0 0 104 123 128 
128 124 109 93 91 84 75 0 88 91 88 92 0 0 0 0 72 75 72 72 73 76 74 72 66 65 66 65 62 57 68 89 75 83 56 40 41 41 41 41 41 0 41 0 0 0 0 0 41 41 41 36 42 43 43 44 45 39 0 0 0 43 0 0 0 0 102 93 84 80 86 81 86 89 88 92 0 0 88 85 93 89 91 86 88 93 94 85 87 84 83 93 96 108 123 128 126 127 125 128 0 129 120 132 129 134 68 87 78 131 128 134 126 128 128 127 128 131 96 97 93 90 0 0 0 85 85 114 
120 102 88 82 82 85 79 84 79 83 84 80 0 0 0 0 69 75 68 71 70 66 75 69 63 66 66 63 61 59 63 89 78 73 51 40 37 37 37 37 37 37 0 0 0 0 0 37 37 37 37 43 40 41 40 35 43 44 0 0 0 0 53 92 88 102 101 78 83 87 76 74 79 84 87 93 85 0 0 0 87 86 86 84 88 88 93 87 84 86 92 90 85 122 122 122 130 124 122 123 127 0 122 125 121 128 84 117 70 125 125 126 118 127 124 121 124 125 116 82 89 83 82 0 0 81 80 81 
90 88 79 77 77 81 77 71 73 71 75 0 0 0 0 0 66 66 66 66 69 71 71 72 65 71 66 60 61 58 61 79 71 80 55 43 37 37 37 37 37 37 0 0 0 0 37 37 37 37 37 42 38 43 43 43 46 43 0 0 0 0 61 94 83 104 103 67 86 83 79 70 77 76 84 84 77 85 0 0 0 0 81 86 85 94 90 85 88 84 87 85 88 118 118 117 120 119 117 115 121 115 116 121 127 123 123 122 88 120 117 112 119 122 117 115 115 123 113 80 87 85 80 0 0 81 79 78 
79 82 74 73 80 74 77 73 73 68 65 0 0 0 0 0 63 68 69 64 67 69 69 65 63 63 64 64 64 55 55 79 66 67 50 38 38 38 38 38 38 38 0 0 0 0 38 38 38 38 38 43 45 39 39 42 40 41 36 39 0 0 67 94 82 98 98 71 74 76 78 69 74 75 79 75 76 73 77 74 0 0 0 82 78 80 83 75 81 82 79 83 77 104 101 105 111 95 92 97 94 96 84 94 92 92 92 101 91 94 88 100 90 93 100 94 93 95 88 69 79 85 81 0 0 77 77 68 
68 72 77 73 74 74 70 73 70 69 63 0 0 0 0 0 61 67 64 62 0 67 63 58 61 56 65 64 60 54 48 78 63 66 57 35 37 37 37 37 37 37 37 0 0 0 37 37 37 37 37 43 42 42 42 43 47 51 39 40 47 0 56 92 81 92 98 69 67 73 73 75 74 80 71 71 70 71 72 70 69 71 73 76 78 77 75 70 77 76 76 70 82 95 100 103 103 89 87 84 85 77 104 90 87 90 94 87 89 93 108 89 90 94 104 95 98 99 97 78 75 83 82 0 0 79 78 71 
65 67 67 68 74 71 72 67 69 66 68 69 0 0 0 0 59 58 62 64 66 67 61 58 55 55 56 56 50 50 59 77 0 0 58 44 38 38 38 38 38 38 38 0 0 0 38 38 38 38 38 43 43 45 43 46 44 44 46 44 45 40 54 89 72 88 86 66 66 70 73 0 69 72 71 72 65 69 66 78 71 74 75 85 77 74 78 69 74 73 71 66 87 92 90 99 103 92 89 94 92 81 95 85 81 87 81 87 88 89 99 91 0 91 92 82 93 98 95 74 69 76 76 0 0 71 70 68 
64 66 63 68 68 77 68 69 72 67 65 73 0 0 0 0 60 62 62 60 0 67 63 58 54 52 59 53 54 52 55 69 65 64 59 42 37 37 37 37 37 37 37 0 0 37 37 37 37 37 37 40 40 0 0 0 45 43 42 43 46 45 50 75 0 0 0 0 0 71 67 63 0 66 68 68 69 67 70 69 0 72 73 72 73 75 69 69 67 71 70 59 83 88 92 89 94 86 81 92 94 85 84 87 86 86 86 92 85 83 87 84 92 91 96 89 93 92 86 86 68 70 75 0 0 66 66 0 

