0 0 0 0 0 0 0 0 0 0 0 0 0 0 0 0 0 0 0 0 0 0 0 0 0 0 0 0 0 0 0 0 0 0 0 0 0 0 0 0 0 0 0 0 0 0 0 0 0 0 0 0 0 0 0 0 0 0 0 0 0 0 0 0 0 0 0 0 0 0 0 0 0 0 0 0 0 0 0 0 0 0 0 0 0 0 0 0 0 0 0 0 0 0 0 0 0 0 0 0 0 0 0 0 0 0 0 0 0 0 0 0 0 0 0 0 0 0 0 0 0 0 0 0 0 0 0 0 
0 0 0 0 0 0 0 0 0 0 0 0 0 0 0 0 0 0 0 0 0 0 0 0 0 0 0 0 0 0 0 0 0 0 0 0 0 0 0 0 0 0 0 0 0 0 0 0 0 0 0 0 0 0 0 0 0 0 0 0 0 0 0 0 0 0 0 0 0 0 0 0 0 0 0 0 0 0 0 0 0 0 0 0 0 0 0 0 0 0 0 0 0 0 0 0 0 0 0 0 0 0 0 0 0 0 0 0 0 0 0 0 0 0 0 0 0 0 0 0 0 0 0 0 0 0 0 0 
0 0 0 0 0 0 0 0 0 0 0 0 0 0 0 0 0 0 0 0 0 0 0 0 0 0 0 0 0 0 0 0 0 0 0 0 0 0 0 0 0 0 0 0 0 0 0 0 0 0 0 0 0 0 56 49 46 53 53 54 69 65 65 0 0 154 156 168 0 0 0 0 172 143 90 84 81 77 0 0 0 0 183 182 186 0 0 188 189 189 189 187 157 174 0 0 0 176 186 176 112 58 49 52 47 42 49 44 51 61 51 52 64 70 86 104 111 99 95 108 0 0 190 183 183 183 181 180 
163 158 0 166 165 156 159 0 0 161 0 0 0 0 0 0 147 146 136 125 120 113 115 109 0 0 0 0 0 121 0 0 0 0 0 0 0 0 0 50 50 50 0 0 50 50 50 50 50 50 50 0 50 50 55 52 0 0 55 58 65 65 63 86 160 152 147 0 178 0 0 0 0 77 64 78 87 0 0 0 80 130 120 140 170 185 180 179 181 183 188 186 0 0 0 0 188 186 182 179 63 59 55 49 47 44 47 42 48 54 54 56 73 57 54 55 50 52 52 0 0 168 178 185 185 188 176 181 
0 0 0 0 162 168 0 172 0 0 0 0 0 0 0 131 125 119 119 125 128 125 117 0 0 0 0 0 0 0 0 0 0 0 0 0 42 42 42 42 42 42 0 0 42 42 42 42 42 42 42 42 0 42 58 50 49 0 0 61 62 62 64 88 163 159 152 164 176 180 0 0 0 0 0 0 98 117 130 100 62 76 70 93 184 191 188 184 184 180 0 0 0 0 0 0 0 190 180 185 92 48 46 52 49 46 41 41 46 47 49 50 63 53 60 60 58 54 53 0 0 67 135 185 183 172 168 187 
157 171 161 0 165 164 0 0 0 0 0 0 0 0 0 140 130 114 121 133 128 119 0 0 0 0 0 0 0 0 0 0 0 0 0 0 41 42 42 42 42 42 42 0 0 0 0 42 42 42 42 42 42 0 56 55 49 53 0 0 74 68 61 94 161 156 0 164 168 137 61 0 0 0 0 0 92 93 120 110 119 82 67 64 164 189 0 0 0 0 0 0 0 0 0 0 0 147 150 131 0 48 52 47 76 48 45 42 46 48 53 52 51 54 54 53 50 52 56 0 0 59 68 161 183 182 190 175 
0 0 0 0 0 174 161 0 0 131 0 0 0 0 0 140 119 119 128 128 123 128 115 0 0 0 0 0 0 0 124 111 0 0 0 0 42 41 41 41 41 0 0 0 0 41 0 0 0 0 0 0 41 41 59 63 49 52 59 0 63 67 66 94 159 0 0 0 0 80 74 78 0 0 0 0 0 116 127 142 181 129 83 75 0 0 0 0 0 0 0 0 0 0 0 0 0 156 97 58 54 0 50 48 57 46 48 47 51 50 51 49 53 53 51 47 47 52 47 55 0 0 55 85 177 181 187 192 
0 0 0 0 0 0 0 0 0 0 0 0 0 0 135 133 127 127 131 130 129 118 118 0 0 0 0 0 0 110 124 109 0 0 0 0 38 42 42 42 42 42 0 0 0 0 42 42 42 0 0 0 0 42 62 52 53 53 58 67 63 73 68 89 160 0 0 0 88 67 76 83 76 0 0 0 0 0 162 174 187 0 0 0 0 0 0 0 0 0 0 0 0 0 169 181 192 189 194 165 115 61 48 53 50 48 52 47 50 47 50 48 54 54 55 52 49 52 55 59 0 62 68 59 102 158 176 181 
179 186 189 190 194 186 0 0 0 0 0 0 0 0 139 136 131 126 125 0 0 0 0 0 0 0 0 0 0 112 124 114 0 0 0 0 46 45 45 45 45 45 0 0 0 0 45 45 45 45 45 45 45 45 59 56 54 62 61 63 67 57 69 89 0 0 0 111 63 65 77 82 69 74 0 0 0 0 0 0 189 0 0 0 0 0 0 190 189 190 172 166 131 148 184 187 190 190 187 188 192 170 93 53 46 49 47 49 47 49 54 53 55 53 51 54 54 65 65 62 0 0 72 53 53 59 69 123 
0 0 0 0 0 0 0 0 0 0 0 0 0 0 134 132 130 127 0 0 0 0 0 0 0 0 0 0 0 112 121 107 0 0 0 0 44 42 42 42 42 42 0 0 0 0 42 42 42 42 42 42 42 42 48 53 53 63 65 66 0 0 0 0 157 152 140 70 68 65 73 89 0 0 0 0 0 0 0 0 0 0 0 0 114 195 188 194 191 192 174 168 145 134 168 187 189 191 193 187 184 192 188 100 47 51 42 47 45 47 49 54 55 55 55 57 61 61 65 67 0 0 62 50 54 53 49 55 
0 0 0 0 0 0 0 0 0 0 0 0 0 0 141 125 127 0 0 0 0 0 0 0 0 0 0 0 0 111 126 111 119 0 0 0 0 0 41 41 41 41 0 0 0 0 41 41 41 41 41 41 41 41 61 53 53 63 65 88 101 0 0 103 160 0 115 71 77 78 71 79 0 0 0 0 0 0 0 0 0 0 0 151 141 196 191 192 194 194 166 174 144 132 146 188 186 190 188 188 190 189 181 182 89 45 53 52 49 52 53 53 56 56 61 62 56 59 66 74 0 62 60 55 55 53 59 103 
0 0 0 0 0 0 0 0 0 0 0 0 0 0 143 144 0 0 0 0 0 0 0 0 0 0 0 0 0 111 127 115 0 0 0 0 0 0 0 45 45 0 0 0 0 0 45 45 45 45 45 45 45 45 87 68 0 0 70 90 104 0 0 105 167 160 102 86 105 112 111 0 0 0 0 0 0 187 186 186 0 184 178 165 141 194 189 196 195 191 184 149 122 133 156 189 191 189 189 0 192 188 188 187 158 70 51 51 48 49 45 51 57 65 62 65 55 62 62 63 0 61 55 56 55 85 171 186 
0 0 0 0 0 0 0 0 0 0 0 0 0 0 142 142 0 0 0 0 0 0 0 0 0 0 0 0 0 111 130 117 129 0 0 0 43 49 49 49 49 49 0 0 0 49 49 49 49 49 49 49 49 49 115 101 104 106 112 100 103 100 106 141 174 157 127 108 98 100 145 0 0 0 0 0 0 195 202 193 189 188 171 146 143 194 192 200 204 211 201 169 142 160 177 192 190 191 190 0 0 186 187 185 179 130 77 56 51 49 50 51 53 59 64 63 60 65 65 67 0 0 56 66 59 159 182 181 
0 0 0 0 0 0 0 0 0 0 0 0 0 137 125 129 0 0 0 0 0 0 0 0 0 0 0 0 100 108 126 117 0 0 0 0 39 45 45 45 45 45 45 0 0 45 45 45 45 45 45 45 45 45 101 104 92 90 94 91 104 127 135 176 177 158 129 126 134 142 149 0 0 0 0 0 201 201 205 211 206 199 174 112 156 204 206 214 216 0 210 201 173 168 190 193 187 188 193 0 0 0 186 184 179 159 65 78 55 50 50 55 57 59 61 59 61 58 56 0 0 0 63 50 97 173 174 187 
0 0 0 0 0 0 0 0 0 0 0 0 0 137 122 124 0 0 0 120 118 117 112 0 0 0 0 0 101 105 120 108 0 0 0 0 42 42 0 42 42 42 42 42 42 42 42 42 42 42 42 42 42 42 112 109 121 128 123 115 131 138 155 182 185 163 142 145 159 164 153 0 0 0 0 0 190 213 220 219 216 194 165 124 180 193 205 201 200 203 192 190 176 156 163 165 0 0 159 163 0 0 149 142 144 137 62 61 55 50 54 55 53 56 57 56 55 54 60 54 0 58 59 44 106 180 171 186 
0 0 0 0 0 0 156 0 162 0 0 0 0 127 132 124 0 0 0 0 119 110 111 114 0 0 0 107 0 104 121 112 116 0 0 0 45 48 48 0 48 48 48 48 48 48 48 48 0 0 0 0 0 48 121 139 141 161 152 140 154 150 174 201 189 178 145 162 161 159 160 0 0 0 0 0 0 221 215 0 217 200 167 191 180 175 183 0 172 177 0 0 156 140 137 149 0 0 0 0 0 0 131 135 134 137 61 54 53 50 55 55 54 57 61 54 53 58 57 0 0 60 60 55 99 177 175 183 
0 0 0 0 0 0 135 145 147 0 0 0 158 130 125 121 0 0 0 127 115 103 111 117 122 0 0 0 0 0 129 114 122 0 0 0 0 0 0 0 0 0 0 0 0 0 0 0 0 0 0 0 0 0 131 161 150 148 160 163 152 163 209 222 190 185 136 160 174 179 0 0 0 0 0 0 203 219 199 0 0 0 0 183 182 162 180 190 168 158 149 177 158 146 146 148 147 152 153 145 0 0 142 142 142 137 63 49 47 55 56 53 50 54 56 48 53 57 58 0 0 0 65 57 113 173 177 182 
0 0 0 0 0 159 164 179 0 0 0 0 0 138 129 0 0 0 0 123 118 116 117 117 115 111 0 0 0 0 122 117 119 0 0 0 0 0 0 0 0 0 0 0 0 0 0 0 0 0 0 0 0 0 167 152 157 161 156 112 145 137 207 212 179 167 166 172 152 0 0 0 0 0 0 152 161 206 214 221 0 0 0 0 0 0 0 0 0 0 0 0 0 0 0 0 0 151 154 0 0 0 157 152 147 156 91 52 57 56 60 59 52 56 45 52 55 51 50 50 0 0 70 70 149 183 188 182 
0 0 0 0 0 151 156 169 160 0 0 0 173 136 133 129 131 0 0 0 123 119 117 116 120 0 106 108 0 0 0 0 120 77 0 0 0 43 43 43 43 43 43 43 43 43 43 43 43 43 43 43 43 43 164 160 167 160 158 145 126 143 217 196 187 162 179 187 149 0 0 0 0 0 0 150 142 139 0 0 0 0 0 0 0 0 0 232 225 215 210 198 0 0 187 0 0 181 183 0 0 0 189 185 187 192 103 53 51 55 62 55 50 53 53 55 54 55 46 55 0 0 60 83 167 176 183 173 
0 0 0 0 0 150 154 157 145 0 0 0 172 135 0 0 138 134 133 136 135 119 118 113 0 0 0 0 0 0 0 0 0 0 0 0 0 0 41 41 41 41 41 41 41 41 41 41 41 41 41 41 41 41 159 163 162 154 159 154 141 174 210 175 184 165 183 186 0 169 0 0 0 0 0 121 123 125 0 0 0 0 0 0 169 191 198 222 209 197 199 198 194 196 0 0 189 186 183 0 0 0 190 190 190 189 115 68 53 51 55 46 51 53 57 53 55 52 53 55 0 58 57 108 169 181 178 161 
0 0 0 0 0 0 0 0 161 0 0 0 173 132 139 0 134 136 139 135 138 126 122 117 114 111 0 0 0 0 0 0 0 0 0 40 44 0 0 42 42 42 42 42 42 42 42 42 42 42 42 42 42 42 162 156 155 154 164 161 139 170 198 188 178 170 185 180 0 0 0 0 0 0 0 131 133 142 0 0 0 0 0 0 193 215 210 183 196 0 0 0 0 0 0 0 187 186 189 0 0 0 191 189 190 192 98 50 47 49 52 56 50 52 56 52 43 52 52 59 0 0 56 116 174 179 176 157 
0 0 0 0 0 161 0 0 0 0 0 0 0 130 0 0 0 127 137 138 134 127 127 0 0 114 108 0 0 0 0 0 0 0 0 44 42 43 0 0 43 43 43 43 43 43 43 43 43 43 43 43 0 43 164 133 135 133 154 156 133 159 182 183 165 140 170 167 176 0 0 0 0 0 0 160 128 139 0 0 0 0 0 0 0 197 209 206 162 0 204 198 192 194 190 188 189 187 186 0 0 0 189 189 188 191 97 50 48 45 49 51 43 50 55 53 53 50 52 57 0 0 56 118 178 170 183 152 
0 0 0 0 0 0 0 0 0 0 0 0 0 131 137 135 130 134 132 134 134 125 0 0 0 106 0 0 0 0 0 0 0 92 46 0 43 42 0 0 0 42 42 42 42 42 42 42 42 42 42 42 0 42 135 79 75 79 127 150 159 152 159 183 184 179 0 0 0 0 0 0 0 0 0 146 139 0 0 0 0 0 0 0 0 193 187 192 0 146 196 197 192 187 187 187 186 191 194 0 0 188 188 188 189 189 93 45 43 45 46 46 40 52 48 53 49 49 51 50 0 0 59 123 175 171 170 164 
0 0 0 0 0 0 0 0 0 0 0 0 164 134 139 139 130 128 130 0 0 0 0 0 0 0 0 0 0 0 0 0 0 91 0 0 0 0 45 0 45 45 45 45 45 45 45 45 45 45 0 0 0 45 149 138 124 133 142 147 168 193 178 175 177 0 0 0 0 0 0 0 0 0 0 136 0 0 0 0 0 0 0 203 183 117 150 188 149 160 168 181 192 190 186 186 188 188 185 0 0 165 151 147 166 190 90 47 50 45 41 45 44 50 48 48 53 50 52 0 0 0 58 132 176 173 156 165 
0 0 0 0 0 176 157 151 144 0 0 0 148 139 141 142 140 131 129 0 0 0 0 118 111 104 98 100 0 0 0 115 0 0 0 0 0 0 0 0 0 43 43 43 43 43 43 43 43 43 0 0 0 43 154 174 175 165 154 153 170 0 197 182 168 0 0 0 0 0 0 0 0 0 155 153 166 0 0 0 0 0 0 196 186 144 145 172 165 193 171 166 194 190 185 183 175 179 0 0 0 163 164 162 166 188 93 55 55 55 41 46 47 47 49 46 48 42 50 63 0 0 67 155 176 171 165 164 
0 0 0 0 0 166 162 156 152 0 0 0 147 145 145 142 144 135 128 0 0 0 0 117 111 0 105 106 0 0 0 0 124 0 0 0 41 43 0 0 0 43 43 0 0 0 0 0 0 0 0 0 0 0 168 167 172 174 153 158 162 173 196 186 191 0 0 0 0 173 0 0 0 0 0 163 157 0 139 0 0 0 0 206 169 187 0 0 0 0 0 0 0 0 0 0 0 0 0 0 148 143 152 170 165 195 102 50 58 52 47 46 51 46 47 50 47 43 58 76 0 0 79 155 177 169 175 162 
0 0 0 0 0 161 0 152 153 0 0 0 144 148 148 140 127 125 0 0 0 0 0 0 0 0 0 0 109 0 0 122 121 99 0 0 0 48 48 48 0 48 48 48 0 0 0 0 0 0 0 0 0 0 150 138 149 135 140 146 145 153 193 188 174 173 0 0 0 141 0 0 0 0 159 144 122 140 133 0 0 0 0 141 101 190 192 0 0 0 0 0 0 0 0 0 0 0 0 0 155 178 162 158 168 198 142 48 55 49 42 47 46 48 42 45 45 49 63 86 0 0 81 172 179 163 178 167 
0 0 0 0 0 147 147 141 158 0 0 0 0 148 147 0 0 0 0 0 0 123 0 0 120 117 113 0 104 99 0 0 116 0 0 0 0 0 43 43 43 43 43 0 0 0 0 43 43 43 43 43 43 43 154 157 154 159 149 144 147 150 185 163 181 0 0 0 0 159 0 0 0 0 170 181 122 146 153 145 0 0 0 122 114 145 176 188 190 186 196 194 188 173 165 164 169 164 165 171 180 174 170 175 179 195 154 50 52 48 47 46 47 51 50 45 45 51 60 77 78 73 81 184 169 169 182 178 
0 0 0 0 0 176 180 172 182 0 0 0 0 142 143 0 0 0 0 0 133 0 0 0 123 119 117 118 110 105 125 0 0 0 0 0 0 0 0 48 48 0 0 0 0 0 0 0 48 48 48 48 48 48 164 160 154 144 151 147 135 133 197 188 152 0 0 0 0 153 0 0 0 0 183 204 185 128 156 152 123 0 0 120 134 109 119 173 194 194 169 147 150 170 151 138 141 173 193 194 187 190 192 184 196 193 163 56 53 47 45 47 48 54 43 44 47 52 58 71 79 65 84 188 176 171 181 170 
0 0 0 0 0 182 181 181 0 0 0 0 0 140 141 0 138 0 139 135 0 126 0 0 120 122 116 0 0 103 128 0 0 0 44 0 0 0 44 44 44 0 0 0 0 44 44 44 44 44 0 0 0 0 149 149 157 154 129 113 124 132 178 203 172 0 0 0 0 0 0 0 0 0 188 199 184 92 116 139 132 102 0 0 141 102 152 167 152 197 182 171 0 170 170 191 191 185 175 168 165 168 0 165 169 177 168 66 52 51 48 46 49 52 48 45 47 44 64 73 69 0 82 186 177 174 183 168 
0 0 0 0 0 0 146 0 142 130 136 0 0 0 140 0 0 0 0 131 129 0 0 0 0 119 112 113 112 103 0 0 119 105 0 0 0 0 41 41 41 41 0 0 41 41 41 41 0 41 41 0 41 41 146 148 133 120 142 152 118 106 0 0 189 0 0 0 0 197 0 0 0 0 0 208 207 137 136 158 113 102 0 0 134 163 148 0 0 0 0 0 0 0 0 0 172 169 183 187 186 195 0 191 191 183 156 59 49 53 49 51 46 50 47 44 47 44 72 74 77 0 86 155 181 171 174 173 
0 0 0 0 0 0 0 150 123 125 143 0 147 0 143 0 138 0 0 0 0 0 0 0 127 122 111 115 107 98 129 0 0 0 0 0 0 0 0 48 0 0 0 48 48 48 48 48 48 48 48 0 0 48 127 120 134 150 154 149 151 127 120 192 181 0 0 0 0 0 0 0 0 0 0 0 192 155 133 152 0 0 0 0 0 0 0 0 0 0 0 0 0 0 0 0 177 166 169 172 174 0 0 0 197 192 188 72 44 46 50 47 47 54 53 44 46 51 70 80 0 0 93 148 153 170 173 176 
0 0 0 0 0 0 0 0 127 132 122 0 0 0 143 0 0 135 130 120 128 125 125 119 122 120 116 110 109 102 123 0 0 0 0 0 0 0 0 43 0 43 43 0 43 43 43 43 43 0 43 43 43 43 108 70 90 130 140 143 134 97 78 175 185 0 0 0 181 0 0 0 0 0 185 0 0 0 122 0 0 0 0 0 0 0 0 0 0 0 0 0 0 184 164 186 180 166 168 171 164 0 0 0 179 174 189 83 43 51 49 49 44 56 54 56 47 49 72 73 0 0 103 170 150 144 175 176 
0 0 0 0 0 172 154 129 143 140 0 0 0 0 0 146 0 0 131 126 127 125 116 120 121 122 114 108 105 0 0 0 0 0 0 0 0 0 0 0 0 0 39 39 0 39 39 39 39 0 0 39 39 39 151 127 141 156 147 122 105 99 80 121 187 0 0 0 0 0 0 0 0 0 185 186 183 0 0 0 0 0 0 84 80 95 165 160 158 155 154 181 195 171 191 184 156 169 169 157 163 172 160 160 169 168 177 90 49 52 55 59 48 45 50 49 50 46 77 70 76 0 110 169 165 154 134 170 
0 0 0 0 0 0 0 147 145 135 133 0 0 0 0 138 0 0 134 130 126 120 118 118 115 118 114 0 0 0 0 0 0 0 0 45 43 0 0 0 46 46 46 46 46 0 46 0 0 0 0 46 46 46 103 133 152 148 144 147 126 130 128 88 157 0 0 0 0 0 0 0 0 0 186 186 0 0 0 0 0 0 0 94 144 148 150 156 173 164 166 191 172 184 145 169 181 0 160 157 160 164 177 160 162 165 170 93 50 49 53 50 52 52 52 48 47 49 75 69 72 72 113 168 162 159 155 129 
0 0 0 0 0 143 151 148 146 125 143 0 0 0 0 138 139 0 0 128 125 118 122 120 121 120 117 0 0 0 0 0 0 108 48 41 38 0 0 0 37 37 37 37 37 37 37 0 37 37 37 37 37 37 160 162 143 138 152 138 108 112 126 112 149 0 0 0 0 0 0 0 0 0 188 187 183 0 0 0 0 0 0 188 186 159 162 165 171 167 178 187 169 180 0 0 167 171 170 174 170 170 180 162 169 168 175 82 46 50 51 53 51 61 56 52 51 50 74 67 0 0 121 161 156 160 150 152 
0 0 0 0 0 142 146 144 143 140 157 0 0 0 0 140 139 0 0 133 127 123 126 120 115 124 122 117 109 107 0 0 118 112 52 42 0 0 0 0 36 36 36 0 36 36 36 36 36 36 36 36 36 36 158 157 138 130 139 137 121 125 116 95 156 0 0 0 0 0 0 0 0 0 185 186 183 0 0 142 146 0 0 184 164 143 160 150 141 140 187 175 180 176 171 169 173 169 178 185 169 176 180 170 177 175 178 84 50 52 51 48 52 56 46 46 49 49 75 73 0 0 135 163 159 161 153 150 
0 0 0 0 136 140 143 0 146 0 153 0 0 0 0 138 133 131 0 0 123 125 122 126 124 0 127 119 111 102 0 120 119 110 51 43 0 0 0 0 42 42 42 42 0 42 42 0 0 0 42 42 0 42 161 137 121 122 125 120 115 123 97 102 146 0 0 0 0 0 0 0 0 0 171 164 177 172 0 0 0 0 167 164 163 162 151 0 0 0 188 170 174 157 166 181 155 167 166 174 0 168 167 162 163 162 168 109 49 50 56 45 51 49 51 45 46 48 72 76 0 85 143 160 161 158 162 157 
0 0 0 0 0 141 0 0 0 139 149 148 0 0 0 140 133 125 129 0 0 0 0 0 0 0 0 114 113 100 125 0 0 111 51 40 0 0 0 42 42 42 42 42 0 0 42 42 0 42 42 42 42 0 162 134 116 122 136 128 115 135 115 93 142 0 0 0 0 0 0 0 0 0 142 145 161 148 0 0 0 161 154 158 166 156 159 154 171 173 185 166 170 159 168 159 188 174 167 0 0 0 166 166 166 168 168 124 51 50 51 49 50 49 48 48 48 45 68 75 0 0 134 163 153 155 159 155 
0 0 0 0 0 145 129 131 128 141 147 144 0 0 0 139 129 134 134 139 0 0 0 0 117 111 0 107 108 93 0 0 0 106 47 41 0 0 0 0 42 42 42 42 42 42 42 42 0 0 42 42 42 42 156 146 120 101 107 109 143 135 114 98 155 0 0 0 0 0 0 0 0 0 140 158 144 142 0 0 150 144 143 172 152 149 144 136 135 171 188 166 168 166 164 152 169 179 177 178 189 174 167 163 170 171 164 83 56 52 49 54 58 45 47 49 48 46 74 74 0 0 140 158 150 156 155 147 
0 0 0 0 0 139 134 129 133 144 150 0 0 0 0 0 130 128 128 124 127 0 0 0 0 118 122 108 110 102 0 120 0 109 50 38 0 0 0 41 41 41 0 41 41 41 41 41 41 0 0 41 41 41 145 145 120 123 131 147 139 130 125 101 134 0 0 0 0 0 0 0 0 161 170 174 165 164 0 0 0 167 161 169 164 169 165 162 159 181 189 160 161 163 166 166 164 175 163 167 180 175 164 168 165 174 172 83 50 47 56 47 50 46 51 50 46 56 72 68 0 0 0 160 158 160 157 150 
0 0 0 0 0 148 140 130 142 152 151 0 0 0 0 0 135 137 127 112 122 127 0 0 0 0 0 0 0 0 0 0 0 0 0 0 0 0 0 39 39 39 0 0 0 0 0 0 0 0 0 0 0 0 127 126 122 125 120 117 91 79 81 65 126 0 0 0 0 0 0 0 0 178 184 169 144 147 156 161 141 149 158 159 165 150 145 151 152 178 194 164 166 154 169 153 164 159 161 155 154 172 174 164 162 165 165 93 51 51 55 54 47 51 55 48 49 52 69 70 0 0 159 154 153 158 154 154 
0 0 0 0 0 144 145 138 147 0 147 0 0 0 0 0 142 139 131 121 126 128 124 122 0 0 117 0 0 0 120 0 108 111 52 42 42 0 0 0 37 37 37 37 0 37 37 0 0 0 37 37 37 37 130 125 117 105 81 0 62 61 75 62 125 156 0 0 0 0 0 0 0 139 167 184 187 158 142 154 0 145 151 137 143 165 148 138 144 172 190 174 176 157 157 174 159 158 169 162 159 164 160 165 149 145 162 106 40 53 57 60 54 52 55 49 54 51 71 75 0 0 153 151 156 160 155 151 
0 0 0 0 0 134 142 135 144 148 135 0 0 0 0 0 145 132 129 126 122 128 124 119 114 0 0 0 0 0 0 0 0 0 0 0 0 0 0 0 38 38 0 38 38 38 38 38 38 38 38 38 38 38 115 108 95 77 68 64 0 62 70 62 119 155 0 0 0 0 0 0 0 144 139 147 183 175 165 168 177 152 162 170 162 168 161 159 163 172 190 175 168 178 181 185 188 184 187 186 188 194 185 187 187 186 189 83 67 53 52 55 56 54 49 57 47 51 61 68 74 0 155 159 156 165 160 154 
0 0 0 0 139 134 143 137 132 138 124 0 0 0 0 0 138 133 125 137 132 134 127 124 123 108 108 0 0 0 118 0 0 0 0 0 0 0 0 0 45 45 45 45 45 45 45 45 45 45 45 45 45 45 101 85 69 72 71 67 65 64 64 56 124 159 0 0 0 0 0 0 0 140 144 142 134 157 178 183 185 154 143 137 144 146 140 136 147 156 193 185 157 172 170 166 162 167 167 167 167 167 162 159 162 162 139 70 63 53 53 54 55 51 48 45 47 51 64 70 0 88 153 160 158 157 159 155 
0 0 0 0 145 139 136 0 122 127 123 0 0 0 0 0 134 128 128 128 133 131 124 118 116 108 107 108 109 0 0 0 0 115 0 0 42 45 45 45 45 45 45 0 45 45 45 45 45 0 45 45 45 45 86 56 56 64 65 64 56 61 61 58 126 0 0 0 0 0 0 0 0 0 138 141 139 133 133 152 177 174 175 178 178 185 182 181 184 186 189 188 159 143 154 149 143 156 147 147 146 150 152 150 149 155 71 55 52 54 56 55 50 60 41 48 50 50 61 70 0 0 146 165 158 165 165 151 
0 0 0 0 0 141 125 114 118 124 119 0 0 0 0 0 130 131 127 126 123 120 117 113 114 108 103 110 95 92 0 0 0 109 54 0 0 36 36 36 36 36 36 36 0 0 0 0 0 0 0 36 36 36 62 55 52 61 63 69 60 65 63 80 132 164 0 0 0 0 0 0 0 0 141 141 139 140 133 136 133 145 162 174 182 186 193 186 0 194 192 186 187 141 152 158 153 162 154 151 145 150 163 145 158 110 57 54 57 57 51 56 49 58 53 47 46 48 62 75 0 0 0 157 158 161 154 145 
0 0 0 0 0 116 0 0 0 0 0 0 0 116 0 0 109 115 121 0 0 0 0 0 0 0 0 0 0 0 0 0 0 0 0 0 0 0 39 39 39 0 0 0 0 0 0 0 0 39 39 39 39 39 88 65 60 59 59 62 65 63 62 62 128 155 0 0 0 0 0 0 0 0 130 133 127 126 127 120 121 125 118 122 121 0 129 144 0 145 151 139 132 128 122 144 0 0 155 0 0 0 0 0 0 0 0 59 0 0 0 0 0 0 0 0 45 48 61 82 0 0 109 139 137 143 138 140 
0 0 0 0 0 127 112 119 0 0 0 0 0 0 0 0 116 112 122 123 0 125 114 111 103 0 100 99 93 92 106 121 112 110 60 36 40 42 42 42 42 42 42 0 42 42 0 0 42 42 42 42 42 42 109 107 76 58 46 57 61 59 77 76 126 158 0 0 0 0 0 0 0 139 139 142 140 142 140 140 141 140 136 135 142 0 0 0 144 0 140 0 0 0 0 0 0 0 0 0 0 0 0 0 0 0 0 0 0 0 0 45 53 51 48 52 50 43 51 78 0 0 0 150 146 151 141 142 
0 0 0 0 130 129 113 112 114 0 0 0 0 0 0 108 104 115 107 104 0 0 99 101 93 92 0 89 92 89 114 120 113 112 64 41 41 43 43 43 43 43 43 0 0 0 43 43 43 43 43 43 43 43 77 97 83 73 53 69 86 85 104 118 142 0 0 0 0 0 0 0 0 139 136 137 142 143 145 140 141 138 136 136 135 0 0 141 145 0 0 0 0 0 150 0 0 0 160 181 0 0 139 95 76 70 52 53 52 0 57 53 52 54 51 53 51 47 53 75 0 0 143 143 149 153 136 134 
0 0 0 0 0 0 0 0 0 0 0 0 0 0 0 162 143 108 128 158 154 157 153 149 152 104 103 0 87 91 108 118 0 112 62 41 45 38 38 38 38 38 38 0 0 0 0 38 38 38 38 38 38 38 105 83 60 67 53 64 71 71 83 92 143 170 0 0 0 0 0 0 0 140 136 138 132 143 146 142 140 135 138 139 0 0 0 140 123 111 133 0 0 111 112 105 0 141 139 140 145 0 76 66 64 66 55 54 0 0 55 51 48 54 0 0 0 51 51 82 0 0 0 137 139 148 140 136 
0 0 0 0 0 0 0 0 0 0 0 0 0 0 0 0 116 104 128 167 115 97 101 95 87 86 98 91 89 82 107 124 111 0 67 36 39 40 40 0 40 40 40 0 0 0 0 40 40 40 40 40 40 40 77 90 83 62 52 56 60 57 68 63 120 168 0 0 0 0 0 0 0 143 138 136 138 0 0 143 141 142 140 139 140 0 0 144 112 114 127 0 0 0 0 123 134 0 146 145 0 0 95 65 63 67 56 56 0 0 48 51 53 50 49 49 45 43 54 73 0 0 135 139 142 146 138 136 
0 0 0 0 0 0 0 0 0 0 0 0 0 0 0 0 110 112 125 164 115 116 113 114 104 0 0 96 99 86 106 0 106 111 0 39 34 33 33 33 33 33 33 33 0 0 0 0 33 33 33 33 33 33 102 126 126 107 94 87 104 117 94 89 115 155 0 0 0 0 0 0 0 0 121 116 122 0 0 110 127 106 122 113 104 0 0 115 113 115 111 0 0 0 0 0 124 143 147 146 0 0 0 0 0 0 0 49 0 0 0 0 0 0 0 52 52 53 56 77 0 0 0 137 147 137 135 137 
0 0 0 0 0 0 162 120 119 111 135 174 0 0 0 114 115 126 124 168 118 98 102 102 99 108 102 0 93 0 0 0 0 105 63 0 0 37 37 37 37 37 0 0 0 0 0 37 0 37 0 0 0 37 125 146 160 150 155 155 156 144 68 85 146 168 0 0 0 0 0 0 0 119 118 124 123 0 0 121 122 111 129 125 124 0 0 125 122 117 130 0 0 0 126 129 0 148 148 0 0 0 0 62 62 62 50 55 0 0 0 51 49 49 48 46 51 47 52 68 0 0 0 133 150 141 130 134 
0 0 0 0 0 0 0 0 123 110 0 0 0 0 0 0 102 117 118 165 135 110 0 0 98 98 98 89 0 0 100 121 0 102 65 30 38 0 39 39 39 0 0 0 0 0 0 0 39 0 0 0 0 0 0 94 116 131 128 128 124 124 128 125 144 164 0 0 0 0 0 0 0 0 100 111 103 102 105 113 116 97 111 117 124 0 0 110 126 103 89 0 0 0 95 91 0 0 138 141 0 0 80 58 69 67 48 51 55 0 49 48 51 48 48 47 48 48 53 75 0 0 0 136 142 135 136 127 
0 0 0 0 0 0 0 0 0 0 0 0 0 0 0 0 115 115 121 162 152 135 130 131 0 0 0 89 0 0 0 117 0 101 65 35 41 35 35 35 35 35 0 0 0 0 0 35 0 35 35 35 35 0 0 0 0 101 83 73 71 83 87 86 118 153 0 0 0 0 0 0 0 0 122 122 126 0 119 121 130 126 141 136 0 0 0 125 133 133 117 0 0 124 120 134 0 0 145 147 149 0 136 97 81 64 43 50 0 0 49 50 54 46 48 50 51 0 51 72 0 0 0 139 142 139 140 134 
0 0 0 0 0 116 138 177 123 126 132 0 0 0 0 92 92 115 111 163 108 98 99 98 87 93 96 91 0 0 0 0 0 103 0 38 0 36 36 36 36 0 0 0 0 0 36 36 36 36 36 36 36 0 133 133 127 133 141 130 117 88 118 140 141 163 0 0 0 0 0 0 0 0 133 131 103 101 102 95 102 113 0 0 0 0 0 0 0 0 0 0 0 0 0 0 0 0 144 149 156 0 0 0 0 0 0 50 0 0 0 0 0 0 0 54 49 47 56 75 0 0 0 136 137 142 141 142 
0 0 0 0 0 129 119 177 137 119 127 0 0 0 0 100 111 110 111 159 115 105 107 112 100 0 0 91 87 0 0 0 100 0 72 40 43 36 36 36 36 36 36 36 36 0 0 36 36 36 36 36 36 36 0 138 126 123 136 121 125 103 128 130 145 174 0 0 0 0 0 0 0 0 126 130 125 131 138 124 125 145 0 0 0 0 0 0 126 126 120 124 0 0 0 124 131 0 144 148 138 0 0 126 88 128 156 88 47 0 0 47 52 48 49 57 51 48 47 72 0 0 0 136 140 140 144 147 
98 0 0 0 0 112 144 182 129 0 0 0 0 0 0 0 92 105 117 161 121 101 98 103 100 0 106 0 89 0 0 0 0 103 0 39 36 36 36 0 0 0 0 0 0 0 0 36 36 36 36 36 0 0 97 127 115 104 79 68 70 73 57 70 126 156 0 0 0 0 0 0 0 121 90 91 91 109 115 93 111 108 118 0 0 119 115 120 104 114 110 109 102 0 0 117 109 139 147 109 85 112 0 89 94 125 137 82 47 51 0 0 51 51 49 52 54 46 49 71 0 0 0 139 141 131 145 139 
113 0 0 0 0 0 176 147 0 0 0 0 0 0 0 160 142 100 123 153 153 143 145 140 130 99 105 94 88 0 0 0 0 108 67 32 35 37 37 37 37 37 37 0 0 0 0 0 37 37 37 37 0 0 0 0 0 84 79 120 89 109 98 100 146 164 0 0 0 0 0 0 123 128 117 113 113 105 122 119 119 116 135 0 0 136 137 132 123 121 122 0 0 0 0 0 118 137 146 101 66 88 0 0 99 0 0 52 49 0 0 0 0 0 0 0 0 51 45 66 0 0 0 135 128 134 143 137 
0 0 0 0 114 106 0 99 113 103 99 0 0 0 0 0 106 103 94 95 95 93 0 0 0 0 0 0 0 0 0 0 0 0 0 0 35 0 0 0 0 0 30 0 0 0 0 30 30 0 0 0 0 0 70 63 66 81 76 86 84 79 0 0 133 176 0 0 0 0 0 0 95 0 0 0 0 102 89 104 107 116 128 129 118 131 126 130 108 116 122 125 122 120 0 119 126 0 0 0 0 87 77 77 94 125 92 90 49 53 52 53 50 52 49 54 49 54 54 70 0 0 0 136 133 135 138 137 
0 0 0 0 0 113 109 0 110 117 120 0 0 0 0 0 115 111 109 106 108 116 110 107 99 0 0 0 0 0 0 0 0 103 74 0 41 32 32 32 32 32 32 32 0 0 32 32 32 0 0 0 0 0 0 76 43 48 60 0 52 51 0 0 111 157 147 0 0 0 0 0 0 0 0 0 0 110 102 125 115 119 136 0 0 0 0 0 0 0 0 0 0 0 112 0 0 0 0 0 0 0 0 0 0 111 107 84 50 57 56 56 57 54 54 51 59 56 51 69 0 0 0 133 125 132 141 149 
104 110 0 0 123 111 114 112 0 103 97 0 0 0 0 0 106 105 100 97 99 97 0 0 0 0 0 0 77 0 0 0 0 0 71 33 0 33 33 33 0 33 33 0 0 0 0 33 33 0 0 0 0 0 0 69 70 52 83 82 50 56 0 52 97 153 0 0 0 0 0 0 0 0 0 0 101 107 102 121 113 114 116 0 0 0 137 0 0 0 0 0 0 0 0 0 0 0 138 131 0 0 126 116 141 97 69 60 59 60 58 56 58 59 56 54 57 54 56 75 0 0 0 124 137 143 151 154 
96 120 0 0 0 117 104 126 0 0 150 0 0 0 0 0 106 105 105 101 0 0 0 0 0 0 0 0 0 0 0 0 0 0 0 0 0 0 0 0 0 0 0 0 31 0 0 31 31 0 0 0 31 31 113 72 55 46 45 54 52 52 0 48 101 151 0 0 0 0 0 0 0 0 110 112 109 123 132 119 131 115 113 0 0 141 127 120 0 0 113 117 0 123 104 108 0 134 128 129 134 0 0 152 145 142 151 122 60 63 69 60 63 58 64 59 64 54 57 68 0 0 0 151 149 149 149 152 
98 0 0 0 0 110 0 0 128 125 154 0 0 0 0 0 106 108 104 108 0 0 0 0 0 0 0 0 0 0 0 0 0 0 0 0 0 0 0 0 0 0 31 31 31 31 0 31 0 0 0 0 31 31 44 39 44 43 47 50 65 52 59 59 107 150 0 0 0 0 0 0 0 0 0 0 113 136 128 113 111 111 123 0 0 138 133 137 0 0 0 131 134 138 135 0 0 121 123 132 0 0 0 152 142 140 143 120 57 65 63 61 56 58 66 60 59 58 55 82 0 0 0 153 157 143 147 147 
93 0 0 0 111 154 164 96 97 105 99 0 0 0 0 0 103 100 93 106 103 101 95 91 95 87 82 80 78 81 80 0 0 0 82 36 0 31 31 31 31 31 31 31 31 31 31 0 31 0 0 0 0 31 53 50 51 61 51 57 51 52 0 51 107 156 0 0 0 0 0 0 0 0 0 0 128 134 137 134 136 132 136 0 0 0 0 0 0 0 0 143 143 148 145 0 99 96 133 122 132 0 0 155 144 143 156 93 55 63 62 62 59 55 62 61 62 66 59 79 88 0 0 105 132 152 154 158 
99 0 0 0 0 177 128 96 101 111 114 0 0 0 0 0 104 91 92 100 96 94 88 92 84 90 82 80 77 76 81 113 0 0 0 36 32 31 31 31 31 31 31 31 31 31 31 0 31 31 0 0 0 0 58 58 40 47 48 53 55 52 54 46 94 149 0 0 0 0 0 0 0 0 0 128 136 127 127 135 134 132 131 0 0 152 156 0 0 160 0 0 0 144 149 0 51 47 108 61 51 116 0 145 149 153 136 58 57 64 59 63 66 55 58 61 63 62 60 76 94 0 0 101 118 165 158 158 
102 0 0 0 0 172 103 98 96 0 0 0 0 0 0 0 95 92 84 83 84 77 83 90 93 90 89 76 78 68 74 116 0 0 0 0 32 35 35 0 0 0 35 35 35 35 35 35 35 35 0 0 0 0 38 56 42 49 45 54 43 0 56 53 95 146 0 0 0 0 0 0 0 0 126 123 136 137 130 133 133 137 135 0 0 150 146 0 0 161 155 0 0 151 143 0 55 55 58 58 59 0 0 0 120 143 84 85 64 69 58 62 61 62 63 58 64 61 58 87 101 0 0 112 156 161 160 155 
102 0 0 0 0 167 97 93 99 94 0 0 0 0 0 0 93 95 90 88 88 87 93 98 92 91 91 79 78 76 74 106 0 0 0 0 30 34 34 0 0 0 34 34 34 34 34 34 34 0 34 34 34 34 0 56 57 64 47 48 56 58 50 51 97 146 0 0 0 0 0 0 0 123 123 131 135 0 0 133 128 131 135 0 0 162 156 157 0 152 150 0 0 155 163 0 0 57 55 0 45 48 59 68 66 89 66 111 59 56 61 56 60 63 60 66 64 65 54 91 98 0 0 129 162 159 158 158 
107 138 0 0 128 174 103 94 94 0 0 0 0 0 0 0 93 94 96 90 86 92 92 98 96 87 91 80 77 89 71 105 101 0 0 0 28 41 41 41 41 41 41 41 41 41 41 0 41 41 0 41 41 41 49 48 53 49 41 51 56 55 54 61 95 141 0 0 0 0 0 0 133 131 136 130 138 0 0 0 130 131 132 0 0 161 160 0 0 0 154 163 0 164 168 100 0 0 0 0 0 0 0 46 52 66 66 67 59 61 58 63 66 65 64 62 61 67 61 94 89 0 0 155 160 160 140 97 
100 0 0 0 114 172 148 87 95 0 0 0 0 0 0 0 97 102 96 91 0 84 84 90 91 90 93 92 70 0 0 0 0 0 0 0 29 30 30 30 30 30 30 30 30 30 30 30 30 30 30 30 30 30 47 55 43 47 48 50 50 52 55 64 96 144 0 0 0 0 0 133 135 131 131 131 129 125 0 0 0 129 128 0 0 0 169 163 0 144 160 164 0 0 156 123 0 0 0 69 0 0 0 55 51 51 57 53 54 55 57 60 58 63 59 63 57 65 62 100 127 0 0 146 143 165 88 43 
91 0 0 0 106 143 176 117 86 94 99 0 0 0 0 0 93 102 96 94 91 82 78 88 90 86 0 0 0 67 0 103 104 0 0 0 0 0 31 31 31 31 31 31 31 31 31 31 31 31 31 31 31 31 41 45 45 50 49 48 49 49 64 56 88 0 0 0 0 0 0 128 126 131 134 131 129 0 0 0 0 0 142 133 0 0 144 151 0 0 165 157 0 0 106 109 92 0 0 0 64 66 62 62 56 57 55 53 55 53 55 59 66 63 64 63 65 63 69 112 158 0 0 139 116 109 49 49 
94 154 0 0 109 91 147 174 0 153 154 0 0 0 0 0 86 90 89 93 84 80 74 80 80 87 0 0 0 0 0 102 103 0 0 0 0 0 0 30 30 30 30 30 0 0 30 30 30 30 30 30 30 30 42 41 43 49 0 0 0 49 56 51 86 0 0 0 0 0 128 133 128 132 137 132 133 0 0 0 0 132 153 142 132 0 159 158 158 156 160 148 108 0 104 109 100 93 80 0 0 70 69 60 56 52 52 54 52 52 58 60 63 59 59 65 69 61 77 122 0 0 0 146 114 67 49 50 
79 0 0 0 0 0 0 0 0 0 0 0 0 0 0 0 83 85 95 84 78 78 76 82 87 76 83 0 0 0 0 0 0 0 0 0 0 0 0 0 31 31 31 0 0 0 0 0 31 31 31 31 31 31 49 50 46 42 43 0 0 0 0 55 90 0 0 0 0 0 0 132 134 131 130 0 0 0 0 0 0 136 139 142 133 143 153 154 0 157 154 147 109 111 0 68 71 83 101 75 68 72 65 64 64 64 60 59 60 56 57 60 53 51 61 62 62 54 80 111 151 0 0 143 95 85 57 47 
0 0 0 0 0 0 0 0 0 0 92 0 0 0 0 0 83 80 83 89 81 72 75 73 76 82 80 0 0 0 0 0 0 97 98 40 0 0 0 31 31 31 31 0 0 0 31 31 31 31 31 0 0 31 51 51 47 0 0 0 0 0 54 53 87 0 0 0 138 121 0 0 132 132 136 137 135 137 141 0 0 0 147 143 122 0 0 176 184 0 0 169 0 0 0 0 88 101 97 94 76 72 57 59 61 61 56 45 0 43 42 66 0 57 52 59 53 50 82 88 134 0 0 118 80 109 98 57 
91 0 0 0 0 0 96 88 98 97 104 0 0 0 0 0 73 73 73 0 0 0 0 0 0 0 0 0 0 0 0 0 99 98 96 46 30 0 0 0 35 35 35 35 0 35 35 35 35 35 0 0 0 0 0 0 49 0 56 0 0 0 0 59 90 0 0 0 0 116 115 114 0 0 123 122 123 0 127 0 0 153 168 186 181 0 0 137 145 171 0 0 144 107 110 103 104 107 99 98 91 75 66 56 58 65 54 50 48 43 43 52 74 94 66 54 52 55 83 106 114 0 0 0 108 114 63 77 
0 0 0 0 0 108 104 91 93 0 0 0 0 0 0 0 83 87 84 80 77 86 80 69 0 0 0 0 0 0 0 100 107 95 91 38 34 0 0 0 0 35 35 35 0 0 35 35 0 0 0 0 0 0 0 0 50 61 61 59 51 0 56 57 0 0 0 156 143 125 130 129 121 0 0 130 134 143 0 0 0 0 198 187 170 114 0 0 106 117 0 0 0 0 104 112 111 104 81 86 86 68 82 104 64 67 60 59 59 53 60 63 71 82 62 51 45 52 88 115 71 0 0 0 53 55 41 62 
0 0 0 0 0 0 0 95 0 94 96 0 0 0 0 0 87 90 87 87 0 0 72 0 0 0 0 0 0 0 0 99 100 90 94 48 0 0 0 0 0 0 31 31 31 0 0 0 0 0 31 31 0 0 46 44 45 47 0 0 0 0 0 0 0 144 146 168 156 139 136 140 128 130 0 0 130 129 0 0 0 0 0 0 0 0 0 0 0 0 0 0 0 0 85 93 113 105 101 100 90 96 69 126 133 119 88 54 61 60 56 51 61 53 44 52 64 84 96 63 48 0 0 0 38 92 89 42 
76 0 0 0 0 106 101 92 89 92 89 84 0 84 0 0 88 83 81 84 80 80 0 0 0 0 0 74 0 0 0 92 102 95 91 49 0 0 0 43 0 0 43 43 43 43 0 0 0 43 43 43 43 0 0 45 42 50 0 0 63 71 68 56 89 151 146 176 160 128 136 138 128 130 130 126 0 0 0 0 0 0 194 185 0 0 0 0 0 0 0 0 0 0 106 53 64 77 100 96 119 126 63 85 137 139 123 64 56 57 67 64 48 43 55 68 95 84 46 43 49 0 0 0 50 45 48 41 
79 0 0 0 0 103 93 89 93 90 88 0 0 0 0 0 82 79 79 82 77 85 0 0 0 0 74 74 72 0 0 0 101 95 92 47 33 0 0 38 0 0 38 38 38 38 38 38 0 0 0 38 38 38 0 76 57 66 0 0 0 71 64 59 88 147 157 179 0 128 158 145 137 158 135 123 0 0 0 0 0 0 191 186 139 118 85 0 0 0 116 97 146 170 66 64 56 56 62 103 159 124 93 53 93 118 82 47 61 69 73 67 57 71 85 83 68 46 41 46 44 0 0 0 42 44 42 44 
90 0 0 0 0 0 0 0 0 0 96 0 0 0 0 0 82 81 83 81 80 0 0 0 0 0 72 71 70 0 0 0 104 95 100 49 28 0 0 34 0 0 0 34 34 34 0 34 34 0 0 34 0 0 0 0 0 0 0 0 0 57 56 55 92 149 144 0 0 0 143 152 121 156 0 0 0 0 0 0 0 0 177 178 167 0 0 100 105 118 0 98 102 167 106 59 56 49 0 64 97 86 58 0 57 47 45 0 34 42 42 62 61 61 57 46 0 43 39 33 37 0 0 0 40 47 38 39 
0 0 0 0 0 0 0 0 0 0 87 0 0 0 0 0 86 88 85 0 84 0 0 0 0 0 76 79 73 0 0 88 100 94 95 51 33 0 0 0 0 0 0 35 35 35 0 0 0 0 0 0 0 35 47 0 62 92 55 0 0 61 54 56 91 156 174 0 0 0 0 164 126 138 150 0 0 0 0 0 111 156 171 175 182 0 0 0 87 101 94 0 86 169 0 68 55 0 0 61 52 50 69 114 0 68 77 70 50 0 42 48 55 48 42 46 43 0 40 63 45 0 0 0 48 43 46 54 
93 0 0 0 0 0 0 0 0 91 94 91 0 0 0 0 83 86 83 79 0 0 0 0 0 78 76 74 70 0 0 95 101 91 101 53 40 0 0 0 0 0 0 33 33 33 0 33 33 33 0 33 33 33 51 50 0 70 67 82 99 66 54 59 85 150 164 184 0 0 159 158 124 146 0 0 0 0 0 0 0 143 171 179 173 154 0 0 0 94 105 0 0 174 0 0 0 0 0 0 58 56 74 86 68 0 69 94 66 0 0 0 0 0 0 0 0 0 0 56 90 0 0 0 49 44 51 90 
74 93 0 0 52 0 0 0 81 101 52 76 0 0 0 0 0 62 51 47 0 41 0 0 0 44 62 76 0 0 0 87 101 86 97 49 31 0 0 0 0 0 0 36 36 36 36 0 0 0 0 36 36 36 57 54 0 0 0 0 0 61 50 55 92 149 158 173 171 0 0 154 131 0 0 0 0 0 0 0 120 163 176 169 80 81 0 0 0 0 0 0 0 0 0 0 78 0 0 0 58 58 0 0 0 0 0 43 49 0 0 0 0 44 45 45 0 0 0 0 91 0 0 0 41 42 42 44 
0 0 0 0 84 90 0 0 95 98 47 52 0 0 0 0 73 50 47 48 0 0 0 0 65 68 43 71 68 0 58 89 103 80 0 47 29 30 0 0 0 0 0 0 0 0 0 0 0 0 0 30 30 0 0 0 0 0 0 0 0 57 48 57 90 157 0 198 182 142 0 163 143 0 0 176 0 0 0 0 0 164 174 107 0 0 0 0 0 0 0 0 0 0 0 0 0 0 0 0 60 0 0 0 0 0 0 0 0 0 0 0 0 0 0 0 0 0 0 43 47 0 0 0 51 42 40 54 
0 0 0 0 0 90 0 0 0 73 64 47 0 0 0 0 0 57 49 51 0 0 0 54 57 60 56 70 69 67 51 80 98 87 0 50 34 31 0 0 0 31 31 0 0 0 0 0 0 0 31 31 31 0 51 53 46 57 0 83 92 53 59 55 84 151 0 0 184 149 151 134 144 166 0 172 168 0 0 0 0 0 156 85 0 0 0 0 0 0 0 0 0 0 0 0 0 0 0 0 97 0 0 0 0 0 0 0 0 0 0 0 0 0 0 0 0 0 45 44 40 0 0 0 38 51 41 43 
76 0 0 0 78 91 55 0 0 81 74 0 0 0 0 0 0 77 59 60 0 0 0 0 52 59 69 68 70 63 58 76 99 76 0 0 33 30 0 0 0 0 30 30 0 0 30 30 0 0 30 30 30 0 0 53 43 47 53 0 70 54 58 60 83 147 158 184 0 137 0 122 136 153 0 0 0 0 0 0 0 129 145 94 87 109 116 105 83 94 0 0 170 85 118 200 187 131 92 129 177 164 61 59 60 68 89 69 49 57 65 62 51 49 44 45 44 42 60 61 44 0 0 0 42 56 46 54 
0 0 0 0 0 0 0 0 0 0 93 0 0 0 0 0 87 85 85 0 0 0 0 0 0 0 0 0 0 0 0 0 0 0 0 0 0 33 33 0 0 0 33 33 33 0 0 33 0 0 33 33 0 0 0 42 48 55 0 67 67 51 0 0 0 0 0 0 0 0 0 0 0 0 0 0 0 0 0 0 0 135 135 123 93 96 94 91 98 91 0 0 0 161 75 140 184 174 168 155 175 165 60 46 51 66 82 52 40 42 49 50 43 47 45 43 41 43 48 49 44 0 0 0 40 39 40 44 
0 0 0 0 0 0 84 81 0 86 85 0 0 0 0 0 83 83 83 0 0 76 0 0 0 0 0 0 0 0 0 0 0 0 0 0 0 0 0 0 0 0 0 30 30 30 0 0 30 0 0 30 30 0 0 0 0 0 0 62 91 0 0 0 0 0 0 0 0 0 0 0 0 172 164 150 0 0 0 0 140 131 135 138 121 104 99 100 104 0 0 0 0 0 153 79 120 157 155 74 164 177 119 42 43 45 57 42 39 48 54 59 42 43 42 37 42 42 49 41 40 0 0 0 40 43 41 46 
0 0 0 0 0 0 0 85 83 89 96 88 0 0 0 0 82 85 88 0 0 0 0 0 0 76 85 78 77 68 0 0 0 0 89 57 32 33 33 0 0 0 0 0 0 33 33 0 0 0 0 0 0 33 65 69 119 103 86 83 101 0 0 0 77 142 0 0 0 130 135 148 0 190 189 174 190 0 0 0 0 170 186 180 199 174 0 0 0 0 0 0 0 0 94 80 52 72 105 48 83 137 109 165 142 98 58 54 50 54 55 46 43 62 58 87 55 52 88 69 76 0 0 0 60 58 57 43 
0 0 0 0 0 0 0 0 0 0 0 0 0 0 0 0 0 81 77 0 0 0 0 0 0 0 72 71 62 0 0 0 0 0 90 61 35 29 0 0 0 0 0 0 0 0 29 0 0 0 0 0 0 29 61 50 60 66 61 49 51 48 0 0 91 145 131 0 0 125 122 146 0 0 0 0 0 165 0 0 0 0 156 179 0 0 0 0 0 0 0 0 0 0 81 98 88 74 53 49 47 51 88 118 97 94 67 65 59 53 55 50 42 64 91 88 65 54 82 93 150 0 0 0 64 55 51 46 
73 81 0 0 0 79 82 87 86 93 92 90 0 0 0 0 87 93 90 77 0 0 0 0 74 71 73 74 66 69 64 0 0 0 92 64 32 0 0 0 0 0 0 0 31 0 0 0 0 0 31 31 0 0 0 55 54 47 74 68 54 62 0 0 88 149 135 0 0 0 124 140 151 0 0 0 0 0 163 0 0 0 0 185 0 0 0 0 0 0 118 85 137 164 162 163 87 60 55 49 85 83 104 67 66 62 55 57 50 53 52 48 49 56 74 66 58 45 100 135 109 0 0 0 47 58 54 44 
88 83 83 0 0 80 0 0 94 94 93 90 0 0 0 0 0 89 91 91 0 0 0 0 0 78 73 66 69 0 66 79 0 0 93 60 35 35 0 0 0 35 35 0 0 35 35 35 35 0 35 0 0 0 0 56 92 87 101 88 98 105 0 0 0 0 0 0 0 0 146 137 156 0 0 0 178 188 159 0 0 0 0 181 180 188 175 157 154 133 115 151 0 0 0 161 151 101 64 0 0 0 0 0 56 59 74 52 50 44 0 0 0 0 0 0 0 41 80 72 70 0 0 0 50 68 87 85 
87 85 84 0 92 89 85 83 85 98 94 0 0 0 0 0 97 92 94 93 0 0 79 75 75 0 76 75 67 66 0 74 100 85 94 66 38 35 35 0 0 35 35 35 0 0 35 35 35 0 0 0 0 0 46 53 56 59 51 60 54 50 49 0 0 0 0 0 0 0 0 0 0 0 0 0 0 167 152 0 0 0 0 0 0 0 0 0 0 0 0 0 0 0 0 0 0 0 0 0 0 0 0 0 0 0 0 0 0 0 0 0 0 0 0 0 0 0 0 49 59 0 0 0 44 67 84 86 
83 85 82 0 85 86 82 83 86 85 91 0 0 0 0 0 92 91 89 83 0 0 77 70 77 76 85 79 73 67 63 79 0 91 88 0 0 0 0 0 0 33 33 33 33 0 33 33 33 0 0 0 0 0 49 46 47 44 44 51 0 0 53 0 0 0 133 150 0 0 0 0 0 0 0 0 142 145 0 0 0 0 0 0 0 0 0 0 0 0 0 0 0 0 69 69 163 110 72 42 53 69 45 67 168 123 94 35 46 39 39 42 44 47 39 72 93 66 67 59 105 0 0 0 41 74 101 115 
96 0 0 0 0 0 96 94 0 97 102 0 0 0 0 0 103 99 98 0 0 0 0 85 85 88 91 83 81 84 80 80 110 0 92 69 31 32 32 0 0 32 32 32 32 0 0 0 0 32 0 0 0 32 43 42 44 41 0 0 0 51 54 52 0 0 134 0 0 0 0 121 151 157 0 0 148 154 0 0 0 0 0 152 154 156 156 0 0 0 0 0 0 0 0 71 98 91 64 48 46 41 76 157 162 122 72 39 37 44 43 43 43 45 44 65 95 101 85 80 147 139 0 0 52 71 150 146 
0 0 0 0 0 0 0 0 0 107 114 0 0 0 0 0 90 96 105 107 0 0 0 0 0 0 94 83 0 0 0 0 0 0 0 0 0 0 34 34 0 34 34 34 34 0 0 34 34 34 0 0 0 34 0 0 0 0 44 0 0 0 56 52 79 0 0 0 0 0 130 121 153 132 135 0 0 150 0 0 0 0 137 138 139 146 149 0 0 0 171 168 177 0 0 0 84 79 77 48 42 52 109 125 73 61 44 50 45 48 43 36 51 49 49 44 89 75 56 95 71 130 0 0 119 66 191 177 
160 0 0 0 112 112 115 113 110 111 109 115 0 0 0 0 95 96 103 101 0 0 0 94 90 0 0 0 0 0 0 0 0 0 0 0 0 0 0 37 0 37 37 37 37 37 37 37 37 37 37 37 37 0 0 0 0 45 42 52 0 66 53 50 0 0 0 0 0 124 0 125 148 153 135 145 0 0 0 0 0 0 136 139 159 155 162 0 0 0 0 159 180 162 91 113 97 102 111 104 71 44 42 40 47 43 49 125 60 44 42 63 51 46 43 44 45 49 44 52 74 102 0 0 59 44 74 70 
164 0 0 0 109 112 118 117 114 113 106 114 0 0 0 0 99 92 95 96 95 0 0 88 89 0 87 91 88 82 0 84 108 94 96 71 0 35 35 35 35 35 35 35 35 35 35 35 35 35 35 35 35 35 0 0 60 54 44 51 61 61 53 48 89 0 0 0 147 0 123 129 129 162 141 150 0 0 0 0 0 163 164 161 153 155 166 0 0 0 173 154 158 185 113 111 113 100 93 94 52 44 40 44 43 42 77 130 74 39 44 48 44 49 43 38 39 38 46 79 112 75 0 0 52 38 37 49 
161 164 0 0 157 123 119 120 114 113 107 0 0 0 0 0 102 89 94 101 108 107 0 0 0 87 87 84 86 83 88 80 100 85 0 0 35 33 0 33 33 0 33 33 33 33 33 0 0 0 33 33 33 33 0 0 0 58 45 55 57 56 46 46 79 0 0 0 147 128 128 133 0 153 151 144 0 0 0 0 0 0 155 156 155 164 159 163 175 182 171 153 153 173 108 72 59 54 50 0 49 53 48 47 42 42 78 130 88 43 40 44 39 42 42 31 35 69 114 63 48 0 0 0 68 43 44 49 
162 0 164 0 0 160 123 118 118 117 107 0 0 0 0 0 107 99 104 106 109 108 103 0 0 80 0 78 79 83 0 0 98 88 90 0 36 34 34 34 34 34 0 34 34 34 34 34 0 0 0 34 34 34 47 0 0 42 51 54 49 0 44 0 0 0 0 0 153 136 129 126 128 124 162 0 0 0 0 0 0 0 140 152 144 155 156 159 147 151 152 138 141 162 113 49 60 51 49 51 0 41 42 51 49 41 52 124 73 43 40 43 43 37 42 45 35 73 103 38 46 0 0 0 48 48 49 50 
138 140 0 0 135 136 136 101 114 118 111 0 0 109 0 0 109 108 101 105 111 108 109 0 0 85 85 82 71 76 78 68 106 92 0 0 0 0 37 0 0 0 37 37 37 37 37 37 0 0 37 37 37 37 42 46 0 0 42 44 52 54 46 47 78 138 133 146 151 130 0 135 136 0 0 0 0 0 0 0 140 153 146 137 135 133 131 160 140 137 131 149 146 147 174 106 49 52 52 56 0 0 55 48 42 40 41 66 64 44 44 41 41 43 45 49 39 40 50 44 46 0 0 0 44 45 39 36 
105 103 105 111 110 107 113 111 94 114 109 0 0 0 0 0 115 117 112 103 107 105 106 103 0 0 91 83 77 77 83 0 108 101 90 79 39 34 34 34 34 34 34 34 34 34 34 34 34 34 0 34 34 34 40 48 0 50 48 49 47 53 51 44 79 137 130 142 0 0 0 132 135 0 0 0 0 0 0 0 0 0 0 0 0 0 0 0 0 0 0 0 0 0 0 0 0 0 0 0 72 0 46 44 39 37 42 41 47 46 46 41 41 46 46 43 48 47 44 41 42 0 0 0 43 47 50 56 
102 110 111 106 104 101 107 107 94 112 117 0 0 0 0 0 106 116 120 106 107 107 98 104 97 0 0 0 0 0 0 0 0 101 98 87 35 36 0 0 0 0 0 36 36 36 36 36 36 36 36 36 36 36 52 44 0 0 47 50 47 50 47 43 75 136 130 0 0 0 120 0 0 0 0 0 0 0 0 0 0 0 0 0 0 0 0 0 0 0 0 0 0 0 0 0 0 0 0 0 0 57 45 47 45 41 37 43 49 45 44 42 41 41 43 36 45 46 42 46 36 44 0 0 45 45 74 121 
103 102 102 94 102 104 117 106 105 103 118 0 0 114 0 0 110 116 110 110 108 103 103 105 100 0 96 0 0 79 0 0 0 0 0 0 0 0 0 0 0 0 0 0 37 37 37 0 37 37 37 0 0 0 0 0 47 48 52 49 0 0 0 45 77 138 130 143 0 124 0 0 0 0 0 0 0 0 0 0 0 0 0 0 0 0 0 0 0 0 0 0 0 0 0 0 0 0 0 49 49 49 49 50 44 44 40 40 46 45 47 43 41 44 47 42 43 46 41 50 59 49 0 0 38 43 94 133 
140 139 137 135 143 147 154 149 141 123 114 0 0 0 0 0 117 114 109 107 103 103 105 105 0 96 100 93 0 0 0 0 105 0 0 0 0 0 0 0 0 38 38 38 38 38 38 0 0 0 0 0 0 0 0 0 0 49 49 54 0 0 0 44 74 142 126 140 135 0 0 0 0 0 0 0 0 0 130 160 0 148 158 153 143 158 138 137 143 0 0 156 165 168 164 160 141 68 47 44 45 42 44 48 42 37 39 40 45 47 46 42 44 42 41 43 38 45 45 48 63 46 0 0 93 122 140 158 
142 144 0 0 152 152 157 155 156 147 110 0 0 0 0 0 109 107 106 106 106 102 105 111 111 102 99 95 89 93 0 0 0 0 97 101 46 38 38 38 38 38 38 38 38 38 38 38 0 0 0 0 0 38 0 48 43 37 41 50 48 0 0 45 73 136 0 0 135 0 0 0 0 0 0 126 126 140 129 114 149 0 161 156 151 159 155 156 156 157 0 0 164 168 163 160 143 104 0 65 45 46 41 58 69 93 58 38 49 46 46 43 35 100 67 37 43 38 42 42 40 49 0 0 158 150 156 159 
147 138 142 151 150 150 153 156 157 159 115 0 0 0 0 0 110 109 114 109 0 103 106 106 110 107 100 97 93 95 93 92 0 0 0 98 45 38 38 38 38 38 38 38 38 38 38 38 38 38 0 0 38 38 43 50 43 44 45 45 50 55 0 45 65 133 0 138 0 0 0 0 0 124 124 118 0 145 126 124 120 120 0 154 161 164 165 166 159 0 165 0 0 152 125 102 105 112 116 107 95 71 72 75 55 81 45 41 47 48 42 41 40 74 50 38 43 40 52 39 34 47 0 0 134 128 132 129 
144 146 150 154 157 157 155 161 157 161 122 0 0 0 0 0 98 100 96 103 111 109 104 108 110 104 100 97 94 102 91 90 110 0 0 98 47 44 44 44 44 44 44 44 44 44 44 44 44 44 44 44 44 44 46 47 0 0 0 41 43 48 54 49 72 124 0 129 0 0 0 0 0 120 125 128 121 0 125 118 127 126 118 118 118 127 132 140 138 132 122 120 113 108 120 118 113 112 111 0 111 108 106 111 87 43 44 46 46 45 44 48 47 45 49 44 43 42 65 45 38 54 0 0 132 130 128 127 
132 131 125 130 135 132 128 131 136 0 130 0 0 0 0 0 106 103 100 101 104 107 104 102 105 105 104 105 97 93 92 88 109 110 97 98 49 43 43 43 43 43 43 43 43 43 43 43 43 43 43 43 43 43 48 47 0 0 0 0 47 52 62 54 0 0 0 0 0 0 0 0 0 119 117 125 123 121 118 118 120 0 116 118 120 0 118 114 0 120 116 122 123 0 0 123 116 111 0 0 103 113 105 103 65 45 46 44 50 41 36 47 48 46 54 52 45 46 47 46 40 72 0 0 131 146 121 119 
128 107 116 0 111 124 126 130 132 0 130 0 0 0 0 0 113 102 102 106 100 104 99 105 107 100 100 100 98 99 93 92 107 112 99 98 51 39 39 39 39 39 39 39 39 39 39 39 39 39 39 39 39 39 43 48 0 0 0 42 51 45 50 48 0 0 0 0 0 0 0 103 116 116 110 119 123 124 116 111 120 120 114 120 122 120 121 119 123 127 129 122 118 120 0 125 117 111 115 0 113 96 79 60 49 50 41 42 44 52 68 38 37 40 44 47 47 40 51 57 31 109 0 0 139 137 130 129 
117 106 0 0 127 125 117 124 119 142 132 0 0 0 0 0 102 103 100 106 107 101 102 111 105 99 100 98 88 93 87 90 102 111 97 100 50 39 39 39 39 39 39 39 39 39 39 39 39 39 39 39 39 39 42 0 44 42 0 0 51 51 59 49 0 0 0 0 0 0 0 0 0 115 117 0 118 0 0 0 0 117 112 117 122 126 118 120 128 124 126 122 123 120 119 112 113 108 104 112 98 59 46 47 46 46 51 48 44 68 97 45 40 43 43 45 43 70 105 84 55 76 0 0 124 123 129 125 
112 119 127 132 132 119 123 130 128 143 128 0 0 0 0 0 92 98 103 102 101 94 98 109 108 105 93 96 93 85 86 83 97 110 93 104 53 38 38 38 38 38 38 38 38 38 38 38 38 38 38 38 38 38 48 0 43 45 39 48 48 49 53 44 65 0 0 0 133 114 0 0 0 0 108 0 0 120 117 120 117 112 114 122 120 118 118 125 0 0 0 0 0 0 113 116 113 0 0 106 87 41 48 49 41 41 42 50 42 61 50 41 46 40 44 52 40 103 119 104 109 68 0 0 123 118 126 121 
115 114 125 126 114 0 0 0 123 139 129 109 0 0 0 0 95 107 101 100 97 99 98 104 104 99 96 99 89 84 78 74 90 104 93 93 50 37 37 37 37 37 37 37 37 37 37 37 37 37 37 37 37 37 51 0 44 42 48 48 46 46 50 48 68 121 0 0 0 0 0 0 0 108 0 0 0 0 0 120 0 0 0 0 0 0 0 0 0 0 0 0 0 0 0 0 0 0 0 96 80 47 42 47 38 41 43 45 39 44 41 38 43 41 46 45 37 79 125 124 116 96 0 0 0 124 134 124 
122 125 0 0 0 0 123 122 120 142 114 106 0 0 0 0 98 100 93 92 102 98 102 102 102 93 92 97 90 87 77 79 91 105 88 87 52 38 38 38 38 38 38 38 38 38 38 38 38 38 38 38 38 38 40 0 44 44 42 48 50 50 46 44 66 0 0 0 0 0 0 0 0 110 0 0 0 0 0 0 0 0 0 0 0 0 0 0 0 0 0 0 0 0 0 0 0 0 0 100 77 51 44 45 39 43 43 47 48 48 49 45 44 40 42 41 42 45 91 113 115 109 0 0 134 112 132 116 
118 125 0 0 128 128 124 128 130 142 105 0 0 0 0 0 104 103 95 94 99 98 96 105 97 95 92 90 83 79 88 82 92 108 81 90 48 32 32 32 32 32 32 32 32 32 32 32 32 32 0 0 0 0 0 0 40 48 55 0 0 0 0 0 0 0 0 0 0 0 0 0 0 0 115 0 0 114 113 116 114 0 115 109 116 116 118 121 118 110 112 112 106 113 112 105 100 105 112 100 94 87 53 43 45 45 42 44 47 45 41 44 45 40 41 42 42 45 48 103 96 110 0 0 143 137 144 143 
145 0 0 0 153 148 148 144 144 134 93 0 0 0 0 0 103 108 101 90 0 89 95 96 97 94 87 95 80 79 86 75 89 104 92 99 55 36 36 36 36 36 36 36 36 36 36 0 0 0 0 0 0 0 0 0 54 54 0 0 0 0 0 0 0 0 0 0 0 0 0 0 0 0 106 106 112 113 107 111 112 102 107 115 110 107 107 117 120 115 113 110 108 109 103 99 99 104 99 105 102 88 53 39 35 45 47 43 50 46 41 44 47 41 46 43 45 42 63 51 62 110 0 0 0 147 146 144 
145 144 0 0 143 143 144 141 144 117 95 0 0 0 0 0 98 101 98 98 94 91 93 95 95 91 91 87 82 80 81 0 89 106 89 103 54 39 39 39 39 39 39 39 39 39 0 0 0 0 0 0 0 0 0 0 45 0 0 0 0 0 0 0 0 0 0 0 0 0 0 0 0 0 0 108 107 106 106 103 104 104 105 108 109 109 103 107 116 118 112 113 111 108 92 97 93 95 101 102 95 118 123 105 112 72 46 53 54 48 44 41 67 57 50 52 71 52 67 74 84 97 0 0 146 148 145 148 
133 136 0 0 142 142 143 140 134 109 101 97 0 0 0 0 92 103 92 94 89 85 0 95 92 84 87 85 78 76 78 87 95 106 89 99 60 40 40 40 40 40 40 40 40 0 0 0 0 0 0 40 40 40 43 37 40 0 0 0 0 47 39 39 0 0 108 0 0 0 97 94 97 0 0 104 108 105 103 108 107 101 102 110 111 109 104 109 110 114 109 108 108 110 107 97 90 91 99 105 142 146 143 146 146 126 91 50 46 45 66 137 142 138 48 128 113 79 72 106 90 86 0 0 140 152 145 141 
132 129 139 141 140 134 139 0 116 102 101 0 0 0 0 0 96 91 94 93 88 91 90 96 91 85 84 83 82 78 72 78 89 102 84 94 55 41 41 41 41 41 41 41 0 0 0 0 0 0 41 41 41 41 44 41 46 47 0 0 0 46 52 0 0 0 103 0 0 0 94 96 99 98 0 0 104 107 107 107 99 100 100 106 103 105 106 101 103 103 107 105 106 105 102 97 93 91 108 144 138 139 141 145 148 143 145 90 44 47 111 147 144 113 51 133 136 94 58 98 74 89 0 0 0 145 139 145 
0 134 134 0 139 136 138 118 0 101 98 0 0 0 0 0 92 89 91 89 78 89 86 92 83 81 80 79 84 85 69 68 84 99 79 88 56 34 34 34 34 34 34 34 0 0 0 0 0 34 34 34 34 34 40 41 41 38 0 0 0 47 45 0 0 0 97 109 104 0 94 94 101 95 0 0 0 107 102 105 96 99 96 104 99 102 105 102 97 100 103 97 94 97 94 95 91 111 140 133 135 140 137 141 145 144 142 133 44 73 148 147 142 123 56 133 131 107 89 93 87 101 99 0 0 110 139 143 
136 135 136 135 133 128 125 0 88 99 93 82 0 0 0 0 78 86 90 79 78 80 81 92 84 80 72 76 76 76 74 64 72 91 81 90 63 36 36 36 36 0 36 0 0 0 0 0 36 36 36 36 36 36 39 39 34 44 0 0 0 45 0 0 0 0 105 108 108 79 90 94 91 92 91 97 0 0 94 97 88 90 92 90 91 96 95 98 97 102 104 99 98 98 88 85 91 133 135 133 0 136 136 137 138 136 138 137 68 54 128 145 140 84 110 135 134 125 132 97 93 95 0 0 0 91 103 134 
133 133 131 128 131 116 101 84 97 93 81 85 0 0 0 0 86 80 74 78 76 69 71 74 77 76 79 78 73 63 60 66 74 94 78 83 54 43 43 43 43 43 0 0 0 0 0 43 43 43 43 43 43 43 44 42 39 42 0 0 0 0 49 45 62 108 89 101 102 86 90 91 86 81 93 94 92 0 0 0 90 86 93 87 93 96 92 95 95 101 96 85 89 92 82 83 119 130 133 129 131 0 127 131 130 131 135 136 75 35 79 139 134 135 131 131 128 131 130 117 89 97 94 0 0 91 82 104 
130 131 128 124 109 93 91 84 75 86 88 0 0 0 0 0 73 75 72 75 72 72 70 73 74 72 66 65 66 65 62 57 68 89 75 83 56 41 41 41 41 41 0 0 0 0 41 41 41 41 41 41 41 41 42 43 43 44 0 0 0 0 45 43 58 87 92 103 102 93 84 80 86 81 86 89 88 92 0 0 0 0 93 89 91 86 88 93 94 76 87 83 83 88 95 108 121 128 126 127 125 128 129 129 120 132 129 134 68 87 78 131 128 134 126 128 128 127 128 131 96 97 93 0 0 84 83 84 
126 126 120 102 88 82 82 85 79 84 79 0 0 0 0 0 77 65 69 75 63 69 70 64 75 69 63 66 66 63 61 59 63 89 78 73 51 37 37 37 37 37 0 0 0 0 37 37 37 37 37 37 37 37 40 41 40 35 43 44 0 0 47 49 53 92 88 102 101 78 83 87 76 74 79 84 87 93 85 84 0 0 0 86 86 84 88 88 93 87 84 86 92 90 85 122 122 122 130 124 122 123 127 129 122 125 121 128 84 117 70 125 125 126 117 127 124 121 124 125 116 82 88 0 0 84 82 81 
106 98 90 88 79 77 77 81 77 71 73 0 0 0 0 0 77 67 66 66 0 58 69 71 71 72 65 71 66 60 61 58 61 79 71 77 55 37 37 37 37 37 37 0 0 0 37 37 37 37 37 37 37 37 38 43 43 43 46 43 42 0 39 44 61 94 83 104 103 67 86 83 79 70 77 76 84 84 77 85 82 80 77 76 73 86 85 94 90 85 88 84 87 85 88 117 118 117 120 119 117 115 113 115 116 121 127 123 123 122 88 120 117 112 119 122 117 115 115 123 113 79 87 0 0 79 83 81 
73 65 79 82 74 73 80 72 77 73 73 68 0 0 0 0 58 67 63 68 69 61 67 66 69 65 63 63 64 64 64 55 0 0 66 67 50 38 38 38 38 38 38 0 0 0 38 38 38 38 38 38 38 38 45 39 39 42 40 41 36 39 39 41 67 94 82 98 98 71 74 0 78 68 74 75 79 75 76 73 77 74 73 75 72 77 76 80 83 75 81 82 79 83 77 98 94 94 96 90 91 92 83 87 79 86 92 90 92 92 82 89 0 90 78 82 92 86 84 88 85 67 79 0 0 72 73 77 
62 59 62 72 77 73 74 74 70 73 70 69 0 0 0 0 52 60 61 67 0 62 66 67 63 58 61 56 65 64 60 52 48 78 63 65 57 37 37 37 37 37 37 0 0 37 37 37 37 37 37 37 37 0 0 0 42 43 47 51 39 40 47 42 0 0 0 0 0 69 67 73 0 73 74 80 66 70 64 64 0 70 69 69 69 76 71 74 75 70 71 70 76 70 71 77 72 78 74 64 63 63 66 64 71 72 82 83 83 79 79 80 74 70 76 72 70 67 70 68 70 62 75 0 0 75 68 0 

