0 0 0 0 0 0 0 0 0 0 0 0 0 0 0 0 0 0 0 0 0 0 0 0 0 0 0 0 0 0 0 0 0 0 0 0 0 0 0 0 0 22 0 0 0 0 0 0 0 0 0 0 0 0 0 0 0 0 0 0 0 0 0 0 0 0 0 0 0 0 0 0 0 0 0 0 0 0 0 0 0 0 0 0 0 0 0 0 0 0 0 0 0 0 0 0 0 0 0 0 0 0 0 0 0 0 0 0 0 0 0 0 0 0 0 0 0 0 0 0 0 0 0 0 0 0 0 0 
0 0 0 0 0 0 0 0 0 0 0 0 0 0 0 0 16 0 0 0 0 0 0 0 0 0 0 0 0 0 0 0 0 0 0 0 0 0 0 0 0 42 0 0 0 0 0 0 0 0 0 0 0 0 0 0 0 0 0 0 0 0 0 0 0 0 0 0 0 0 0 0 0 0 0 0 0 0 0 0 0 0 0 0 0 0 30 0 0 0 0 0 0 41 0 0 0 0 0 0 0 0 0 0 0 0 0 0 0 0 0 0 0 0 0 0 0 0 0 0 0 0 0 0 0 0 0 0 
0 0 0 0 0 76 0 74 72 74 0 0 0 0 0 0 0 30 30 30 31 31 31 31 31 0 0 0 0 0 0 0 0 0 35 40 46 51 52 55 59 61 0 0 103 130 148 158 166 168 163 149 133 119 107 96 92 95 94 88 86 100 120 0 0 178 183 184 0 0 0 0 178 174 174 179 184 185 0 0 0 0 73 58 51 0 0 44 45 48 50 54 56 57 0 0 0 68 70 71 77 109 146 178 183 182 180 179 179 176 174 171 172 170 169 167 167 163 164 165 0 0 162 160 158 157 158 162 
128 124 0 117 114 114 113 0 0 109 0 0 0 0 0 0 47 44 44 44 45 45 45 45 0 0 0 0 0 45 0 0 0 0 0 0 0 0 0 57 60 63 0 0 104 130 148 157 158 154 143 0 115 99 85 78 0 0 103 106 96 84 79 96 127 160 180 0 185 0 0 0 0 171 173 177 179 0 0 0 138 101 69 54 53 52 45 44 44 46 49 50 0 0 0 0 55 53 53 54 57 65 98 139 173 182 181 180 178 181 179 177 173 172 170 167 166 166 165 0 0 162 158 158 158 160 161 161 
0 0 0 0 116 115 0 110 0 0 0 0 0 0 0 56 45 43 42 42 42 42 42 0 0 0 0 0 0 0 0 0 0 0 0 0 53 52 55 59 63 64 0 0 104 132 148 153 147 137 125 110 0 82 76 77 84 0 0 124 127 109 88 78 104 141 176 189 189 188 0 0 0 0 0 0 179 167 150 132 117 94 71 53 52 52 50 46 45 46 0 0 0 0 0 0 0 53 53 54 56 58 62 96 138 174 183 181 179 176 178 178 178 175 171 166 161 162 164 0 0 163 159 158 161 166 169 171 
125 124 122 0 115 113 0 0 0 0 0 0 0 0 0 53 43 41 41 42 42 42 0 0 0 0 0 0 0 0 0 0 0 0 0 0 54 54 55 59 63 66 69 0 0 0 0 147 135 120 108 93 80 0 74 79 87 101 0 0 145 143 121 99 100 133 0 187 190 188 184 0 0 0 0 0 183 183 166 140 108 81 61 52 50 53 0 0 0 0 0 0 0 0 0 0 0 50 51 53 0 59 60 67 102 143 175 183 182 179 176 177 178 177 174 167 163 161 164 0 0 168 168 168 169 171 175 179 
0 0 0 0 0 112 110 0 0 105 0 0 0 0 0 54 43 40 41 42 43 43 43 0 0 0 0 0 0 0 43 43 0 0 0 0 56 57 57 59 63 0 0 0 0 132 0 0 0 0 0 0 77 74 76 81 92 109 129 0 162 165 152 127 114 0 0 0 0 188 183 173 0 0 0 0 0 188 186 173 148 111 78 56 0 0 0 0 0 0 0 0 0 0 0 0 0 53 54 55 57 0 61 60 64 90 125 157 175 181 178 174 173 174 176 176 173 171 169 172 0 0 177 178 179 181 182 185 
0 0 0 0 0 0 0 0 0 0 0 0 0 0 76 57 46 41 41 41 43 43 43 0 0 0 0 0 0 43 43 43 0 0 0 0 55 58 59 61 63 66 0 0 0 0 137 129 109 0 0 0 0 77 77 83 95 117 139 159 173 179 168 147 133 0 0 0 190 188 183 173 159 0 0 0 0 0 188 190 186 0 0 0 0 0 0 0 0 0 0 0 0 0 53 54 55 57 58 60 61 61 61 60 58 60 72 101 133 162 173 175 174 178 180 182 182 180 180 180 0 183 185 184 186 187 188 188 
127 125 122 118 114 111 0 0 0 0 0 0 0 0 76 59 47 45 43 0 0 0 0 0 0 0 0 0 0 43 43 43 0 0 0 0 54 58 63 69 74 73 0 0 0 0 133 121 102 83 74 75 80 83 83 84 100 121 150 168 178 182 176 161 0 0 0 182 190 188 184 174 162 148 0 0 0 0 0 0 189 0 0 0 0 0 0 48 48 48 49 50 52 55 56 56 56 57 62 64 66 65 62 60 57 55 59 72 100 132 160 173 177 179 184 186 188 188 187 188 0 0 188 189 188 189 190 188 
0 0 0 0 0 0 0 0 0 0 0 0 0 0 77 58 49 45 0 0 0 0 0 0 0 0 0 0 0 43 43 43 0 0 0 0 57 58 64 73 82 86 0 0 0 0 131 120 103 92 83 81 86 89 92 93 104 126 150 172 0 0 0 0 160 157 172 183 193 190 183 171 0 0 0 0 0 0 0 0 0 0 0 0 149 103 62 49 48 48 48 50 53 55 58 58 58 59 61 64 65 65 63 59 60 70 84 101 113 132 151 167 174 179 183 189 191 193 192 190 0 0 188 187 187 187 188 189 
0 0 0 0 0 0 0 0 0 0 0 0 0 0 77 58 47 0 0 0 0 0 0 0 0 0 0 0 0 45 45 45 54 0 0 0 0 0 76 80 86 95 0 0 0 0 138 124 104 101 104 107 103 105 108 116 123 140 159 177 186 0 0 168 162 0 177 189 196 197 191 176 0 0 0 0 0 0 0 0 0 0 0 185 175 139 95 60 51 50 50 50 53 56 58 61 61 61 62 62 63 63 63 61 69 85 110 126 144 156 166 174 178 182 184 187 189 190 191 191 0 189 189 188 187 186 186 186 
0 0 0 0 0 0 0 0 0 0 0 0 0 0 79 57 0 0 0 0 0 0 0 0 0 0 0 0 0 46 46 46 0 0 0 0 0 0 0 89 96 0 0 0 0 0 145 134 120 113 120 125 127 124 124 132 0 0 176 188 195 0 0 166 161 170 183 193 202 204 203 0 0 0 0 0 0 185 189 189 0 188 188 186 181 159 122 82 59 51 50 51 52 55 58 60 62 60 60 0 64 63 60 63 74 98 125 152 169 181 181 179 177 179 180 180 179 180 180 181 0 181 181 181 179 178 176 173 
0 0 0 0 0 0 0 0 0 0 0 0 0 0 80 59 0 0 0 0 0 0 0 0 0 0 0 0 0 45 45 45 56 0 0 0 102 108 105 107 110 118 0 0 0 158 153 146 138 134 134 138 141 142 142 144 160 178 195 205 204 197 181 167 160 167 182 195 202 204 205 0 0 0 0 0 0 179 180 179 178 175 173 172 170 157 129 96 69 57 51 52 53 54 57 57 58 60 58 0 0 62 60 62 80 106 139 163 179 180 180 179 177 174 173 173 172 170 170 170 0 0 174 174 174 171 170 167 
0 0 0 0 0 0 0 0 0 0 0 0 0 99 79 59 0 0 0 0 0 0 0 0 0 0 0 0 45 45 45 45 0 0 0 0 115 123 123 120 120 128 141 0 0 170 165 153 148 148 151 155 155 151 152 160 170 188 201 211 212 204 194 178 166 164 177 190 196 195 197 0 0 0 0 0 164 165 164 164 162 160 156 155 155 145 124 93 70 0 55 52 53 55 56 58 56 57 58 0 0 0 60 64 80 110 145 168 180 182 181 180 175 172 167 165 162 160 159 0 0 0 161 164 163 163 159 156 
0 0 0 0 0 0 0 0 0 0 0 0 0 99 77 58 0 0 0 44 45 45 45 0 0 0 0 0 45 45 45 45 0 0 0 0 124 138 0 144 143 148 162 174 181 178 169 160 159 159 160 160 160 157 156 164 178 193 205 212 215 215 202 189 172 170 174 185 184 180 179 0 0 0 0 0 151 153 152 150 149 147 144 141 140 131 111 83 65 54 53 53 52 54 54 54 0 0 55 55 0 0 59 64 80 111 146 170 180 182 181 179 177 173 169 165 163 161 161 160 0 158 159 162 164 162 162 159 
0 0 0 0 0 0 112 0 107 0 0 0 0 100 79 59 0 0 0 0 46 46 46 46 0 0 0 46 0 46 46 46 60 0 0 0 135 147 147 0 147 156 169 185 189 185 176 164 0 0 0 0 0 159 156 155 170 191 210 216 217 217 210 196 187 183 183 183 182 174 165 0 0 0 0 0 0 147 149 0 146 146 145 142 141 135 116 0 63 55 0 0 54 52 53 53 0 0 0 0 0 0 61 72 90 120 149 170 181 179 179 176 177 174 167 163 162 161 160 0 0 161 159 160 160 159 157 157 
0 0 0 0 0 0 112 110 106 0 0 0 114 101 80 60 0 0 0 43 44 44 44 44 44 0 0 0 0 0 44 44 58 0 0 0 0 0 0 0 0 0 0 0 0 0 0 0 0 0 0 0 0 0 153 148 150 161 181 203 215 220 217 206 195 193 196 198 197 193 0 0 0 0 0 0 163 161 160 0 0 0 0 161 160 150 130 94 67 54 55 54 54 53 52 53 52 51 51 53 0 0 60 76 99 129 155 170 177 168 165 166 175 180 174 168 163 163 163 0 0 0 163 163 163 159 156 155 
0 0 0 0 0 115 112 109 0 0 0 0 0 104 81 0 0 0 0 45 43 43 43 43 43 43 0 0 0 0 43 43 55 0 0 0 0 0 0 0 0 0 0 0 0 0 0 0 0 0 0 0 0 0 148 142 139 141 148 164 183 198 205 203 194 190 198 208 210 0 0 0 0 0 0 177 176 176 174 173 0 0 0 0 0 0 0 0 0 0 0 0 0 0 0 0 0 53 52 0 0 0 63 80 108 138 161 172 164 159 151 158 166 179 183 177 171 166 165 163 0 0 162 164 165 166 163 160 
0 0 0 0 0 113 112 110 109 0 0 0 115 105 83 61 48 0 0 0 42 42 42 42 42 0 42 42 0 0 0 0 54 68 0 0 0 159 160 157 153 155 165 178 184 184 178 176 178 176 173 166 159 153 145 140 135 135 138 136 142 155 176 190 195 194 193 201 209 0 0 0 0 0 0 188 187 186 0 0 0 0 0 0 0 0 0 116 81 58 53 53 0 0 53 0 0 52 54 0 0 0 64 82 111 144 163 168 153 141 141 145 162 173 188 191 187 182 172 164 0 0 162 160 160 163 166 166 
0 0 0 0 0 114 111 110 109 0 0 0 114 105 0 0 48 43 44 42 42 42 42 42 0 0 0 0 0 0 0 0 0 0 0 0 0 0 154 155 153 155 166 178 178 175 170 175 174 175 170 167 158 154 148 142 136 132 136 138 138 138 145 161 176 189 195 193 0 199 0 0 0 0 0 190 187 186 0 0 0 0 0 0 189 179 153 115 79 58 51 51 50 50 0 0 52 51 52 0 0 0 64 84 115 148 166 167 149 136 132 142 153 166 178 186 189 185 180 171 0 161 162 162 160 158 160 164 
0 0 0 0 0 0 0 0 106 0 0 0 115 103 84 0 47 42 42 42 42 42 42 42 42 42 0 0 0 0 0 0 0 0 0 97 114 0 0 149 153 153 160 172 180 175 168 168 168 166 161 157 154 148 145 143 138 132 131 138 145 146 146 154 169 184 195 193 0 0 0 0 0 0 0 189 189 187 0 0 0 0 0 0 189 178 152 110 75 0 0 0 0 0 0 0 53 50 50 0 0 0 66 85 117 147 167 167 154 139 134 144 156 167 173 180 184 184 180 174 0 0 158 160 160 158 156 159 
0 0 0 0 0 112 0 0 0 0 0 0 0 104 0 0 0 42 42 43 43 43 43 0 0 43 43 0 0 0 0 0 0 0 0 102 114 118 0 0 153 160 163 167 176 181 178 171 167 161 158 150 0 134 132 137 140 138 133 134 142 151 160 166 167 168 175 183 180 0 0 0 0 0 0 188 187 188 0 0 0 0 0 0 0 175 151 110 73 0 45 45 45 47 47 49 51 52 50 0 0 0 68 88 119 147 164 167 157 148 140 153 166 174 171 168 172 174 170 165 0 0 162 161 160 159 161 161 
0 0 0 0 0 0 0 0 0 0 0 0 0 103 83 61 49 44 43 42 43 43 0 0 0 43 0 0 0 0 0 0 0 69 94 0 131 131 0 0 0 166 174 174 172 173 177 177 170 163 151 149 0 143 136 137 138 138 133 131 137 147 162 173 175 167 0 0 0 0 0 0 0 0 0 185 183 0 0 0 0 0 0 0 0 167 149 110 0 53 46 44 44 45 47 47 48 49 51 0 0 58 70 92 124 150 163 168 163 156 151 159 173 181 179 179 179 179 175 167 0 0 162 162 162 162 162 163 
0 0 0 0 0 0 0 0 0 0 0 0 115 105 84 62 48 43 43 0 0 0 0 0 0 0 0 0 0 0 0 0 0 71 0 0 0 0 153 0 155 167 180 187 183 176 173 176 177 172 0 0 0 150 149 145 144 142 139 138 144 156 169 178 183 0 0 0 0 0 0 0 0 0 0 170 0 0 0 0 0 0 0 159 164 159 143 109 76 56 49 47 45 45 47 48 47 47 52 0 0 65 76 97 128 155 166 168 168 164 160 163 173 186 188 184 176 169 167 0 0 0 157 157 160 161 160 160 
0 0 0 0 0 114 109 107 104 0 0 0 118 107 86 63 49 44 44 0 0 0 0 44 44 44 44 44 0 0 0 44 0 0 0 0 0 0 0 0 0 162 175 185 186 178 171 165 165 161 0 0 0 154 152 151 150 147 145 142 145 0 163 166 172 0 0 0 0 0 0 0 0 0 168 162 159 0 0 0 0 0 0 158 166 169 151 114 77 56 50 48 47 46 46 46 47 48 0 0 0 72 86 107 136 158 170 170 169 171 171 171 175 186 195 192 183 172 168 167 0 0 160 160 159 160 158 157 
0 0 0 0 0 117 113 109 107 0 0 0 118 110 90 66 50 45 44 0 0 0 0 44 44 0 44 44 0 0 0 0 56 0 0 0 142 154 0 0 0 154 164 0 0 0 0 0 0 0 0 0 0 0 165 156 150 145 144 141 143 147 155 155 155 0 0 0 0 181 0 0 0 0 0 162 154 0 154 0 0 0 0 162 166 170 0 0 0 0 0 0 0 0 0 0 0 0 0 0 70 76 89 111 141 161 173 172 171 172 174 178 179 187 193 195 187 177 167 164 0 0 164 162 164 164 166 162 
0 0 0 0 0 121 0 114 111 0 0 0 115 108 90 68 51 45 0 0 0 0 0 0 0 0 0 0 46 0 0 46 59 71 0 0 0 150 147 145 0 148 159 168 0 0 0 0 0 0 0 0 0 0 174 173 159 149 140 141 136 136 137 143 136 130 0 0 0 186 0 0 0 0 170 161 159 164 169 0 0 0 0 175 177 176 162 0 0 0 0 0 0 0 0 0 0 0 0 0 70 75 90 113 144 164 173 176 173 175 174 177 184 188 195 197 194 187 179 175 0 0 174 173 173 175 175 174 
0 0 0 0 0 122 120 117 114 0 0 0 0 105 87 0 0 0 0 0 0 45 0 0 45 45 45 0 45 45 0 0 56 0 0 0 0 0 146 141 139 143 157 0 0 0 0 171 172 169 168 171 179 184 184 185 174 152 140 138 138 127 127 129 130 0 0 0 0 182 0 0 0 0 172 170 167 166 170 173 0 0 0 177 177 179 168 136 93 62 49 47 46 47 48 47 46 48 52 60 66 71 86 112 147 166 174 175 177 178 177 173 173 179 184 189 186 179 173 168 167 167 167 168 169 169 168 169 
0 0 0 0 0 121 119 117 114 0 0 0 0 106 86 0 0 0 0 0 45 0 0 0 45 45 45 45 45 45 45 0 0 0 0 0 0 0 0 140 132 0 0 0 0 0 0 0 174 176 174 172 171 177 184 193 188 169 148 135 132 128 121 122 129 0 0 0 0 174 0 0 0 0 167 171 171 169 171 177 181 0 0 182 182 179 165 136 96 66 51 48 47 47 48 47 46 48 54 62 67 70 81 108 142 168 175 174 176 179 179 175 168 168 172 177 177 172 166 162 160 159 158 157 157 156 156 155 
0 0 0 0 0 121 118 115 0 0 0 0 0 108 88 0 48 0 44 45 0 45 0 0 45 45 45 0 0 45 45 0 0 0 83 0 0 0 145 145 137 0 0 0 0 183 179 172 170 174 0 0 0 0 181 187 192 177 155 136 124 125 121 122 126 0 0 0 0 0 0 0 0 0 172 173 175 177 177 178 177 177 0 0 184 183 166 135 93 65 52 50 0 49 49 48 47 48 55 64 71 75 0 101 135 160 175 174 176 178 178 177 170 164 164 166 168 164 157 150 146 0 142 141 140 141 140 142 
0 0 0 0 0 0 118 0 110 110 111 0 0 0 90 0 0 0 0 42 44 0 0 0 0 44 44 44 44 44 0 0 53 60 0 0 0 0 138 140 137 127 0 0 164 180 183 180 0 174 176 0 173 173 175 182 185 181 158 139 126 116 0 0 125 0 0 0 0 174 0 0 0 0 0 175 176 173 172 170 173 175 0 0 187 189 176 0 0 0 0 0 0 0 0 0 49 49 54 65 72 80 0 107 129 151 166 173 174 177 177 176 173 170 169 170 171 169 163 159 155 0 153 152 151 149 149 146 
0 0 0 0 0 0 0 114 111 109 112 0 114 0 90 0 51 0 0 0 0 0 0 0 43 43 43 43 43 43 43 0 0 0 0 0 0 0 0 135 0 0 0 126 151 172 179 180 182 181 178 0 0 175 177 181 183 178 157 135 118 109 100 102 108 0 0 0 0 0 0 0 0 0 0 0 175 172 168 167 0 0 0 0 0 0 0 0 0 0 0 0 0 0 0 0 50 52 55 64 72 0 0 0 136 145 155 163 173 176 178 179 179 181 182 183 182 180 177 173 0 0 168 166 165 165 161 156 
0 0 0 0 0 0 0 0 109 109 111 0 0 0 89 0 0 44 42 42 42 42 42 42 42 42 42 42 42 42 42 0 0 0 0 0 0 0 0 133 0 124 110 0 129 155 171 173 180 0 184 183 186 185 186 185 180 169 152 133 117 102 93 94 104 0 0 0 153 0 0 0 0 0 177 0 0 0 167 0 0 0 0 0 0 0 0 0 0 0 0 0 0 50 49 49 50 52 57 63 69 0 0 0 141 154 150 151 158 171 176 180 183 187 190 192 192 188 185 184 0 0 183 182 179 174 169 163 
0 0 0 0 0 119 117 116 112 110 0 0 0 0 0 65 0 0 40 40 40 40 40 40 40 40 40 40 40 0 0 0 0 0 0 0 0 0 0 0 0 0 117 112 0 142 159 166 170 0 0 184 182 185 186 187 184 171 152 129 117 116 119 120 123 0 0 0 0 0 0 0 0 0 174 173 171 0 0 0 0 0 0 168 165 165 157 137 103 72 55 51 53 54 53 51 49 51 56 63 69 78 93 116 141 155 158 149 149 153 164 174 183 192 198 200 199 196 193 191 191 0 185 179 173 167 161 158 
0 0 0 0 0 0 0 115 113 112 113 0 0 0 0 66 0 0 39 39 39 39 39 39 39 39 39 0 0 0 0 0 0 0 0 111 129 0 0 0 135 126 120 122 128 0 153 0 0 0 0 184 184 182 184 184 186 183 166 145 126 128 138 145 143 0 0 0 0 0 0 0 0 0 176 170 0 0 0 0 0 0 0 171 171 169 159 137 101 72 54 51 51 52 52 51 51 0 57 64 68 79 94 119 140 154 157 155 152 152 154 159 169 180 189 192 191 189 187 182 179 176 173 170 163 157 151 145 
0 0 0 0 0 121 121 119 114 112 114 0 0 0 0 69 51 0 0 38 38 38 38 38 38 38 38 0 0 0 0 0 0 65 88 111 132 0 0 0 131 123 116 113 126 141 156 0 159 165 174 181 181 180 178 180 180 182 178 165 153 144 148 158 166 0 0 0 0 0 0 0 0 0 173 171 171 0 0 0 0 0 0 169 169 170 163 141 105 71 54 50 50 51 0 0 49 52 58 65 71 80 98 122 144 154 158 156 156 158 159 159 158 166 172 177 175 174 173 174 0 0 163 161 159 151 144 138 
0 0 0 0 0 118 118 119 115 112 113 0 0 0 0 68 51 0 0 41 40 40 40 40 40 40 40 40 40 40 0 0 53 67 90 109 0 0 0 0 127 124 117 0 120 138 153 159 155 157 164 170 170 168 168 168 169 169 172 171 165 161 160 165 168 0 0 0 0 0 0 0 0 0 168 171 171 0 0 171 173 0 0 168 167 168 164 146 109 75 55 51 50 49 50 49 47 48 55 65 71 82 98 124 144 156 158 157 156 159 163 165 164 162 164 164 161 157 157 158 0 0 153 148 148 150 148 143 
0 0 0 0 119 115 114 0 113 0 110 0 0 0 0 67 51 42 0 0 42 42 42 42 42 0 42 42 42 42 0 42 55 68 92 111 0 0 0 0 126 125 118 116 0 135 151 0 0 0 156 164 0 161 156 156 156 156 158 161 159 157 160 160 161 0 0 0 0 0 0 0 0 0 163 163 168 172 0 0 0 0 168 166 166 165 156 0 0 0 57 52 51 49 47 49 48 49 54 64 0 82 100 124 144 154 156 155 157 159 165 167 167 166 164 164 159 153 149 150 0 153 152 151 148 149 149 147 
0 0 0 0 0 118 0 0 0 108 109 111 0 0 0 66 49 41 40 0 0 0 0 0 0 0 0 42 42 42 42 0 0 62 87 110 0 0 0 122 129 129 124 118 0 0 150 156 0 147 143 154 163 0 158 154 154 154 154 156 158 157 156 159 160 0 0 0 0 0 0 0 0 0 165 163 164 168 0 0 0 174 173 167 166 168 158 136 104 76 58 51 51 50 48 47 49 51 55 0 0 0 103 127 144 154 155 154 153 157 161 166 168 167 165 161 158 153 149 149 0 0 151 150 149 147 147 146 
0 0 0 0 0 121 119 112 108 105 106 112 0 0 0 65 48 40 40 40 0 0 0 0 41 41 0 41 41 41 0 0 0 62 83 105 0 0 0 0 113 114 112 112 117 132 148 155 0 0 142 140 154 166 172 163 156 154 155 155 155 156 156 156 159 0 0 0 0 0 0 0 0 0 162 164 161 164 0 0 168 173 173 170 165 165 160 137 102 70 56 50 51 51 50 49 47 52 56 65 74 89 109 130 146 154 156 154 154 154 159 164 168 169 164 161 155 151 146 146 0 0 151 149 148 148 146 146 
0 0 0 0 0 122 120 117 110 108 108 0 0 0 0 0 49 40 38 39 39 0 0 0 0 39 39 39 39 39 0 39 0 59 79 98 0 0 0 104 101 100 0 98 107 126 143 151 152 0 0 140 141 152 163 175 170 161 155 154 154 153 153 155 157 0 0 0 0 0 0 0 0 164 162 161 163 162 0 0 0 163 167 166 162 159 156 138 103 73 56 54 51 52 50 50 50 51 58 65 76 90 109 134 149 156 156 156 155 155 158 162 165 165 163 156 152 147 144 143 0 0 0 148 145 145 144 143 
0 0 0 0 0 119 119 117 112 108 107 0 0 0 0 0 49 39 38 37 37 37 0 0 0 0 0 0 0 0 0 0 0 0 0 0 0 0 0 90 83 78 0 0 0 0 0 0 0 0 0 0 0 0 149 162 175 172 161 156 154 153 151 153 155 0 0 0 0 0 0 0 0 172 168 169 169 170 169 170 170 169 170 171 171 168 155 137 103 75 57 54 55 52 53 51 51 52 55 63 72 90 111 135 150 157 156 155 155 156 157 160 162 162 161 155 147 143 141 141 0 0 146 145 145 143 142 141 
0 0 0 0 0 117 114 113 111 0 108 0 0 0 0 0 51 42 39 40 39 39 39 39 0 0 39 0 0 0 39 0 45 51 64 79 92 0 0 0 71 64 62 71 0 114 138 0 0 0 141 137 138 141 141 144 154 168 174 0 165 156 150 148 150 151 0 0 0 0 0 0 0 173 170 169 170 171 172 172 0 172 171 170 169 166 154 131 104 75 59 53 55 54 51 51 50 52 55 63 71 87 109 134 150 157 157 157 156 155 157 157 159 160 156 151 143 138 137 138 0 0 142 144 144 144 142 139 
0 0 0 0 0 116 112 110 109 108 109 0 0 0 0 0 53 43 42 41 42 42 42 42 42 0 0 0 0 0 0 0 0 0 0 0 0 0 0 0 65 63 0 68 88 114 138 151 154 148 143 138 139 139 141 140 140 145 154 166 0 173 166 161 160 162 0 0 0 0 0 0 0 166 162 163 165 165 167 167 167 168 168 167 166 157 144 123 99 76 59 55 54 53 51 48 49 51 55 61 69 83 105 132 151 159 159 157 156 155 155 155 155 154 153 147 143 138 138 138 139 0 138 139 142 145 145 141 
0 0 0 0 120 115 111 107 105 104 107 0 0 0 0 0 51 42 41 42 42 42 42 42 42 42 42 0 0 0 42 0 0 0 0 0 0 0 0 0 64 63 65 71 89 114 137 150 153 147 142 139 140 140 140 141 140 138 138 143 154 166 169 168 167 169 0 0 0 0 0 0 0 166 157 155 157 157 156 155 154 156 157 157 150 139 119 100 79 66 57 54 54 54 52 49 46 48 54 63 70 80 99 126 149 158 158 155 152 150 149 149 149 149 147 145 140 136 134 135 0 137 136 133 133 136 138 136 
0 0 0 0 109 107 106 0 100 101 102 0 0 0 0 0 51 42 40 39 40 40 40 40 40 40 40 40 40 0 0 0 0 53 0 0 60 61 58 62 63 62 62 0 88 115 137 147 150 0 138 134 136 138 138 136 137 135 133 131 132 137 145 151 156 0 0 0 0 0 0 0 0 0 151 146 149 151 153 151 150 149 151 148 139 123 107 84 67 55 53 52 51 52 52 50 48 47 54 63 72 80 92 115 136 151 153 151 148 146 144 144 143 142 141 139 137 135 134 135 0 0 134 132 130 129 131 130 
0 0 0 0 0 101 100 100 98 96 100 0 0 0 0 0 49 41 40 40 39 39 39 39 39 39 39 39 39 39 0 0 0 53 65 0 0 59 57 57 62 64 65 73 0 0 0 0 0 0 0 132 133 136 139 138 137 137 136 134 133 132 131 135 139 144 0 0 0 0 0 0 0 0 146 146 149 159 164 165 165 161 155 148 132 114 92 74 0 53 52 52 50 50 51 51 49 48 51 62 72 86 98 116 131 142 147 146 145 143 143 142 142 139 137 135 133 132 132 132 0 0 0 127 125 125 127 125 
0 0 0 0 0 96 0 0 0 0 0 0 0 106 0 0 50 41 40 0 0 0 0 0 0 0 0 0 0 0 0 0 0 0 0 0 0 0 62 61 65 0 0 0 0 0 0 0 0 142 136 131 132 133 135 137 138 138 137 136 134 134 132 130 132 132 0 0 0 0 0 0 0 0 141 137 141 148 162 171 171 166 154 140 124 0 81 63 0 53 53 52 52 49 50 50 0 0 51 0 0 0 0 0 0 0 0 139 0 0 0 0 0 0 0 0 131 130 130 128 0 0 131 132 128 127 125 126 
0 0 0 0 0 108 98 95 0 0 0 0 0 0 0 0 53 43 40 40 0 40 40 40 40 0 40 40 40 40 40 40 48 55 64 72 80 80 70 63 64 70 77 0 108 128 0 0 148 143 138 132 133 135 137 137 139 141 143 141 140 139 139 137 136 139 0 0 0 0 0 0 0 131 132 136 137 143 149 160 164 156 143 127 111 0 0 0 53 0 52 0 0 0 0 0 0 0 0 0 0 0 0 0 0 0 0 0 0 0 0 144 144 141 140 136 136 138 138 133 0 0 0 134 138 136 128 128 
0 0 0 0 114 107 102 95 91 0 0 0 0 0 0 72 52 43 41 40 0 0 39 39 39 39 0 39 39 39 39 39 46 50 63 71 77 73 67 62 62 66 73 0 0 0 150 151 149 141 137 134 134 136 137 138 137 138 140 143 141 140 139 138 138 0 0 0 0 0 0 0 0 124 125 126 132 136 141 141 142 138 124 105 87 0 0 59 55 0 0 0 0 0 51 0 0 0 53 59 0 0 109 125 135 142 142 140 139 0 142 143 142 139 135 131 133 140 144 141 0 0 125 133 139 145 141 138 
0 0 0 0 0 0 0 0 0 0 0 0 0 0 0 71 52 40 39 37 36 36 36 36 36 36 36 0 36 36 36 36 0 52 66 82 93 89 77 71 73 75 76 0 0 0 0 152 150 142 136 133 134 133 132 131 131 130 130 133 133 133 131 131 130 130 0 0 0 0 0 0 0 109 109 113 119 129 136 135 125 112 100 87 0 0 0 57 54 53 51 0 0 50 50 50 0 50 54 58 72 0 111 127 136 139 139 138 0 0 140 144 143 140 0 0 0 134 145 145 0 0 0 131 138 146 149 148 
0 0 0 0 0 0 0 0 0 0 0 0 0 0 0 0 51 40 37 37 36 36 36 36 36 36 36 36 36 36 36 36 45 0 75 94 113 120 113 0 101 94 87 0 0 0 0 148 151 142 138 132 132 131 129 127 128 127 127 125 125 125 126 127 127 126 0 0 0 0 0 0 0 114 113 117 123 0 0 142 128 109 88 79 72 0 0 55 54 52 51 0 0 0 0 49 49 0 51 58 0 0 108 128 137 140 138 136 0 0 139 140 141 137 132 124 122 127 137 140 0 0 123 130 137 150 153 149 
0 0 0 0 0 0 0 0 0 0 0 0 0 0 0 0 51 40 37 36 36 36 36 36 36 0 0 36 36 36 36 0 40 45 0 85 115 132 135 129 126 124 117 112 0 0 0 0 150 141 136 133 129 126 121 118 116 116 116 118 115 115 114 118 118 116 0 0 0 0 0 0 0 0 107 108 116 0 0 144 143 121 93 70 64 0 0 54 52 51 50 0 0 0 0 0 48 49 53 59 0 0 0 0 0 0 0 134 0 0 0 0 0 0 0 124 121 124 133 137 0 0 0 126 136 149 155 157 
0 0 0 0 0 0 98 97 94 94 96 101 0 0 0 67 51 40 37 37 37 37 37 37 37 37 37 0 37 0 0 0 0 56 71 0 0 119 121 120 118 121 0 0 0 0 0 156 0 143 0 0 0 125 120 117 117 116 117 118 121 121 120 120 122 123 0 0 0 0 0 0 0 112 114 117 121 0 0 144 148 144 122 95 73 0 0 53 52 51 51 0 0 0 48 48 0 48 50 0 0 0 0 118 134 140 139 134 0 0 0 137 133 129 126 122 121 126 133 136 0 0 0 123 131 142 144 146 
0 0 0 0 0 0 0 0 94 92 0 0 0 0 0 0 50 40 37 37 37 37 0 0 37 37 37 37 0 0 37 37 0 61 80 92 107 0 116 113 105 0 0 0 0 0 0 0 154 0 0 0 0 0 0 118 113 111 109 108 110 116 117 119 117 120 0 0 0 0 0 0 0 0 110 118 123 127 134 143 147 149 146 133 108 0 0 59 50 51 51 0 0 0 49 49 0 0 52 57 0 0 92 112 129 139 140 138 132 0 131 131 130 125 124 121 122 126 134 134 0 0 0 121 129 139 140 135 
0 0 0 0 0 0 0 0 0 0 0 0 0 0 0 0 51 41 36 36 36 36 36 36 0 0 0 36 0 0 0 36 0 60 82 98 117 126 124 120 110 101 0 0 0 0 0 154 0 144 134 128 126 0 0 0 0 122 120 117 118 121 125 125 126 124 0 0 0 0 0 0 0 0 114 120 130 0 141 143 147 147 146 136 0 0 0 80 60 48 50 0 0 50 50 50 0 0 51 58 68 0 92 108 125 137 142 142 0 0 130 129 123 118 114 117 122 0 135 134 0 0 0 118 126 134 133 129 
0 0 0 0 0 98 95 94 90 88 91 0 0 0 0 70 52 40 36 36 36 36 36 36 36 36 36 36 0 0 0 0 0 51 0 96 0 120 115 110 110 0 0 0 0 0 153 156 156 147 137 129 126 0 115 113 117 119 116 113 110 114 119 123 121 120 0 0 0 0 0 0 0 0 109 112 120 132 137 134 130 129 0 0 0 0 0 0 0 0 0 0 0 0 0 0 0 0 50 57 70 0 0 0 0 0 0 141 0 0 0 0 0 0 0 129 134 140 150 152 0 0 0 116 127 142 145 141 
0 0 0 0 0 104 100 96 92 88 89 0 0 0 0 69 51 41 36 36 36 36 36 36 36 0 0 36 36 0 0 0 42 0 62 84 105 112 107 103 101 98 95 99 113 0 0 153 154 146 138 129 127 125 0 113 109 112 116 119 118 118 125 131 132 130 0 0 0 0 0 0 0 0 119 118 120 126 130 125 114 107 0 0 0 0 0 0 86 69 54 49 0 0 0 49 51 0 51 56 73 0 0 116 126 134 138 140 142 0 0 136 126 120 119 123 127 130 138 145 0 0 0 108 110 126 137 134 
120 0 0 0 0 105 99 96 92 0 0 0 0 0 0 0 50 38 34 34 34 34 34 34 34 0 34 0 34 0 0 0 0 40 0 65 83 95 94 0 0 0 0 0 0 0 0 148 148 140 129 121 0 0 114 109 104 99 103 106 111 113 116 122 127 127 0 0 0 0 0 0 0 117 116 116 119 123 130 126 113 93 86 0 0 89 91 82 76 62 55 50 50 0 0 50 50 51 53 60 76 97 0 124 130 134 136 138 140 141 0 0 131 124 119 121 126 131 132 134 0 0 0 118 112 114 124 129 
110 0 0 0 0 0 102 95 0 0 0 0 0 0 0 72 52 39 33 33 33 33 33 33 33 33 33 33 33 0 0 0 0 38 47 56 64 71 76 75 76 81 87 0 0 0 0 0 148 140 130 120 0 0 0 0 0 105 106 109 111 117 120 126 128 132 0 0 0 0 0 0 124 122 121 121 125 128 133 135 124 103 84 0 0 96 94 84 64 56 52 0 0 0 0 0 51 51 53 62 80 100 0 0 132 0 0 138 141 0 0 0 0 0 0 0 0 115 114 114 0 0 0 109 106 107 110 113 
0 0 0 0 98 96 0 88 84 82 84 0 0 0 0 0 54 41 34 32 32 32 0 0 0 0 0 0 0 0 0 0 0 0 0 0 60 0 0 0 0 0 68 0 0 0 0 149 149 0 0 0 0 0 103 104 102 101 104 106 110 111 0 0 129 128 0 0 0 0 0 0 123 0 0 0 0 130 134 136 136 127 111 98 92 92 92 88 81 66 58 55 56 54 0 52 53 0 0 0 0 104 122 130 133 135 139 144 144 143 138 133 126 118 115 117 120 120 118 117 0 0 0 111 110 111 112 114 
0 0 0 0 0 96 94 0 84 80 81 0 0 0 0 0 53 41 36 33 32 32 32 32 32 0 0 0 0 0 0 0 0 44 51 0 60 58 57 58 60 57 54 62 0 0 128 141 144 0 0 0 0 0 0 109 111 111 111 0 114 117 0 0 129 132 130 0 0 0 0 0 0 0 0 0 0 127 134 135 137 138 137 0 0 0 0 0 0 0 0 0 0 0 57 0 0 0 0 0 0 0 0 0 0 138 141 145 149 146 140 131 125 118 117 121 127 130 131 136 0 0 0 121 123 117 112 118 
101 99 0 0 93 92 89 87 0 80 81 0 0 0 0 0 50 39 33 33 31 31 0 0 0 0 0 0 31 0 0 0 0 0 43 51 0 55 52 57 0 60 57 0 0 0 0 138 141 0 0 0 0 0 0 109 112 116 117 114 116 115 0 123 129 133 0 0 0 0 0 0 0 0 0 0 119 123 129 133 134 137 142 0 0 0 133 0 0 0 0 0 0 0 0 0 0 0 58 63 0 0 114 133 142 142 143 147 150 147 140 131 125 119 118 123 126 127 125 133 0 0 0 123 131 129 123 121 
103 101 0 0 0 90 88 84 0 0 83 0 0 0 0 0 51 38 32 31 0 0 0 0 0 0 0 0 0 0 0 0 0 0 0 0 0 0 0 0 0 0 0 0 77 0 0 137 141 0 0 0 119 117 116 117 118 121 125 127 124 124 0 129 137 140 0 0 0 0 0 0 0 0 132 125 118 115 120 127 130 135 142 0 0 147 139 128 0 0 68 62 0 59 60 61 0 62 61 65 74 0 0 114 134 146 150 150 149 145 136 128 124 121 122 126 133 133 129 127 0 0 0 135 133 137 136 133 
100 0 0 0 0 90 0 0 81 79 83 0 0 0 0 0 53 39 32 31 0 0 0 0 0 0 0 0 0 0 0 0 0 0 0 0 0 0 0 0 0 0 52 57 74 101 0 139 0 0 0 0 124 122 121 122 123 124 127 131 131 127 127 132 138 148 0 0 0 0 0 0 0 0 0 0 111 104 102 104 110 121 137 0 0 146 135 118 0 0 0 62 61 59 57 0 0 61 63 67 0 0 0 97 116 137 151 152 148 141 132 125 122 121 123 129 132 131 119 118 0 0 0 136 134 133 134 131 
92 0 0 0 91 90 86 84 79 77 81 0 0 0 0 0 51 39 34 32 32 32 32 32 32 32 32 32 32 32 32 0 0 0 38 44 0 48 49 50 52 53 54 57 71 96 124 0 144 0 0 0 0 128 127 128 129 130 130 131 134 134 0 135 141 147 0 0 0 0 0 0 0 0 0 0 103 84 79 79 85 95 112 0 0 0 0 0 0 0 0 60 63 61 59 0 60 62 64 70 80 0 0 102 113 131 145 152 149 142 131 123 120 118 120 127 140 143 137 123 121 0 0 131 133 133 133 131 
88 0 0 0 0 89 88 83 81 76 78 0 0 0 0 0 51 38 33 33 33 33 33 33 33 33 33 33 33 33 33 33 0 0 0 45 50 51 48 48 50 51 53 58 73 95 122 0 145 139 0 0 0 0 128 128 130 131 132 130 130 133 133 134 139 145 0 0 0 0 0 0 0 0 0 124 97 73 60 59 60 63 71 0 0 115 116 0 0 71 0 0 0 62 62 0 60 60 64 70 81 91 0 110 122 134 148 152 150 140 129 119 115 115 117 123 133 141 138 136 124 0 0 128 129 131 133 133 
88 0 0 0 0 90 89 86 82 0 0 0 0 0 0 0 51 38 35 36 37 37 37 37 37 37 37 37 37 37 37 37 0 0 0 0 49 50 50 0 0 0 53 58 73 97 124 139 144 139 0 0 0 0 128 130 129 131 132 133 131 0 133 133 137 144 0 0 0 0 0 0 0 0 153 130 100 74 62 58 55 53 56 0 0 83 89 0 0 71 63 0 0 61 62 0 62 62 65 70 84 0 0 0 133 142 144 144 140 136 127 118 113 112 113 118 125 132 129 136 141 0 0 117 130 131 131 137 
90 0 0 0 0 92 91 87 82 79 0 0 0 0 0 0 52 37 32 34 35 35 35 35 35 35 35 35 35 35 35 35 0 0 0 0 48 50 51 0 0 0 55 61 75 96 121 137 143 0 133 131 130 130 0 128 130 130 130 131 130 130 130 131 133 142 0 0 0 0 0 0 0 161 156 141 110 0 0 63 61 56 53 0 0 57 63 64 0 65 64 0 0 61 61 0 0 62 67 0 91 108 123 132 141 142 134 116 109 113 118 117 110 106 106 114 121 125 119 118 127 0 0 124 128 134 127 134 
91 88 0 0 89 91 90 87 82 0 0 0 0 0 0 0 51 38 32 32 34 34 34 34 34 34 34 34 34 34 34 34 36 0 0 0 46 49 48 48 48 51 54 60 75 97 121 0 141 136 0 127 130 130 132 132 130 132 131 130 131 131 132 132 131 134 0 0 0 0 0 0 156 151 148 138 119 0 0 0 67 63 60 0 0 51 54 0 0 0 57 59 0 62 62 62 0 0 0 0 0 0 0 135 138 133 120 100 78 76 89 105 108 102 102 112 123 126 122 121 122 0 0 132 133 133 123 121 
91 0 0 0 83 86 87 85 81 0 0 0 0 0 0 0 50 38 31 31 0 30 30 30 30 30 30 30 30 0 0 0 0 0 0 0 43 46 48 47 48 49 52 57 73 96 121 134 139 134 130 126 128 131 131 133 131 130 131 132 130 133 134 135 135 136 0 0 0 0 0 149 144 139 133 128 116 101 0 0 0 67 64 0 0 0 52 53 0 54 55 56 0 0 61 62 0 0 0 87 0 0 0 140 129 114 98 83 64 54 65 86 99 98 96 101 119 130 127 121 119 0 0 119 124 128 124 110 
88 0 0 0 80 82 84 84 80 75 75 0 0 0 0 0 50 36 31 30 30 30 30 30 30 30 0 0 0 30 0 30 31 0 0 0 0 0 45 48 49 49 50 57 72 94 118 133 139 136 131 128 128 130 130 131 133 132 134 136 136 134 136 138 138 0 0 0 0 0 0 147 139 125 113 102 99 0 0 0 0 0 67 64 0 0 57 55 0 0 55 56 0 0 60 62 62 0 0 0 112 135 146 142 129 106 86 65 54 51 62 82 96 100 94 94 101 118 122 120 118 0 0 112 111 119 120 113 
85 81 0 0 78 79 81 80 0 73 73 0 0 0 0 0 52 37 30 31 30 30 30 30 30 30 0 0 0 0 0 30 32 0 0 0 0 0 0 46 49 51 51 55 0 0 118 132 138 135 132 129 130 131 133 132 133 135 0 0 0 142 139 138 138 0 0 0 0 0 163 154 136 116 99 91 89 0 0 0 0 71 67 65 63 0 58 54 51 50 53 56 59 0 57 57 59 61 68 0 0 133 143 137 126 113 91 71 55 55 61 79 94 101 98 92 94 98 105 108 0 0 0 102 102 103 107 105 
84 0 0 0 0 0 0 0 0 0 0 0 0 0 0 0 56 40 33 32 32 32 32 32 32 32 32 0 0 0 0 0 0 0 0 0 0 0 0 0 47 50 54 0 0 0 0 0 138 132 127 124 125 127 128 130 129 130 133 0 0 0 0 154 153 0 0 0 0 0 0 170 150 125 105 0 0 0 0 0 0 80 69 64 62 60 60 56 0 49 48 55 62 66 0 56 55 60 67 80 96 111 124 127 122 108 96 84 74 66 65 79 94 103 103 101 98 96 95 96 98 0 0 100 103 105 106 106 
0 0 0 0 0 0 0 0 0 0 70 0 0 0 0 0 56 42 34 34 34 34 34 34 34 34 34 0 0 0 0 0 0 36 39 43 0 0 0 51 50 49 52 0 0 0 120 136 141 136 129 0 0 123 126 127 131 0 0 0 0 0 165 167 160 0 0 0 138 151 0 0 166 139 115 100 97 95 94 0 0 0 81 73 67 0 0 59 54 0 0 50 0 0 0 0 54 56 67 77 84 86 88 95 96 90 82 79 0 69 67 75 0 102 97 92 89 91 92 90 86 0 0 93 96 100 105 106 
79 0 0 0 0 0 79 76 72 70 69 0 0 0 0 0 58 41 34 0 0 0 0 0 0 0 0 0 0 0 0 0 36 38 40 43 46 0 0 0 53 53 51 57 0 97 125 140 147 142 0 0 0 0 0 0 126 0 135 0 0 0 0 172 164 0 0 0 0 119 135 159 0 0 127 107 105 0 102 0 0 87 87 90 92 0 0 62 58 56 0 0 54 61 65 66 63 62 65 72 74 75 67 61 66 74 77 67 61 61 58 69 82 98 101 89 85 80 87 88 80 0 0 0 93 97 102 107 
0 0 0 0 0 77 77 77 74 0 0 0 0 0 0 0 60 45 37 37 36 36 36 36 0 0 0 0 0 0 0 36 37 37 39 41 45 0 0 0 0 58 58 59 0 0 126 145 0 0 0 0 0 0 0 0 128 134 144 153 161 0 183 186 0 0 0 109 103 103 106 128 153 0 0 103 88 97 0 0 0 0 85 89 104 114 0 0 62 59 0 0 0 0 60 65 67 64 62 62 66 62 56 48 45 51 57 56 50 47 50 56 75 91 94 90 71 67 65 77 79 0 0 0 85 92 97 101 
0 0 0 0 0 0 0 75 0 70 68 0 0 0 0 0 59 47 39 37 0 0 36 0 0 0 0 0 0 0 0 36 37 39 44 48 0 0 0 0 0 0 60 63 75 0 0 0 0 0 146 141 0 0 133 132 135 142 0 0 0 0 0 0 0 141 115 97 99 105 106 110 131 144 0 0 82 72 0 0 0 0 0 0 0 0 0 0 0 0 0 0 0 0 60 62 63 62 62 60 57 52 46 44 45 44 49 54 54 48 50 62 77 96 103 96 86 69 68 71 83 0 0 0 81 89 93 95 
80 0 0 0 0 79 75 73 71 69 71 76 0 93 0 0 57 44 38 37 37 37 0 0 0 0 0 37 0 0 0 37 39 41 45 51 0 0 0 52 0 0 60 65 78 100 0 0 0 153 148 141 140 0 0 139 146 149 0 0 148 160 176 184 170 147 118 101 95 100 105 106 116 131 129 108 0 0 0 0 0 0 102 83 0 0 0 0 0 0 0 0 0 0 59 58 59 60 57 52 46 44 43 43 43 44 44 45 47 48 54 67 85 99 108 104 98 89 80 76 79 0 0 0 84 86 89 91 
82 0 0 0 0 80 79 75 74 70 70 0 0 0 0 0 58 42 36 35 35 35 0 0 0 0 35 35 35 0 0 0 36 37 41 47 58 0 0 57 0 0 58 61 76 103 133 151 0 0 0 146 141 142 0 151 155 159 0 0 0 141 157 173 176 153 126 103 0 95 101 102 110 127 132 111 0 0 0 0 0 0 96 95 80 70 69 0 0 0 48 54 58 58 57 56 57 55 52 46 44 43 45 43 43 43 44 44 51 60 67 75 88 102 107 106 101 102 98 94 89 0 0 0 90 90 89 92 
81 0 0 0 0 0 0 0 0 0 71 0 0 0 0 0 61 44 34 34 34 0 0 0 0 0 34 34 34 0 0 0 35 37 40 46 53 0 0 69 0 0 0 60 73 99 0 156 161 0 0 148 0 0 0 0 0 0 0 0 0 132 146 165 172 163 137 0 0 0 102 105 110 119 0 0 0 0 0 0 0 0 70 78 76 0 0 65 62 52 0 45 48 50 50 49 47 45 0 50 50 50 44 0 44 45 49 0 54 63 78 89 95 98 97 91 0 86 89 89 88 0 0 0 82 78 78 77 
0 0 0 0 0 0 0 0 0 0 73 0 0 0 0 0 60 45 36 0 35 0 0 0 0 0 35 35 35 0 0 35 36 39 43 46 51 0 0 0 0 0 0 62 74 99 0 0 0 0 0 0 0 149 155 0 173 174 164 0 0 133 147 149 151 141 133 0 0 0 0 101 112 124 129 0 0 0 0 0 58 57 60 64 70 0 0 0 64 63 54 0 48 47 0 45 44 0 0 48 58 60 56 45 0 44 45 52 60 0 81 94 103 103 97 85 75 0 73 74 76 0 0 0 73 75 73 72 
62 0 0 0 0 0 0 0 0 69 70 76 0 0 0 0 58 43 35 33 0 0 0 0 0 33 33 33 33 0 0 33 35 37 41 45 52 0 0 0 0 0 0 63 76 102 0 159 169 163 0 154 153 153 158 166 0 179 169 149 133 134 140 145 134 128 118 111 0 0 108 105 111 126 0 0 0 0 0 0 0 63 63 64 65 60 0 0 0 54 56 0 0 49 0 0 0 0 0 0 56 64 65 54 44 0 44 48 61 0 0 0 0 0 0 0 0 0 0 58 62 0 0 0 62 67 69 65 
52 54 0 0 57 0 0 0 63 67 67 71 0 0 0 0 0 42 34 31 0 32 0 0 0 32 32 32 0 0 0 32 35 37 41 45 49 0 0 0 0 0 0 65 71 103 140 0 0 0 0 152 152 155 160 167 0 0 0 0 0 139 138 135 124 108 101 92 90 0 0 124 116 0 0 0 0 0 0 0 80 81 77 67 65 62 0 0 0 0 0 0 0 0 0 0 43 0 0 0 43 55 0 0 0 0 0 44 47 0 0 0 0 98 88 77 0 0 0 0 60 0 0 0 61 62 68 72 
0 0 0 0 60 61 0 0 64 64 65 69 0 0 0 0 56 41 33 31 0 0 0 0 30 30 30 30 30 0 30 30 33 35 0 43 47 49 0 0 0 0 0 0 0 0 0 0 0 0 0 144 143 0 0 0 0 0 0 0 0 142 139 132 116 103 0 98 96 92 0 129 134 0 0 145 0 0 0 0 0 101 90 77 0 0 0 0 0 0 0 0 0 0 0 0 0 0 0 0 44 0 0 0 0 0 0 0 0 0 0 0 0 0 0 0 0 0 0 74 71 0 0 0 72 72 76 80 
0 0 0 0 0 66 0 0 0 66 68 71 0 0 0 0 0 43 34 32 0 0 0 31 31 31 31 31 31 31 31 31 35 37 0 43 47 50 0 0 0 67 63 0 0 0 0 0 0 0 155 147 142 0 150 153 156 157 0 152 147 145 141 132 115 98 0 0 96 92 96 117 143 136 0 130 154 0 0 0 0 0 109 85 0 0 0 0 0 0 0 0 0 0 0 0 0 0 0 0 47 0 0 0 0 0 0 0 0 0 0 0 0 0 0 0 0 0 80 82 85 0 0 0 82 84 84 86 
74 0 0 0 73 75 71 0 0 67 67 0 0 0 0 0 0 43 34 31 0 0 0 0 31 31 31 31 31 31 31 31 33 35 0 0 46 49 0 0 0 0 58 59 0 0 122 142 0 0 153 146 145 0 0 153 151 148 147 0 142 139 138 134 120 107 96 99 0 97 0 114 142 158 0 0 0 0 0 0 0 150 133 98 62 54 59 61 58 53 0 0 52 49 46 44 42 44 44 45 51 52 50 43 41 40 42 50 59 65 77 87 98 102 98 91 89 86 89 85 83 0 0 0 88 88 89 90 
0 0 0 0 0 0 0 0 0 0 67 0 0 0 0 0 59 45 35 0 0 0 0 0 0 0 0 0 0 0 0 0 0 0 0 0 0 65 63 0 0 0 62 57 69 0 0 139 0 0 146 149 0 0 0 169 166 163 0 157 155 153 0 0 0 0 0 0 0 0 0 0 0 0 0 0 0 0 0 0 0 137 151 127 98 64 57 56 54 50 0 0 0 50 52 50 49 49 52 56 55 59 62 59 53 47 44 49 59 74 81 93 98 103 100 92 87 80 80 76 71 0 0 0 86 88 89 89 
0 0 0 0 0 0 76 76 0 69 66 0 0 0 0 0 62 44 34 0 0 30 0 0 0 0 0 0 0 0 0 0 0 0 0 0 0 0 0 0 0 0 0 64 70 92 0 0 145 0 0 144 152 0 0 0 0 0 0 161 156 0 0 0 0 0 0 0 0 0 0 0 0 108 122 120 0 0 0 0 85 94 110 130 117 97 72 60 54 0 0 0 0 0 61 64 58 56 60 74 77 73 70 71 69 59 51 47 51 61 81 93 102 100 97 90 82 75 71 72 70 0 0 0 76 86 88 87 
0 0 0 0 0 0 0 73 72 71 67 69 0 0 0 0 61 46 34 0 0 0 0 0 0 30 30 30 30 30 0 0 0 0 44 48 54 66 74 0 0 0 0 0 0 93 119 0 0 0 0 0 0 155 165 170 175 174 172 168 165 0 0 0 180 190 0 0 0 111 108 108 0 109 115 111 97 0 0 0 0 72 79 90 101 100 0 0 0 0 0 0 0 0 61 67 69 67 74 85 93 87 77 70 69 66 60 52 48 51 57 77 90 100 94 87 78 74 76 75 80 0 0 0 74 82 87 85 
0 0 0 0 0 0 0 0 0 0 0 0 0 0 0 0 0 47 37 0 0 0 0 0 0 0 31 31 31 0 0 0 0 0 44 53 60 67 0 0 0 0 0 0 0 0 126 0 0 0 0 0 0 153 163 168 170 172 169 164 159 158 0 0 175 181 185 0 0 126 117 122 0 0 0 0 0 99 0 0 0 0 81 74 0 0 0 0 0 0 0 0 0 0 54 62 65 65 66 78 87 95 84 72 63 64 68 64 57 50 46 55 74 91 99 94 87 80 80 82 84 0 0 0 82 83 87 86 
85 79 0 0 0 76 75 72 70 68 69 72 0 0 0 0 62 48 38 34 0 0 0 0 34 34 34 34 34 34 34 0 0 0 42 48 59 0 0 0 0 0 0 0 69 0 0 0 0 0 137 136 0 0 0 168 173 172 167 163 159 156 0 0 165 173 173 0 0 0 132 132 138 0 0 0 0 0 115 0 0 0 0 89 0 0 0 0 0 0 49 48 49 49 51 57 61 59 56 62 75 84 80 67 57 58 66 71 68 58 49 50 64 83 96 99 95 90 86 86 91 0 0 0 85 85 85 87 
88 83 78 0 0 77 0 0 72 68 68 73 0 0 0 0 0 47 37 35 0 0 0 0 0 35 35 35 35 0 35 35 0 0 40 47 50 58 0 0 0 68 67 0 0 89 117 136 146 0 138 0 0 0 0 159 163 166 166 159 154 153 0 0 0 0 0 0 0 0 153 152 152 0 0 0 140 148 126 0 0 0 0 99 99 101 89 74 57 48 44 45 0 0 0 56 62 64 58 0 0 0 0 0 61 63 73 82 80 69 0 0 0 0 0 0 0 104 101 98 97 0 0 0 92 90 91 90 
91 87 84 0 79 79 80 80 78 75 72 0 0 0 0 0 63 48 37 34 0 0 34 34 34 0 34 34 34 34 0 34 35 36 40 41 45 47 50 0 0 54 53 56 0 0 117 133 140 0 0 0 0 0 148 149 153 155 157 156 151 148 150 0 0 0 0 0 0 0 0 0 0 0 0 0 0 112 116 0 0 0 0 0 0 0 0 0 0 0 0 0 0 0 0 0 0 0 0 0 0 0 0 0 0 0 0 0 0 0 0 0 0 0 0 0 0 0 0 119 113 0 0 0 99 99 98 96 
94 92 88 0 82 84 84 83 81 78 76 0 0 0 0 0 63 47 37 33 0 0 33 33 33 33 33 33 33 33 33 33 0 36 38 0 0 0 0 0 0 54 54 56 70 0 118 133 140 0 0 0 0 0 143 145 146 148 147 147 0 0 143 0 0 0 152 152 0 0 0 0 0 0 0 0 89 89 0 0 0 0 0 0 0 0 0 0 0 0 0 0 0 0 46 51 63 75 81 79 89 101 111 107 89 87 97 114 110 91 84 90 104 120 131 133 136 135 138 139 141 0 0 0 114 109 108 108 
99 0 0 0 0 0 88 87 0 81 79 0 0 0 0 0 66 48 38 0 0 0 0 34 34 34 34 34 34 34 34 34 35 0 41 45 46 45 43 0 0 56 56 56 68 0 0 0 0 137 0 0 0 136 142 141 142 142 0 0 0 145 143 144 0 0 151 0 0 0 0 161 163 158 0 0 101 91 0 0 0 0 0 64 78 88 93 0 0 0 0 0 0 0 0 46 52 61 69 75 79 93 99 102 95 84 88 99 110 107 100 110 126 142 151 149 147 143 144 148 155 160 0 0 141 126 117 110 
0 0 0 0 0 0 0 0 0 85 81 0 0 0 0 0 66 50 39 35 0 0 0 0 0 0 35 35 0 0 0 0 0 0 0 0 0 0 47 46 0 56 56 59 69 0 0 135 140 136 0 0 0 140 0 0 0 0 143 0 0 0 148 146 146 0 0 0 0 0 160 161 166 163 150 0 0 100 0 0 0 0 47 50 60 66 72 0 0 0 46 46 47 0 0 0 44 48 56 66 73 76 79 77 76 70 68 77 89 102 108 120 141 156 163 157 148 141 137 142 150 157 0 0 160 154 137 123 
100 0 0 0 91 90 89 88 86 85 85 85 0 0 0 0 68 50 39 35 0 0 0 35 35 0 0 0 0 0 0 0 0 0 0 0 0 0 0 49 0 53 55 57 70 90 117 134 143 139 133 129 129 0 0 0 0 147 146 144 0 147 150 153 0 0 0 0 0 166 0 161 160 159 145 119 0 0 0 0 0 0 55 46 42 46 60 0 0 0 0 44 45 47 46 41 43 52 55 58 59 63 70 68 65 54 47 49 50 59 85 120 148 158 160 161 155 144 140 139 149 155 0 0 163 162 160 144 
100 0 0 0 91 86 85 85 85 84 83 85 0 0 0 0 69 52 40 34 34 0 0 34 34 0 34 34 34 34 0 34 35 37 42 49 0 57 53 51 50 51 52 54 67 90 117 135 142 141 135 129 127 133 0 0 145 146 149 149 146 145 148 151 156 0 0 0 160 0 164 161 158 153 139 115 0 0 0 0 0 56 53 47 45 44 56 0 0 0 60 45 42 42 44 41 43 51 61 61 57 57 58 59 58 57 51 45 47 52 73 110 142 157 157 156 157 150 143 139 143 150 0 0 154 154 154 153 
102 105 0 0 94 88 83 81 80 80 80 0 0 0 0 0 69 52 40 35 34 34 0 0 0 34 34 34 34 34 34 34 35 36 0 0 47 50 0 49 51 0 50 52 64 88 115 0 0 0 138 134 129 129 0 0 0 146 144 146 147 145 144 144 144 0 0 0 153 151 154 154 0 154 146 120 0 0 0 0 0 0 48 48 46 45 46 61 75 77 60 47 42 42 42 43 40 43 53 0 63 54 46 44 47 51 51 48 54 64 75 90 116 135 143 142 141 140 136 132 131 0 0 0 134 136 136 137 
104 0 107 0 0 92 87 82 78 77 78 0 0 0 0 0 70 53 41 34 34 34 34 0 0 34 0 34 34 34 0 0 36 36 39 0 45 46 46 47 47 51 0 51 64 86 114 131 0 0 0 134 133 128 129 0 0 154 147 145 145 0 144 0 0 0 0 0 150 147 146 145 145 145 149 0 0 0 0 0 0 0 58 46 44 43 43 46 58 62 59 45 42 43 43 43 44 42 46 52 0 50 43 43 43 43 46 53 63 77 88 98 110 123 130 129 128 125 124 121 120 0 0 0 118 117 116 117 
107 105 0 0 102 100 93 87 83 79 79 0 0 94 0 0 70 53 42 36 35 35 35 0 0 35 35 35 35 35 35 35 36 38 0 0 0 0 47 0 0 0 49 51 63 86 113 130 0 0 131 130 128 131 126 131 0 0 153 148 146 145 144 145 146 143 142 142 146 148 0 144 145 0 0 0 0 0 0 0 54 62 62 58 47 42 40 41 45 49 48 46 42 42 42 43 44 45 44 43 0 0 44 44 44 47 55 64 75 84 99 107 111 112 117 119 117 115 112 111 108 0 0 0 105 104 104 106 
109 107 104 103 101 99 97 91 85 82 81 0 0 0 0 0 71 52 41 36 35 35 35 35 0 0 35 35 35 35 35 0 35 36 39 42 44 46 47 48 48 48 48 50 63 85 112 129 136 133 0 124 124 124 127 122 0 139 152 151 145 143 141 141 143 147 146 145 0 0 0 145 146 0 0 0 0 0 0 0 0 0 0 0 0 0 0 0 0 0 0 0 0 0 0 0 0 0 0 0 46 0 44 43 43 48 62 80 93 105 113 121 122 122 123 126 127 125 124 121 121 0 0 0 115 115 116 118 
109 106 106 104 102 99 97 95 89 83 83 0 0 0 0 0 75 54 42 36 36 36 36 36 36 0 0 0 0 0 0 0 0 38 41 44 46 47 0 0 0 0 0 51 62 85 111 127 135 133 127 121 120 122 123 125 0 0 138 151 152 146 144 142 143 144 146 0 0 0 144 0 0 0 0 0 0 0 0 0 0 0 0 0 0 0 0 0 0 0 0 0 0 0 0 0 0 0 0 0 0 49 47 51 58 68 81 98 117 127 132 132 135 135 137 139 141 140 139 138 136 134 0 0 130 129 129 131 
107 106 104 106 105 102 99 95 93 88 84 0 0 99 0 0 79 57 43 37 36 36 36 36 36 0 36 0 0 36 0 0 0 0 0 0 0 0 0 0 0 0 0 0 63 84 111 0 131 129 125 0 0 0 0 0 127 125 125 134 0 0 0 148 146 148 148 149 0 146 0 0 0 0 0 0 0 0 0 0 0 0 0 0 0 0 0 0 0 0 0 0 0 0 0 0 0 0 0 43 46 48 57 67 83 94 105 118 132 143 146 146 147 149 150 153 154 154 152 152 152 150 0 0 143 144 145 146 
108 106 105 105 107 106 102 98 95 93 90 0 0 0 0 0 80 60 45 38 36 36 36 36 0 36 36 36 0 0 0 0 37 0 0 0 0 0 0 0 0 49 49 50 62 83 110 0 0 0 0 0 0 0 0 0 0 129 129 124 0 0 0 153 156 156 157 155 154 0 0 0 0 0 0 0 0 0 117 93 0 58 52 52 57 59 56 49 44 0 0 44 46 53 54 50 43 41 42 41 42 51 64 83 96 111 123 135 142 147 148 146 145 146 147 146 147 147 147 144 143 146 0 0 146 147 150 152 
108 107 0 0 107 107 104 100 97 95 93 0 0 0 0 0 81 62 47 40 39 39 39 39 39 39 39 39 39 39 0 0 0 0 40 41 44 43 43 42 44 47 50 51 60 81 106 123 0 0 0 0 0 118 0 122 122 125 127 129 124 0 0 137 142 147 0 0 151 0 0 0 0 0 0 136 129 124 119 113 102 0 79 72 65 61 59 57 51 46 0 0 44 46 53 55 50 46 0 44 42 54 74 96 111 123 133 137 140 142 143 141 138 138 138 139 138 139 137 136 134 133 0 0 140 140 143 145 
106 108 107 105 106 107 106 102 99 95 94 0 0 0 0 0 80 62 49 41 0 41 41 41 41 41 41 41 41 41 41 41 0 0 0 43 42 43 42 43 44 48 51 55 63 80 104 121 127 122 0 0 111 115 119 121 123 122 123 123 125 122 0 121 125 130 0 137 0 0 0 0 0 132 130 126 0 113 109 111 110 108 0 92 81 66 57 50 48 0 44 0 0 45 49 50 49 43 45 47 47 59 83 110 130 133 132 128 129 131 131 129 127 125 126 127 129 128 128 127 125 123 0 0 126 130 132 135 
101 102 105 105 104 105 104 103 100 97 94 0 0 0 0 0 81 61 49 42 42 42 42 42 42 42 42 42 42 42 42 42 42 0 0 44 44 41 41 41 43 45 49 54 66 82 105 119 126 122 115 110 109 112 115 119 0 0 0 118 118 120 120 120 119 119 0 121 0 0 0 0 0 119 119 118 117 0 113 111 109 105 99 93 84 72 59 48 45 48 46 45 42 43 45 47 47 46 45 0 54 66 92 121 138 142 134 129 128 130 130 130 125 124 123 125 126 128 127 126 126 124 0 0 120 122 123 123 
103 102 103 104 104 103 102 100 99 0 95 0 0 0 0 0 81 62 47 41 40 40 40 40 40 40 40 40 40 40 40 40 40 40 41 44 44 43 41 42 44 47 49 54 66 84 105 120 125 122 116 110 109 110 113 115 0 0 0 0 116 116 117 118 0 0 0 0 0 0 0 0 0 120 119 119 117 115 113 110 104 0 85 77 72 0 54 48 0 53 56 51 44 0 0 44 49 56 0 0 54 66 91 123 139 140 135 130 127 126 128 128 125 120 119 120 123 126 127 126 123 123 0 0 119 120 121 121 
102 101 101 0 105 103 102 98 95 0 91 0 0 0 0 0 83 61 47 38 38 38 38 38 38 38 38 38 38 38 38 38 39 40 41 42 44 43 42 42 44 47 49 52 62 82 105 120 126 123 117 113 109 111 111 114 0 0 0 118 117 115 116 116 0 0 0 0 0 0 0 124 123 120 118 117 117 114 111 108 98 86 72 64 55 50 49 46 48 49 55 56 51 44 0 42 50 61 75 0 74 67 84 114 137 137 130 129 128 125 126 126 126 123 122 122 124 124 125 125 123 121 0 0 119 120 120 122 
101 101 0 0 104 104 101 98 94 90 86 0 0 0 0 0 83 64 48 38 37 37 37 37 37 37 37 37 37 37 37 37 38 39 42 42 43 45 44 44 44 47 49 52 62 80 104 119 126 122 116 112 110 110 111 0 114 115 0 0 116 115 115 115 0 0 0 0 0 0 0 0 0 118 116 0 113 0 0 0 0 80 64 51 46 42 43 45 45 47 49 53 51 48 42 43 47 63 82 101 103 96 94 107 126 133 128 126 127 128 124 125 126 127 125 123 122 123 123 123 123 121 0 0 120 121 122 122 
99 100 99 99 100 101 100 97 94 89 85 0 0 0 0 0 79 63 49 39 36 36 36 36 36 36 36 36 36 36 36 36 37 37 40 43 43 43 45 44 46 46 47 50 60 78 101 117 124 121 115 110 109 111 111 0 111 112 114 116 114 114 113 113 116 0 0 0 121 120 0 0 0 0 114 0 0 109 108 102 92 78 60 48 43 43 42 43 0 0 0 0 0 0 42 42 43 0 0 100 114 115 115 119 123 127 127 126 127 127 125 120 123 125 126 125 124 122 123 120 120 119 0 0 123 123 124 122 
98 97 99 99 100 0 0 0 91 89 86 84 0 0 0 0 76 57 45 37 35 35 35 35 35 35 35 35 35 35 35 35 36 37 39 41 43 45 45 47 47 48 47 50 60 78 101 117 123 120 113 109 106 108 110 0 112 113 113 114 114 112 112 112 113 116 0 0 0 0 0 0 0 113 0 0 0 0 0 104 0 0 0 0 0 0 0 0 0 0 0 0 0 0 0 0 0 0 0 81 105 114 120 130 139 137 134 131 134 135 131 129 125 128 130 132 133 131 127 126 124 126 0 0 0 133 134 134 
93 94 0 0 0 0 95 92 88 86 85 84 0 0 0 0 76 58 44 37 35 35 35 35 35 35 35 35 35 35 35 35 36 37 39 43 44 44 45 45 46 47 48 51 61 78 99 115 122 119 113 107 106 106 107 0 112 112 112 112 112 111 110 111 112 0 0 0 0 0 0 0 0 109 0 0 0 0 0 0 0 0 0 0 0 0 0 0 0 0 0 0 0 0 0 0 0 0 0 61 79 99 111 125 139 145 140 138 137 141 139 136 134 132 134 134 136 137 136 133 132 131 0 0 135 136 139 140 
94 93 0 0 96 96 94 91 88 84 81 0 0 0 0 0 80 60 46 37 36 36 36 36 36 36 36 36 36 36 36 36 37 38 40 43 45 45 44 45 45 45 46 48 60 78 101 113 119 116 0 0 0 0 0 0 109 110 110 0 0 0 0 0 0 0 0 0 0 0 0 0 0 0 105 0 0 100 100 102 104 0 96 84 66 54 48 46 46 46 45 46 47 48 47 47 48 49 51 57 69 82 97 113 129 142 145 144 145 145 145 142 141 142 143 143 141 142 142 141 140 138 0 0 141 142 142 143 
95 0 0 0 92 92 91 89 86 83 82 0 0 0 0 0 82 64 49 40 0 38 38 38 38 38 38 38 38 38 38 38 38 38 39 41 44 47 45 44 43 42 42 45 57 77 97 0 0 0 0 0 0 0 0 0 106 107 0 0 0 0 0 0 0 0 0 0 0 0 0 0 0 0 105 101 96 96 98 104 111 117 118 113 104 86 67 54 47 49 58 68 77 69 69 65 68 63 63 67 73 77 87 101 120 135 144 145 145 146 145 143 141 143 144 145 144 141 141 140 139 138 0 0 0 141 140 140 
93 92 0 0 92 90 88 86 85 81 79 0 0 0 0 0 80 63 50 41 40 40 40 40 40 40 40 40 40 40 40 0 40 40 41 41 43 44 45 42 43 44 43 45 54 72 0 0 0 0 0 0 0 0 0 0 106 0 0 0 0 0 0 0 0 0 0 0 0 0 0 0 0 0 0 101 97 94 101 108 118 123 130 133 134 132 114 85 60 54 68 87 98 97 87 89 90 86 76 74 80 85 90 96 110 126 140 144 144 144 144 143 141 140 141 140 141 139 138 138 138 138 0 0 134 135 139 139 
90 88 0 0 90 88 86 84 82 81 77 75 0 0 0 0 79 61 47 39 38 38 0 38 38 38 38 38 38 38 38 38 40 40 41 41 40 41 41 43 42 44 44 45 54 0 0 0 0 0 0 96 95 96 97 99 101 0 0 0 0 101 101 101 0 0 105 0 0 0 105 105 104 0 0 101 100 102 106 114 121 131 136 142 144 144 140 117 88 70 78 99 117 119 115 104 111 108 99 87 84 91 93 94 100 115 130 141 141 140 139 139 139 139 139 139 138 138 136 135 135 136 0 0 134 134 134 136 
86 84 86 88 88 85 82 0 80 79 77 0 0 0 0 0 77 61 47 38 37 37 37 37 37 37 37 37 37 37 37 37 37 37 39 39 40 41 43 43 43 43 46 48 0 0 0 0 0 0 94 92 93 94 95 97 100 100 0 0 0 98 96 0 0 0 101 0 0 0 101 101 101 99 0 0 99 105 113 120 128 133 138 137 139 142 141 132 106 87 85 109 123 127 117 111 112 119 115 100 90 88 94 95 96 100 113 128 137 136 135 134 135 135 136 135 134 134 134 133 132 132 0 0 0 133 132 128 
0 79 78 0 83 83 80 77 0 74 73 0 0 0 0 0 74 61 49 40 37 37 37 37 37 37 37 37 37 37 37 37 37 37 37 38 39 40 42 43 43 44 45 48 0 0 0 0 0 98 93 89 88 92 92 94 94 97 0 0 0 94 92 0 0 0 96 97 98 0 98 97 95 95 0 0 0 107 116 126 131 133 133 134 134 136 138 131 111 85 84 104 132 133 127 115 120 122 126 112 102 93 95 96 97 93 97 108 123 132 132 131 130 131 131 131 130 130 131 130 130 128 129 0 0 128 124 119 
77 76 74 74 77 76 76 0 72 70 67 67 0 0 0 0 73 60 49 43 40 40 40 40 40 40 40 40 40 40 40 40 39 39 39 40 40 41 41 43 45 0 46 0 0 0 0 0 101 98 92 88 85 86 88 89 92 92 0 0 0 90 0 0 0 0 92 92 92 92 92 93 92 91 94 96 0 0 118 125 130 130 131 130 130 130 133 127 115 91 83 93 118 134 128 123 121 127 130 124 0 102 94 94 93 92 89 91 101 116 127 129 129 128 129 128 127 127 127 127 125 126 0 0 0 120 113 107 
73 71 71 71 71 72 70 69 69 68 65 62 0 0 0 0 70 58 47 40 40 40 40 40 40 40 40 40 40 40 40 40 41 41 42 41 41 41 43 43 44 46 0 0 0 0 0 92 97 94 90 86 83 81 82 85 88 90 0 0 0 0 88 89 87 88 89 91 91 89 88 88 89 87 91 97 105 0 0 0 126 127 127 128 127 126 126 125 117 100 88 90 107 123 129 128 127 126 126 127 117 0 94 90 89 87 86 84 86 93 106 118 124 125 124 125 125 123 123 123 121 118 117 0 0 109 103 96 
68 68 68 69 71 70 70 67 65 64 63 0 0 0 0 0 68 57 47 39 38 38 38 38 38 38 38 38 38 38 38 38 39 39 40 41 41 42 42 43 43 43 0 0 0 0 78 89 93 92 88 85 81 79 77 80 83 85 0 0 0 0 83 83 85 85 87 88 90 89 86 85 84 87 89 98 107 116 0 0 0 0 121 122 124 124 124 124 122 110 99 97 108 117 123 124 123 121 122 122 119 106 96 88 86 84 83 82 81 80 84 92 103 111 114 115 117 118 114 111 108 104 100 0 0 98 91 86 
66 66 65 66 67 69 67 67 65 64 62 0 0 0 0 0 66 55 45 39 36 36 36 36 36 36 36 36 36 36 36 36 37 38 38 38 40 40 42 41 41 41 0 0 0 0 77 88 93 89 83 80 79 77 75 75 77 80 81 81 0 0 78 78 79 80 81 84 85 86 85 84 84 83 88 91 101 106 111 111 0 0 0 107 108 109 112 112 112 107 102 95 100 103 108 108 110 109 108 108 107 102 92 87 82 80 78 79 79 77 75 77 80 86 92 95 96 98 99 94 90 87 84 0 0 81 81 78 
65 64 65 64 65 65 65 64 64 64 62 0 0 0 0 0 62 53 45 38 0 36 36 36 36 36 36 36 36 36 36 36 37 37 39 39 40 42 43 44 42 41 40 0 0 0 78 86 91 88 80 75 75 76 75 73 74 73 74 74 74 0 75 73 74 74 75 77 79 80 79 79 79 80 78 82 87 93 94 92 91 90 89 89 89 91 93 97 98 98 96 92 90 89 91 90 90 92 91 90 89 89 85 82 81 79 76 75 77 76 73 71 73 73 74 77 79 80 81 80 76 72 70 0 0 67 70 73 
63 64 65 65 64 62 60 59 59 59 59 57 0 0 0 0 63 52 44 38 36 36 36 36 36 36 36 36 36 36 36 36 0 0 39 40 42 42 43 44 44 42 41 0 0 0 75 83 87 84 78 73 70 71 71 72 72 72 69 68 70 70 72 71 72 73 74 73 74 74 73 0 73 73 73 72 75 77 80 77 75 74 73 72 74 75 79 80 84 83 82 79 78 76 76 74 74 73 75 76 75 73 73 74 75 76 73 71 70 72 72 71 0 72 71 70 69 71 70 69 67 65 63 0 0 63 65 67 
60 62 63 64 64 62 58 56 55 56 55 55 0 0 0 0 63 55 45 39 0 36 36 36 36 36 36 36 36 36 36 36 36 37 39 41 42 44 44 44 45 44 44 0 0 58 71 80 81 80 76 71 68 0 0 0 70 70 69 66 65 67 67 68 0 0 0 0 0 70 70 68 0 69 69 70 69 70 72 73 0 69 68 68 69 72 74 79 81 83 81 80 78 78 76 76 75 75 73 75 76 73 70 69 71 72 71 69 68 69 70 70 70 70 71 69 68 67 70 69 68 66 65 0 0 63 65 0 

