0 0 0 0 0 0 0 0 0 0 0 0 0 0 0 0 0 0 0 0 0 0 0 0 0 0 0 0 0 0 0 0 0 0 0 0 0 0 0 0 0 0 0 0 0 0 0 0 0 0 0 0 0 0 0 0 0 0 0 0 0 0 0 0 0 0 0 0 0 0 0 0 0 0 0 0 0 0 0 0 0 0 0 0 0 0 0 0 0 0 0 0 0 0 0 0 0 0 0 0 0 0 0 0 0 0 0 0 0 0 0 0 0 0 0 0 0 0 0 0 0 0 0 0 0 0 0 0 
0 0 0 0 0 0 0 0 0 0 0 0 0 0 0 0 0 0 0 0 0 0 0 0 0 0 0 0 0 0 0 0 0 0 0 0 0 0 0 0 0 205 0 0 0 0 0 0 0 0 0 0 0 0 0 0 0 0 0 0 0 0 0 0 0 0 0 0 0 0 0 0 0 0 0 0 0 0 0 0 0 0 0 0 0 0 194 0 0 0 0 0 0 255 0 0 0 0 0 0 0 0 0 0 0 0 0 0 0 0 0 0 0 0 0 0 0 0 0 0 0 0 0 0 0 0 0 0 
0 0 0 0 0 255 0 255 255 255 0 0 0 0 0 0 0 168 203 199 199 199 199 199 199 0 0 0 0 0 0 0 0 0 153 79 0 0 28 28 66 23 0 0 255 110 0 97 170 255 255 192 0 0 0 0 0 59 0 82 0 154 0 0 0 105 48 49 0 0 0 0 0 105 144 106 118 110 0 0 0 0 0 9 23 0 0 0 26 55 24 19 165 0 0 0 0 0 0 0 53 255 91 109 121 161 54 94 212 0 73 81 149 105 191 75 18 19 170 160 0 0 14 60 9 17 68 115 
94 108 0 63 77 64 114 0 0 84 0 0 0 0 0 0 3 0 0 0 0 0 0 0 0 0 0 0 0 0 0 0 0 0 0 0 0 0 0 34 23 0 0 0 255 171 30 131 255 255 173 0 0 0 0 0 0 0 255 79 0 0 0 0 255 191 121 0 93 0 0 0 0 131 120 159 198 0 0 0 0 0 0 13 0 26 0 0 19 8 8 0 0 0 0 0 62 29 10 45 0 0 29 198 96 6 0 162 0 80 48 160 162 144 43 15 57 172 237 0 0 33 62 192 80 0 114 105 
0 0 0 0 19 91 0 6 0 0 0 0 0 0 0 24 3 14 25 24 24 24 24 0 0 0 0 0 0 0 0 0 0 0 0 0 0 6 0 9 122 31 0 0 255 133 18 230 255 184 0 0 0 118 76 0 33 0 0 0 135 0 0 0 255 212 73 95 107 114 0 0 0 0 0 0 178 47 229 185 0 0 6 0 253 0 11 0 21 25 0 0 0 0 0 0 0 10 37 0 96 0 0 255 165 74 176 47 138 164 179 119 66 32 46 41 134 112 0 0 0 22 47 0 67 48 129 137 
43 117 30 0 71 120 0 0 0 0 0 0 0 0 0 24 27 17 16 15 15 15 0 0 0 0 0 0 0 0 0 0 0 0 0 0 0 0 30 153 0 8 0 0 0 0 0 255 123 0 0 15 99 0 0 0 0 55 0 0 255 122 0 0 99 255 0 152 135 147 182 0 0 0 0 0 163 0 0 0 0 0 14 3 66 0 0 0 0 0 0 0 0 0 0 0 0 27 0 14 0 0 0 0 255 134 123 181 96 25 27 89 87 123 63 75 44 0 139 0 0 141 0 1 113 52 137 125 
0 0 0 0 0 95 44 0 0 49 0 0 0 0 0 0 0 0 20 15 15 15 15 0 0 0 0 0 0 0 15 6 0 0 0 0 0 0 22 75 5 0 0 0 0 169 0 0 0 0 0 0 51 0 0 12 0 0 203 0 255 255 52 0 0 0 0 0 0 164 66 47 0 0 0 0 0 120 255 233 88 0 0 55 0 0 0 0 0 0 0 0 0 0 0 0 0 0 20 45 4 0 103 0 152 255 248 139 94 43 32 162 33 66 132 42 0 44 83 50 0 0 93 150 164 155 173 100 
0 0 0 0 0 0 0 0 0 0 0 0 0 0 0 0 62 13 49 41 41 41 41 0 0 0 0 0 0 41 41 29 0 0 0 0 0 60 27 26 43 0 0 0 0 0 255 61 0 0 0 0 0 4 0 121 94 39 241 172 186 171 21 0 0 0 0 0 104 151 67 135 0 0 0 0 0 0 73 108 236 0 0 0 0 0 0 0 0 0 0 0 0 0 0 14 0 88 68 37 56 59 141 0 0 0 0 0 174 216 129 91 29 63 38 78 108 160 166 138 0 179 138 117 117 95 127 80 
84 19 49 68 43 26 0 0 0 0 0 0 0 0 0 19 17 0 15 0 0 0 0 0 0 0 0 0 0 15 15 4 0 0 0 0 0 30 0 0 15 0 0 0 0 0 233 0 0 0 22 122 0 0 101 0 0 47 233 164 171 155 103 0 0 0 0 120 115 164 84 131 40 0 0 0 0 0 0 0 58 0 0 0 0 0 0 15 0 3 4 34 24 18 18 34 61 21 28 34 84 0 49 0 11 0 0 0 0 0 39 0 78 79 182 156 123 111 130 49 0 0 60 92 93 88 78 75 
0 0 0 0 0 0 0 0 0 0 0 0 0 0 0 0 2 69 0 0 0 0 0 0 0 0 0 0 0 6 6 0 0 0 0 0 0 27 0 93 182 91 0 0 0 0 4 0 0 0 0 0 45 86 135 0 0 255 228 137 0 0 0 0 0 255 159 88 120 188 31 231 0 0 0 0 0 0 0 0 0 0 0 0 0 0 64 52 37 56 52 19 25 3 54 61 3 14 51 108 102 27 37 0 0 0 0 0 243 255 197 30 153 152 115 127 96 88 95 81 0 0 94 106 93 107 93 158 
0 0 0 0 0 0 0 0 0 0 0 0 0 0 0 75 0 0 0 0 0 0 0 0 0 0 0 0 0 23 23 0 0 0 0 0 0 0 0 72 130 38 0 0 0 0 0 0 89 123 97 0 0 108 0 0 0 255 169 88 115 0 0 104 0 0 93 88 78 84 158 0 0 0 0 0 0 0 0 0 0 0 0 198 248 0 0 29 4 21 0 11 31 83 37 69 0 36 28 25 42 11 0 0 0 0 255 255 255 191 151 55 152 83 60 100 106 88 121 99 0 77 72 73 75 105 115 92 
0 0 0 0 0 0 0 0 0 0 0 0 0 0 0 14 0 0 0 0 0 0 0 0 0 0 0 0 0 49 49 0 0 0 0 0 0 0 0 91 46 0 0 0 0 0 0 0 0 0 247 211 61 201 105 0 0 0 216 75 87 0 0 0 0 190 78 74 96 175 175 0 0 0 0 0 0 105 97 92 0 73 102 122 255 132 0 0 24 13 21 15 11 33 57 42 25 69 56 0 7 0 0 0 0 255 255 188 15 152 71 0 160 158 160 165 156 159 175 187 0 158 186 189 219 163 188 192 
0 0 0 0 0 0 0 0 0 0 0 0 0 0 0 0 0 0 0 0 0 0 0 0 0 0 0 0 0 20 20 0 0 0 0 0 0 0 0 0 0 63 0 0 0 115 0 0 62 143 175 66 0 46 91 0 255 144 100 164 182 255 151 0 0 255 198 207 210 253 189 0 0 0 0 0 0 159 218 188 191 218 213 218 255 255 0 114 0 5 8 47 51 52 57 29 46 20 0 0 0 102 35 0 0 255 180 166 56 173 114 35 185 137 3 87 42 0 33 6 0 0 0 86 0 0 43 0 
0 0 0 0 0 0 0 0 0 0 0 0 0 12 0 30 0 0 0 0 0 0 0 0 0 0 0 0 0 0 0 0 0 0 0 0 41 105 81 5 94 40 68 0 0 63 0 37 174 190 60 108 107 136 0 0 105 213 179 172 217 94 0 0 233 233 235 138 137 150 80 0 0 0 0 0 44 79 37 90 9 33 11 0 64 185 0 0 1 0 35 40 6 23 28 20 9 0 54 0 0 0 0 0 16 255 102 142 91 91 99 30 212 58 0 164 57 69 129 0 0 0 141 192 49 151 143 145 
0 0 0 0 0 0 0 0 0 0 0 0 0 50 0 0 0 0 0 45 45 45 45 0 0 0 0 0 45 45 45 0 0 0 0 0 99 247 0 40 126 0 83 255 195 168 0 108 90 62 79 190 133 119 0 160 255 250 136 143 134 87 0 255 171 96 72 171 11 71 41 0 0 0 0 0 4 12 0 0 10 0 0 18 90 255 0 0 11 0 45 43 25 48 85 18 0 0 42 53 0 0 0 0 0 255 128 108 108 123 89 56 189 0 0 105 0 0 51 23 0 0 98 0 84 1 59 0 
0 0 0 0 0 0 75 0 30 0 0 0 0 43 0 0 0 0 0 0 30 30 30 30 0 0 0 30 0 30 30 0 0 0 0 0 91 78 182 0 31 25 255 255 132 174 0 55 0 0 0 0 0 10 41 0 199 185 0 40 122 148 168 49 80 0 60 167 30 13 0 0 0 0 0 0 0 99 118 0 60 58 58 66 134 255 0 0 0 33 0 0 1 34 50 0 0 0 0 0 0 0 0 0 0 255 147 92 132 154 113 25 209 72 165 203 144 174 154 0 0 99 201 124 66 156 101 92 
0 0 0 0 0 0 0 6 0 0 0 0 211 0 0 0 0 0 0 16 16 16 16 16 16 0 0 0 0 0 16 0 0 0 0 0 0 0 0 0 0 0 0 0 0 0 0 0 0 0 0 0 0 0 81 89 70 255 205 162 158 185 183 0 59 139 41 88 68 0 0 0 0 0 0 0 0 0 8 0 0 0 0 0 34 255 17 0 50 36 70 68 12 61 0 20 53 15 0 0 0 0 0 0 253 255 243 133 212 255 0 51 141 3 0 87 0 60 57 0 0 0 119 38 87 95 56 29 
0 0 0 0 0 14 20 58 0 0 0 0 0 0 0 0 0 0 0 25 25 25 25 25 25 25 0 0 0 0 25 0 0 0 0 0 0 0 0 0 0 0 0 0 0 0 0 0 0 0 0 0 0 0 0 167 76 0 0 221 255 255 255 42 51 178 227 255 255 0 0 0 0 0 0 213 179 153 174 189 0 0 0 0 0 0 0 0 0 0 0 0 0 0 0 0 0 50 0 0 0 0 0 0 255 224 188 156 189 236 0 101 162 144 198 44 13 67 40 71 0 0 0 176 0 35 0 9 
0 0 0 0 0 23 95 69 58 0 0 0 245 87 0 0 29 0 0 0 12 12 12 12 12 0 12 12 0 0 0 0 0 0 0 0 0 22 95 76 0 158 255 2 91 0 141 157 141 42 81 48 133 93 0 0 0 0 7 80 24 0 0 0 0 68 67 229 60 0 0 0 0 0 0 84 110 89 0 0 0 0 0 0 0 0 0 0 0 10 45 0 0 0 72 0 0 7 23 0 0 0 0 20 255 254 173 143 242 0 0 193 226 104 82 46 35 226 205 142 0 0 192 182 159 158 226 207 
0 0 0 0 0 52 42 59 44 0 0 0 160 92 0 0 20 44 12 21 21 21 21 21 0 0 0 0 0 0 0 0 0 0 0 0 0 0 161 151 0 115 255 175 111 81 178 135 50 179 253 222 57 0 36 18 71 123 137 136 0 0 26 191 124 255 252 0 0 159 0 0 0 0 0 87 90 81 0 0 0 0 0 0 188 255 0 0 0 1 35 78 17 28 0 0 0 28 4 0 0 0 0 67 255 209 170 147 85 0 85 255 255 243 195 162 236 255 111 0 0 43 19 0 0 0 191 16 
0 0 0 0 0 0 0 0 42 0 0 0 185 83 0 0 17 20 27 28 28 28 28 28 28 28 0 0 0 0 0 0 0 0 0 239 128 0 0 99 0 73 172 107 0 0 103 65 166 93 54 0 118 0 239 255 22 138 160 107 14 109 81 103 162 106 244 255 0 0 0 0 0 0 0 83 97 80 0 0 0 0 0 0 177 255 0 0 0 0 0 0 0 0 0 0 48 23 31 0 0 0 0 65 255 110 239 58 0 0 255 255 0 0 0 101 94 103 0 7 0 0 108 49 127 90 0 6 
0 0 0 0 0 28 0 0 0 0 0 0 0 124 0 0 0 13 10 9 9 9 9 0 0 9 9 0 0 0 0 0 0 0 0 0 0 0 0 0 68 0 13 148 116 101 38 50 187 0 110 0 0 10 0 116 78 0 0 13 0 84 56 159 227 254 120 203 0 0 0 0 0 0 0 83 75 138 0 0 0 0 0 0 0 255 0 0 0 0 28 21 0 64 6 45 0 10 31 0 0 0 0 93 255 149 112 143 0 0 255 180 0 12 255 255 100 138 82 54 0 0 78 114 148 100 108 126 
0 0 0 0 0 0 0 0 0 0 0 0 0 111 0 0 38 0 42 38 38 38 0 0 0 38 0 0 0 0 0 0 0 0 255 0 0 160 0 0 0 255 128 118 115 193 211 255 70 94 113 180 0 0 0 41 27 50 40 192 150 39 68 255 238 0 0 0 0 0 0 0 0 0 0 109 134 0 0 0 0 0 0 0 0 255 0 0 0 17 0 21 4 53 27 18 63 14 10 0 0 0 0 139 255 170 0 97 0 0 251 23 38 255 51 0 22 49 0 0 0 0 57 56 70 0 0 209 
0 0 0 0 0 0 0 0 0 0 0 0 222 90 0 0 26 55 12 0 0 0 0 0 0 0 0 0 0 0 0 0 0 0 0 0 0 0 119 0 114 185 191 87 10 56 0 7 0 0 0 0 0 189 162 147 255 108 0 81 0 0 103 208 131 0 0 0 0 0 0 0 0 0 0 208 0 0 0 0 0 0 0 54 135 255 0 0 14 85 0 29 33 22 38 8 23 0 0 0 0 45 0 255 255 126 45 41 189 63 79 44 151 183 115 191 224 230 130 0 0 0 141 144 41 146 193 119 
0 0 0 0 0 2 39 64 60 0 0 0 210 83 0 13 0 13 6 0 0 0 0 7 7 7 7 7 0 0 0 0 0 0 0 0 0 0 0 0 0 66 195 90 215 90 134 255 224 214 0 0 0 153 129 197 162 23 35 90 70 0 255 255 0 0 0 0 0 0 0 0 0 0 0 0 0 0 0 0 0 0 0 115 38 255 0 0 42 34 16 10 72 18 29 50 7 0 0 0 0 0 0 249 255 75 129 9 174 119 0 35 145 144 194 3 0 0 0 68 0 0 0 1 40 171 38 106 
0 0 0 0 0 39 52 111 65 0 0 0 156 127 0 0 28 0 63 0 0 0 0 54 54 0 54 54 0 0 0 0 0 0 0 0 25 0 0 0 0 0 240 0 0 0 0 0 0 0 0 0 0 0 104 14 0 30 0 74 113 138 255 0 0 0 0 0 0 0 0 0 0 0 0 116 183 0 63 0 0 0 0 0 57 255 0 0 0 0 0 0 0 0 0 0 0 0 0 0 33 0 0 255 255 0 140 45 72 75 90 52 112 168 169 190 119 39 63 195 0 0 0 55 117 9 0 0 
0 0 0 0 0 55 0 86 0 0 0 0 128 185 0 0 27 0 0 0 0 0 0 0 0 0 0 0 0 0 0 0 0 0 0 0 0 185 107 92 0 0 232 0 0 0 0 0 0 0 0 0 0 0 52 255 0 124 184 143 0 255 0 0 0 110 0 0 0 169 0 0 0 0 120 123 121 28 25 0 0 0 0 68 112 255 255 0 0 0 0 0 0 0 0 0 0 0 0 0 60 0 0 255 124 50 151 127 0 142 114 23 189 109 122 60 0 0 41 127 0 0 75 133 140 187 119 140 
0 0 0 0 0 50 54 91 33 0 0 0 0 106 0 0 0 0 0 0 0 51 0 0 51 51 51 0 51 51 0 0 0 0 0 0 0 0 165 143 0 0 255 0 0 0 0 0 0 0 27 146 19 148 69 255 255 0 238 196 17 0 0 0 148 0 0 0 0 172 0 0 0 0 0 0 0 112 255 255 0 0 0 146 251 255 255 0 0 7 0 19 18 79 0 2 9 15 8 79 112 0 0 255 169 50 144 23 86 178 101 63 255 174 154 248 255 218 255 232 255 255 245 255 250 199 226 208 
0 0 0 0 0 88 47 114 83 0 0 0 0 133 0 0 0 0 0 0 19 0 0 0 19 19 19 19 19 19 19 0 0 0 0 0 0 0 0 0 7 0 0 0 0 0 0 0 255 255 164 224 84 92 43 190 221 0 0 125 96 0 0 210 133 0 0 0 0 210 0 0 0 0 73 255 255 216 72 0 0 0 0 0 0 197 255 0 0 25 20 8 36 55 28 12 14 0 47 94 23 0 0 255 171 66 159 6 128 125 163 41 0 14 0 120 36 0 0 0 0 0 0 0 12 0 0 0 
0 0 0 0 0 63 29 58 0 0 0 0 0 206 0 0 0 0 0 0 0 0 0 0 0 0 0 0 0 0 0 0 0 0 255 0 0 0 41 209 0 0 0 0 0 28 30 37 203 255 0 0 0 0 255 241 255 0 66 255 0 0 224 84 64 0 0 0 0 0 0 0 0 0 129 230 39 8 134 183 171 234 0 0 172 246 255 0 0 41 18 46 0 34 14 0 5 0 103 60 61 0 0 254 255 43 74 53 97 110 186 18 9 21 91 135 50 25 27 53 100 0 94 104 41 2 11 92 
0 0 0 0 0 0 15 0 26 0 181 0 0 0 0 0 0 0 0 60 60 0 0 0 0 60 60 60 60 60 0 0 0 0 0 0 0 0 198 174 255 83 0 0 96 0 182 101 0 0 0 0 0 125 127 194 195 45 7 255 70 0 0 0 103 0 0 0 0 203 0 0 0 0 0 0 124 29 72 71 72 0 0 0 168 236 255 0 0 0 0 0 0 0 0 0 0 0 73 103 94 0 0 245 92 117 73 96 91 158 137 0 60 42 45 141 113 0 48 0 0 0 0 0 0 0 22 52 
0 0 0 0 0 0 0 44 47 0 133 0 124 0 0 0 44 0 0 0 0 0 0 0 19 19 19 19 19 19 19 0 0 0 0 0 0 0 0 163 0 0 0 255 204 52 155 167 88 132 178 0 0 160 125 129 150 100 0 17 0 0 0 255 91 0 0 0 0 0 0 0 0 0 0 0 161 64 90 123 0 0 0 0 0 0 0 0 0 0 0 0 0 0 0 0 0 0 100 42 59 0 0 0 114 0 192 103 73 103 84 0 33 87 39 155 20 42 27 66 0 0 127 172 177 179 190 255 
0 0 0 0 0 0 0 0 8 0 142 0 0 0 0 0 0 32 0 0 0 0 0 0 0 0 0 0 0 0 0 0 0 0 0 0 0 0 0 0 0 0 0 0 255 103 8 119 75 0 122 102 160 94 90 140 218 174 200 0 0 37 0 0 0 0 0 0 48 0 0 0 0 0 248 0 0 0 120 0 0 0 0 0 0 0 0 0 0 0 0 0 0 0 30 7 2 0 155 35 14 0 0 0 181 103 0 189 121 101 67 43 168 204 192 244 139 145 151 177 0 0 125 174 192 246 255 48 
0 0 0 0 0 59 41 10 24 0 0 0 0 0 0 0 0 0 73 71 71 71 71 71 71 71 71 71 71 0 0 0 0 0 0 0 0 0 0 0 0 0 199 0 0 255 0 68 118 0 0 109 71 80 88 113 227 0 0 0 195 0 0 0 223 0 0 0 0 0 0 0 0 0 0 60 171 0 0 0 0 0 0 30 51 149 255 0 0 0 41 0 10 17 40 12 0 0 135 28 0 0 20 255 140 85 123 0 51 138 128 30 166 108 49 122 55 21 49 98 94 0 140 228 245 180 0 0 
0 0 0 0 0 0 0 75 60 58 150 0 0 0 0 0 0 0 0 0 0 0 0 0 0 0 0 0 0 0 0 0 0 0 0 255 121 0 0 0 0 0 96 0 132 0 0 0 0 0 0 105 34 82 120 107 96 95 0 0 0 0 255 255 255 0 0 0 0 0 0 0 0 0 118 70 0 0 0 0 0 0 0 5 78 160 255 0 0 0 28 41 11 110 66 39 12 0 122 12 0 0 73 255 89 101 23 72 69 0 39 6 248 233 223 210 173 147 207 230 251 229 197 31 0 0 0 47 
0 0 0 0 0 89 81 80 20 0 129 0 0 0 0 0 34 0 0 0 0 0 0 0 0 0 0 0 0 0 0 0 0 0 255 255 53 0 0 0 34 146 75 0 207 240 23 0 69 143 97 137 98 149 142 142 105 172 191 0 83 255 255 245 47 0 0 0 0 0 0 0 0 0 84 69 137 0 0 0 0 0 0 89 156 195 255 0 0 12 35 6 32 68 0 0 0 0 122 52 0 0 172 250 109 103 42 13 105 118 146 40 20 47 89 77 72 108 95 82 0 0 0 0 34 33 44 89 
0 0 0 0 0 83 139 84 37 0 133 0 0 0 0 0 4 0 0 39 39 39 39 39 39 39 39 39 39 39 0 0 0 0 255 160 0 0 0 0 0 108 0 0 144 215 0 255 0 135 212 91 149 176 113 36 150 92 98 92 137 211 96 39 52 0 0 0 0 0 0 0 0 0 31 181 0 0 0 96 34 0 0 21 33 64 255 48 0 0 78 0 42 14 42 0 0 0 98 79 0 0 239 211 127 68 118 75 116 108 92 113 44 97 131 23 0 0 0 0 0 0 102 117 104 143 85 95 
0 0 0 0 3 10 46 0 71 0 155 0 0 0 0 0 0 17 0 0 21 21 21 21 21 0 21 21 21 21 0 0 0 0 255 154 0 0 0 0 0 213 48 0 0 242 5 0 0 0 236 0 0 34 0 0 118 0 33 103 103 86 14 44 158 0 0 0 0 0 0 0 0 0 128 0 238 87 0 0 0 0 76 78 80 189 255 0 0 0 19 8 25 33 16 24 5 0 65 69 0 0 151 247 58 69 105 56 47 31 80 124 72 25 159 106 52 59 109 88 0 89 80 71 37 87 130 107 
0 0 0 0 0 37 0 0 0 0 109 80 0 0 0 0 36 16 28 0 0 0 0 0 0 0 0 24 24 24 24 0 0 0 255 239 0 0 0 0 199 157 11 0 0 0 0 250 0 0 0 255 219 0 0 117 0 0 106 23 5 0 0 192 0 0 0 0 0 0 0 0 0 0 83 0 89 150 0 0 0 97 83 42 102 191 255 0 0 0 6 59 97 0 12 25 0 0 128 0 0 0 188 200 36 83 86 9 44 140 121 131 106 63 196 118 47 92 94 83 0 0 120 32 83 83 87 33 
0 0 0 0 0 52 140 53 90 3 113 130 0 0 0 0 33 0 29 24 0 0 0 0 24 24 0 24 24 24 0 0 0 0 255 251 0 0 0 0 255 229 168 0 75 247 0 245 0 0 48 0 186 0 144 239 176 152 210 111 184 180 114 179 129 0 0 0 0 0 0 0 0 0 98 123 84 186 0 0 144 93 21 104 69 215 255 0 0 0 69 0 18 0 36 38 0 24 92 0 0 0 255 199 110 115 99 38 77 68 92 86 50 110 128 12 38 41 57 23 0 0 31 37 95 84 56 110 
0 0 0 0 0 116 87 63 36 0 103 0 0 0 0 0 15 38 17 20 20 0 0 0 0 20 20 20 20 20 0 0 0 0 255 144 0 0 0 192 0 0 0 0 67 200 9 228 1 0 0 47 11 212 170 75 0 0 88 145 0 42 109 87 144 0 0 0 0 0 0 0 0 2 150 0 100 33 0 0 0 123 150 92 95 156 255 0 0 0 39 41 0 33 64 3 0 0 61 0 32 0 255 120 38 92 62 66 91 55 102 76 132 175 93 48 110 60 14 76 0 0 0 79 98 92 91 81 
0 0 0 0 0 46 61 72 3 0 137 0 0 0 0 0 38 5 9 10 10 10 0 0 0 0 0 0 0 0 0 0 0 0 0 0 0 0 0 0 0 0 0 0 0 0 0 0 0 0 0 0 0 0 121 174 228 46 0 70 0 11 60 0 0 0 0 0 0 0 0 0 0 0 0 130 0 0 72 6 0 28 0 24 0 0 255 73 0 0 52 74 32 21 61 0 48 0 105 54 0 0 234 84 68 105 74 36 57 98 57 146 96 119 67 47 30 77 46 106 0 0 97 48 49 45 71 6 
0 0 0 0 0 102 53 54 42 0 101 0 0 0 0 0 0 0 0 1 1 1 1 1 0 0 1 0 0 0 1 0 0 0 255 190 39 0 0 0 0 26 29 0 0 230 71 0 0 0 25 93 60 99 24 5 227 93 27 0 255 84 199 255 178 238 0 0 0 0 0 0 0 149 188 221 243 197 233 216 0 255 226 246 255 255 255 0 0 0 22 30 42 44 5 90 0 0 7 5 0 0 255 162 68 149 105 62 60 156 69 93 97 104 78 87 16 33 72 28 0 0 14 49 56 79 64 39 
0 0 0 0 0 12 33 35 52 16 119 0 0 0 0 0 33 5 49 44 44 44 44 44 44 0 0 0 0 0 0 0 0 0 0 0 0 0 0 0 56 53 0 0 152 255 29 224 47 0 43 98 84 60 101 86 0 100 188 182 0 0 0 0 0 0 0 0 0 0 0 0 0 168 134 87 44 84 87 86 77 71 33 8 122 235 210 0 0 0 11 26 49 17 14 0 0 0 53 41 42 0 255 151 68 57 90 69 37 130 105 43 111 137 87 0 22 0 35 92 87 0 58 125 118 95 105 105 
0 0 0 0 61 19 47 82 97 0 77 0 0 0 0 0 15 75 48 50 50 50 50 50 50 50 50 0 0 0 50 0 0 0 0 0 0 0 0 0 0 0 0 0 173 255 29 249 25 0 66 69 62 76 45 76 76 17 0 50 193 124 136 184 165 221 0 0 0 0 0 0 0 0 55 0 0 74 1 10 0 18 30 73 154 255 0 0 0 1 42 39 0 101 0 32 31 0 13 26 38 0 250 222 69 145 172 61 107 136 121 52 64 146 0 77 39 120 122 185 0 157 95 75 92 169 200 167 
0 0 0 0 116 69 37 0 0 0 96 0 0 0 0 0 35 15 0 0 0 0 0 0 0 0 0 0 0 0 0 0 0 0 0 0 0 48 35 81 1 62 0 0 219 255 0 208 42 0 68 120 154 84 109 113 103 132 82 106 24 70 171 242 255 0 0 0 0 0 0 0 0 0 124 147 79 161 94 79 27 59 217 125 255 80 0 0 41 61 12 67 0 78 51 10 3 0 16 66 104 0 9 255 138 148 97 37 28 97 0 6 107 86 25 80 45 65 57 0 0 0 0 0 11 4 0 0 
0 0 0 0 0 0 5 65 11 0 118 0 0 0 0 0 15 6 12 20 20 20 20 20 20 20 20 20 20 20 0 0 0 0 218 0 0 54 41 33 39 3 0 0 0 0 0 0 0 0 0 0 15 29 0 28 0 0 1 0 0 0 0 0 0 0 0 0 0 0 0 0 0 0 0 26 0 0 0 0 0 67 191 228 70 0 0 22 0 36 24 6 0 7 17 19 0 0 19 122 23 0 0 141 20 31 0 21 36 29 39 54 94 14 33 74 77 56 72 79 0 0 0 85 83 130 101 121 
0 0 0 0 0 75 0 0 0 0 0 0 0 223 0 0 10 34 25 0 0 0 0 0 0 0 0 0 0 0 0 0 0 0 0 0 0 0 0 0 0 0 0 0 0 0 0 0 0 13 33 57 98 103 91 109 86 113 102 117 136 137 110 92 157 86 0 0 0 0 0 0 0 0 185 0 200 255 225 228 255 255 255 94 146 0 0 0 0 63 23 0 51 31 5 45 0 0 0 0 0 0 0 0 0 0 0 89 0 0 0 0 0 0 0 0 60 41 61 116 0 0 74 0 0 73 101 57 
0 0 0 0 0 0 61 1 0 0 0 0 0 0 0 0 6 38 43 40 0 40 40 40 40 0 40 40 40 40 40 0 0 0 74 197 64 60 0 81 188 110 166 0 191 255 0 0 51 31 41 89 100 86 59 54 85 74 100 65 87 63 52 59 35 92 0 0 0 0 0 0 0 177 200 198 0 50 76 247 255 158 176 0 0 0 0 0 28 0 71 0 0 0 0 0 0 0 0 0 0 0 0 0 0 0 0 0 0 0 0 82 102 45 94 73 0 49 184 0 0 0 0 0 246 93 0 0 
0 0 0 0 255 68 119 61 0 0 0 0 0 0 0 0 39 24 0 0 0 0 0 0 0 0 0 0 0 0 0 0 0 0 255 89 0 34 0 52 76 22 17 0 0 0 0 240 25 0 77 36 52 88 52 81 12 97 104 67 64 30 65 78 45 0 0 0 0 0 0 0 0 0 0 0 33 68 51 46 140 0 0 0 0 0 0 12 45 0 0 0 0 0 37 0 0 0 0 121 0 0 184 81 36 114 58 38 49 0 82 142 140 0 76 103 0 255 255 2 0 0 92 0 255 200 0 0 
0 0 0 0 0 0 0 0 0 0 0 0 0 0 0 0 5 7 43 47 47 47 47 47 47 47 47 0 47 47 47 0 0 0 0 20 0 0 0 0 0 0 0 0 0 0 0 221 48 0 42 79 96 164 124 117 137 140 111 163 131 168 157 150 160 152 0 0 0 0 0 0 0 216 135 91 114 78 161 246 123 126 124 0 0 0 0 35 55 21 2 0 0 22 13 9 0 0 0 38 0 0 136 95 89 128 56 51 0 0 59 48 58 62 0 0 0 255 248 0 0 0 0 0 255 72 0 32 
0 0 0 0 0 0 0 0 0 0 0 0 0 0 0 0 0 41 0 0 0 0 0 0 0 0 0 0 0 0 0 0 0 0 120 180 123 0 0 0 144 255 109 0 0 0 0 211 36 0 92 105 107 99 0 0 16 0 40 0 80 0 17 0 0 30 0 0 0 0 0 0 0 0 0 0 0 0 0 223 0 0 0 0 6 0 0 0 32 31 0 0 0 0 0 51 44 0 14 113 0 0 132 61 139 51 47 57 0 0 23 146 147 64 122 0 0 255 255 0 0 0 16 0 255 28 0 255 
0 0 0 0 0 0 0 0 0 0 0 0 0 0 0 0 0 4 26 25 25 25 25 25 25 0 0 25 25 25 25 0 0 0 0 255 255 214 255 255 255 255 0 0 0 0 0 0 27 66 74 108 120 40 57 127 122 194 146 109 121 25 154 127 132 190 0 0 0 0 0 0 0 0 219 179 197 0 0 149 140 0 87 5 31 0 0 47 31 14 18 0 0 0 0 0 41 0 0 30 0 0 0 0 0 0 0 68 0 0 0 0 0 0 0 0 0 215 255 0 0 0 0 0 255 123 58 255 
0 0 0 0 0 0 58 0 57 0 41 204 0 0 0 0 0 41 41 38 38 38 38 38 38 38 38 0 38 0 0 0 0 0 22 0 0 157 137 149 95 91 0 0 0 0 0 255 0 15 0 0 0 0 0 2 0 0 0 0 8 0 0 5 68 0 0 0 0 0 0 0 0 35 0 0 0 0 0 6 170 95 0 0 74 0 0 9 55 23 15 0 0 0 18 17 0 0 0 0 0 0 0 85 95 33 80 23 0 0 0 135 47 11 47 18 0 174 255 0 0 0 0 0 255 255 75 49 
0 0 0 0 0 0 0 0 58 0 0 0 0 0 0 0 28 66 0 3 3 3 0 0 3 3 3 3 0 0 3 0 0 0 241 198 86 0 0 0 0 0 0 0 0 0 0 0 7 0 0 0 0 0 0 136 199 246 152 150 189 136 255 229 85 181 0 0 0 0 0 0 0 0 75 162 144 125 93 73 71 181 92 0 0 0 0 14 43 32 6 0 0 0 11 33 0 0 0 71 0 0 87 159 102 62 92 78 0 0 174 57 0 0 77 50 0 242 255 0 0 0 0 0 255 115 0 0 
0 0 0 0 0 0 0 0 0 0 0 0 0 0 0 0 3 13 15 21 21 21 21 21 0 0 0 21 0 0 0 0 0 0 255 215 77 142 252 241 194 0 0 0 0 0 0 255 0 0 72 41 0 0 0 0 0 0 0 0 0 0 10 0 0 0 0 0 0 0 0 0 0 0 32 119 127 0 79 89 162 143 170 255 0 0 0 0 33 12 52 0 0 44 22 59 0 0 8 95 41 0 4 164 67 78 62 93 0 0 73 69 33 119 165 109 0 0 255 0 0 0 0 0 255 192 0 55 
0 0 0 0 0 83 36 52 24 9 0 0 0 0 0 0 44 3 16 18 18 18 18 18 18 18 18 18 0 0 0 0 0 0 0 255 0 140 255 153 251 0 0 0 0 0 22 255 111 0 61 59 125 0 168 175 120 199 255 181 158 255 237 120 104 208 0 0 0 0 0 0 0 0 138 90 55 131 160 233 149 255 0 0 0 0 0 0 0 0 0 0 0 0 0 0 0 0 0 49 14 0 0 0 0 0 0 118 0 0 0 0 0 0 0 0 0 129 188 0 0 0 0 0 201 62 0 0 
0 0 0 0 0 0 140 56 48 0 0 0 0 0 0 0 0 0 13 15 15 15 15 15 15 0 0 15 15 0 0 0 0 0 164 255 76 20 0 0 0 0 0 0 0 0 0 203 12 0 144 65 98 70 0 0 0 0 22 0 0 0 0 0 0 0 0 0 0 0 0 0 0 0 0 28 0 143 255 4 0 103 0 0 0 0 0 0 0 0 27 0 0 0 0 35 58 0 0 11 0 0 0 180 135 0 117 39 3 0 0 82 48 0 255 255 255 255 255 255 0 0 0 45 255 255 255 255 
255 0 0 0 0 42 138 67 25 0 0 0 0 0 0 0 0 2 47 43 43 43 43 43 43 0 43 0 43 0 0 0 0 0 0 234 117 0 0 0 0 0 0 0 0 0 0 221 34 83 154 67 0 0 133 132 181 72 198 127 107 47 175 230 164 130 0 0 0 0 0 0 0 208 152 69 5 118 248 0 0 60 0 0 0 0 0 0 0 0 44 76 0 0 0 9 13 9 0 0 0 255 0 114 5 47 113 38 70 173 0 0 49 0 39 0 0 0 0 0 0 0 0 0 0 0 0 0 
0 0 0 0 0 0 70 19 0 0 0 0 0 0 0 0 0 40 0 0 0 0 0 0 0 0 0 0 0 0 0 0 0 0 156 14 0 87 40 123 74 0 169 0 0 0 0 0 20 7 70 0 0 0 0 0 0 11 0 0 0 13 78 62 0 45 0 0 0 0 0 0 61 48 0 1 36 103 95 226 0 69 24 0 0 255 117 255 0 32 17 0 0 0 0 0 0 30 0 0 123 255 0 0 68 0 0 29 52 0 0 0 0 0 0 0 0 44 70 58 0 0 0 73 60 134 61 70 
0 0 0 0 78 92 0 8 4 0 0 0 0 0 0 0 14 7 13 19 19 19 0 0 0 0 0 0 0 0 0 0 0 0 0 0 0 0 0 0 0 0 116 0 0 0 0 163 50 0 0 0 0 0 178 155 27 107 6 203 91 68 0 0 70 94 0 0 0 0 0 0 26 0 0 0 0 156 67 105 91 19 0 0 0 229 216 71 0 13 37 32 47 24 0 1 76 0 0 0 0 255 21 71 0 4 47 107 94 161 73 84 75 18 36 85 39 31 23 42 0 0 0 48 60 130 137 14 
0 0 0 0 0 61 36 0 9 6 0 0 0 0 0 0 7 7 15 26 26 26 26 26 26 0 0 0 0 0 0 0 0 0 0 0 134 0 255 236 0 44 57 0 0 0 0 165 64 0 0 0 0 0 0 46 0 10 0 0 25 17 0 0 37 67 115 0 0 0 0 0 0 0 0 0 0 197 90 16 12 150 43 0 0 0 0 0 0 0 0 0 0 0 11 0 0 0 0 0 0 0 0 0 0 88 132 122 199 150 0 60 0 0 0 0 0 0 0 42 0 0 0 23 89 0 12 0 
19 45 0 0 19 62 10 32 0 6 0 0 0 0 0 0 0 47 0 10 10 10 0 0 0 0 0 0 10 0 0 0 0 0 255 164 0 0 0 0 0 0 0 0 0 0 0 215 53 0 0 0 0 0 0 47 0 110 218 84 199 21 0 130 28 138 0 0 0 0 0 0 0 0 0 0 15 107 10 10 37 69 197 0 0 0 255 0 0 0 0 0 0 0 0 0 0 0 0 0 0 0 71 152 133 128 91 100 155 122 0 30 65 16 0 255 255 238 144 255 0 0 0 255 255 0 0 0 
120 47 0 0 0 73 16 51 0 0 0 0 0 0 0 0 13 17 9 16 0 0 0 0 0 0 0 0 0 0 0 0 0 0 0 0 0 0 0 0 0 0 0 0 106 0 0 246 56 0 0 0 0 21 26 34 0 166 68 0 0 0 0 11 137 6 0 0 0 0 0 0 0 0 153 195 184 65 25 78 57 56 111 0 0 74 214 194 0 0 35 32 0 12 73 15 0 0 0 112 127 0 0 240 167 0 41 54 126 121 0 42 64 74 0 155 255 0 0 0 0 0 0 255 255 0 0 255 
70 0 0 0 0 31 0 0 19 14 0 0 0 0 0 0 0 0 9 16 0 0 0 0 0 0 0 0 0 0 0 0 0 0 0 0 0 0 0 0 0 0 0 0 104 255 0 216 0 0 0 0 115 136 70 85 95 120 124 88 141 110 102 210 135 164 0 0 0 0 0 0 0 0 0 0 1 0 255 168 159 101 148 0 0 135 255 0 0 0 0 33 26 0 49 0 0 65 0 70 0 0 0 0 17 72 80 162 245 56 0 65 46 84 0 178 255 0 73 0 0 0 0 186 255 0 0 255 
76 0 0 0 0 71 20 50 39 0 0 0 0 0 0 0 0 14 0 4 4 4 4 4 4 4 4 4 4 4 4 0 0 0 153 114 0 2 3 31 54 13 1 0 21 255 0 0 38 0 0 0 0 68 75 48 120 29 23 79 60 53 0 79 96 71 0 0 0 0 0 0 0 0 0 0 0 0 255 0 0 88 183 0 0 0 0 0 0 0 0 39 74 0 16 0 45 9 0 0 104 0 0 0 0 255 125 149 205 0 0 65 108 88 0 61 213 0 0 0 255 0 0 121 255 0 94 255 
0 0 0 0 0 56 87 0 52 0 0 0 0 0 0 0 0 20 33 33 33 33 33 33 33 33 33 33 33 33 33 21 0 0 0 72 0 26 0 61 0 16 13 0 44 255 0 0 109 15 0 0 0 0 41 0 104 111 54 87 71 96 70 0 67 65 0 0 0 0 0 0 0 0 0 0 0 0 16 9 0 153 129 0 0 255 0 0 0 113 0 0 0 30 47 0 60 1 0 95 133 47 0 0 255 194 151 116 82 0 5 98 143 68 0 80 255 216 245 255 0 0 0 160 255 0 79 255 
52 0 0 0 0 60 84 2 28 0 0 0 0 0 0 0 0 21 0 0 0 0 0 0 0 0 0 0 0 0 0 0 0 0 0 0 86 152 4 0 0 0 0 0 52 255 0 255 69 1 0 0 0 0 2 77 97 82 38 79 35 0 83 33 74 170 0 0 0 0 0 0 0 0 255 0 0 0 0 51 0 0 0 0 0 37 0 0 0 0 29 0 0 40 8 0 39 30 0 109 21 0 0 0 255 206 203 242 63 37 53 32 75 36 0 151 255 0 0 49 192 0 0 142 255 0 0 255 
21 0 0 0 0 0 78 13 12 115 0 0 0 0 0 0 0 9 88 75 75 75 75 75 75 75 75 75 75 75 75 60 0 0 0 0 56 1 0 0 0 0 0 0 36 247 55 255 60 0 17 83 86 73 0 69 140 42 92 86 65 73 81 43 0 154 0 0 0 0 0 0 0 146 255 0 0 0 0 60 0 34 18 0 0 59 43 17 0 4 18 0 0 59 55 0 0 26 0 0 0 72 255 201 246 255 255 0 18 118 75 63 63 58 0 79 255 0 10 0 255 0 0 129 255 0 0 255 
101 20 0 0 44 40 89 136 0 0 0 0 0 0 0 0 0 13 0 0 0 0 0 0 0 0 0 0 0 0 0 0 0 0 0 0 0 12 22 40 13 6 0 0 36 255 41 0 52 0 0 95 101 55 58 66 44 10 66 28 28 37 34 58 0 122 0 0 0 0 0 0 244 202 236 98 0 0 0 0 29 3 43 0 0 0 34 0 0 0 12 25 0 35 0 38 0 0 0 0 0 0 0 139 153 255 0 0 0 0 116 35 50 11 0 33 255 0 0 0 255 0 0 114 255 0 0 122 
79 0 0 0 75 27 62 76 0 0 0 0 0 0 0 0 0 52 19 22 0 22 22 22 22 22 22 22 22 0 0 0 0 0 0 0 4 44 38 20 17 0 89 0 0 255 3 151 96 0 74 64 19 54 78 66 49 66 79 75 37 65 127 52 0 29 0 0 0 0 0 194 122 132 0 0 0 11 0 0 0 47 36 0 0 0 41 22 0 9 9 27 0 0 45 27 0 0 0 66 0 0 0 151 66 142 0 0 0 0 118 71 79 6 0 149 255 0 0 255 255 0 0 255 255 0 42 0 
28 0 0 0 11 70 38 68 1 0 0 0 0 0 0 0 22 3 10 9 9 9 9 9 9 9 0 0 0 9 0 0 0 0 0 0 0 0 17 0 29 7 16 0 0 255 39 156 99 16 55 104 46 81 114 58 68 0 55 93 22 25 206 94 0 0 0 0 0 0 0 152 0 0 58 145 86 0 0 0 0 0 72 3 0 0 0 15 0 0 48 58 0 0 0 57 73 0 0 0 255 100 112 220 118 0 0 0 0 0 152 180 44 33 0 149 227 161 148 141 0 0 0 38 82 0 4 87 
7 32 0 0 110 0 70 87 0 21 0 0 0 0 0 0 0 0 14 19 19 19 19 19 19 19 0 0 0 0 0 3 0 0 0 0 0 0 0 23 39 10 0 0 0 0 12 161 123 27 9 82 87 52 39 29 79 28 0 0 0 35 77 100 0 0 0 0 0 0 77 161 0 157 0 0 0 0 0 0 0 87 31 35 53 0 84 94 110 50 33 41 0 0 61 59 33 0 4 0 0 85 178 223 0 0 0 0 0 0 192 208 134 99 38 58 57 0 0 15 0 0 0 99 116 73 73 110 
40 0 0 0 0 0 0 0 0 0 0 0 0 0 0 0 0 16 2 4 4 4 4 4 4 4 4 0 0 0 0 0 0 0 0 0 0 0 0 0 7 71 0 0 0 0 0 0 110 0 108 121 112 92 124 134 104 103 93 0 0 0 0 0 0 0 0 0 0 0 0 251 0 0 0 0 0 0 0 0 0 67 0 4 29 41 30 0 0 0 0 60 34 0 0 62 0 0 60 0 255 255 239 17 0 172 164 0 108 0 125 90 0 0 0 17 23 16 16 0 18 0 0 0 13 0 0 69 
0 0 0 0 0 0 0 0 0 0 0 0 0 0 0 0 0 10 28 30 30 30 30 30 30 30 30 0 0 0 0 0 0 0 70 21 0 0 0 0 16 7 16 0 0 0 0 207 115 0 0 0 0 5 11 0 0 0 0 0 0 0 87 255 255 0 0 0 9 109 0 0 111 0 133 99 137 166 98 0 0 0 0 0 4 0 0 0 0 0 0 0 0 0 0 0 0 0 86 254 255 142 0 96 210 255 0 33 0 0 121 138 0 118 210 243 181 113 37 148 243 0 0 48 24 137 95 90 
14 0 0 0 0 0 101 65 21 30 0 0 0 0 0 0 0 0 40 0 0 0 0 0 0 0 0 0 0 0 0 0 0 0 48 94 15 0 0 0 11 5 10 0 0 238 0 158 79 0 0 0 0 0 0 0 98 0 0 0 0 0 0 255 255 0 0 0 0 0 136 102 0 0 24 106 92 0 0 0 0 0 0 163 0 0 0 39 61 24 0 0 132 195 0 0 0 0 184 255 5 0 0 0 0 0 0 43 67 0 0 44 148 157 93 0 0 0 83 217 0 0 0 0 0 83 113 49 
0 0 0 0 0 120 36 0 24 0 0 0 0 0 0 0 0 0 0 0 0 0 0 0 0 0 0 0 0 0 0 0 0 0 65 11 0 0 0 0 0 0 0 0 0 0 80 232 0 0 0 0 0 0 0 0 20 0 0 214 218 0 201 241 0 0 0 63 104 0 0 230 253 0 0 87 195 79 0 0 0 0 0 254 237 230 0 0 47 34 0 0 0 0 0 0 25 233 255 0 0 0 0 22 0 255 255 0 0 0 0 0 240 255 0 255 0 0 155 216 0 0 0 0 25 14 97 84 
0 0 0 0 0 0 0 39 0 0 0 0 0 0 0 0 6 51 69 73 0 0 73 0 0 0 0 0 0 0 0 64 48 5 25 0 0 0 0 0 0 0 77 0 0 0 0 0 0 0 19 54 0 0 44 0 0 126 0 0 0 0 0 0 0 0 0 27 0 104 67 0 255 255 0 0 0 0 0 0 0 0 0 0 0 0 0 0 0 0 0 0 0 0 0 82 255 240 0 0 0 9 1 71 75 0 0 0 24 0 0 157 174 157 11 0 91 0 0 206 0 0 0 0 31 28 66 106 
4 0 0 0 0 81 41 57 50 0 0 114 0 82 0 0 0 4 15 16 16 16 0 0 0 0 0 16 0 0 0 0 0 0 49 228 0 0 0 10 0 0 9 0 0 247 0 0 0 0 230 107 54 0 0 0 170 255 0 0 0 212 158 234 0 57 0 0 0 181 149 0 214 255 0 0 0 0 0 0 0 0 136 0 0 0 0 0 0 0 0 0 0 0 255 251 102 0 0 18 17 32 0 12 4 21 0 0 25 0 0 240 198 140 174 94 184 0 0 230 119 0 0 0 88 30 90 60 
32 0 0 0 0 23 0 11 26 0 0 0 0 0 0 0 0 14 6 2 2 2 0 0 0 0 2 2 2 0 0 0 0 0 102 0 0 0 0 0 0 0 0 0 0 225 3 178 0 0 0 169 0 174 0 8 240 255 0 0 0 186 113 109 204 0 0 86 0 212 91 0 0 255 7 0 0 0 0 0 0 0 0 0 0 0 0 0 0 0 0 64 54 70 34 0 0 0 0 0 0 23 38 0 0 51 0 0 9 0 0 255 124 51 64 0 0 176 175 118 31 0 0 0 64 31 0 32 
83 0 0 0 0 0 0 0 0 0 0 0 0 0 0 0 0 10 34 27 27 0 0 0 0 0 27 27 27 0 0 0 0 0 33 0 29 0 0 0 0 0 0 0 0 255 0 255 71 0 0 255 0 0 0 0 0 0 0 0 0 159 138 105 255 56 0 0 0 0 0 0 0 255 0 0 0 0 0 0 0 0 0 255 255 0 0 104 0 1 0 24 74 0 0 10 0 21 0 142 0 79 47 0 52 0 0 0 0 224 213 125 142 106 187 118 0 165 132 115 122 0 0 0 175 154 174 252 
0 0 0 0 0 0 0 0 0 0 0 0 0 0 0 0 0 0 3 0 2 0 0 0 0 0 2 2 2 0 0 0 0 0 72 15 0 0 0 0 0 0 0 0 0 243 0 0 0 0 0 0 0 0 248 0 177 189 62 0 0 28 255 255 255 255 155 0 0 0 0 55 0 255 194 0 0 0 0 0 31 0 127 186 3 0 0 0 60 205 46 0 31 0 0 0 11 0 0 0 255 0 67 0 0 11 8 255 0 0 188 79 68 124 0 0 0 0 44 43 0 0 0 0 0 0 0 0 
0 0 0 0 0 0 0 0 0 20 0 72 0 0 0 0 0 0 41 45 0 0 0 0 0 45 45 45 45 0 0 29 8 0 129 48 0 0 0 0 0 0 0 0 0 192 0 122 144 0 0 73 0 126 228 91 0 255 159 0 0 255 255 255 0 0 0 0 0 0 0 0 106 255 0 0 0 0 0 0 0 0 66 4 16 0 0 0 0 0 0 0 0 3 0 0 0 0 0 0 255 127 0 21 0 0 0 0 3 0 0 0 0 0 0 0 0 0 0 1 0 0 0 0 0 0 203 255 
138 0 0 0 98 0 0 0 43 0 0 109 0 0 0 0 0 0 0 0 0 0 0 0 0 0 0 0 0 0 0 0 0 0 77 4 0 0 0 0 0 0 0 0 0 230 166 0 0 0 0 173 0 245 88 122 0 0 0 0 0 255 255 0 0 108 213 113 0 0 0 65 0 0 0 0 0 0 0 0 0 0 84 96 3 0 0 0 0 0 0 0 0 0 0 0 23 0 0 0 0 255 0 0 0 0 0 78 166 0 0 0 0 159 0 0 0 0 0 0 0 0 0 0 255 0 136 180 
0 0 0 0 0 12 0 0 77 51 0 70 0 0 0 0 0 35 19 22 0 0 0 0 22 22 22 22 22 0 22 0 0 0 0 82 0 29 0 0 0 0 0 0 0 0 0 0 0 0 0 0 24 0 0 0 0 0 0 0 0 225 255 0 0 0 0 7 0 0 0 255 0 0 0 0 0 0 0 0 0 255 72 33 0 0 0 0 0 0 0 0 0 0 0 0 0 0 0 0 0 0 0 0 0 0 0 0 0 0 0 0 0 0 0 0 0 0 0 156 0 0 0 0 216 0 8 138 
0 0 0 0 0 0 0 0 0 0 0 14 0 0 0 0 0 0 0 3 0 0 0 3 3 3 3 3 3 3 3 0 0 0 0 78 0 0 0 0 0 0 0 0 0 0 0 0 0 0 0 0 0 0 20 32 0 76 0 8 135 0 192 0 0 194 0 0 0 27 0 227 255 0 0 255 255 0 0 0 0 0 0 0 0 0 0 0 0 0 0 0 0 0 0 0 0 0 0 0 19 0 0 0 0 0 0 0 0 0 0 0 0 0 0 0 0 0 208 133 184 0 0 0 53 106 55 147 
85 0 0 0 21 187 95 0 0 37 0 0 0 0 0 0 0 2 32 35 0 0 0 0 35 35 35 35 35 35 35 11 0 0 0 0 13 53 0 0 0 0 0 0 0 0 0 125 0 0 91 0 188 0 0 46 70 210 134 0 99 45 71 87 0 36 0 0 0 0 0 132 226 255 0 0 0 0 0 0 0 255 0 0 0 97 224 0 0 0 0 0 0 28 28 21 0 14 40 4 0 0 0 6 17 0 0 0 0 0 255 119 30 70 153 69 33 154 134 163 148 0 0 0 38 96 109 113 
0 0 0 0 0 0 0 0 0 0 0 0 0 0 0 0 0 0 0 0 0 0 0 0 0 0 0 0 0 0 0 0 0 0 0 0 0 0 0 0 0 0 0 0 0 0 0 201 0 0 229 0 0 0 0 0 0 0 0 0 0 0 0 0 0 0 0 0 0 0 0 0 0 0 0 0 0 0 0 0 0 255 0 0 0 0 37 0 0 26 0 0 0 0 0 0 0 0 0 0 0 175 0 14 0 8 0 0 213 255 142 100 21 74 152 0 0 240 0 86 0 0 0 0 76 60 28 9 
0 0 0 0 0 0 121 68 0 49 0 0 0 0 0 0 0 6 37 0 0 38 0 0 0 0 0 0 0 0 0 0 0 0 0 0 0 0 0 0 0 0 0 0 0 255 0 0 190 0 0 37 214 0 0 0 0 0 0 255 255 0 0 0 0 0 0 0 0 0 0 0 0 76 0 0 0 0 0 0 0 255 0 255 255 255 5 30 12 0 0 0 0 0 0 255 7 0 169 0 66 193 10 255 39 89 119 0 255 65 163 41 87 62 172 88 0 255 0 60 0 0 0 0 60 78 70 51 
0 0 0 0 0 0 0 22 0 0 0 0 0 0 0 0 0 17 0 0 0 0 0 0 0 0 0 0 0 0 0 0 0 0 140 0 0 0 0 0 0 0 0 0 0 255 43 0 0 0 0 0 0 0 0 35 173 7 60 0 0 0 0 0 165 255 0 0 0 0 255 19 0 0 0 56 148 0 0 0 0 0 13 212 14 56 0 0 0 0 0 0 0 0 255 216 8 0 11 46 255 127 0 255 3 0 14 5 0 0 0 101 29 120 73 0 0 162 0 0 220 0 0 0 52 42 33 0 
0 0 0 0 0 0 0 0 0 0 0 0 0 0 0 0 0 0 2 0 0 0 0 0 0 0 10 10 10 0 0 0 0 0 87 0 0 0 0 0 0 0 0 0 0 0 0 0 0 0 0 0 0 43 92 123 6 148 64 5 76 86 0 0 110 181 241 0 0 0 21 0 0 0 0 0 0 0 0 0 0 0 255 0 0 0 0 0 0 0 0 0 0 0 151 45 0 0 247 255 179 0 0 0 0 0 0 0 0 0 0 0 199 43 0 0 0 0 0 190 158 0 0 0 29 88 73 8 
0 71 0 0 0 59 41 0 38 54 0 47 0 0 0 0 0 20 26 30 0 0 0 0 30 30 30 30 30 30 30 0 0 0 227 0 255 0 0 0 0 0 0 0 0 0 0 0 0 0 164 29 0 0 0 180 140 255 47 34 149 124 0 0 158 216 104 0 0 0 0 189 255 0 0 0 0 0 0 0 0 0 0 0 0 0 0 0 0 0 38 20 18 0 44 0 0 0 195 12 0 0 195 8 0 51 184 196 216 74 0 34 234 20 76 108 203 182 182 143 145 0 0 0 34 67 86 67 
10 15 66 0 0 29 0 0 18 13 0 0 0 0 0 0 0 2 23 24 0 0 0 0 0 24 24 24 24 0 24 12 0 0 21 51 11 21 0 0 0 0 0 0 0 255 0 131 72 0 0 0 0 0 0 203 162 95 5 47 105 153 0 0 0 0 0 0 0 0 22 255 255 0 0 0 255 255 255 0 0 0 0 0 225 255 255 0 0 19 34 3 0 0 0 0 161 5 11 0 0 0 0 0 0 0 57 96 87 0 0 0 0 0 0 0 0 0 0 0 0 0 0 0 0 0 0 4 
52 0 18 0 16 0 85 38 12 0 0 0 0 0 0 0 0 0 9 14 0 0 14 14 14 0 14 14 14 14 0 0 0 0 93 34 20 0 0 0 0 0 2 0 0 0 60 158 123 0 0 0 0 0 69 39 0 0 94 18 0 0 50 0 0 0 0 0 0 0 0 0 0 0 0 0 0 0 0 0 0 0 0 0 0 0 0 0 0 0 0 0 0 0 0 0 0 0 0 0 0 0 0 0 0 0 0 0 0 0 0 0 0 0 0 0 0 0 0 0 1 0 0 0 32 136 109 88 
49 66 17 0 56 77 111 61 55 107 52 0 0 0 0 0 0 4 6 7 0 0 7 7 7 7 7 7 7 7 7 0 0 0 39 0 0 0 0 0 0 0 5 0 0 0 73 163 164 0 0 0 0 0 88 66 73 134 177 99 0 0 96 0 0 0 107 131 0 0 0 0 0 0 0 0 130 66 0 0 0 0 0 0 0 0 0 0 0 0 0 0 0 0 0 48 218 222 94 0 255 255 116 164 0 0 255 255 197 0 0 162 177 190 251 255 255 219 234 216 211 0 0 0 69 108 20 30 
63 0 0 0 0 0 104 21 0 0 22 0 0 0 0 0 0 0 19 0 0 0 0 14 14 14 14 14 14 14 14 2 0 0 12 26 39 0 0 0 0 7 30 0 0 0 0 0 0 0 0 0 0 0 7 0 149 126 0 0 0 56 1 0 0 0 38 0 0 0 0 119 255 255 0 0 0 0 0 0 0 0 0 255 0 0 0 0 0 0 0 0 0 0 0 0 255 87 0 187 0 255 59 255 255 0 255 255 0 0 42 255 255 155 172 162 23 61 0 102 107 123 0 0 29 1 61 56 
0 0 0 0 0 0 0 0 0 88 0 0 0 0 0 0 0 0 39 34 0 0 0 0 0 0 34 34 0 0 0 0 0 0 0 0 0 0 0 24 0 115 0 0 0 0 0 155 142 0 0 0 0 159 0 0 0 0 0 0 0 0 0 1 170 0 0 0 0 0 129 10 237 183 0 0 0 111 0 0 0 0 0 0 0 0 0 0 0 0 0 175 59 0 0 0 0 0 0 0 18 252 0 0 0 0 13 0 0 0 255 245 108 99 121 203 0 200 0 46 140 94 0 0 144 156 0 28 
0 0 0 0 33 106 27 80 65 17 82 6 0 0 0 0 0 0 16 18 0 0 0 18 18 0 0 0 0 0 0 0 0 0 0 0 0 0 0 22 0 75 0 0 37 255 56 131 144 0 11 58 0 0 0 0 0 115 122 111 0 191 181 161 0 0 0 0 0 211 0 18 64 255 0 167 0 0 0 0 0 0 0 34 0 0 48 0 0 0 0 46 0 55 31 0 0 0 0 217 255 78 0 73 7 0 0 19 0 128 255 182 87 89 80 145 0 9 0 158 151 106 0 0 77 114 185 1 
104 0 0 0 53 57 62 27 57 36 76 0 0 0 0 0 0 0 0 8 8 0 0 8 8 0 8 8 8 8 0 0 0 0 201 18 0 73 0 62 73 56 0 0 0 255 27 118 127 1 49 124 0 179 0 0 125 56 93 55 107 122 102 77 65 0 0 0 191 0 171 31 74 255 0 0 0 0 0 0 0 30 30 41 0 0 80 0 0 0 0 41 0 11 26 0 0 109 255 82 0 0 0 255 134 0 11 43 0 0 0 235 116 76 128 117 89 86 95 177 182 141 0 0 169 162 171 255 
82 70 0 0 0 10 6 19 29 73 7 0 0 0 0 0 0 6 4 11 11 11 0 0 0 11 11 11 11 11 11 4 0 0 0 0 7 0 0 51 2 0 0 0 0 255 40 0 0 0 19 28 52 0 0 0 0 0 101 93 46 0 25 138 52 0 0 0 35 48 49 0 0 217 0 0 0 0 0 0 0 0 0 65 65 0 0 255 6 0 0 31 34 0 19 63 0 214 255 0 0 12 0 0 0 0 29 0 0 0 68 255 252 181 158 173 173 171 172 94 133 0 0 0 72 130 48 67 
94 0 88 0 0 28 73 68 0 20 10 0 0 0 0 0 0 0 38 37 37 37 37 0 0 37 0 37 37 37 0 0 19 0 25 0 6 21 0 0 39 58 0 0 0 255 75 115 0 0 0 84 135 33 54 0 0 27 73 78 12 0 93 0 0 0 0 0 0 0 0 109 81 54 255 0 0 0 0 0 0 0 102 57 9 0 0 105 46 0 5 10 6 22 32 71 0 0 3 0 0 52 54 2 18 7 0 0 0 255 129 71 12 0 0 0 0 0 0 0 0 0 0 0 0 0 0 0 
73 47 0 0 46 46 81 41 16 12 51 0 0 109 0 0 0 0 0 2 2 2 2 0 0 2 2 2 2 2 2 0 0 0 0 0 0 0 32 0 0 0 20 0 0 255 58 104 0 0 3 92 106 80 0 79 0 0 90 86 143 57 46 112 90 57 102 158 44 120 0 190 22 0 0 0 0 0 0 0 123 255 0 0 0 0 27 0 4 0 25 9 11 59 49 8 52 46 33 3 0 0 40 0 0 0 0 0 255 245 160 61 83 59 99 85 43 79 33 84 15 0 0 0 117 67 28 0 
61 79 0 74 21 84 98 46 0 113 0 0 0 0 0 0 0 0 17 21 21 21 21 21 0 0 21 21 21 21 21 0 9 0 114 14 14 0 18 40 15 39 0 0 0 255 64 173 133 0 0 48 31 0 115 0 0 147 0 21 146 87 66 51 73 110 55 117 0 0 0 94 109 0 0 0 0 0 0 0 0 0 0 0 0 0 0 0 0 0 0 0 0 0 0 0 0 0 0 0 0 0 56 62 0 0 0 255 73 85 0 0 0 0 10 3 0 0 0 0 0 0 0 0 0 0 0 0 
61 32 42 76 50 30 65 0 0 3 52 0 0 0 0 0 0 0 20 19 19 19 19 19 19 0 0 0 0 0 0 0 0 0 49 19 20 24 0 0 0 0 0 0 0 255 82 137 111 31 9 91 36 76 97 66 0 0 195 182 26 0 0 0 123 59 148 0 0 0 0 0 0 0 0 0 0 0 0 0 0 0 0 0 0 0 0 0 0 0 0 0 0 0 0 0 0 0 0 0 0 40 0 0 0 0 4 205 37 16 58 74 106 121 147 118 79 84 83 122 129 149 0 0 136 116 175 189 
25 29 44 49 63 15 86 54 7 53 0 0 0 113 0 0 0 0 21 22 22 22 22 22 22 0 22 0 0 22 0 0 0 0 0 0 0 0 0 0 0 0 0 0 0 255 45 0 117 38 45 0 0 0 0 0 62 0 14 181 0 0 0 141 29 167 0 0 0 0 0 0 0 0 0 0 0 0 0 0 0 0 0 0 0 0 0 0 0 0 0 0 0 0 0 0 0 0 0 32 167 0 0 0 26 212 255 255 204 126 158 154 115 165 116 155 179 109 161 135 151 156 0 0 88 115 122 99 
53 28 47 92 100 48 55 46 11 71 33 0 0 0 0 0 0 0 12 19 19 19 19 19 0 19 19 19 0 0 0 0 12 0 0 0 0 0 0 0 0 0 42 0 0 255 44 0 0 0 0 0 0 0 0 0 0 171 99 0 0 0 0 76 25 97 74 97 111 0 0 0 0 0 0 0 0 0 133 0 0 0 0 38 121 255 111 0 72 0 0 0 0 255 175 0 34 0 24 17 0 0 0 192 255 255 255 230 159 162 147 181 161 141 173 186 133 169 183 208 177 121 0 0 25 84 57 45 
98 23 0 0 81 75 43 43 29 62 42 0 0 0 0 0 0 0 0 1 1 1 1 1 1 1 1 1 1 1 0 0 0 0 24 80 12 33 46 28 41 76 0 0 0 255 78 152 0 0 0 0 0 91 0 18 58 226 37 54 13 0 0 172 206 203 0 0 167 0 0 0 0 0 0 0 0 0 81 94 92 0 30 125 0 236 0 0 31 49 0 0 0 223 0 0 0 0 0 0 0 0 119 255 165 18 12 0 0 0 105 0 0 10 0 0 0 0 0 0 0 0 0 0 158 174 186 181 
82 75 35 77 87 37 26 32 28 124 12 0 0 0 0 0 0 0 39 43 0 43 43 43 43 43 43 43 43 43 43 43 0 0 0 54 0 5 23 0 0 0 17 0 0 237 75 77 130 0 0 0 27 68 88 107 51 38 72 0 107 105 0 0 0 0 0 72 0 0 0 0 0 0 0 41 0 71 55 83 83 107 0 255 228 0 0 0 40 0 13 0 0 0 13 0 11 0 198 0 0 0 255 255 51 46 66 42 94 144 237 76 129 100 104 27 158 132 111 81 123 136 0 0 17 42 64 11 
63 71 40 25 57 62 62 94 46 25 22 0 0 0 0 0 0 0 30 31 31 31 31 31 31 31 31 31 31 31 31 27 23 0 0 50 3 48 11 0 34 58 106 0 0 238 79 132 139 0 23 0 44 88 42 84 0 0 0 50 55 85 18 43 64 68 0 0 0 0 0 0 0 44 75 111 58 0 72 89 26 185 164 222 0 0 1 7 40 0 0 64 55 18 82 71 11 22 19 0 0 0 255 255 0 177 0 0 71 124 0 0 0 0 0 78 76 14 69 36 70 22 0 0 5 14 0 54 
25 59 0 59 90 34 50 59 60 0 39 0 0 0 0 0 0 0 4 8 8 8 8 8 8 8 8 8 8 8 8 8 5 0 11 55 0 0 0 0 57 0 0 0 0 255 34 117 150 0 89 1 108 80 0 66 0 0 0 0 85 79 19 62 0 0 0 0 0 0 0 0 0 67 88 131 75 38 103 92 223 0 56 0 0 0 0 0 0 0 179 0 0 0 0 0 0 0 0 0 0 209 255 238 63 81 63 76 116 157 58 72 102 90 108 16 53 112 30 7 7 128 0 0 23 86 112 94 
102 39 37 0 66 31 64 71 0 0 1 0 0 0 0 0 0 0 15 23 23 23 23 23 23 23 23 23 23 23 23 16 6 0 13 59 28 11 46 23 57 40 94 0 0 255 26 150 109 0 6 22 49 92 87 88 0 0 0 69 87 65 8 47 0 0 0 0 0 0 0 47 86 71 78 13 43 21 18 181 149 0 0 0 0 2 66 27 0 147 255 0 0 32 0 0 0 0 255 0 0 0 227 255 0 0 60 35 39 39 5 44 175 9 27 45 52 128 107 102 116 138 0 0 124 161 147 11 
56 0 0 0 87 83 2 61 73 29 53 0 0 0 0 0 0 0 8 19 19 19 19 19 19 19 19 19 19 19 19 13 0 0 66 33 8 29 0 49 28 25 31 0 0 255 55 123 162 30 60 80 115 15 12 0 50 88 0 0 73 24 45 110 0 0 0 0 0 0 0 0 0 69 31 0 73 0 0 0 0 0 0 50 0 0 0 68 0 144 0 0 0 0 28 66 0 231 222 61 167 0 0 255 0 0 61 0 141 27 0 131 0 24 0 167 100 66 35 36 6 36 0 0 99 91 0 0 
18 48 31 84 79 38 33 89 38 30 0 0 0 0 0 0 0 5 0 13 13 13 13 13 13 13 13 13 13 13 13 6 4 0 105 20 22 0 51 34 16 10 25 0 0 233 28 150 133 0 34 12 83 19 77 0 94 47 36 101 9 45 88 42 0 0 0 0 72 99 0 0 0 0 54 0 0 25 64 77 62 0 0 55 0 4 18 25 0 0 0 0 0 0 50 36 0 0 0 150 67 0 178 255 78 37 136 29 149 124 105 99 141 146 118 116 29 8 79 78 62 19 0 0 18 66 51 6 
86 34 75 65 82 0 0 0 47 52 0 0 0 0 0 0 0 0 28 40 40 40 40 40 40 40 40 40 40 40 40 31 19 10 14 0 8 0 0 27 39 41 0 0 0 255 75 125 104 0 23 30 17 50 83 0 36 26 67 109 38 23 64 33 40 130 0 0 0 0 0 0 0 85 0 0 0 0 0 79 0 0 0 0 0 0 0 0 0 0 0 0 0 0 0 0 0 0 0 118 65 0 186 255 30 0 72 0 114 75 0 0 0 0 0 60 18 20 0 49 0 6 0 0 0 76 10 33 
90 66 0 0 0 0 48 54 13 0 83 6 0 0 0 0 0 0 0 0 0 0 0 0 0 0 0 0 0 0 0 0 0 0 36 0 0 47 108 112 20 18 17 0 0 255 34 170 165 0 42 56 83 81 101 0 68 81 63 87 79 9 99 32 99 0 0 0 0 0 0 0 0 96 0 0 0 0 0 0 0 0 0 0 0 0 0 0 0 0 0 0 0 0 0 0 0 0 0 255 14 38 14 179 51 32 127 122 147 149 54 93 147 120 98 113 132 115 119 111 115 94 0 0 155 135 186 138 
12 3 0 0 60 49 7 115 0 16 80 0 0 0 0 0 0 0 1 21 21 21 21 21 21 21 21 21 21 21 21 12 0 0 99 37 111 115 0 4 0 0 59 0 0 244 57 58 169 0 0 0 0 0 0 0 74 88 33 0 0 0 0 0 0 0 0 0 0 0 0 0 0 0 55 0 0 78 18 60 32 0 0 0 0 0 27 0 57 31 0 0 11 0 8 0 0 0 83 0 0 164 0 126 88 88 82 62 105 102 83 96 91 144 116 67 97 72 68 76 57 81 0 0 76 71 57 56 
60 0 0 0 71 45 68 52 36 22 27 0 0 0 0 0 0 0 6 26 0 26 26 26 26 26 26 26 26 26 26 27 24 15 103 65 9 0 0 18 36 19 0 0 0 255 47 0 0 0 0 0 0 0 0 0 56 41 0 0 0 0 0 0 0 0 0 0 0 0 0 0 0 0 0 51 18 17 14 0 0 55 145 60 255 68 0 75 61 0 0 0 12 0 0 0 102 0 26 40 93 141 0 0 165 102 65 91 115 60 28 51 29 62 74 64 68 86 91 105 111 92 0 0 0 82 81 81 
19 0 0 0 60 2 45 46 10 13 18 0 0 0 0 0 0 0 7 20 20 20 20 20 20 20 20 20 20 20 20 0 13 10 29 0 0 35 69 0 0 52 0 0 13 255 0 0 0 0 0 0 0 0 0 0 62 0 0 0 0 0 0 0 0 0 0 0 0 0 0 0 0 0 0 50 3 0 0 0 240 216 154 170 193 167 89 0 0 0 0 255 255 255 0 255 255 62 7 255 89 3 65 0 190 171 76 36 115 62 86 90 65 83 130 93 74 90 53 52 23 54 0 0 94 91 80 42 
36 61 0 0 66 37 40 36 48 48 3 10 0 0 0 0 0 0 31 45 45 45 0 45 45 45 45 45 45 45 45 33 27 17 47 19 66 74 1 45 12 38 86 0 0 0 0 0 0 0 0 52 68 53 30 44 54 0 0 0 0 36 35 80 0 0 67 0 0 0 75 61 81 0 0 19 0 0 0 255 132 92 61 79 104 86 255 59 0 0 156 255 255 37 0 255 255 0 0 163 0 4 60 53 26 197 37 103 75 94 68 99 86 83 68 44 32 52 39 68 77 96 0 0 63 95 102 122 
0 68 24 80 20 26 36 0 75 113 0 0 0 0 0 0 0 0 0 0 0 0 0 0 0 0 0 0 0 0 0 0 0 0 27 25 12 0 0 0 13 33 0 0 0 0 0 0 0 0 54 53 107 38 34 65 22 104 0 0 0 72 41 0 0 0 85 0 0 0 65 18 3 50 0 0 0 31 250 108 77 88 55 81 102 90 151 255 0 0 255 255 201 115 0 253 163 0 0 80 29 117 82 91 0 18 160 112 63 46 51 28 47 64 90 67 67 93 68 79 84 64 0 0 0 98 109 116 
0 51 42 0 49 35 0 44 0 59 51 0 0 0 0 0 51 0 0 3 3 3 3 3 3 3 3 3 3 3 3 3 2 0 24 21 0 38 74 56 3 20 31 0 0 0 0 0 0 0 41 86 39 42 14 66 117 99 0 0 0 19 38 0 0 0 26 41 29 0 113 74 79 102 0 0 0 216 147 87 92 89 83 81 81 48 123 255 0 0 255 189 124 0 5 202 170 48 237 8 50 49 77 81 91 0 0 153 93 45 18 73 80 102 41 43 71 54 125 65 85 22 78 0 0 94 173 90 
38 0 5 9 36 31 85 0 63 0 0 0 0 0 0 0 0 0 27 49 49 49 49 49 49 49 49 49 49 49 49 54 53 50 50 30 4 27 46 19 3 0 42 0 0 0 0 0 80 0 61 88 31 0 79 65 39 0 0 0 0 6 0 0 0 0 34 69 65 125 74 0 13 25 0 0 0 0 135 52 70 48 34 67 51 43 138 246 0 0 0 249 64 126 132 143 64 76 111 98 0 77 46 61 48 57 0 68 113 62 70 51 80 83 67 65 44 81 53 71 0 18 0 0 0 153 68 0 
35 44 25 55 55 47 0 0 11 28 26 0 0 0 0 0 10 0 17 27 27 27 27 27 27 27 27 27 27 27 27 21 18 13 22 36 36 41 40 0 36 34 0 0 0 0 0 103 117 68 17 6 74 22 51 51 23 69 0 0 0 0 89 51 68 16 19 58 84 0 27 0 0 7 20 79 135 0 0 0 43 66 75 85 3 107 102 211 0 36 0 255 103 107 41 65 74 64 76 189 0 0 71 46 70 14 29 27 0 120 157 116 89 107 50 42 57 88 106 81 50 118 158 0 0 32 0 0 
0 37 37 0 80 22 0 32 48 34 24 0 0 0 0 0 0 0 0 7 7 7 7 7 7 7 7 7 7 7 7 2 1 0 14 14 4 0 24 30 44 65 0 0 0 0 27 122 126 0 14 92 9 4 24 48 55 104 0 0 0 0 76 56 44 9 42 31 78 43 25 53 93 44 0 187 114 72 0 0 0 0 102 110 41 68 22 120 0 222 0 223 127 83 0 97 77 45 74 122 145 0 48 15 15 42 31 38 36 11 9 113 101 117 36 94 118 119 113 128 143 164 106 0 0 2 0 2 
0 0 54 61 55 77 13 84 43 5 37 0 0 0 0 0 20 0 0 16 16 16 16 16 16 16 16 16 16 16 16 11 4 2 6 47 38 38 70 40 25 18 0 0 0 0 0 149 171 0 91 71 53 0 52 19 74 65 0 78 0 0 23 13 0 84 46 126 78 39 73 38 70 22 10 206 156 111 133 126 0 0 0 118 115 142 194 148 202 234 0 239 190 90 158 171 128 116 114 208 163 0 48 50 31 39 71 58 54 59 2 0 0 5 91 55 188 147 91 64 0 0 0 0 0 46 0 2 
72 2 58 39 63 32 18 16 26 43 78 0 0 0 0 0 0 0 7 25 0 25 25 25 25 25 25 25 25 25 25 19 14 2 68 3 0 8 0 11 0 1 0 0 0 0 0 113 140 0 13 39 51 0 40 46 85 41 57 20 57 0 26 46 18 51 25 37 66 0 52 64 31 76 0 145 60 41 76 32 44 64 0 28 0 0 0 0 0 2 0 36 0 35 0 0 49 0 0 26 10 0 2 65 59 1 12 40 52 0 28 20 43 24 0 0 0 0 0 0 0 0 0 0 0 45 66 28 
23 2 41 61 35 1 42 0 81 73 44 0 0 0 0 0 62 0 3 13 13 13 13 13 13 13 13 13 13 13 13 8 0 0 26 17 16 23 51 91 0 9 65 0 0 0 16 89 176 0 0 55 50 56 51 108 0 34 0 0 7 14 12 1 0 56 9 32 41 6 18 0 61 4 21 52 0 27 3 0 0 0 0 0 3 0 46 27 32 10 31 55 14 0 50 19 1 0 0 0 1 0 41 99 83 48 7 56 91 28 0 44 0 45 39 0 63 68 0 74 0 61 33 0 0 50 27 3 
26 31 43 60 23 25 8 18 17 29 0 0 0 0 0 0 51 3 0 25 0 25 25 25 25 25 25 25 25 25 25 22 19 6 37 41 14 44 22 15 35 19 32 0 0 204 0 95 96 0 0 49 84 0 0 0 42 62 5 35 0 130 43 63 0 0 0 0 0 27 22 50 0 4 0 23 0 25 0 0 0 32 0 19 0 50 1 51 17 43 0 0 0 0 0 0 0 0 15 17 43 0 33 77 60 0 21 24 0 13 39 42 70 15 100 0 68 26 68 55 53 39 56 0 0 39 0 0 

