120 123 126 122 123 120 124 122 123 121 120 121 120 121 127 133 130 130 130 130 130 131 0 0 0 0 0 0 0 0 0 0 0 0 0 0 0 0 0 0 0 121 0 0 0 0 0 0 0 0 0 0 0 0 0 0 0 0 0 0 0 0 0 0 0 0 0 0 0 0 0 0 0 0 0 0 0 0 0 0 0 0 0 0 0 0 0 0 0 0 0 0 0 0 0 0 0 0 0 0 0 0 0 0 0 0 0 0 0 0 0 0 0 0 0 0 0 0 0 0 0 0 0 0 0 0 0 0 
0 0 0 0 0 0 0 0 0 0 0 0 0 0 0 0 133 0 0 0 0 0 0 0 0 0 0 0 0 0 0 0 0 0 0 0 0 0 0 0 0 123 0 0 0 0 0 0 0 0 0 0 0 0 0 0 0 0 0 0 0 0 0 0 0 0 0 0 0 0 0 0 0 0 0 0 0 0 0 0 0 0 0 0 0 0 124 0 0 0 0 0 0 126 0 0 0 0 0 0 0 0 0 0 0 0 0 0 0 0 0 0 0 0 0 0 0 0 0 0 0 0 0 0 0 0 0 0 
0 0 0 0 0 122 0 126 117 122 0 0 0 0 0 0 0 133 131 128 128 132 132 132 134 0 0 0 0 0 0 0 0 0 134 126 123 121 123 122 123 124 0 0 123 123 122 123 120 124 125 125 123 121 121 123 123 122 120 122 124 122 121 0 0 124 119 119 0 0 0 0 124 120 121 123 121 118 0 0 0 0 121 123 123 0 0 124 123 125 128 131 127 127 0 0 0 127 127 127 127 127 127 127 127 127 127 127 127 126 126 129 126 124 126 127 129 122 123 123 0 0 123 119 120 123 126 126 
126 124 0 121 119 121 120 0 0 125 0 0 0 0 0 0 129 133 130 130 130 130 128 130 0 0 0 0 0 132 0 0 0 0 0 0 0 0 0 120 124 125 0 0 122 122 123 124 121 123 125 0 125 123 123 123 0 0 124 121 120 126 124 124 122 123 122 0 115 0 0 0 0 118 120 123 120 0 0 0 120 123 122 122 120 124 123 125 125 129 133 133 0 0 0 0 125 125 125 125 125 125 125 125 125 125 125 125 125 127 126 128 127 127 128 129 128 124 127 0 0 128 123 120 122 125 128 123 
0 0 0 0 118 124 0 123 0 0 0 0 0 0 0 134 128 130 130 132 131 130 131 0 0 0 0 0 0 0 0 0 0 0 0 0 125 125 123 120 122 124 0 0 121 121 121 124 122 124 122 121 0 125 124 124 125 0 0 121 121 124 125 126 119 122 125 118 116 118 0 0 0 0 0 0 122 121 120 120 120 125 124 120 123 123 126 126 126 130 0 0 0 0 0 0 0 128 128 128 128 128 128 128 128 128 128 128 128 127 129 128 129 130 130 125 127 126 127 0 0 126 123 120 121 125 126 123 
120 124 122 0 119 123 0 0 0 0 0 0 0 0 0 133 132 132 132 134 132 133 0 0 0 0 0 0 0 0 0 0 0 0 0 0 128 134 132 121 121 123 120 0 0 0 0 121 121 125 124 122 123 0 124 124 125 124 0 0 124 125 124 124 119 122 0 121 123 121 115 0 0 0 0 0 118 121 121 126 122 126 123 123 122 121 0 0 0 0 0 0 0 0 0 0 0 133 133 133 0 133 133 133 133 133 133 133 133 126 129 127 128 127 128 123 127 125 126 0 0 122 119 121 126 126 125 128 
0 0 0 0 0 122 122 0 0 121 0 0 0 0 0 122 127 132 133 131 135 138 134 0 0 0 0 0 0 0 130 136 0 0 0 0 134 134 134 134 130 0 0 0 0 125 0 0 0 0 0 0 122 121 121 122 123 123 122 0 122 123 122 121 121 0 0 0 0 117 117 120 0 0 0 0 0 119 119 126 123 121 119 124 0 0 0 0 0 0 0 0 0 0 0 0 0 128 128 128 128 0 128 128 128 128 128 128 128 127 129 129 128 126 129 124 124 124 124 125 0 0 119 122 126 126 122 123 
0 0 0 0 0 0 0 0 0 0 0 0 0 0 121 122 124 128 135 132 133 131 130 0 0 0 0 0 0 130 131 133 0 0 0 0 135 133 132 135 134 127 0 0 0 0 124 124 124 0 0 0 0 120 122 123 123 121 122 123 121 124 124 123 124 0 0 0 122 122 121 119 120 0 0 0 0 0 120 126 123 0 0 0 0 0 0 0 0 0 0 0 0 0 127 127 127 127 127 127 127 127 127 127 127 127 127 127 127 127 126 129 127 126 128 124 118 112 123 127 0 124 120 121 123 125 124 124 
122 122 123 122 122 123 0 0 0 0 0 0 0 0 121 123 123 123 135 0 0 0 0 0 0 0 0 0 0 129 131 133 0 0 0 0 131 133 131 133 131 129 0 0 0 0 123 123 123 123 125 122 119 121 125 124 123 120 122 124 123 124 124 121 0 0 0 122 120 119 120 124 121 120 0 0 0 0 0 0 121 0 0 0 0 0 0 129 129 129 131 134 130 128 130 130 130 130 130 130 130 130 130 130 130 130 130 130 130 126 122 123 127 125 129 123 119 124 121 121 0 0 120 122 123 123 125 125 
0 0 0 0 0 0 0 0 0 0 0 0 0 0 122 124 124 123 0 0 0 0 0 0 0 0 0 0 0 129 128 133 0 0 0 0 131 132 133 129 125 125 0 0 0 0 123 123 121 123 124 122 119 121 126 124 123 122 123 123 0 0 0 0 122 124 122 123 118 120 117 116 0 0 0 0 0 0 0 0 0 0 0 0 123 128 129 130 130 129 130 130 127 126 127 127 127 127 127 127 127 127 127 127 127 127 127 127 127 122 120 121 124 123 123 120 120 121 122 125 0 0 120 121 122 119 119 123 
0 0 0 0 0 0 0 0 0 0 0 0 0 0 123 123 125 0 0 0 0 0 0 0 0 0 0 0 0 130 131 129 130 0 0 0 0 0 129 124 121 122 0 0 0 0 123 125 123 124 123 124 123 122 120 121 122 124 124 122 122 0 0 121 123 0 121 120 118 125 127 124 0 0 0 0 0 0 0 0 0 0 0 122 125 126 128 125 127 130 129 128 127 128 127 127 127 127 127 127 127 127 127 127 127 127 127 127 127 123 121 124 121 126 123 120 120 119 123 127 0 118 119 121 119 116 118 120 
0 0 0 0 0 0 0 0 0 0 0 0 0 0 120 122 0 0 0 0 0 0 0 0 0 0 0 0 0 133 129 131 0 0 0 0 0 0 0 122 121 0 0 0 0 0 122 124 125 127 125 124 123 124 123 122 0 0 124 122 123 0 0 123 126 123 121 123 120 121 124 0 0 0 0 0 0 123 123 121 0 121 122 122 125 126 125 129 130 131 129 131 131 131 131 131 131 131 131 0 131 131 131 131 131 131 131 131 131 123 121 121 120 123 114 113 117 121 122 127 0 119 118 119 120 118 116 120 
0 0 0 0 0 0 0 0 0 0 0 0 0 0 126 127 0 0 0 0 0 0 0 0 0 0 0 0 0 132 127 131 136 0 0 0 131 128 125 123 123 123 0 0 0 123 122 124 125 128 126 125 121 124 125 124 124 122 126 125 124 125 124 126 128 127 122 126 124 120 120 0 0 0 0 0 0 123 125 120 120 120 125 124 125 122 122 128 127 131 129 129 127 128 129 129 129 129 129 0 0 129 129 129 129 129 129 129 129 119 118 123 120 121 116 115 114 121 122 126 0 0 117 118 120 121 115 116 
0 0 0 0 0 0 0 0 0 0 0 0 0 131 133 130 0 0 0 0 0 0 0 0 0 0 0 0 134 132 131 133 0 0 0 0 130 128 127 125 126 124 122 0 0 123 125 125 125 127 125 123 123 125 125 123 123 124 126 124 124 125 124 127 125 126 123 125 123 121 120 0 0 0 0 0 120 122 122 122 120 120 123 122 128 121 125 129 129 0 129 127 130 129 128 128 128 128 128 0 0 0 128 128 128 128 128 128 128 120 117 116 118 118 116 118 117 119 123 0 0 0 115 116 118 120 118 118 
0 0 0 0 0 0 0 0 0 0 0 0 0 129 135 130 0 0 0 134 130 130 132 0 0 0 0 0 136 133 131 131 0 0 0 0 129 128 0 123 125 124 123 123 122 121 122 123 125 125 125 125 127 125 124 124 125 125 126 124 122 125 125 124 124 124 124 125 123 121 122 0 0 0 0 0 124 121 121 120 123 120 122 120 126 124 123 127 129 130 128 129 131 126 128 128 0 0 128 128 0 0 128 128 128 128 128 128 128 120 117 115 118 121 119 119 119 119 120 120 0 122 117 117 117 119 121 120 
0 0 0 0 0 0 124 0 129 0 0 0 0 129 133 130 0 0 0 0 131 133 132 133 0 0 0 137 0 133 136 131 131 0 0 0 131 128 126 0 125 125 122 122 124 124 122 123 0 0 0 0 0 125 123 123 126 127 128 124 123 126 122 125 124 125 127 126 123 121 122 0 0 0 0 0 0 123 123 0 121 120 123 125 122 125 126 0 127 130 0 0 130 131 128 128 0 0 0 0 0 0 128 128 128 128 128 128 128 120 119 121 121 120 122 121 119 119 121 0 0 118 118 118 119 119 120 120 
0 0 0 0 0 0 119 122 122 0 0 0 119 121 125 124 0 0 0 125 128 132 130 131 132 0 0 0 0 0 132 132 130 0 0 0 0 0 0 0 0 0 0 0 0 0 0 0 0 0 0 0 0 0 125 124 127 125 124 125 123 124 123 125 127 123 124 126 123 121 0 0 0 0 0 0 120 123 122 0 0 0 0 124 124 126 126 129 130 129 130 129 128 132 130 130 130 130 130 130 0 0 130 130 130 130 130 130 130 118 118 122 119 122 122 118 117 120 120 0 0 0 118 118 119 119 120 121 
0 0 0 0 0 122 123 123 0 0 0 0 0 120 121 0 0 0 0 122 129 133 131 133 132 133 0 0 0 0 131 130 128 0 0 0 0 0 0 0 0 0 0 0 0 0 0 0 0 0 0 0 0 0 125 124 127 124 123 126 124 123 123 125 126 121 124 125 123 0 0 0 0 0 0 119 119 120 122 122 0 0 0 0 0 0 0 0 0 0 0 0 0 0 0 0 0 130 130 0 0 0 130 130 130 130 130 130 130 118 120 120 118 119 120 117 115 119 119 120 0 0 117 118 118 118 117 121 
0 0 0 0 0 123 123 122 120 0 0 0 121 123 121 120 120 0 0 0 128 135 134 133 134 0 134 135 0 0 0 0 128 132 0 0 0 122 124 126 122 119 120 124 121 121 123 123 124 124 123 123 124 126 126 126 125 126 126 126 124 124 123 122 125 123 123 126 125 0 0 0 0 0 0 117 119 121 0 0 0 0 0 0 0 0 0 124 124 126 130 130 0 0 129 0 0 129 129 0 0 0 129 129 129 129 129 129 129 119 119 120 118 118 119 120 118 121 120 120 0 0 118 119 119 118 116 120 
0 0 0 0 0 122 123 122 122 0 0 0 121 122 0 0 122 123 124 123 127 133 134 134 0 0 0 0 0 0 0 0 0 0 0 0 0 0 124 123 122 121 121 124 122 120 122 121 124 123 124 124 125 126 126 126 126 126 125 127 126 125 125 125 126 125 125 123 0 119 0 0 0 0 0 119 119 120 0 0 0 0 0 0 127 127 127 127 124 127 131 130 125 130 0 0 130 130 130 0 0 0 130 130 130 130 130 130 130 120 118 122 126 122 120 118 118 118 121 119 0 116 117 120 119 119 117 121 
0 0 0 0 0 0 0 0 124 0 0 0 121 121 121 0 122 122 121 124 128 131 132 133 130 131 0 0 0 0 0 0 0 0 0 130 131 0 0 122 123 122 123 122 121 121 121 122 123 124 123 123 122 123 124 124 125 124 123 124 125 126 126 127 127 123 124 122 0 0 0 0 0 0 0 120 120 121 0 0 0 0 0 0 128 126 126 126 128 0 0 0 0 0 0 0 128 128 128 0 0 0 128 128 128 128 128 128 128 117 121 124 123 121 120 118 116 118 120 122 0 0 120 123 118 118 117 119 
0 0 0 0 0 123 0 0 0 0 0 0 0 122 0 0 0 125 124 124 130 131 135 0 0 133 135 0 0 0 0 0 0 0 0 135 130 123 0 0 125 123 122 122 119 121 121 123 123 123 123 124 0 123 123 123 123 123 123 123 126 126 125 127 125 124 124 123 121 0 0 0 0 0 0 119 120 120 0 0 0 0 0 0 0 124 125 126 128 0 132 127 127 125 126 126 126 126 126 0 0 0 126 126 126 126 126 126 126 117 118 119 117 121 122 118 119 116 119 124 0 0 119 120 119 119 118 117 
0 0 0 0 0 0 0 0 0 0 0 0 0 124 126 124 126 126 125 125 127 134 0 0 0 135 0 0 0 0 0 0 0 135 139 0 127 124 0 0 0 121 123 123 122 122 123 123 123 123 124 126 0 125 125 125 126 125 123 123 124 126 125 125 123 124 0 0 0 0 0 0 0 0 0 120 120 0 0 0 0 0 0 0 0 121 128 130 0 132 132 130 129 123 126 126 126 126 126 0 0 126 126 126 126 126 126 126 126 117 116 117 118 118 117 121 123 121 120 123 0 0 120 119 118 116 120 120 
0 0 0 0 0 0 0 0 0 0 0 0 125 124 123 123 125 125 124 0 0 0 0 0 0 0 0 0 0 0 0 0 0 137 0 0 0 0 124 0 122 123 124 124 125 123 123 123 123 123 0 0 0 124 123 127 128 127 126 124 123 127 125 125 125 0 0 0 0 0 0 0 0 0 0 120 0 0 0 0 0 0 0 126 121 120 124 126 128 131 131 130 130 128 129 129 129 129 129 0 0 129 129 129 129 129 129 129 129 117 117 117 117 119 118 122 120 124 123 0 0 0 121 120 120 117 121 120 
0 0 0 0 0 123 121 124 124 0 0 0 126 126 123 124 123 125 125 0 0 0 0 131 130 133 133 136 0 0 0 134 0 0 0 0 0 0 0 0 0 124 124 124 124 123 123 121 121 123 0 0 0 124 124 125 126 125 126 125 127 0 127 123 124 0 0 0 0 0 0 0 0 0 120 122 122 0 0 0 0 0 0 127 124 125 122 127 128 128 129 129 128 127 128 128 128 128 0 0 0 128 128 128 128 128 128 128 128 117 119 119 118 118 119 119 120 121 123 121 0 0 122 119 119 118 123 119 
0 0 0 0 0 123 124 127 127 0 0 0 124 124 125 125 123 122 124 0 0 0 0 133 133 0 133 136 0 0 0 0 137 0 0 0 126 124 0 0 0 123 124 0 0 0 0 0 0 0 0 0 0 0 127 126 125 124 123 125 126 125 127 126 124 0 0 0 0 119 0 0 0 0 0 118 121 0 118 0 0 0 0 123 122 123 0 0 0 0 0 0 0 0 0 0 0 0 0 0 129 129 129 129 129 129 129 129 129 119 121 121 120 119 120 117 120 121 121 122 0 0 124 121 119 120 121 121 
0 0 0 0 0 124 0 126 128 0 0 0 125 124 122 123 123 124 0 0 0 0 0 0 0 0 0 0 133 0 0 139 141 139 0 0 0 123 122 123 0 124 123 124 0 0 0 0 0 0 0 0 0 0 125 125 128 124 122 124 125 124 126 125 125 128 0 0 0 121 0 0 0 0 115 119 122 121 119 0 0 0 0 125 120 124 129 0 0 0 0 0 0 0 0 0 0 0 0 0 129 129 129 129 129 129 129 129 129 118 117 120 120 122 120 119 122 121 121 123 0 0 124 123 121 121 121 120 
0 0 0 0 0 124 123 124 124 0 0 0 0 124 123 0 0 0 0 0 0 131 0 0 133 134 137 0 135 131 0 0 133 0 0 0 0 0 121 123 124 124 124 0 0 0 0 134 131 129 131 131 129 128 131 130 131 133 135 137 135 136 135 136 134 0 0 0 0 120 0 0 0 0 121 120 121 122 122 120 0 0 0 122 122 125 125 129 127 130 132 127 127 131 130 130 130 130 130 130 130 130 130 130 130 130 130 130 130 119 116 117 118 121 119 122 118 117 124 123 123 122 123 121 118 121 121 121 
0 0 0 0 0 124 126 127 122 0 0 0 0 123 123 0 0 0 0 0 126 0 0 0 135 137 134 139 139 131 134 0 0 0 0 0 0 0 0 123 125 0 0 0 0 0 0 0 134 134 134 133 131 131 131 132 134 136 139 143 142 141 140 138 133 0 0 0 0 120 0 0 0 0 119 118 120 122 121 119 121 0 0 122 121 125 125 129 132 131 132 128 128 131 129 129 129 129 129 129 129 129 129 129 129 129 129 129 129 117 119 118 122 117 119 120 123 122 121 122 123 123 125 123 119 120 121 121 
0 0 0 0 0 125 124 126 0 0 0 0 0 124 124 0 126 0 125 122 0 129 0 0 135 136 133 0 0 134 136 0 0 0 133 0 0 0 121 120 122 0 0 0 0 127 134 135 133 131 0 0 0 0 133 133 135 135 137 135 135 132 134 130 128 0 0 0 0 0 0 0 0 0 121 120 120 121 122 119 123 121 0 0 122 124 125 127 130 130 133 131 0 128 127 127 127 127 127 127 127 127 0 127 127 127 127 127 127 119 120 123 121 118 120 119 120 124 120 120 121 0 124 125 123 124 122 124 
0 0 0 0 0 0 122 0 123 125 125 0 0 0 125 0 0 0 0 122 122 0 0 0 0 136 136 133 133 133 0 0 134 133 0 0 0 0 119 119 122 125 0 0 125 124 126 127 0 125 129 0 128 125 125 127 130 127 125 126 128 125 0 0 123 0 0 0 0 118 0 0 0 0 0 122 122 116 120 124 124 124 0 0 120 121 123 0 0 0 0 0 0 0 0 0 128 128 128 128 128 128 0 128 128 128 128 128 128 120 119 116 120 121 121 124 119 117 120 120 124 0 120 125 126 126 122 128 
0 0 0 0 0 0 0 120 121 122 125 0 124 0 124 0 124 0 0 0 0 0 0 0 135 133 134 131 134 134 133 0 0 0 0 0 0 0 0 120 0 0 0 124 122 122 122 122 122 122 123 0 0 126 124 123 125 124 123 123 124 122 121 119 119 0 0 0 0 0 0 0 0 0 0 0 121 118 121 122 0 0 0 0 0 0 0 0 0 0 0 0 0 0 0 0 129 129 129 129 129 0 0 0 129 129 129 129 129 120 120 118 117 120 121 126 124 120 120 120 0 0 124 125 125 123 123 125 
0 0 0 0 0 0 0 0 120 120 121 0 0 0 123 0 0 123 124 125 124 128 138 133 134 134 134 138 133 132 131 0 0 0 0 0 0 0 0 118 0 120 122 0 122 126 123 124 123 0 124 120 123 122 123 123 123 124 124 121 121 122 120 119 119 0 0 0 118 0 0 0 0 0 121 0 0 0 122 0 0 0 0 0 0 0 0 0 0 0 0 0 0 127 127 127 127 127 127 127 127 0 0 0 127 127 127 127 127 120 120 124 126 120 118 122 126 125 119 120 0 0 125 125 124 124 126 125 
0 0 0 0 0 124 124 123 124 124 0 0 0 0 0 124 0 0 125 125 124 127 138 134 132 134 133 138 135 0 0 0 0 0 0 0 0 0 0 0 0 0 120 122 0 125 124 126 122 0 0 122 127 123 121 121 120 121 122 121 120 122 122 120 119 0 0 0 0 0 0 0 0 0 121 122 124 0 0 0 0 0 0 120 123 125 122 127 128 130 127 130 129 128 128 128 128 128 128 128 128 128 128 128 128 128 128 128 128 117 118 120 122 117 116 119 121 117 123 121 122 0 124 125 124 123 121 123 
0 0 0 0 0 0 0 125 125 124 124 0 0 0 0 124 0 0 125 125 124 126 136 135 132 131 134 0 0 0 0 0 0 0 0 132 125 0 0 0 117 120 120 118 118 0 121 0 0 0 0 121 121 122 121 119 119 117 118 120 120 121 119 120 119 0 0 0 0 0 0 0 0 0 123 121 0 0 0 0 0 0 0 123 124 121 122 125 126 130 128 131 127 129 131 131 131 0 131 131 131 131 131 131 131 131 131 131 131 119 121 121 122 120 118 121 124 126 125 121 123 127 126 126 124 123 123 123 
0 0 0 0 0 124 122 124 124 126 124 0 0 0 0 126 126 0 0 126 126 130 137 133 131 133 133 0 0 0 0 0 0 140 136 135 122 0 0 0 117 117 116 117 118 118 118 0 118 118 120 119 117 120 120 118 118 119 118 117 119 116 117 119 117 0 0 0 0 0 0 0 0 0 124 119 121 0 0 0 0 0 0 123 122 122 124 128 130 128 130 130 126 129 0 0 129 129 129 129 129 129 129 129 129 129 129 129 129 117 120 122 122 118 123 119 121 121 125 122 0 0 124 125 122 122 124 122 
0 0 0 0 0 124 122 124 127 126 124 0 0 0 0 126 127 0 0 126 127 128 133 134 132 134 132 131 132 131 0 0 139 140 130 132 0 0 0 0 119 120 118 0 118 119 115 117 118 120 116 116 117 120 119 117 117 121 118 116 118 116 116 120 118 0 0 0 0 0 0 0 0 0 117 118 117 0 0 124 123 0 0 125 121 121 128 129 132 130 128 129 128 129 128 128 128 128 128 128 128 128 128 128 128 128 128 128 128 117 118 121 121 120 123 118 117 119 123 122 0 0 122 121 121 120 123 125 
0 0 0 0 126 125 125 0 127 0 124 0 0 0 0 126 127 126 0 0 125 128 133 132 135 0 132 133 132 132 0 134 137 137 131 131 0 0 0 0 119 121 119 119 0 118 115 0 0 0 121 119 0 118 118 115 121 122 118 119 117 119 123 123 122 0 0 0 0 0 0 0 0 0 119 122 116 118 0 0 0 0 121 123 125 122 128 0 0 0 129 127 130 129 129 129 129 129 129 129 0 129 129 129 129 129 129 129 129 116 115 120 116 118 120 121 118 119 117 121 0 122 120 123 121 120 121 123 
0 0 0 0 0 125 0 0 0 126 123 125 0 0 0 126 126 126 125 0 0 0 0 0 0 0 0 136 131 129 134 0 0 129 132 124 0 0 0 118 115 117 117 120 0 0 115 119 0 120 120 120 118 0 118 116 119 121 119 120 112 118 120 118 118 0 0 0 0 0 0 0 0 0 120 120 121 121 0 0 0 124 124 123 125 124 125 127 131 126 132 126 128 128 129 129 129 129 129 0 0 0 129 129 129 129 129 129 129 117 120 118 115 117 121 122 125 122 123 123 0 0 122 124 120 119 122 119 
0 0 0 0 0 125 125 123 122 124 122 126 0 0 0 125 126 125 124 125 0 0 0 0 135 133 0 135 134 132 0 0 0 129 132 125 0 0 0 0 115 116 118 120 120 118 117 121 0 0 117 121 118 116 117 113 121 119 121 118 119 119 119 120 121 0 0 0 0 0 0 0 0 0 121 119 120 122 0 0 119 123 125 122 122 124 126 129 129 126 127 132 127 128 130 130 130 130 130 130 130 130 130 130 130 130 130 130 130 115 120 117 119 121 122 123 127 127 128 128 0 0 125 123 121 117 123 121 
0 0 0 0 0 125 125 125 124 122 122 0 0 0 0 0 124 124 124 125 123 0 0 0 0 135 132 134 132 133 0 133 0 134 127 122 0 0 0 118 116 116 0 119 116 116 114 117 120 0 0 120 118 113 116 115 118 117 120 119 116 117 120 123 121 0 0 0 0 0 0 0 0 120 121 120 122 121 0 0 0 120 123 124 125 122 127 125 128 129 129 130 128 126 129 129 129 129 129 129 129 129 129 129 129 129 129 129 129 116 118 119 123 126 124 123 128 130 129 126 0 0 0 124 122 119 118 118 
0 0 0 0 0 123 125 124 124 123 122 0 0 0 0 0 124 126 126 125 123 126 0 0 0 0 0 0 0 0 0 0 0 0 0 0 0 0 0 119 119 119 0 0 0 0 0 0 0 0 0 0 0 0 123 118 118 119 116 118 120 120 116 121 121 0 0 0 0 0 0 0 0 119 124 118 125 121 122 117 124 123 122 123 123 125 126 126 129 130 130 130 128 128 128 128 128 128 128 128 128 128 128 128 128 128 128 128 128 116 118 122 127 125 129 124 128 130 126 124 0 0 127 126 122 121 121 118 
0 0 0 0 0 123 125 128 130 0 129 0 0 0 0 0 131 130 132 129 124 126 126 132 0 0 131 0 0 0 130 0 130 130 130 131 121 0 0 0 119 120 115 116 0 121 121 0 0 0 123 123 120 119 121 120 120 122 119 0 120 120 119 126 123 121 0 0 0 0 0 0 0 118 121 115 119 122 120 116 0 124 124 124 126 124 126 128 128 129 128 129 126 131 128 128 128 128 128 128 128 128 128 128 128 128 128 128 128 120 121 126 128 126 128 127 129 127 127 124 0 0 125 124 122 121 121 120 
0 0 0 0 0 126 126 131 133 134 133 0 0 0 0 0 132 134 137 133 126 125 128 130 134 0 0 0 0 0 0 0 0 0 0 0 0 0 0 0 118 120 0 117 119 120 121 120 121 120 122 121 120 118 120 121 118 118 119 119 0 117 118 123 124 124 0 0 0 0 0 0 0 121 122 122 119 120 123 124 124 126 128 129 129 128 125 128 130 128 128 126 130 130 127 127 127 127 127 127 127 127 127 127 127 127 127 127 127 124 127 128 126 127 124 125 127 128 129 125 127 0 124 125 124 122 120 120 
0 0 0 0 124 124 125 128 131 132 131 0 0 0 0 0 129 134 133 129 124 125 129 129 134 134 133 0 0 0 132 0 0 0 0 0 0 0 0 0 123 123 119 118 124 125 126 125 122 123 122 124 126 122 124 124 124 129 129 130 124 131 134 132 131 130 0 0 0 0 0 0 0 136 135 140 135 135 132 142 138 141 141 142 142 137 126 130 129 127 128 129 128 126 126 126 126 126 126 126 126 126 126 126 126 126 126 126 126 124 123 125 126 124 126 129 129 126 125 128 0 128 124 126 127 126 124 125 
0 0 0 0 130 131 130 0 132 130 128 0 0 0 0 0 127 129 129 127 125 127 129 133 132 132 132 133 132 0 0 0 0 133 0 0 136 136 138 137 138 138 135 0 138 138 137 139 140 0 138 138 139 137 139 140 140 142 139 141 141 144 147 143 140 0 0 0 0 0 0 0 0 0 142 141 141 138 139 141 142 141 142 140 141 140 130 130 126 127 128 125 130 127 127 127 127 127 127 127 127 127 127 127 127 127 127 127 127 118 122 126 129 123 125 126 128 128 122 127 0 0 127 126 133 140 137 138 
0 0 0 0 0 137 137 137 135 133 130 0 0 0 0 0 122 124 125 127 126 126 131 134 134 133 132 132 133 131 0 0 0 133 132 0 0 139 139 142 140 142 140 139 0 0 0 0 0 0 0 138 138 135 138 141 144 143 140 139 140 142 143 141 141 141 0 0 0 0 0 0 0 0 138 132 130 127 130 132 133 137 142 141 139 139 132 127 0 126 126 128 128 127 127 127 127 127 127 127 127 127 127 127 127 127 127 127 127 122 122 125 130 124 126 125 126 125 119 122 0 0 0 125 132 140 135 136 
0 0 0 0 0 135 0 0 0 0 0 0 0 126 0 0 124 126 124 0 0 0 0 0 0 0 0 0 0 0 0 0 0 0 0 0 0 0 140 138 138 0 0 0 0 0 0 0 0 143 133 128 126 133 141 144 145 137 127 130 134 137 129 127 130 136 0 0 0 0 0 0 0 0 131 125 123 124 128 128 127 134 141 143 141 0 131 127 0 128 128 127 125 127 127 127 0 0 127 0 0 0 0 0 0 0 0 127 0 0 0 0 0 0 0 0 126 124 124 124 0 0 125 126 134 137 133 135 
0 0 0 0 0 133 132 134 0 0 0 0 0 0 0 0 125 126 130 124 0 123 129 125 128 0 136 128 129 131 131 131 134 133 133 139 144 140 140 140 142 142 142 0 141 139 0 0 142 142 136 125 124 137 142 140 143 136 122 132 140 131 122 129 137 139 0 0 0 0 0 0 0 135 132 126 130 135 134 134 133 132 138 142 145 0 0 0 127 0 129 0 0 0 0 0 0 0 0 0 0 0 0 0 0 0 0 0 0 0 0 125 126 127 129 128 126 127 128 128 0 0 0 125 134 138 138 135 
0 0 0 0 135 134 134 134 135 0 0 0 0 0 0 127 124 123 128 126 0 0 130 128 132 133 0 128 127 129 130 132 134 133 133 137 142 142 145 141 144 142 142 0 0 0 142 143 144 143 142 124 127 141 141 140 142 139 125 130 135 127 124 135 141 0 0 0 0 0 0 0 0 140 134 128 133 138 136 139 141 142 140 140 144 0 0 129 127 0 0 0 0 0 127 0 0 0 127 127 0 0 127 127 127 127 127 127 127 0 124 123 123 122 123 124 123 119 123 124 0 0 124 127 133 139 140 139 
0 0 0 0 0 0 0 0 0 0 0 0 0 0 0 123 125 125 127 129 129 127 132 132 132 134 131 0 133 133 134 136 0 130 133 136 140 139 141 142 142 144 143 0 0 0 0 144 144 144 143 124 124 140 143 143 143 138 122 126 127 125 127 137 142 142 0 0 0 0 0 0 0 142 134 128 133 138 140 139 140 142 138 138 0 0 0 129 127 127 131 0 0 126 126 126 0 126 126 126 126 0 126 126 126 126 126 126 0 0 120 122 118 118 0 0 0 121 121 123 0 0 0 127 134 140 142 138 
0 0 0 0 0 0 0 0 0 0 0 0 0 0 0 0 123 127 129 129 132 127 127 131 135 134 133 132 131 131 133 136 130 0 133 133 142 140 141 0 142 145 145 0 0 0 0 142 143 144 143 126 127 141 144 142 142 138 122 124 123 125 128 136 144 142 0 0 0 0 0 0 0 141 134 127 129 0 0 129 133 140 142 140 141 0 0 128 128 129 129 0 0 0 0 129 129 0 129 129 0 0 129 129 129 129 129 129 0 0 120 123 123 123 120 121 121 116 120 121 0 0 125 125 132 136 141 138 
0 0 0 0 0 0 0 0 0 0 0 0 0 0 0 0 126 124 129 126 128 126 125 127 131 0 0 132 133 134 133 0 133 135 0 126 140 143 142 141 142 144 144 140 0 0 0 0 144 144 142 124 124 137 143 145 143 138 123 125 124 129 126 131 139 143 0 0 0 0 0 0 0 0 135 126 129 0 0 123 128 139 143 140 138 0 0 127 128 131 128 0 0 0 0 0 128 128 128 128 0 0 0 0 0 0 0 128 0 0 0 0 0 0 0 127 127 126 119 119 0 0 0 122 131 137 139 140 
0 0 0 0 0 0 135 137 137 138 138 141 0 0 0 137 134 131 130 129 126 127 129 131 131 132 131 0 132 0 0 0 0 133 128 0 0 144 142 141 141 145 0 0 0 0 0 142 0 144 0 0 0 138 144 145 145 139 123 130 137 137 129 124 131 140 0 0 0 0 0 0 0 140 130 125 129 0 0 140 141 142 140 139 141 0 0 128 129 129 126 0 0 0 130 130 0 130 130 0 0 0 0 130 130 130 130 130 0 0 0 119 122 122 122 121 122 121 120 122 0 0 0 120 129 137 134 140 
0 0 0 0 0 0 0 0 137 138 0 0 0 0 0 0 137 135 132 134 132 128 0 0 136 131 131 132 0 0 132 132 0 131 132 131 139 0 142 142 140 0 0 0 0 0 0 0 142 0 0 0 0 0 0 143 142 138 123 127 141 142 132 123 129 137 0 0 0 0 0 0 0 0 135 126 128 144 145 145 144 145 139 141 143 0 0 129 130 128 124 0 0 0 129 129 0 0 129 129 0 0 129 129 129 129 129 129 129 0 120 116 122 121 122 120 121 120 120 121 0 0 0 122 127 136 137 138 
0 0 0 0 0 0 0 0 0 0 0 0 0 0 0 0 135 136 126 137 136 129 131 130 0 0 0 131 0 0 0 133 0 131 129 134 142 144 143 142 140 142 0 0 0 0 0 139 0 137 136 128 129 0 0 0 0 140 123 128 138 136 127 121 129 140 0 0 0 0 0 0 0 0 132 127 128 0 134 130 132 140 137 141 0 0 0 126 127 126 128 0 0 128 127 127 0 0 127 127 127 0 127 127 127 127 127 127 0 0 123 116 117 118 123 123 124 0 123 118 0 0 0 123 128 138 139 137 
0 0 0 0 0 134 131 133 134 134 137 0 0 0 0 130 129 130 128 131 133 133 130 132 131 129 130 131 0 0 0 0 0 130 0 136 0 143 141 142 142 0 0 0 0 0 144 139 127 124 126 127 124 0 121 123 131 137 124 123 125 127 124 127 138 139 0 0 0 0 0 0 0 0 125 123 123 125 122 122 127 134 0 0 0 0 0 0 0 0 0 0 0 0 0 0 0 0 127 127 127 0 0 0 0 0 0 127 0 0 0 0 0 0 0 122 121 124 121 120 0 0 0 124 130 138 137 137 
0 0 0 0 0 136 134 134 136 133 138 0 0 0 0 124 126 128 133 129 127 133 128 129 133 0 0 130 129 0 0 0 134 0 132 140 143 144 140 142 142 142 141 141 142 0 0 140 135 131 133 132 135 139 0 133 138 136 133 134 132 136 137 142 145 139 0 0 0 0 0 0 0 0 136 139 137 136 140 137 139 143 0 0 0 0 0 0 129 128 126 127 0 0 0 128 128 0 128 128 128 0 0 128 128 128 128 128 128 0 0 122 123 122 121 121 123 125 121 123 0 0 0 123 130 138 137 133 
136 0 0 0 0 135 135 135 137 0 0 0 0 0 0 0 125 128 133 134 131 129 129 132 133 0 129 0 130 0 0 0 0 132 0 142 144 144 143 0 0 0 0 0 0 0 0 141 142 140 142 146 0 0 143 144 144 144 145 143 143 147 148 145 143 143 0 0 0 0 0 0 0 142 143 145 145 141 140 144 148 145 143 0 0 142 138 125 128 129 128 127 127 0 0 130 130 130 130 130 130 130 0 130 130 130 130 130 130 127 0 0 127 125 125 127 126 125 122 124 0 0 0 124 130 138 139 134 
135 0 0 0 0 0 137 136 0 0 0 0 0 0 0 131 127 130 135 132 129 129 128 132 134 131 129 130 133 0 0 0 0 133 138 141 141 142 143 142 142 141 139 0 0 0 0 0 142 139 140 141 0 0 0 0 0 141 143 138 144 145 145 140 139 139 0 0 0 0 0 0 145 142 143 146 145 143 143 145 143 145 145 0 0 143 138 126 128 128 127 0 0 0 0 0 126 126 126 126 126 126 0 0 126 0 0 126 126 0 0 0 0 0 0 0 0 123 123 125 0 0 0 126 133 136 139 133 
0 0 0 0 137 136 0 136 136 136 137 0 0 0 0 0 137 137 139 134 130 129 0 0 0 0 0 0 0 0 0 0 0 0 0 0 139 0 0 0 0 0 138 0 0 0 0 147 142 0 0 0 0 0 128 136 140 130 130 133 143 138 0 0 124 124 0 0 0 0 0 0 143 0 0 0 0 145 146 146 142 144 145 144 143 144 137 130 132 129 127 128 128 127 0 125 125 0 0 0 0 125 125 125 125 125 125 125 125 126 123 122 124 125 124 127 129 123 123 125 0 0 0 123 132 135 135 132 
0 0 0 0 0 136 136 0 134 134 136 0 0 0 0 0 139 142 140 138 135 131 132 131 129 0 0 0 0 0 0 0 0 128 132 0 135 141 141 143 142 141 139 143 0 0 147 143 142 0 0 0 0 0 0 130 137 126 124 0 142 130 0 0 129 129 130 0 0 0 0 0 0 0 0 0 0 142 142 146 146 143 147 0 0 0 0 0 0 0 0 0 0 0 129 0 0 0 0 0 0 0 0 0 0 129 129 129 129 129 127 129 125 123 126 127 126 124 127 125 0 0 0 124 128 138 136 134 
136 138 0 0 137 139 138 139 0 137 138 0 0 0 0 0 136 140 138 137 136 131 0 0 0 0 0 0 137 0 0 0 0 0 126 128 0 140 139 141 0 141 137 0 0 0 0 141 142 0 0 0 0 0 0 129 137 127 126 134 139 127 0 137 140 141 0 0 0 0 0 0 0 0 0 0 144 146 141 143 143 142 147 0 0 0 136 0 0 0 0 0 0 0 0 0 0 0 129 129 0 0 129 129 129 129 129 129 129 126 126 127 124 127 125 124 126 126 127 127 0 0 0 127 132 137 135 137 
138 141 0 0 0 139 140 141 0 0 134 0 0 0 0 0 140 139 139 138 0 0 0 0 0 0 0 0 0 0 0 0 0 0 0 0 0 0 0 0 0 0 0 0 142 0 0 142 143 0 0 0 143 143 126 130 139 126 120 138 131 122 0 145 145 144 0 0 0 0 0 0 0 0 146 145 146 145 144 145 144 143 146 0 0 146 138 126 0 0 128 128 0 128 128 128 0 128 128 128 128 0 0 128 128 128 128 128 128 127 125 125 124 127 123 124 122 126 123 122 0 0 0 130 130 136 136 138 
141 0 0 0 0 139 0 0 136 132 130 0 0 0 0 0 135 136 139 138 0 0 0 0 0 0 0 0 0 0 0 0 0 0 0 0 0 0 0 0 0 0 137 141 141 144 0 145 0 0 0 0 140 132 127 131 140 125 119 136 125 123 134 146 146 144 0 0 0 0 0 0 0 0 0 0 145 145 145 147 144 141 145 0 0 146 139 128 0 0 0 128 128 128 127 0 0 127 127 127 0 0 0 127 127 127 127 127 127 123 124 124 123 124 125 130 125 125 122 125 0 0 0 129 128 137 141 138 
139 0 0 0 139 140 138 138 137 132 130 0 0 0 0 0 132 135 140 135 129 128 129 129 127 128 130 133 135 126 126 0 0 0 126 128 0 127 134 138 139 139 138 142 141 143 141 0 145 0 0 0 0 127 124 136 141 127 121 136 127 123 0 146 144 144 0 0 0 0 0 0 0 0 0 0 145 143 145 144 144 142 144 0 0 0 0 0 0 0 0 128 126 127 127 0 127 127 127 127 127 0 0 127 127 127 127 127 127 123 125 125 122 121 126 127 125 125 124 125 127 0 0 129 129 136 140 136 
135 0 0 0 0 140 140 141 138 133 133 0 0 0 0 0 126 130 130 127 128 125 125 128 129 128 131 133 131 125 125 126 0 0 0 130 132 132 139 138 139 140 141 142 141 143 147 0 145 127 0 0 0 0 123 138 141 126 122 137 125 120 131 146 147 144 0 0 0 0 0 0 0 0 0 143 144 147 146 144 146 143 142 0 0 143 141 0 0 126 0 0 0 127 127 0 127 127 127 127 127 127 0 127 127 127 127 127 127 128 123 126 129 127 126 126 125 126 124 122 127 0 0 127 129 135 133 133 
136 0 0 0 0 138 136 138 138 0 0 0 0 0 0 0 129 128 128 127 128 126 124 127 128 130 133 133 130 129 125 128 0 0 0 0 139 138 139 0 0 0 139 141 142 142 145 144 144 128 0 0 0 0 124 132 140 125 126 139 130 0 125 143 147 146 0 0 0 0 0 0 0 0 147 144 144 144 146 145 145 145 143 0 0 143 141 0 0 128 128 0 0 126 126 0 126 126 126 126 126 0 0 0 126 126 126 126 126 128 126 128 128 124 132 129 125 127 122 122 128 0 0 126 129 135 136 138 
137 0 0 0 0 137 135 135 136 129 0 0 0 0 0 0 128 127 126 127 128 126 125 129 129 128 130 131 128 130 128 133 0 0 0 0 140 137 136 0 0 0 130 133 141 144 144 146 148 0 123 134 145 133 0 128 136 128 123 135 142 128 124 128 137 138 0 0 0 0 0 0 0 147 144 146 147 0 0 143 144 145 144 0 0 141 143 131 0 126 129 0 0 126 126 0 0 126 126 0 126 126 126 126 126 126 126 126 126 127 127 128 129 125 129 123 125 125 126 124 129 0 0 125 131 137 135 136 
141 139 0 0 140 136 132 132 127 0 0 0 0 0 0 0 133 131 129 129 129 127 125 127 127 127 129 132 131 130 129 133 132 0 0 0 141 137 130 127 130 127 127 127 139 146 143 0 148 128 0 126 127 125 125 128 137 125 125 134 143 134 126 123 122 124 0 0 0 0 0 0 142 147 146 147 145 0 0 0 143 143 142 0 0 141 145 0 0 0 127 126 0 126 125 125 0 0 0 0 0 0 0 125 125 125 125 125 125 125 128 128 128 123 127 124 122 125 126 124 127 0 0 126 132 139 139 137 
140 0 0 0 140 137 128 127 126 0 0 0 0 0 0 0 135 130 131 131 0 131 128 125 128 128 131 132 131 0 0 0 0 0 0 0 143 138 127 128 126 126 126 126 139 146 146 143 147 132 131 126 125 128 131 139 140 130 125 131 143 142 141 132 129 124 0 0 0 0 0 150 146 146 145 143 144 145 0 0 0 144 143 0 0 0 140 130 0 129 129 127 0 0 127 127 0 0 0 127 0 0 0 127 127 127 127 127 127 125 128 128 128 126 124 125 126 125 127 123 128 0 0 129 132 137 139 137 
136 0 0 0 131 132 126 125 126 125 124 0 0 0 0 0 132 131 131 129 127 128 129 128 126 126 0 0 0 127 0 129 126 0 0 0 0 0 126 130 129 130 129 129 138 143 144 145 144 141 142 142 142 143 143 145 144 143 142 141 142 141 146 147 143 0 0 0 0 0 0 146 144 144 142 145 144 0 0 0 0 0 143 143 0 0 139 130 0 0 122 124 0 0 125 125 125 0 0 0 125 125 125 125 125 125 125 125 125 127 124 125 127 126 122 128 128 128 127 126 128 0 0 127 126 135 138 138 
128 127 0 0 121 125 125 128 0 127 126 0 0 0 0 0 132 131 131 128 126 126 128 127 127 129 0 0 0 0 0 130 132 0 0 0 0 0 0 135 135 136 134 132 0 0 143 141 139 143 144 144 144 144 142 144 144 145 0 0 0 143 144 147 142 0 0 0 0 0 146 147 147 147 143 148 146 0 0 0 0 143 145 143 144 0 140 131 124 127 125 127 127 0 126 126 126 126 126 0 0 126 126 126 126 126 126 126 126 127 124 125 126 123 123 127 127 125 124 119 0 0 0 125 126 136 138 138 
126 0 0 0 0 0 0 0 0 0 0 0 0 0 0 0 133 132 130 130 130 131 131 129 126 129 132 0 0 0 0 0 0 0 0 0 0 0 0 0 134 133 134 0 0 0 0 0 139 139 147 146 145 146 143 142 146 146 145 0 0 0 0 146 147 0 0 0 0 0 0 150 149 149 145 0 0 0 0 0 0 143 144 145 144 144 144 132 0 130 128 126 126 129 0 128 128 128 128 128 128 128 128 128 128 128 128 128 128 128 127 128 127 123 126 127 125 121 122 121 128 0 0 126 124 135 135 136 
0 0 0 0 0 0 0 0 0 0 129 0 0 0 0 0 136 139 131 130 129 130 130 130 129 133 138 0 0 0 0 0 0 132 130 130 0 0 0 137 131 130 131 0 0 0 144 144 137 135 140 0 0 146 135 135 144 0 0 0 0 0 143 148 147 0 0 0 146 147 0 0 150 142 142 145 145 144 142 0 0 0 144 145 144 0 0 134 125 0 0 126 0 0 0 0 127 127 127 127 127 127 127 127 127 127 127 127 0 127 128 127 0 124 124 124 124 126 128 124 127 0 0 124 128 137 137 137 
124 0 0 0 0 0 124 125 126 129 126 0 0 0 0 0 138 141 140 0 0 0 0 0 0 0 0 0 0 0 0 0 131 132 134 129 129 0 0 0 138 131 129 126 0 139 144 143 135 135 0 0 0 0 0 0 144 0 149 0 0 0 0 146 145 0 0 0 0 147 143 146 0 0 146 147 145 0 144 0 0 145 146 142 145 0 0 131 127 129 0 0 129 128 127 127 127 127 127 127 127 127 127 127 127 127 127 127 127 127 127 124 130 126 126 123 121 126 122 124 129 0 0 0 127 135 134 134 
0 0 0 0 0 125 126 125 127 0 0 0 0 0 0 0 136 138 142 142 140 135 131 135 0 0 0 0 0 0 0 130 131 132 131 131 128 0 0 0 0 129 128 128 0 0 143 143 0 0 0 0 0 0 0 0 145 150 147 144 143 0 142 145 0 0 0 147 147 147 143 146 146 0 0 143 142 144 0 0 0 0 147 141 146 145 0 0 126 129 0 0 0 0 126 126 126 126 126 126 126 126 126 126 126 126 126 126 126 126 125 122 122 122 127 125 123 124 120 123 124 0 0 0 131 133 131 131 
0 0 0 0 0 0 0 124 0 127 125 0 0 0 0 0 136 134 132 135 0 0 130 0 0 0 0 0 0 0 0 129 130 131 129 128 0 0 0 0 0 0 130 129 133 0 0 0 0 0 143 140 0 0 144 143 144 145 0 0 0 0 0 0 0 145 145 147 148 145 145 146 145 146 0 0 143 148 0 0 0 0 0 0 0 0 0 0 0 0 0 0 0 0 126 126 126 126 126 126 126 126 126 126 126 126 126 126 126 125 126 127 124 127 123 125 124 124 125 124 122 0 0 0 128 135 134 135 
122 0 0 0 0 123 123 121 122 124 126 122 0 127 0 0 129 132 137 135 130 127 0 0 0 0 0 137 0 0 0 130 130 128 128 129 0 0 0 127 0 0 132 131 136 142 0 0 0 145 144 145 142 0 0 145 146 144 0 0 146 146 145 147 147 146 145 149 148 144 144 145 146 147 145 145 0 0 0 0 0 0 147 146 0 0 0 0 0 0 0 0 0 0 126 126 126 126 126 126 126 126 126 126 126 126 126 126 126 125 126 126 123 123 125 126 122 123 121 125 125 0 0 0 126 135 133 135 
122 0 0 0 0 124 124 123 123 124 125 0 0 0 0 0 129 133 134 135 136 134 0 0 0 0 124 132 131 0 0 0 130 132 131 129 129 0 0 127 0 0 128 138 142 143 143 145 0 0 0 146 146 148 0 143 143 142 0 0 0 143 142 144 146 148 144 146 0 141 141 140 146 146 145 139 0 0 0 0 0 0 144 144 146 146 145 0 0 0 131 127 128 126 128 128 128 128 128 128 128 128 128 128 128 128 128 128 128 124 125 125 123 120 119 122 121 124 123 127 125 0 0 0 126 134 131 131 
122 0 0 0 0 0 0 0 0 0 127 0 0 0 0 0 126 125 126 131 138 0 0 0 0 0 129 132 131 0 0 0 133 135 134 129 129 0 0 127 0 0 0 142 144 143 0 143 140 0 0 138 0 0 0 0 0 0 0 0 0 142 131 140 141 143 135 0 0 0 134 137 143 135 0 0 0 0 0 0 0 0 139 145 147 0 0 135 131 133 0 125 126 125 128 128 128 128 0 128 128 128 128 0 128 128 128 0 128 124 128 128 126 125 121 122 0 126 126 125 125 0 0 0 127 133 131 131 
0 0 0 0 0 0 0 0 0 0 126 0 0 0 0 0 130 133 129 0 127 0 0 0 0 0 131 132 134 0 0 136 133 131 134 133 127 0 0 0 0 0 0 142 145 147 0 0 0 0 0 0 0 136 138 0 135 135 142 0 0 140 135 143 144 145 135 0 0 0 0 140 138 136 133 0 0 0 0 0 142 137 136 144 143 0 0 0 130 131 130 0 128 126 0 127 127 0 0 127 127 127 127 127 0 127 127 127 127 0 128 127 126 125 119 119 121 0 125 124 125 0 0 0 124 132 131 131 
126 0 0 0 0 0 0 0 0 123 124 129 0 0 0 0 131 135 133 130 0 0 0 0 0 130 132 135 133 0 0 132 133 133 133 137 130 0 0 0 0 0 0 137 138 139 0 143 137 135 0 135 132 132 133 142 0 135 145 139 140 141 135 144 146 145 135 134 0 0 136 139 137 136 0 0 0 0 0 0 0 137 137 144 143 142 0 0 0 130 130 0 0 125 0 0 0 0 0 0 126 126 126 126 126 0 126 126 126 0 0 0 0 0 0 0 0 0 0 123 127 0 0 0 123 132 134 133 
123 124 0 0 123 0 0 0 127 123 124 128 0 0 0 0 0 132 131 130 0 131 0 0 0 133 131 133 0 0 0 132 132 133 134 131 132 0 0 0 0 0 0 128 138 143 144 0 0 0 0 141 142 139 136 142 0 0 0 0 0 144 140 143 144 145 144 143 143 0 0 139 137 0 0 0 0 0 0 0 139 140 142 145 142 145 0 0 0 0 0 0 0 0 0 0 128 0 0 0 128 128 0 0 0 0 0 128 128 0 0 0 0 124 129 126 0 0 0 0 127 0 0 0 127 134 131 131 
0 0 0 0 124 125 0 0 121 120 124 127 0 0 0 0 127 129 131 132 0 0 0 0 129 128 129 133 133 0 131 131 132 136 0 130 131 127 0 0 0 0 0 0 0 0 0 0 0 0 0 147 146 0 0 0 0 0 0 0 0 146 148 145 146 147 0 145 144 144 0 143 142 0 0 144 0 0 0 0 0 144 146 145 0 0 0 0 0 0 0 0 0 0 0 0 0 0 0 0 127 0 0 0 0 0 0 0 0 0 0 0 0 0 0 0 0 0 0 123 127 0 0 0 124 133 131 130 
0 0 0 0 0 123 0 0 0 122 125 125 0 0 0 0 0 130 129 131 0 0 0 126 127 127 127 133 138 136 131 130 132 132 0 132 128 123 0 0 0 127 129 0 0 0 0 0 0 0 142 143 143 0 143 143 145 147 0 145 146 145 144 142 143 144 0 0 146 144 143 144 146 145 0 146 147 0 0 0 0 0 143 144 0 0 0 0 0 0 0 0 0 0 0 0 0 0 0 0 126 0 0 0 0 0 0 0 0 0 0 0 0 0 0 0 0 0 125 125 127 0 0 0 124 133 130 128 
121 0 0 0 120 123 123 0 0 122 124 0 0 0 0 0 0 128 130 129 0 0 0 0 125 127 129 133 134 134 131 130 131 130 0 0 129 124 0 0 0 0 130 139 0 0 145 143 0 0 139 141 138 0 0 133 137 146 146 0 145 144 144 143 146 144 145 146 0 144 0 147 143 143 0 0 0 0 0 0 0 144 143 142 143 143 140 137 127 133 0 0 128 125 127 127 127 127 127 127 127 127 127 127 127 127 127 127 127 124 128 125 122 122 123 122 122 126 123 125 127 0 0 0 125 134 134 127 
0 0 0 0 0 0 0 0 0 0 123 0 0 0 0 0 126 125 126 0 0 0 0 0 0 0 0 0 0 0 0 0 0 0 0 0 0 121 123 0 0 0 132 138 141 0 0 146 0 0 136 139 0 0 0 133 136 142 0 144 145 144 0 0 0 0 0 0 0 0 0 0 0 0 0 0 0 0 0 0 0 145 143 141 143 147 140 139 129 124 0 0 0 126 128 128 128 128 128 128 128 128 128 128 128 128 128 128 128 124 127 126 124 123 124 125 128 127 124 125 125 0 0 0 127 130 130 124 
0 0 0 0 0 0 122 124 0 122 123 0 0 0 0 0 129 129 132 0 0 133 0 0 0 0 0 0 0 0 0 0 0 0 0 0 0 0 0 0 0 0 0 128 134 142 0 0 143 0 0 139 134 0 0 0 0 0 0 145 145 0 0 0 0 0 0 0 0 0 0 0 0 147 142 145 0 0 0 0 146 140 141 144 148 144 143 136 124 0 0 0 0 0 125 125 125 125 125 125 125 125 125 125 125 125 125 125 125 122 125 127 127 126 124 121 123 124 128 128 128 0 0 0 129 134 131 125 
0 0 0 0 0 0 0 123 123 123 124 124 0 0 0 0 131 134 134 0 0 0 0 0 0 132 133 134 132 131 0 0 0 0 126 130 128 127 127 0 0 0 0 0 0 132 143 0 0 0 0 0 0 140 144 146 145 147 146 144 146 0 0 0 145 145 0 0 0 145 143 145 0 144 140 146 143 0 0 0 0 144 144 141 147 146 0 0 0 0 0 0 0 0 126 126 126 126 126 126 126 126 126 126 126 126 126 126 126 127 126 123 122 123 126 124 122 124 125 127 128 0 0 0 127 133 131 125 
0 0 0 0 0 0 0 0 0 0 0 0 0 0 0 0 0 133 135 0 0 0 0 0 0 0 131 131 127 0 0 0 0 0 126 121 123 125 0 0 0 0 0 0 0 0 141 0 0 0 0 0 0 142 143 144 145 148 146 145 146 142 0 0 148 145 138 0 0 144 145 148 0 0 0 0 0 143 0 0 0 0 144 139 0 0 0 0 0 0 0 0 0 0 126 126 126 126 126 126 126 126 126 126 126 126 126 126 126 127 125 127 124 124 127 126 125 125 125 123 128 0 0 0 126 131 129 127 
124 125 0 0 0 126 125 125 124 124 122 121 0 0 0 0 125 129 125 124 0 0 0 0 128 130 134 134 128 131 128 0 0 0 122 121 119 0 0 0 0 0 0 0 125 0 0 0 0 0 136 136 0 0 0 140 140 137 138 135 138 137 0 0 139 132 130 0 0 0 137 131 131 0 0 0 0 0 129 0 0 0 0 136 0 0 0 0 0 0 131 128 125 127 126 126 126 126 126 126 126 126 126 126 126 126 126 126 126 130 128 127 124 124 127 127 128 125 125 123 123 0 0 0 124 130 131 129 
124 126 126 0 0 124 0 0 122 121 121 124 0 0 0 0 0 128 124 124 0 0 0 0 0 133 133 130 125 0 128 128 0 0 118 119 124 124 0 0 0 120 124 0 0 119 122 123 124 0 123 0 0 0 0 127 118 127 129 125 119 123 0 0 0 0 0 0 0 0 122 119 123 0 0 0 121 121 121 0 0 0 0 124 122 126 125 127 128 127 127 129 0 0 0 125 125 125 125 0 0 0 0 0 125 125 125 125 125 127 0 0 0 0 0 0 0 124 125 125 127 0 0 0 124 121 118 122 
127 125 124 0 125 123 121 122 122 121 121 0 0 0 0 0 123 123 122 123 0 0 131 133 134 0 130 132 130 130 0 124 123 124 121 123 122 117 121 0 0 118 121 123 0 0 121 120 124 0 0 0 0 0 123 125 120 125 120 118 119 122 123 0 0 0 0 0 0 0 0 0 0 0 0 0 0 122 121 0 0 0 0 0 0 0 0 0 0 0 0 0 0 0 0 0 0 0 0 0 0 0 0 0 0 0 0 0 0 0 0 0 0 0 0 0 0 0 0 124 125 0 0 0 121 118 117 121 
125 125 123 0 121 121 123 124 128 125 120 0 0 0 0 0 125 125 125 127 0 0 127 133 135 131 133 135 133 130 125 124 0 128 127 0 0 0 0 0 0 118 122 124 123 0 122 122 125 0 0 0 0 0 123 126 123 125 121 122 0 0 120 0 0 0 117 122 0 0 0 0 0 0 0 0 121 125 0 0 0 0 0 0 0 0 0 0 0 0 0 0 0 0 128 128 128 128 128 128 128 128 128 128 128 128 128 128 128 128 128 128 123 125 127 124 121 122 125 125 125 0 0 0 122 121 120 121 
128 0 0 0 0 0 123 123 0 124 121 0 0 0 0 0 124 127 127 0 0 0 0 134 132 131 135 133 130 130 130 132 130 0 125 125 126 124 128 0 0 124 125 125 122 0 0 0 0 121 0 0 0 121 126 125 123 124 0 0 0 116 117 118 0 0 116 0 0 0 0 121 125 124 0 0 119 122 0 0 0 0 0 123 119 122 124 0 0 0 0 0 0 0 0 127 127 127 127 127 127 127 127 127 127 127 127 127 127 126 120 123 125 129 126 124 124 126 124 124 125 128 0 0 122 119 121 120 
0 0 0 0 0 0 0 0 0 124 123 0 0 0 0 0 126 127 126 125 0 0 0 0 0 0 131 133 0 0 0 0 0 0 0 0 0 0 124 126 0 128 126 125 122 0 0 125 126 123 0 0 0 125 0 0 0 0 126 0 0 0 116 118 119 0 0 0 0 0 122 119 123 116 114 0 0 118 0 0 0 0 120 124 123 124 124 0 0 0 130 127 125 0 0 0 126 126 126 126 126 126 126 126 126 126 126 126 126 125 122 124 122 126 126 124 123 125 125 125 125 127 0 0 122 118 121 119 
124 0 0 0 125 124 123 122 121 124 127 126 0 0 0 0 127 126 125 128 0 0 0 130 133 0 0 0 0 0 0 0 0 0 0 0 0 0 0 126 0 128 128 124 121 123 124 123 122 122 122 121 122 0 0 0 0 122 125 120 0 122 123 121 0 0 0 0 0 120 0 122 122 116 122 120 0 0 0 0 0 0 120 126 124 126 119 0 0 0 0 126 126 125 126 126 126 126 126 126 126 126 126 126 126 126 126 126 126 126 124 126 125 126 127 127 125 124 125 124 125 127 0 0 122 118 118 119 
125 0 0 0 126 123 122 124 123 125 126 125 0 0 0 0 128 125 129 128 126 0 0 134 133 0 131 133 128 126 0 124 120 123 125 128 0 124 123 128 125 128 128 126 124 123 123 125 125 125 126 124 125 126 0 0 127 126 128 125 126 126 127 122 125 0 0 0 119 0 117 124 118 118 121 116 0 0 0 0 0 122 118 123 122 126 119 0 0 0 119 128 128 124 127 127 127 127 127 127 127 127 127 127 127 127 127 127 127 126 129 128 127 125 125 129 127 124 123 127 127 130 0 0 122 119 115 116 
121 124 0 0 127 124 124 127 127 124 124 0 0 0 0 0 128 125 127 127 126 125 0 0 0 130 123 126 124 124 127 128 127 124 0 0 127 126 0 126 126 0 130 134 133 132 134 0 0 0 130 135 132 133 0 0 0 141 140 139 134 135 137 132 123 0 0 0 116 116 116 121 0 115 113 116 0 0 0 0 0 0 122 121 127 124 121 119 127 126 128 128 127 125 124 124 124 124 124 0 124 124 124 124 124 124 124 124 124 124 126 130 123 123 127 127 123 123 125 126 125 0 0 0 123 117 116 116 
120 0 124 0 0 125 124 127 127 126 130 0 0 0 0 0 125 127 127 126 127 126 129 0 0 129 0 125 124 122 0 0 127 128 127 0 127 126 123 126 127 127 0 132 135 140 133 131 0 0 0 133 131 133 131 0 0 138 136 136 134 0 140 0 0 0 0 0 120 118 121 110 117 118 117 0 0 0 0 0 0 0 119 122 121 121 124 122 125 117 128 131 127 125 125 125 125 125 125 125 0 125 125 125 125 125 125 125 125 125 128 125 125 125 124 126 126 128 126 125 125 0 0 0 122 121 118 117 
122 126 0 0 128 125 124 126 124 124 126 0 0 127 0 0 126 126 128 128 127 129 136 0 0 129 127 125 127 124 124 125 124 126 0 0 0 0 123 0 0 0 135 135 139 136 134 131 0 0 132 132 135 136 133 134 0 0 136 137 134 134 134 133 131 128 116 118 117 123 0 121 119 0 0 0 0 0 0 0 120 114 120 117 121 122 118 121 126 124 128 127 128 128 125 125 125 125 125 125 0 0 125 125 125 125 125 125 125 125 130 127 127 125 125 127 125 127 125 124 122 0 0 0 123 121 117 120 
123 124 127 127 128 125 124 126 124 123 124 0 0 0 0 0 121 123 127 126 127 130 133 133 0 0 127 125 126 127 125 0 127 126 121 124 124 127 127 126 127 133 131 129 129 128 128 129 125 128 0 127 125 125 125 125 0 130 126 126 125 127 127 126 126 124 121 122 0 0 0 120 121 0 0 0 0 0 0 0 0 0 0 0 0 0 0 0 0 0 0 0 0 0 0 0 0 0 0 0 127 0 127 127 127 127 127 127 127 123 125 128 127 127 128 127 126 125 126 124 125 0 0 0 121 119 121 119 
124 124 130 127 127 126 124 126 125 122 123 0 0 0 0 0 123 123 126 128 126 130 132 134 133 0 0 0 0 0 0 0 0 129 122 124 124 123 0 0 0 0 0 125 122 126 123 124 126 124 123 124 126 122 122 124 0 0 125 122 122 126 126 122 122 123 116 0 0 0 120 0 0 0 0 0 0 0 0 0 0 0 0 0 0 0 0 0 0 0 0 0 0 0 0 0 0 0 0 0 0 127 127 127 127 127 127 127 127 126 123 125 127 124 123 127 128 126 127 128 128 128 0 0 126 118 120 118 
125 123 125 125 126 123 122 124 125 124 124 0 0 118 0 0 127 122 122 122 127 134 132 132 136 0 129 0 0 124 0 0 0 0 0 0 0 0 0 0 0 0 0 0 125 123 123 0 126 125 122 0 0 0 0 0 122 125 123 127 0 0 0 120 120 124 117 117 0 119 0 0 0 0 0 0 0 0 0 0 0 0 0 0 0 0 0 0 0 0 0 0 0 0 0 0 0 0 0 125 125 125 125 125 125 125 125 125 125 128 125 125 128 126 125 127 126 125 126 127 124 126 0 0 125 121 120 116 
124 126 127 125 124 124 122 121 120 123 119 0 0 0 0 0 118 119 123 126 130 135 133 134 0 129 128 120 0 0 0 0 127 0 0 0 0 0 0 0 0 124 123 125 123 121 122 0 0 0 0 0 0 0 0 0 0 122 122 122 0 0 0 124 123 124 123 120 119 0 0 0 0 0 0 0 0 0 117 116 0 119 124 119 115 119 118 122 123 0 0 126 125 124 125 125 125 125 125 125 125 125 125 125 125 125 125 125 125 127 127 126 127 125 125 126 126 124 125 127 121 128 0 0 123 122 125 114 
119 125 0 0 124 124 122 121 121 121 120 0 0 0 0 0 117 124 125 130 130 134 134 130 127 129 127 122 127 127 0 0 0 0 127 124 121 123 124 121 123 125 125 123 122 121 121 125 0 0 0 0 0 127 0 125 124 122 125 124 124 0 0 127 122 124 0 0 117 0 0 0 0 0 0 118 120 117 112 114 117 0 116 124 120 121 119 116 126 123 0 0 126 126 127 127 127 127 0 127 127 127 127 127 127 127 127 127 127 128 128 126 127 125 125 126 127 124 126 124 124 130 0 0 124 122 119 118 
119 121 119 120 118 119 121 121 120 118 120 0 0 0 0 0 123 124 127 130 0 133 132 129 125 125 127 128 126 126 126 124 0 0 0 123 123 121 123 125 123 123 122 121 124 123 125 126 126 123 0 0 125 124 124 125 123 123 121 123 125 123 0 123 123 125 0 120 0 0 0 0 0 117 117 118 0 117 118 116 120 112 0 119 121 115 115 119 119 0 125 0 0 127 126 126 126 126 126 126 126 126 126 126 126 126 126 126 126 125 124 127 128 124 126 125 128 124 123 123 124 129 0 0 123 121 121 123 
122 118 119 120 122 119 120 120 122 122 122 0 0 0 0 0 124 123 127 131 129 132 131 125 125 131 130 127 128 127 125 124 124 0 0 119 124 123 125 126 123 125 125 124 124 123 126 126 124 124 121 124 125 124 125 124 0 0 0 124 124 122 121 123 124 125 0 110 0 0 0 0 0 117 116 111 121 0 119 117 120 116 116 120 122 118 120 120 125 126 126 126 125 126 126 126 126 126 126 0 126 126 126 126 126 126 126 126 126 127 126 125 127 127 127 127 124 123 123 123 127 127 0 0 121 121 121 120 
121 119 119 119 116 120 122 121 122 0 124 0 0 0 0 0 124 125 127 129 119 129 130 126 122 125 127 127 128 127 126 123 118 118 120 122 123 123 122 122 123 126 124 124 123 125 125 124 126 126 124 122 123 121 129 124 0 0 0 0 125 125 124 126 0 0 0 0 0 0 0 0 0 117 117 115 112 116 117 116 117 0 114 121 121 0 118 118 0 125 125 127 125 0 0 125 125 125 0 0 125 125 125 125 125 125 125 125 125 125 127 125 127 127 126 127 125 123 121 122 125 125 0 0 122 121 120 118 
117 119 119 0 117 120 122 119 122 0 124 0 0 0 0 0 123 125 128 127 122 126 128 125 122 124 128 126 123 123 123 121 117 116 115 121 123 123 122 122 121 125 126 124 124 124 124 124 124 123 120 123 126 121 123 126 0 0 0 122 123 124 124 124 0 0 0 0 0 0 0 119 119 115 120 116 112 118 120 116 114 123 122 118 118 117 125 124 125 125 125 126 125 125 0 125 125 125 125 0 125 125 125 125 125 125 125 125 125 123 125 128 126 125 127 126 127 124 125 124 126 129 0 0 121 117 119 119 
120 118 0 0 123 120 120 119 119 126 124 0 0 0 0 0 126 128 127 128 127 126 128 127 126 126 127 125 128 126 127 124 120 120 119 119 125 125 122 123 124 124 124 124 122 125 124 123 125 123 121 122 125 121 122 0 125 126 0 0 122 125 124 125 0 0 0 0 0 0 0 0 0 120 118 0 122 0 0 0 0 118 117 116 119 121 121 123 129 130 128 125 126 127 126 126 126 126 126 126 126 126 126 126 126 126 126 126 126 123 124 126 126 125 127 130 128 124 126 128 122 125 0 0 121 116 120 118 
121 114 123 120 122 115 119 122 118 119 122 0 0 0 0 0 126 124 126 128 127 126 128 127 128 129 127 126 128 126 127 125 122 122 121 117 130 123 124 122 124 127 129 127 119 127 122 121 125 126 126 125 124 121 123 0 124 124 126 122 122 125 124 127 126 0 0 0 119 119 0 0 0 0 121 0 0 119 121 118 114 118 116 115 119 119 119 120 0 0 0 0 0 0 125 125 125 0 0 125 125 125 125 125 125 125 125 125 125 125 127 124 125 125 124 126 123 122 126 124 123 125 0 0 124 120 119 120 
120 122 121 116 121 0 0 0 118 115 119 122 0 0 0 0 123 126 123 124 125 125 125 125 125 127 128 127 125 126 128 126 127 123 120 120 122 123 127 126 121 122 124 123 123 123 121 122 122 123 123 124 120 121 122 0 121 124 123 126 125 121 129 126 124 124 0 0 0 0 0 0 0 119 0 0 0 0 0 113 0 0 0 0 0 0 0 0 0 0 0 0 0 0 0 0 0 0 0 126 126 126 126 126 126 126 126 126 126 128 127 125 127 127 125 127 126 125 125 124 125 130 0 0 0 120 120 117 
120 120 0 0 0 0 121 121 115 116 126 126 0 0 0 0 126 125 123 123 124 124 123 124 124 127 123 124 127 126 127 124 123 126 124 120 117 126 123 127 125 123 121 124 125 124 123 124 122 121 126 126 122 124 127 0 126 125 124 123 127 123 127 128 122 0 0 0 0 0 0 0 0 115 0 0 0 0 0 0 0 0 0 0 0 0 0 0 0 0 0 0 0 0 0 0 0 0 0 127 127 127 127 127 127 127 127 127 127 127 126 126 126 125 122 125 129 123 122 123 126 126 0 0 125 121 124 120 
122 124 0 0 118 116 120 117 122 127 124 0 0 0 0 0 130 124 124 124 125 122 127 125 123 123 124 128 130 124 124 122 121 121 118 116 119 121 122 123 125 125 125 123 126 120 124 122 125 123 0 0 0 0 0 0 122 125 126 0 0 0 0 0 0 0 0 0 0 0 0 0 0 0 115 0 0 114 116 115 118 0 123 125 126 118 122 118 128 125 124 128 128 126 129 129 129 129 129 129 129 129 129 129 129 129 129 129 129 125 124 126 128 126 124 120 126 127 126 123 126 126 0 0 124 118 126 120 
118 0 0 0 117 120 122 120 118 118 126 0 0 0 0 0 127 128 125 124 0 121 122 130 126 123 123 127 130 121 120 121 120 121 121 118 117 120 122 122 123 124 126 125 124 121 120 0 0 0 0 0 0 0 0 0 123 122 0 0 0 0 0 0 0 0 0 0 0 0 0 0 0 0 122 122 123 123 119 121 122 122 125 120 127 119 123 127 120 125 124 128 130 126 127 127 127 127 127 127 127 127 127 127 127 127 127 127 127 126 126 125 126 128 128 125 124 122 127 124 129 129 0 0 0 121 125 117 
117 115 0 0 118 121 119 120 117 117 120 0 0 0 0 0 125 127 124 125 125 126 127 126 125 124 124 123 125 123 122 0 116 117 124 124 118 117 120 121 126 126 124 122 125 125 0 0 0 0 0 0 0 0 0 0 124 0 0 0 0 0 0 0 0 0 0 0 0 0 0 0 0 0 0 121 120 123 122 122 117 118 124 123 121 120 123 127 123 125 124 126 129 126 125 125 125 125 125 125 125 125 125 125 125 125 125 125 125 128 128 120 126 128 127 127 126 126 122 126 130 128 0 0 121 120 121 121 
121 117 0 0 123 112 122 116 123 120 121 125 0 0 0 0 129 128 125 125 125 126 0 125 123 122 125 125 125 124 122 126 122 115 121 120 121 119 120 123 127 128 125 123 125 0 0 0 0 0 0 125 126 125 123 124 126 0 0 0 0 122 122 127 0 0 123 0 0 0 120 121 121 0 0 124 123 119 121 122 117 117 124 125 125 125 120 124 121 126 124 130 126 127 128 128 128 128 128 128 128 128 128 128 128 128 128 128 128 126 127 127 127 127 122 128 127 121 124 129 128 128 0 0 120 119 123 120 
124 123 120 123 116 118 119 0 124 122 128 0 0 0 0 0 123 124 127 126 128 126 126 126 126 126 127 125 125 125 125 123 124 126 120 122 120 123 122 122 121 123 128 122 0 0 0 0 0 0 127 123 125 124 124 124 127 124 0 0 0 124 120 0 0 0 116 0 0 0 119 121 117 119 0 0 120 120 122 117 115 121 124 122 125 123 123 126 128 122 121 128 127 125 126 126 126 126 126 126 126 126 126 126 126 126 126 126 126 127 125 125 125 128 126 130 127 124 125 126 127 127 0 0 0 117 119 115 
0 121 119 0 121 119 119 120 0 121 126 0 0 0 0 0 126 129 122 126 126 127 128 126 125 125 125 126 127 128 126 128 127 123 123 120 119 121 121 121 120 122 125 123 0 0 0 0 0 126 127 125 126 125 125 127 123 122 0 0 0 122 119 0 0 0 117 122 119 0 119 123 120 122 0 0 0 123 119 121 121 125 122 123 126 127 126 124 128 123 120 130 128 126 124 124 124 124 124 124 124 124 124 124 124 124 124 124 124 124 125 128 125 127 125 127 128 121 128 126 127 129 130 0 0 125 124 114 
121 118 130 121 124 122 122 0 118 125 126 126 0 0 0 0 125 125 121 128 123 127 127 124 123 127 126 125 125 125 125 125 122 123 122 122 120 122 121 119 118 0 120 0 0 0 0 0 129 128 126 126 127 126 121 126 123 122 0 0 0 122 0 0 0 0 122 122 119 121 121 121 121 123 124 126 0 0 119 122 124 119 123 124 124 124 126 126 125 126 125 128 126 127 126 126 126 126 126 126 0 126 126 126 126 126 126 126 126 123 124 128 128 125 124 126 126 124 125 124 127 130 0 0 0 124 121 120 
112 120 121 121 126 126 126 124 122 124 127 125 0 0 0 0 129 128 124 125 124 128 116 125 124 127 128 123 126 124 124 124 126 125 122 123 124 125 124 124 121 120 0 0 0 0 0 128 125 126 126 126 125 125 125 125 122 120 0 0 0 0 116 119 123 125 124 122 125 123 123 118 118 119 127 124 119 0 0 0 121 120 124 125 124 125 125 127 127 125 126 128 126 127 127 127 127 127 127 127 127 0 127 127 127 127 127 127 127 124 124 130 127 125 123 125 128 127 125 129 128 124 125 0 0 124 122 118 
121 124 124 124 119 124 123 121 125 129 126 0 0 0 0 0 131 128 124 125 126 127 124 124 127 128 123 129 128 126 128 127 127 128 124 123 125 120 120 125 124 120 0 0 0 0 126 126 125 127 124 122 122 125 129 126 124 121 0 0 0 0 118 122 128 122 124 122 119 122 120 124 127 122 126 126 124 124 0 0 0 0 121 125 121 124 126 124 125 127 125 126 127 129 124 124 124 124 124 124 124 124 124 124 124 124 124 124 124 129 126 126 125 128 124 125 126 127 126 121 125 128 127 0 0 126 127 125 
123 124 124 122 123 122 126 125 131 131 130 0 0 0 0 0 132 133 130 134 129 130 129 134 134 130 128 133 133 132 135 133 133 134 131 129 125 119 121 120 119 122 0 0 0 0 122 119 120 122 123 122 117 119 120 124 127 124 121 119 0 0 122 119 115 123 123 123 122 122 125 126 127 128 123 125 126 123 119 119 0 0 0 124 129 127 122 123 126 129 128 128 130 126 125 125 125 125 125 125 125 125 125 125 125 125 125 125 125 126 125 126 128 123 124 126 123 121 128 125 124 130 129 0 0 125 124 124 
122 123 124 127 125 121 122 124 132 133 135 0 0 0 0 0 134 131 143 136 0 132 135 134 132 134 142 134 135 137 141 139 138 138 137 135 125 123 121 122 121 120 127 0 0 0 124 126 121 125 129 123 124 124 121 126 123 126 126 123 122 0 121 124 122 122 122 119 120 123 124 122 120 126 123 124 125 128 119 120 130 125 126 125 120 124 124 124 124 130 129 130 126 126 127 127 127 127 127 127 127 127 127 127 127 127 127 127 127 126 127 126 125 127 129 124 124 126 127 125 126 124 126 0 0 124 124 120 
122 123 124 125 121 123 126 129 137 135 133 136 0 0 0 0 138 133 139 132 131 132 130 132 135 135 139 137 138 138 138 133 0 0 136 133 126 121 119 120 124 127 124 0 0 0 120 119 122 119 126 123 122 121 124 121 124 124 124 121 122 121 122 125 124 124 123 124 125 120 121 0 122 121 122 122 122 127 127 124 124 128 128 127 126 120 125 123 127 124 129 128 130 128 127 127 127 127 127 127 127 127 127 127 127 127 127 127 127 126 126 127 0 126 128 127 125 124 123 124 131 131 127 0 0 125 127 126 
120 123 124 126 126 123 126 128 133 135 135 134 0 0 0 0 136 132 131 131 0 130 130 131 129 129 128 130 132 132 133 131 132 132 127 130 126 122 117 124 124 124 124 0 0 122 121 119 120 122 125 124 124 0 0 0 125 122 127 121 124 122 122 124 0 0 0 0 0 120 122 123 0 121 122 123 123 119 124 124 0 122 126 128 129 126 127 126 129 127 127 130 130 125 126 126 126 126 126 126 126 126 126 126 126 126 126 126 126 126 126 126 126 126 126 126 126 126 126 126 126 126 126 0 0 126 126 0 

