0 0 0 0 0 0 0 0 0 0 0 0 0 0 0 0 122 118 127 131 140 117 0 0 0 0 0 0 0 0 0 0 0 0 0 0 0 0 0 0 0 141 0 0 0 0 0 0 0 0 0 0 0 0 0 0 0 0 0 0 0 0 0 0 0 0 0 0 0 0 0 0 0 0 0 0 0 0 0 0 0 0 0 0 0 0 0 0 0 0 0 0 0 0 0 0 0 0 0 0 0 0 0 0 0 0 0 0 0 0 0 0 0 0 0 0 0 0 0 0 0 0 0 0 0 0 0 0 
0 0 0 0 0 0 0 0 0 0 0 0 0 0 0 0 140 0 0 0 0 0 0 0 0 0 0 0 0 0 0 0 0 0 0 0 0 0 0 0 0 106 0 0 0 0 0 0 0 0 0 0 0 0 0 0 0 0 0 0 0 0 0 0 0 0 0 0 0 0 0 0 0 0 0 0 0 0 0 0 0 0 0 0 0 0 89 0 0 0 0 0 0 112 0 0 0 0 0 0 0 0 0 0 0 0 0 0 0 0 0 0 0 0 0 0 0 0 0 0 0 0 0 0 0 0 0 0 
0 0 0 0 0 142 0 142 142 142 0 0 0 0 0 0 0 114 123 123 129 131 130 180 133 0 0 0 0 0 0 0 0 0 151 118 107 113 107 94 62 64 0 0 126 132 120 52 59 43 55 85 66 108 103 112 83 43 96 80 82 97 108 0 0 33 45 190 0 0 0 0 14 38 189 128 129 33 0 0 0 0 26 26 198 0 0 81 78 87 54 72 76 79 0 0 0 93 118 82 47 46 88 100 113 91 80 107 107 102 78 110 106 124 136 145 144 140 137 146 0 0 158 76 140 145 163 165 
146 128 0 128 128 128 128 0 0 128 0 0 0 0 0 0 122 145 137 138 160 198 142 102 0 0 0 0 0 49 0 0 0 0 0 0 0 0 0 95 151 87 0 0 158 110 120 32 70 42 14 0 93 89 94 122 0 0 30 40 107 108 101 167 141 125 126 0 135 0 0 0 0 27 188 135 146 0 0 0 137 132 35 5 190 126 30 68 85 77 56 44 0 0 0 0 89 83 118 92 44 86 63 84 107 94 92 89 60 108 96 40 126 106 90 22 55 151 154 0 0 126 36 75 147 151 152 163 
0 0 0 0 177 177 0 177 0 0 0 0 0 0 0 177 163 135 112 131 123 125 111 0 0 0 0 0 0 0 0 0 0 0 0 0 160 160 114 98 115 66 0 0 148 156 157 97 53 81 82 63 0 70 91 71 101 0 0 74 103 148 133 41 36 186 124 135 132 147 0 0 0 0 0 0 185 146 21 205 134 153 27 14 174 134 170 41 83 92 0 0 0 0 0 0 0 75 100 96 124 103 99 77 77 83 66 43 18 101 73 58 79 77 111 11 63 146 151 0 0 145 149 151 145 127 156 158 
141 134 140 0 140 140 0 0 0 0 0 0 0 0 0 140 130 131 133 119 128 133 0 0 0 0 0 0 0 0 0 0 0 0 0 0 184 176 96 107 108 87 87 0 0 0 0 114 43 67 84 53 74 0 116 104 114 104 0 0 89 66 93 131 23 51 0 206 15 194 142 0 0 0 0 0 199 152 128 13 43 176 140 47 176 137 0 0 0 0 0 0 0 0 0 0 0 91 95 64 0 102 83 66 86 58 36 39 14 80 31 50 79 88 143 148 141 135 135 0 0 137 144 134 73 151 147 85 
0 0 0 0 0 47 47 0 0 47 0 0 0 0 0 47 219 143 128 121 119 128 127 0 0 0 0 0 0 0 169 204 0 0 0 0 149 146 120 78 112 0 0 0 0 132 0 0 0 0 0 0 50 58 102 142 130 80 84 0 74 74 77 82 108 0 0 0 0 18 37 13 0 0 0 0 0 205 146 143 47 16 6 166 0 0 0 0 0 0 0 0 0 0 0 0 0 101 77 46 88 0 82 90 81 75 61 78 81 82 71 74 93 92 131 155 144 143 144 153 0 0 139 67 154 162 156 86 
0 0 0 0 0 0 0 0 0 0 0 0 0 0 134 134 137 123 126 139 122 115 127 0 0 0 0 0 0 131 208 203 0 0 0 0 114 135 136 94 94 76 0 0 0 0 117 132 5 0 0 0 0 80 107 114 127 97 72 69 75 77 77 73 74 0 0 0 14 216 151 142 148 0 0 0 0 0 144 125 40 0 0 0 0 0 0 0 0 0 0 0 0 0 114 83 63 43 30 24 57 77 87 89 62 65 73 89 75 68 83 74 49 64 69 137 126 136 135 129 0 148 149 141 118 154 154 89 
18 220 128 128 128 128 0 0 0 0 0 0 0 0 128 128 122 124 136 0 0 0 0 0 0 0 0 0 0 151 201 183 0 0 0 0 104 98 113 112 29 29 0 0 0 0 87 66 31 54 75 68 58 99 104 104 120 113 64 65 74 94 96 87 0 0 0 9 18 182 141 153 126 140 0 0 0 0 0 0 34 0 0 0 0 0 0 38 46 198 93 42 47 85 112 88 78 71 58 46 36 80 91 81 37 70 79 91 81 71 73 40 58 92 78 93 144 142 140 144 0 0 155 77 154 156 157 161 
0 0 0 0 0 0 0 0 0 0 0 0 0 0 140 140 121 108 0 0 0 0 0 0 0 0 0 0 0 145 172 142 0 0 0 0 90 133 182 122 82 72 0 0 0 0 95 118 74 89 85 64 72 90 130 131 142 104 77 93 0 0 0 0 70 47 49 96 174 44 208 144 0 0 0 0 0 0 0 0 0 0 0 0 35 204 138 139 116 18 41 45 35 61 100 73 74 92 86 67 41 84 92 79 13 74 92 91 69 88 94 69 83 93 81 73 118 147 141 146 0 0 152 146 75 150 155 161 
0 0 0 0 0 0 0 0 0 0 0 0 0 0 128 128 80 0 0 0 0 0 0 0 0 0 0 0 0 136 160 167 138 0 0 0 0 0 119 24 68 70 0 0 0 0 121 125 72 79 82 64 66 70 101 111 103 90 69 82 61 0 0 89 75 0 43 79 148 134 139 131 0 0 0 0 0 0 0 0 0 0 0 122 120 135 110 136 32 53 100 95 71 76 90 72 74 47 85 73 73 64 70 88 92 87 84 65 61 91 92 70 95 93 78 77 120 153 135 57 0 153 143 148 147 150 157 155 
0 0 0 0 0 0 0 0 0 0 0 0 0 0 131 131 0 0 0 0 0 0 0 0 0 0 0 0 0 162 147 129 0 0 0 0 0 0 0 19 66 0 0 0 0 0 154 102 56 67 70 48 56 69 71 81 0 0 86 67 75 0 0 90 92 85 81 76 121 177 98 0 0 0 0 0 0 125 136 146 0 31 176 123 114 132 139 116 86 104 94 89 73 87 78 48 91 66 55 0 85 102 90 74 118 101 81 103 105 113 114 110 112 125 51 65 97 137 142 120 0 62 142 156 151 153 31 81 
0 0 0 0 0 0 0 0 0 0 0 0 0 0 150 150 0 0 0 0 0 0 0 0 0 0 0 0 0 129 135 111 90 0 0 0 92 118 117 69 58 43 0 0 0 117 119 4 4 42 13 2 12 34 41 81 24 28 61 154 98 39 13 67 54 18 127 67 69 139 132 0 0 0 0 0 0 135 138 147 123 38 193 129 109 145 149 75 60 96 89 84 83 89 87 72 104 78 61 0 0 96 117 83 70 83 58 100 65 58 71 70 66 20 7 4 71 78 99 70 0 0 140 150 81 158 34 67 
0 0 0 0 0 0 0 0 0 0 0 0 0 131 131 131 0 0 0 0 0 0 0 0 0 0 0 0 46 114 122 110 0 0 0 0 114 111 88 34 68 70 48 0 0 109 42 0 15 19 4 17 1 5 13 20 45 44 38 42 53 51 57 105 46 85 138 140 129 156 147 0 0 0 0 0 134 129 145 147 133 147 134 126 113 139 136 83 3 0 23 70 83 93 105 67 80 84 58 0 0 0 122 70 65 102 84 60 52 77 84 91 101 37 59 56 87 64 141 0 0 0 151 148 150 158 43 31 
0 0 0 0 0 0 0 0 0 0 0 0 0 133 133 133 0 0 0 134 132 115 127 0 0 0 0 0 94 136 134 110 0 0 0 0 149 133 0 56 53 88 64 48 66 77 72 54 3 18 8 20 29 55 10 26 133 112 37 43 38 44 42 135 109 131 104 122 120 151 138 0 0 0 0 0 36 10 32 201 143 135 142 117 131 140 129 67 11 74 51 63 66 78 91 81 0 0 52 47 0 0 2 60 82 77 60 43 39 74 112 80 58 86 93 82 53 54 133 104 0 143 127 67 151 143 29 76 
0 0 0 0 0 0 130 0 130 0 0 0 0 130 130 130 0 0 0 0 106 98 148 123 0 0 0 81 0 83 109 126 94 0 0 0 119 126 108 0 65 65 61 62 61 70 107 78 0 0 0 0 0 30 28 47 71 24 25 32 24 25 27 138 110 33 27 30 44 86 30 0 0 0 0 0 0 20 26 0 194 142 143 127 142 118 124 0 13 55 0 0 62 118 55 46 0 0 0 0 0 0 53 82 99 91 47 15 29 79 102 62 100 76 84 53 5 34 117 0 0 143 145 142 145 142 148 151 
0 0 0 0 0 0 131 131 131 0 0 0 131 131 131 131 0 0 0 91 80 106 102 120 125 0 0 0 0 0 84 120 94 0 0 0 0 0 0 0 0 0 0 0 0 0 0 0 0 0 0 0 0 0 76 93 84 69 80 81 91 100 96 90 56 48 71 93 56 110 0 0 0 0 0 0 201 17 193 0 0 0 0 129 142 142 103 38 50 83 78 63 87 199 89 60 82 87 102 65 0 0 56 42 72 83 3 76 90 71 102 102 105 75 46 75 41 31 128 0 0 0 145 137 140 149 112 80 
0 0 0 0 0 144 144 144 0 0 0 0 0 144 144 0 0 0 0 84 96 87 99 134 105 51 0 0 0 0 85 90 87 0 0 0 0 0 0 0 0 0 0 0 0 0 0 0 0 0 0 0 0 0 50 55 46 52 85 88 71 81 97 86 90 86 92 91 90 0 0 0 0 0 0 15 37 195 138 145 0 0 0 0 0 0 0 0 0 0 0 0 0 0 0 0 0 88 94 0 0 0 39 50 66 67 8 62 84 9 64 84 75 58 41 92 49 48 135 144 0 0 140 133 129 147 150 155 
0 0 0 0 0 143 143 143 143 0 0 0 143 143 143 143 70 0 0 0 113 114 96 140 123 0 81 76 0 0 0 0 103 82 0 0 0 152 156 125 115 122 134 150 145 96 77 69 46 45 92 76 48 69 59 61 51 69 92 83 76 93 83 58 87 86 91 76 72 0 0 0 0 0 0 29 23 13 0 0 0 0 0 0 0 0 0 78 56 54 122 153 0 0 98 0 0 54 59 0 0 0 82 46 51 47 61 78 63 37 81 81 102 107 69 87 60 43 122 149 0 0 154 141 154 152 145 148 
0 0 0 0 0 138 138 138 138 0 0 0 138 138 0 0 68 102 127 140 144 134 110 128 0 0 0 0 0 0 0 0 0 0 0 0 0 0 122 135 145 136 134 132 103 106 102 75 66 37 56 110 51 50 75 67 57 70 87 50 72 90 79 74 85 89 71 73 0 134 0 0 0 0 0 21 12 12 0 0 0 0 0 0 127 146 72 48 80 79 129 158 182 58 0 0 122 126 67 0 0 0 57 47 58 61 52 51 67 40 43 72 81 76 57 45 41 96 114 147 0 143 141 149 149 150 150 155 
0 0 0 0 0 0 0 0 149 0 0 0 149 149 149 0 92 125 171 165 116 125 114 116 120 111 0 0 0 0 0 0 0 0 0 121 160 0 0 103 142 142 119 109 102 99 95 78 88 65 39 125 93 63 57 63 83 87 71 85 92 82 81 78 92 79 88 77 0 0 0 0 0 0 0 10 7 1 0 0 0 0 0 0 117 129 79 57 65 0 0 0 0 0 0 0 116 68 48 0 0 0 89 87 80 73 75 81 100 74 62 34 42 18 15 80 60 108 127 141 0 0 67 149 154 153 151 45 
0 0 0 0 0 131 0 0 0 0 0 0 0 131 0 0 0 128 100 88 97 125 114 0 0 84 95 0 0 0 0 0 0 0 0 149 167 146 0 0 106 117 89 77 71 50 44 83 161 45 46 104 0 101 78 54 48 81 87 87 96 85 99 106 85 98 80 58 49 0 0 0 0 0 0 33 8 170 0 0 0 0 0 0 0 206 64 97 71 0 56 117 130 103 115 100 73 81 87 0 0 0 97 90 90 91 107 106 120 107 12 44 58 36 65 61 69 135 149 142 0 0 147 146 152 153 154 150 
0 0 0 0 0 0 0 0 0 0 0 0 0 156 156 156 72 127 100 94 97 86 0 0 0 79 0 0 0 0 0 0 0 121 139 0 116 89 0 0 0 136 131 136 114 79 72 77 98 84 76 106 0 95 103 48 53 77 96 100 86 98 113 95 29 74 0 0 0 0 0 0 0 0 0 4 17 0 0 0 0 0 0 0 0 204 29 73 0 103 102 100 94 88 95 64 64 64 61 0 0 25 26 44 56 64 44 73 109 90 63 47 59 73 84 57 97 140 145 139 0 0 139 137 146 149 156 156 
0 0 0 0 0 0 0 0 0 0 0 0 182 182 182 182 98 113 118 0 0 0 0 0 0 0 0 0 0 0 0 0 0 112 0 0 0 0 101 0 126 111 77 98 82 43 65 77 50 59 0 0 0 80 75 42 106 132 112 99 100 93 75 90 108 0 0 0 0 0 0 0 0 0 0 2 0 0 0 0 0 0 0 44 133 117 28 25 80 92 107 78 67 71 54 57 58 56 89 0 0 65 63 78 89 20 31 32 47 98 79 14 51 87 61 24 77 127 124 0 0 0 71 143 149 158 151 149 
0 0 0 0 0 131 131 131 131 0 0 0 131 131 131 131 74 130 143 0 0 0 0 99 102 30 47 70 0 0 0 102 0 0 0 0 0 0 0 0 0 114 91 85 69 52 123 102 36 53 0 0 0 64 51 49 98 115 100 94 97 0 52 49 76 0 0 0 0 0 0 0 0 0 25 31 8 0 0 0 0 0 0 51 123 110 18 27 46 41 75 67 81 53 63 63 54 70 0 0 0 73 71 90 71 65 73 45 42 72 27 29 42 101 77 53 75 110 135 142 0 0 79 148 147 146 150 151 
0 0 0 0 0 133 133 133 133 0 0 0 133 133 133 133 72 131 102 0 0 0 0 115 109 0 75 73 0 0 0 0 117 0 0 0 99 91 0 0 0 131 117 0 0 0 0 0 0 0 0 0 0 0 53 49 52 22 13 58 75 74 66 70 63 0 0 0 0 83 0 0 0 0 0 50 20 0 27 0 0 0 0 68 138 118 0 0 0 0 0 0 0 0 0 0 0 0 0 0 101 70 31 19 7 36 43 62 58 43 22 35 5 31 58 74 56 119 140 139 0 0 155 156 155 147 156 158 
0 0 0 0 0 133 0 133 133 0 0 0 133 133 133 133 60 90 0 0 0 0 0 0 0 0 0 0 80 0 0 116 135 91 0 0 0 59 23 88 0 117 131 136 0 0 0 0 0 0 0 0 0 0 83 79 56 43 47 108 7 45 47 64 83 68 0 0 0 84 0 0 0 0 39 42 8 8 212 0 0 0 0 60 145 125 1 0 0 0 0 0 0 0 0 0 0 0 0 0 87 50 40 54 50 42 6 71 86 47 43 67 31 47 50 47 94 137 137 138 0 0 140 155 148 146 151 154 
0 0 0 0 0 139 139 139 139 0 0 0 0 139 139 0 0 0 0 0 0 118 0 0 110 81 51 0 81 93 0 0 58 0 0 0 0 0 17 79 165 81 61 0 0 0 0 86 150 87 64 89 53 45 37 65 89 78 59 81 14 44 87 82 106 0 0 0 0 97 0 0 0 0 43 22 4 2 184 21 0 0 0 35 183 112 11 72 85 65 70 48 51 50 70 138 81 108 87 10 42 49 28 140 114 110 55 105 112 114 116 118 118 117 58 78 131 138 140 143 146 140 137 141 149 149 144 147 
0 0 0 0 0 154 154 154 154 0 0 0 0 154 154 0 0 0 0 0 157 0 0 0 172 130 15 49 66 88 78 0 0 0 0 0 0 0 0 52 121 0 0 0 0 0 0 0 65 80 60 89 61 77 96 58 35 8 80 95 64 48 15 81 61 0 0 0 0 101 0 0 0 0 18 19 19 4 170 18 30 0 0 30 204 109 34 72 90 80 57 47 56 48 68 168 131 175 128 99 140 77 60 65 43 114 98 143 157 147 165 148 149 117 56 141 143 139 140 140 139 143 146 151 153 153 149 149 
0 0 0 0 0 133 133 133 0 0 0 0 0 133 133 0 75 0 157 139 0 110 0 0 100 123 53 0 0 65 32 0 0 0 108 0 0 0 59 57 101 0 0 0 0 51 78 103 84 93 0 0 0 0 115 46 47 28 104 67 103 86 38 58 71 0 0 0 0 0 0 0 0 0 22 17 31 3 5 9 6 13 0 0 133 107 62 124 98 104 89 40 0 16 39 170 107 144 15 144 84 31 0 106 58 68 73 117 137 132 122 98 86 63 14 26 60 144 143 135 123 0 147 148 158 152 142 78 
0 0 0 0 0 0 144 0 144 144 144 0 0 0 144 0 0 0 0 147 130 0 0 0 0 157 84 69 105 79 0 0 61 51 0 0 0 0 77 59 75 122 0 0 138 101 65 102 0 62 8 0 71 109 74 70 84 104 69 46 59 66 0 0 47 0 0 0 0 91 0 0 0 0 0 4 1 31 37 42 16 24 0 0 128 102 44 0 0 0 0 0 0 0 0 0 14 2 35 34 15 0 0 68 45 9 19 14 72 41 9 82 125 134 124 113 30 18 66 145 144 0 152 154 147 146 163 161 
0 0 0 0 0 0 0 137 137 137 137 0 137 0 137 0 66 0 0 0 0 0 0 0 168 215 137 65 55 95 82 0 0 0 0 0 0 0 0 71 0 0 0 122 136 102 95 110 121 78 51 0 0 91 62 59 85 85 93 113 85 54 76 76 74 0 0 0 0 0 0 0 0 0 0 0 211 20 29 28 0 0 0 0 0 0 0 0 0 0 0 0 0 0 0 0 55 55 54 67 57 0 0 0 45 51 44 66 94 53 89 135 138 138 141 143 142 131 138 145 0 0 140 139 147 148 161 158 
0 0 0 0 0 0 0 0 136 136 136 0 0 0 136 0 0 152 137 131 123 105 96 69 90 141 171 87 4 50 79 0 0 0 0 0 0 0 0 44 0 148 92 0 157 151 75 45 50 0 70 63 70 91 71 74 81 139 116 99 98 37 22 71 78 0 0 0 87 0 0 0 0 0 48 0 0 0 206 0 0 0 0 0 0 0 0 0 0 0 0 0 0 81 65 10 53 55 50 44 61 0 0 0 55 72 73 67 90 138 136 134 137 136 147 66 146 138 132 112 0 0 141 144 156 150 161 154 
0 0 0 0 0 133 133 133 133 133 0 0 0 0 0 133 0 0 86 63 64 113 128 127 83 85 167 105 35 0 0 0 0 0 0 0 0 0 0 0 0 0 71 92 0 53 76 42 43 0 0 68 52 54 48 73 68 77 82 66 55 15 37 54 76 0 0 0 0 0 0 0 0 0 142 148 28 0 0 0 0 0 0 103 51 155 38 102 118 136 134 133 139 107 94 26 29 8 50 40 5 54 9 58 88 100 123 131 138 139 131 130 139 139 142 135 137 143 143 145 142 0 144 142 143 143 140 151 
0 0 0 0 0 0 0 140 140 140 140 0 0 0 0 140 0 0 112 107 127 151 140 141 139 144 147 0 0 0 0 0 0 0 0 55 67 0 0 0 39 67 100 80 75 0 88 0 0 0 0 83 87 39 47 37 32 53 59 69 78 48 13 50 76 0 0 0 0 0 0 0 0 0 146 24 0 0 0 0 0 0 0 52 27 139 70 125 134 137 137 119 120 124 135 123 109 0 108 108 82 100 102 92 141 144 140 135 139 139 134 137 134 136 141 141 140 129 139 142 135 104 145 139 141 155 148 155 
0 0 0 0 0 151 151 151 151 151 151 0 0 0 0 151 73 0 0 135 130 148 143 121 93 94 114 0 0 0 0 0 0 61 73 65 63 0 0 0 91 45 70 68 78 63 22 0 46 25 17 58 61 34 45 71 114 74 50 57 70 71 34 53 76 0 0 0 0 0 0 0 0 0 24 20 21 0 0 0 0 0 0 58 51 130 103 131 136 128 135 134 127 125 0 0 119 116 131 134 141 142 138 113 127 134 131 134 134 139 145 144 150 151 147 145 142 145 145 144 0 0 150 142 146 147 151 148 
0 0 0 0 0 139 139 139 139 139 139 0 0 0 0 139 62 0 0 133 129 139 110 144 122 114 130 87 42 94 0 0 130 76 82 104 0 0 0 0 114 66 23 0 70 66 40 29 81 53 31 54 69 78 72 78 116 72 18 4 60 49 39 63 67 0 0 0 0 0 0 0 0 0 15 195 142 0 0 32 2 0 0 105 117 82 83 133 132 126 129 130 129 118 112 124 128 116 123 136 138 135 128 129 138 135 130 140 138 136 146 152 68 148 71 152 142 132 145 144 0 0 143 150 148 154 153 151 
0 0 0 0 135 135 135 0 135 0 135 0 0 0 0 135 62 113 0 0 145 143 133 145 139 0 137 74 55 121 0 116 139 138 44 17 0 0 0 0 85 40 35 31 0 70 64 0 0 0 88 112 0 40 39 55 78 33 29 51 54 47 49 25 33 0 0 0 0 0 0 0 0 0 22 192 12 208 0 0 0 0 46 122 114 71 93 0 0 0 129 130 122 121 119 123 125 120 130 129 0 133 133 133 139 125 132 137 132 141 141 135 139 138 149 147 133 138 150 151 0 149 150 156 153 161 155 150 
0 0 0 0 0 140 0 0 0 140 140 140 0 0 0 140 101 144 140 0 0 0 0 0 0 0 0 113 71 113 99 0 0 147 127 72 0 0 0 58 55 42 46 14 0 0 92 57 0 38 28 82 53 0 82 61 86 106 84 63 76 57 64 66 23 0 0 0 0 0 0 0 0 0 204 26 6 161 0 0 0 3 181 109 122 106 126 121 120 134 135 131 127 130 117 127 120 123 137 0 0 0 139 137 139 140 137 137 131 155 141 139 149 142 137 135 141 138 143 139 0 0 147 152 159 30 78 151 
0 0 0 0 0 142 142 142 142 142 142 142 0 0 0 142 82 146 139 160 0 0 0 0 135 156 0 114 67 107 0 0 0 138 147 142 0 0 0 0 42 51 83 65 48 65 94 48 0 0 34 55 74 51 55 73 83 101 120 88 106 42 83 75 36 0 0 0 0 0 0 0 0 0 199 20 16 12 0 0 41 30 23 173 105 77 133 135 127 136 136 127 126 119 125 122 112 94 127 138 136 145 145 141 146 135 122 133 139 138 142 141 139 134 143 145 136 141 144 142 0 0 150 144 156 151 150 150 
0 0 0 0 0 148 148 148 148 148 148 0 0 0 0 0 108 156 138 162 163 0 0 0 0 123 121 57 54 115 0 98 0 139 126 146 0 0 0 33 25 93 0 44 53 70 113 90 50 0 0 58 54 49 45 47 58 67 93 114 117 57 58 45 38 0 0 0 0 0 0 0 0 122 124 145 17 194 0 0 0 45 22 165 85 138 136 128 123 131 136 132 125 131 126 132 123 125 133 145 135 143 151 142 154 142 147 137 144 145 147 135 137 137 145 150 142 140 139 124 0 0 0 147 152 152 153 151 
0 0 0 0 0 141 141 141 141 141 141 0 0 0 0 0 87 173 174 166 145 125 0 0 0 0 0 0 0 0 0 0 0 0 0 0 0 0 0 56 52 106 0 0 0 0 0 0 0 0 0 0 0 0 62 75 45 55 64 69 89 57 67 32 0 0 0 0 0 0 0 0 0 45 14 199 137 148 138 140 134 42 19 160 140 110 127 122 123 127 127 139 121 132 126 118 119 130 131 134 139 144 145 134 144 148 142 147 144 139 140 149 139 141 147 142 27 23 71 143 0 0 148 143 150 138 125 150 
0 0 0 0 0 134 134 134 134 0 134 0 0 0 0 0 115 191 188 157 117 122 126 155 0 0 146 0 0 0 24 0 133 146 148 144 141 0 0 0 94 94 53 41 0 65 61 0 0 0 71 90 50 27 60 90 51 7 19 0 150 95 18 9 20 26 0 0 0 0 0 0 0 26 36 191 23 205 142 129 0 121 47 178 96 64 125 111 132 124 127 142 129 123 129 124 122 125 133 138 141 143 142 139 143 141 131 137 138 137 143 146 135 86 63 145 26 24 76 149 0 0 156 148 158 151 146 156 
0 0 0 0 0 133 133 133 133 133 133 0 0 0 0 0 101 172 182 137 121 119 124 109 127 0 0 0 0 0 0 0 0 0 0 0 0 0 0 0 125 123 0 37 31 76 79 65 16 48 29 47 67 59 44 51 57 124 96 114 0 98 79 86 106 103 0 0 0 0 0 0 0 37 34 25 25 19 194 142 148 129 53 15 160 61 115 124 122 118 131 128 132 129 130 127 124 136 138 139 138 138 138 139 136 145 149 144 135 141 146 149 28 17 58 127 20 9 59 139 137 0 146 146 143 155 156 152 
0 0 0 0 153 153 153 153 153 153 153 0 0 0 0 0 132 154 119 127 146 125 154 142 127 113 115 0 0 0 81 0 0 0 0 0 0 0 0 0 136 147 143 118 91 117 109 79 35 38 37 53 90 45 36 60 71 145 61 84 28 125 77 75 110 46 0 0 0 0 0 0 0 122 18 49 27 38 31 45 52 194 123 114 115 92 38 79 98 107 110 124 138 133 129 120 78 143 132 119 140 97 84 141 143 119 138 68 60 88 31 87 49 60 46 43 82 58 93 103 0 86 101 89 83 88 79 72 
0 0 0 0 176 176 176 0 176 176 176 0 0 0 0 0 125 129 162 147 130 171 124 118 125 126 174 60 20 0 0 0 0 63 0 0 127 131 102 71 81 121 88 0 45 64 65 49 120 0 55 58 40 46 42 60 57 70 53 48 26 26 40 44 40 0 0 0 0 0 0 0 0 0 144 14 40 41 203 152 151 131 112 47 182 85 86 100 121 111 124 125 114 114 126 125 109 133 120 107 114 110 108 104 124 122 134 127 128 117 120 141 143 142 131 113 128 145 148 144 0 0 139 144 136 117 110 92 
0 0 0 0 0 135 135 135 135 135 135 0 0 0 0 0 100 165 132 111 133 208 214 131 124 124 155 60 19 38 0 0 0 84 104 0 0 91 47 81 115 113 112 92 0 0 0 0 0 0 0 114 113 123 114 111 137 118 69 79 12 57 82 90 73 56 0 0 0 0 0 0 0 0 49 46 38 34 207 23 206 134 46 7 182 134 118 121 0 116 134 142 140 131 139 127 113 125 149 130 92 87 90 95 128 153 123 104 114 100 129 117 117 115 120 108 93 75 75 75 0 0 0 73 55 13 131 64 
0 0 0 0 0 144 0 0 0 0 0 0 0 144 0 0 118 163 142 0 0 0 0 0 0 0 0 0 0 0 0 0 0 0 0 0 0 0 119 128 117 0 0 0 0 0 0 0 0 121 119 116 120 108 114 105 120 123 114 90 72 36 16 30 106 72 0 0 0 0 0 0 0 0 123 147 144 153 138 32 38 20 18 133 64 0 130 140 0 122 139 138 135 132 127 138 0 0 125 0 0 0 0 0 0 0 0 71 0 0 0 0 0 0 0 0 30 70 93 81 0 0 55 95 44 84 117 94 
0 0 0 0 0 149 149 149 0 0 0 0 0 0 0 0 111 144 159 136 0 129 117 115 122 0 161 69 10 46 55 109 68 97 59 82 118 117 110 100 111 104 103 0 86 102 0 0 132 125 118 92 77 96 67 46 60 46 32 72 138 129 108 77 96 121 0 0 0 0 0 0 0 162 52 1 176 126 125 140 135 23 41 170 91 0 0 0 142 0 140 0 0 0 0 0 0 0 0 0 0 0 0 0 0 0 0 0 0 0 0 42 79 120 100 50 3 45 102 133 0 0 0 52 49 80 82 31 
0 0 0 0 137 137 137 137 137 0 0 0 0 0 0 137 106 173 139 126 0 0 130 127 129 110 0 63 10 47 54 82 56 103 93 108 123 108 111 103 92 109 123 0 0 0 88 92 109 123 118 70 65 85 86 98 89 49 78 94 139 149 119 78 152 0 0 0 0 0 0 0 0 127 27 44 203 132 134 135 23 20 32 6 52 0 0 154 145 0 0 0 0 0 132 0 0 0 129 129 0 0 127 126 136 139 121 35 58 0 113 4 86 66 135 37 37 71 96 121 0 0 115 57 50 50 92 78 
0 0 0 0 0 0 0 0 0 0 0 0 0 0 0 140 89 153 102 107 124 144 149 123 125 166 147 0 26 43 62 126 0 112 117 119 103 47 16 138 92 83 82 0 0 0 0 38 71 66 44 41 27 48 70 90 60 5 43 69 120 112 117 107 123 203 0 0 0 0 0 0 0 145 21 215 137 13 206 19 45 195 127 55 0 0 0 142 132 137 144 0 0 158 161 146 0 127 116 130 36 0 78 137 134 131 118 49 0 0 13 61 129 88 0 0 0 60 103 119 0 0 0 87 78 48 81 102 
0 0 0 0 0 0 0 0 0 0 0 0 0 0 0 0 92 87 119 87 119 112 118 106 123 179 165 68 3 45 60 141 78 0 101 111 112 75 132 0 97 46 82 0 0 0 0 69 52 44 79 80 87 120 102 99 95 85 84 87 87 93 128 105 156 180 0 0 0 0 0 0 0 31 24 206 151 0 0 20 45 43 188 40 45 0 0 147 149 137 157 0 0 0 0 134 128 0 121 118 0 0 134 130 141 146 118 42 0 0 60 111 126 110 129 42 37 130 57 79 0 0 95 103 56 51 62 82 
0 0 0 0 0 0 0 0 0 0 0 0 0 0 0 0 117 118 168 113 95 104 130 134 138 0 0 85 46 38 49 0 39 95 0 104 80 33 22 159 89 20 39 57 0 0 0 0 64 49 77 86 62 50 72 50 62 65 52 84 99 122 147 146 94 193 0 0 0 0 0 0 0 0 18 49 209 0 0 20 192 19 6 156 86 0 0 151 139 148 150 0 0 0 0 0 133 143 151 125 0 0 0 0 0 0 0 50 0 0 0 0 0 0 0 48 32 66 15 49 0 0 0 96 94 44 52 95 
0 0 0 0 0 0 144 144 144 144 144 144 0 0 0 144 77 126 127 111 127 147 182 118 110 119 191 0 18 0 0 0 0 96 141 0 0 83 111 74 56 83 0 0 0 0 0 56 0 101 0 0 0 75 103 89 89 90 106 112 122 128 121 118 123 90 0 0 0 0 0 0 0 143 146 142 143 0 0 208 23 0 36 160 100 0 0 139 137 136 140 0 0 0 139 144 0 151 140 0 0 0 0 124 138 148 120 36 0 0 0 88 13 121 119 55 33 48 58 99 0 0 0 85 41 81 102 102 
0 0 0 0 0 0 0 0 149 149 0 0 0 0 0 0 72 150 140 139 98 100 0 0 163 136 123 80 0 0 17 110 0 91 135 130 147 0 101 69 113 0 0 0 0 0 0 0 95 0 0 0 0 0 0 43 60 79 93 91 115 131 123 113 86 98 0 0 0 0 0 0 0 0 176 145 132 140 142 155 140 140 125 105 122 0 0 146 140 127 138 0 0 0 129 141 0 0 136 126 0 0 111 132 144 140 120 31 99 0 137 95 73 121 124 60 18 70 88 135 0 0 0 99 72 98 125 123 
0 0 0 0 0 0 0 0 0 0 0 0 0 0 0 0 74 122 125 154 117 128 125 137 0 0 0 99 0 0 0 89 0 94 95 116 105 90 107 90 73 63 0 0 0 0 0 65 0 74 96 89 94 0 0 0 0 77 78 80 117 137 118 97 129 48 0 0 0 0 0 0 0 0 152 127 148 0 143 144 10 52 186 113 0 0 0 144 142 136 126 0 0 142 142 143 0 0 81 62 77 0 88 46 45 47 101 45 0 0 82 88 2 132 123 62 25 0 70 63 0 0 0 109 42 64 69 69 
0 0 0 0 0 135 135 135 135 135 135 0 0 0 0 135 89 143 131 171 169 178 169 184 157 169 183 158 0 0 0 0 0 113 0 105 0 52 37 46 70 0 0 0 0 0 57 62 61 60 82 79 73 0 51 36 47 62 77 73 127 136 86 99 57 120 0 0 0 0 0 0 0 0 145 134 137 137 138 136 13 35 0 0 0 0 0 0 0 0 0 0 0 0 0 0 0 0 25 106 66 0 0 0 0 0 0 61 0 0 0 0 0 0 0 81 78 87 69 81 0 0 0 81 62 109 128 83 
0 0 0 0 0 139 139 139 139 139 139 0 0 0 0 139 97 141 133 170 199 122 115 133 166 0 0 108 52 0 0 0 125 0 84 87 76 121 87 70 65 65 46 56 127 0 0 96 103 92 89 85 72 77 0 69 90 68 68 71 122 136 70 176 181 160 0 0 0 0 0 0 0 0 208 138 141 135 133 137 136 25 0 0 0 0 0 0 164 161 142 145 0 0 0 120 109 0 38 20 40 0 0 76 36 34 74 78 59 0 0 93 123 143 117 79 60 89 89 117 0 0 0 52 42 78 74 88 
147 0 0 0 0 148 148 148 148 0 0 0 0 0 0 0 138 187 179 168 164 163 181 164 150 0 145 0 47 0 0 0 0 75 0 18 151 50 8 0 0 0 0 0 0 0 0 55 92 91 97 85 0 0 48 63 76 58 84 118 123 124 120 142 112 163 0 0 0 0 0 0 0 25 200 144 134 129 127 145 145 130 33 0 0 131 149 138 141 132 127 136 141 0 0 124 124 115 124 137 146 137 0 128 132 132 144 130 138 123 0 0 148 132 140 144 141 129 132 130 0 0 0 119 120 120 116 86 
138 0 0 0 0 0 156 156 0 0 0 0 0 0 0 156 155 111 122 174 146 149 137 134 139 147 166 110 18 0 0 0 0 88 68 57 36 51 122 70 133 70 58 0 0 0 0 0 92 103 99 91 0 0 0 0 0 63 87 128 121 119 137 111 89 131 0 0 0 0 0 0 119 131 150 133 130 121 18 174 139 142 37 0 0 111 149 128 132 139 135 0 0 0 0 0 120 129 138 111 132 125 0 0 141 0 0 135 121 0 0 0 0 0 0 0 0 128 128 139 0 0 0 129 137 134 128 128 
0 0 0 0 177 177 0 177 177 177 177 0 0 0 0 0 164 179 132 159 201 161 0 0 0 0 0 0 0 0 0 0 0 0 0 0 48 0 0 0 0 0 57 0 0 0 0 104 97 0 0 0 0 0 116 105 102 109 118 119 122 122 0 0 144 93 0 0 0 0 0 0 128 0 0 0 0 138 141 126 125 132 120 93 78 123 143 141 143 132 134 137 123 110 0 121 146 0 0 0 0 74 50 78 115 74 52 63 87 105 112 78 112 53 87 104 58 34 89 136 0 0 0 144 142 126 128 132 
0 0 0 0 0 188 188 0 188 188 188 0 0 0 0 0 166 98 166 184 167 185 167 123 147 0 0 0 0 0 0 0 0 63 128 0 141 74 20 35 76 123 84 120 0 0 64 89 86 0 0 0 0 0 0 71 88 79 66 0 133 141 0 0 132 135 111 0 0 0 0 0 0 0 0 0 0 120 132 42 218 152 103 0 0 0 0 0 0 0 0 0 0 0 137 0 0 0 0 0 0 0 0 0 0 93 51 19 45 66 66 35 16 82 54 35 20 119 140 144 0 0 0 135 130 115 99 125 
155 149 0 0 150 150 150 150 0 150 150 0 0 0 0 0 147 142 135 147 172 187 0 0 0 0 0 0 42 0 0 0 0 0 50 50 0 52 80 86 0 53 54 0 0 0 0 122 77 0 0 0 0 0 0 124 127 118 104 112 143 145 0 127 130 121 0 0 0 0 0 0 0 0 0 0 115 53 23 180 134 153 113 0 0 0 145 0 0 0 0 0 0 0 0 0 0 0 56 27 0 0 92 108 39 94 66 14 68 57 63 8 107 108 113 87 87 110 117 109 0 0 0 135 122 119 120 113 
141 144 0 0 0 148 148 148 0 0 148 0 0 0 0 0 145 132 130 135 0 0 0 0 0 0 0 0 0 0 0 0 0 0 0 0 0 0 0 0 0 0 0 0 102 0 0 131 123 0 0 0 145 132 121 143 159 139 136 100 102 114 0 90 109 129 0 0 0 0 0 0 0 0 130 147 151 64 10 19 199 163 141 0 0 150 68 112 0 0 133 131 0 119 136 123 0 103 63 138 27 0 0 71 52 94 59 52 4 69 32 104 123 123 125 117 59 110 127 119 0 0 0 103 127 127 131 122 
172 0 0 0 0 146 0 0 146 146 146 0 0 0 0 0 136 127 150 151 0 0 0 0 0 0 0 0 0 0 0 0 0 0 0 0 0 0 0 0 0 0 99 101 120 121 0 136 0 0 0 0 141 142 114 156 145 142 63 193 144 79 172 143 90 74 0 0 0 0 0 0 0 0 0 0 124 32 203 127 135 122 141 0 0 171 91 147 0 0 0 130 117 131 138 0 0 110 65 50 0 0 0 104 32 91 57 77 17 91 55 30 113 121 117 107 76 112 128 111 0 0 0 124 91 85 93 73 
145 0 0 0 142 142 142 142 142 142 142 0 0 0 0 0 142 207 214 176 217 174 167 154 162 154 201 117 45 137 29 0 0 0 105 101 0 93 122 126 115 110 109 106 110 107 98 0 141 0 0 0 0 122 126 138 122 129 33 45 204 123 0 127 99 71 0 0 0 0 0 0 0 0 0 0 118 35 204 136 140 176 165 0 0 0 0 0 0 0 0 130 123 115 127 0 118 130 39 18 124 0 0 83 43 68 42 28 3 102 9 3 137 106 108 97 91 79 97 120 124 0 0 120 102 103 96 123 
167 0 0 0 0 153 153 153 153 153 153 0 0 0 0 0 152 187 167 155 175 200 157 127 149 161 182 119 29 144 62 41 0 0 0 85 98 97 94 105 103 112 109 98 108 115 108 0 137 121 0 0 0 0 133 141 129 150 52 6 10 15 201 136 147 153 0 0 0 0 0 0 0 0 0 118 43 201 139 142 139 141 128 0 0 125 68 0 0 121 0 0 0 106 119 0 126 138 51 29 102 79 0 47 9 64 67 55 23 75 71 12 69 120 115 129 120 143 117 110 117 0 0 133 121 122 113 131 
183 0 0 0 0 139 139 139 139 0 0 0 0 0 0 0 133 140 204 139 135 132 157 136 152 138 178 154 8 54 10 37 0 0 0 0 114 105 100 0 0 0 110 103 106 93 101 109 121 102 0 0 0 0 140 130 108 137 58 178 124 0 16 203 146 134 0 0 0 0 0 0 0 0 119 113 129 133 131 131 151 120 122 0 0 128 123 0 0 99 42 0 0 116 118 0 139 136 61 17 118 0 0 0 99 89 70 63 100 103 33 101 75 135 115 130 132 114 122 112 123 0 0 131 130 121 120 110 
219 0 0 0 0 172 172 172 172 172 0 0 0 0 0 0 161 135 154 131 142 174 151 145 147 132 191 140 31 48 29 42 0 0 0 0 111 110 98 0 0 0 98 122 120 105 108 122 149 0 131 124 121 138 0 134 99 115 97 106 102 50 189 34 157 152 0 0 0 0 0 0 0 124 127 117 125 0 0 134 105 133 89 0 0 157 129 86 0 138 151 0 0 59 122 0 0 136 75 0 28 133 91 93 93 102 55 20 63 56 68 12 126 104 99 76 66 66 101 125 136 0 0 112 130 135 124 93 
158 164 0 0 192 192 192 192 192 0 0 0 0 0 0 0 181 134 127 133 143 160 146 200 172 159 144 130 34 56 90 76 106 0 0 0 119 74 102 102 116 107 94 105 96 100 97 0 127 121 0 109 111 140 131 105 42 153 85 159 140 103 109 37 179 42 0 0 0 0 0 0 166 132 123 114 117 0 0 0 117 123 92 0 0 139 132 0 0 0 216 140 0 110 103 134 0 0 0 0 0 0 0 61 111 103 47 39 61 93 91 66 35 97 124 81 22 112 28 136 132 0 0 112 126 119 111 84 
182 0 0 0 217 217 217 217 217 0 0 0 0 0 0 0 208 177 138 134 0 172 134 202 203 175 138 148 59 0 0 0 0 0 0 0 100 107 113 106 102 102 83 89 95 122 101 92 121 125 127 129 126 148 110 139 69 68 113 176 171 85 122 54 188 48 0 0 0 0 0 150 125 182 123 118 125 137 0 0 0 120 49 0 0 0 142 94 0 133 175 175 0 0 102 130 0 0 0 124 0 0 0 58 96 74 73 79 101 104 129 103 91 130 53 102 54 112 100 128 139 0 0 117 124 76 69 78 
152 0 0 0 140 140 140 140 140 140 140 0 0 0 0 0 134 170 136 135 141 166 188 154 149 163 0 0 0 101 0 39 110 0 0 0 0 0 101 105 102 104 95 98 93 103 107 82 97 107 110 118 97 98 41 99 112 178 137 165 180 110 99 73 14 0 0 0 0 0 0 112 127 125 144 124 123 0 0 0 0 0 88 116 0 0 135 113 0 0 135 139 0 0 114 124 126 0 0 0 113 107 116 119 128 121 116 106 91 108 119 124 137 112 89 81 118 110 112 122 94 0 0 77 76 119 90 75 
174 146 0 0 188 188 188 188 0 188 188 0 0 0 0 0 169 141 172 146 134 179 184 132 122 132 0 0 0 0 0 50 99 0 0 0 0 0 0 59 71 101 95 96 0 0 100 69 34 15 3 11 4 67 97 118 172 65 0 0 0 73 74 11 12 0 0 0 0 0 176 170 126 127 97 48 6 0 0 0 0 64 4 91 126 0 109 56 49 14 18 11 48 0 115 109 101 104 128 0 0 124 127 125 122 126 125 115 110 107 124 114 130 122 109 109 110 117 112 122 0 0 0 71 73 115 99 61 
142 0 0 0 0 0 0 0 0 0 0 0 0 0 0 0 146 139 173 169 144 203 193 124 144 171 185 0 0 0 0 0 0 0 0 0 0 0 0 0 51 89 87 0 0 0 0 0 94 124 57 67 54 86 37 46 155 108 92 0 0 0 0 140 65 0 0 0 0 0 0 144 153 145 143 0 0 0 0 0 0 104 79 52 101 64 49 112 0 20 11 28 198 55 0 119 119 103 99 114 127 129 122 132 118 126 123 119 119 123 122 131 129 115 117 139 134 127 122 139 114 0 0 126 102 84 84 103 
0 0 0 0 0 0 0 0 0 0 144 0 0 0 0 0 131 134 123 126 124 192 149 126 179 227 206 0 0 0 0 0 0 63 57 74 0 0 0 89 81 50 97 0 0 0 45 51 155 172 86 0 0 89 51 59 151 0 0 0 0 0 90 107 59 0 0 0 196 122 0 0 132 127 47 5 63 31 179 0 0 0 79 125 139 0 0 26 9 0 0 125 0 0 0 0 126 78 19 22 42 93 129 33 0 68 145 142 0 135 130 133 0 119 97 125 134 111 105 102 137 0 0 98 110 102 106 67 
149 0 0 0 0 0 144 144 144 144 144 0 0 0 0 0 128 127 130 0 0 0 0 0 0 0 0 0 0 0 0 0 139 87 90 71 91 0 0 0 78 66 12 3 0 38 65 116 132 119 0 0 0 0 0 0 52 0 104 0 0 0 0 83 28 0 0 0 0 57 183 133 0 0 137 26 27 0 5 0 0 63 194 17 211 0 0 149 88 33 0 0 145 186 6 115 117 43 68 21 41 29 116 28 20 112 144 138 124 133 144 123 137 105 104 114 112 102 111 85 78 0 0 0 95 108 85 94 
0 0 0 0 0 137 137 137 137 0 0 0 0 0 0 0 131 128 130 217 146 171 150 184 0 0 0 0 0 0 0 68 129 66 80 50 80 0 0 0 0 39 78 54 0 0 74 114 0 0 0 0 0 0 0 0 9 108 123 119 162 0 158 94 0 0 0 111 134 111 20 181 26 0 0 191 20 37 0 0 0 0 154 150 147 157 0 0 152 144 0 0 0 0 88 118 119 82 45 51 8 31 120 86 50 111 118 106 104 100 127 121 112 97 108 117 113 108 117 85 69 0 0 0 75 84 82 109 
0 0 0 0 0 0 0 150 0 150 150 0 0 0 0 0 139 162 150 190 0 0 125 0 0 0 0 0 0 0 0 16 112 101 46 124 0 0 0 0 0 0 124 110 49 0 0 0 0 0 166 120 0 0 174 78 15 171 0 0 0 0 0 0 0 62 20 10 61 138 155 122 122 115 0 0 63 29 0 0 0 0 0 0 0 0 0 0 0 0 0 0 0 0 63 118 108 97 98 130 90 78 110 135 108 106 101 97 113 97 136 119 119 103 104 114 116 114 122 78 78 0 0 0 80 73 93 117 
168 0 0 0 0 177 177 177 177 177 177 177 0 177 0 0 167 158 143 134 163 138 0 0 0 0 0 136 0 0 0 75 30 58 46 98 0 0 0 47 0 0 162 134 87 50 0 0 0 172 159 120 102 0 0 121 85 163 0 0 168 223 201 87 141 132 117 33 8 202 151 148 154 141 124 122 0 0 0 0 0 0 156 138 0 0 0 0 0 0 0 0 0 0 104 123 121 112 104 128 109 117 131 134 101 102 104 91 102 109 83 115 111 108 79 95 98 117 115 103 108 0 0 0 103 97 107 107 
147 0 0 0 0 163 163 163 163 163 163 0 0 0 0 0 157 171 172 135 151 174 0 0 0 0 211 117 37 0 0 0 126 105 30 109 98 0 0 82 0 0 144 144 105 72 43 69 0 0 0 169 112 157 0 133 60 80 0 0 0 199 193 142 159 109 97 13 0 40 43 184 130 145 141 143 0 0 0 0 0 0 115 158 149 136 132 0 0 0 120 137 109 93 110 119 118 112 108 128 114 141 138 130 115 109 100 100 105 115 132 114 113 131 100 113 129 115 102 99 82 0 0 0 89 85 107 84 
151 0 0 0 0 0 0 0 0 0 142 0 0 0 0 0 136 180 186 158 186 0 0 0 0 0 181 103 52 0 0 0 136 103 34 114 47 0 0 15 0 0 0 126 102 101 0 82 94 0 0 176 0 0 0 0 0 0 0 0 0 210 181 177 127 106 147 0 0 0 65 15 8 204 0 0 0 0 0 0 0 0 37 30 218 0 0 143 131 144 0 189 102 123 114 119 118 84 0 21 15 84 97 0 71 91 111 0 55 61 74 44 9 97 131 57 0 47 65 30 7 0 0 0 60 29 45 54 
0 0 0 0 0 0 0 0 0 0 138 0 0 0 0 0 134 172 135 0 132 0 0 0 0 0 148 135 45 0 0 72 22 29 36 56 51 0 0 0 0 0 0 125 53 40 0 0 0 0 0 0 0 144 137 0 0 74 138 0 0 124 143 135 124 104 35 0 0 0 0 128 145 132 121 0 0 0 0 0 10 4 4 18 12 0 0 0 187 186 215 0 76 138 0 125 127 0 0 4 32 15 0 25 0 48 51 51 63 0 107 52 108 116 129 54 40 0 65 43 92 0 0 0 32 21 32 84 
148 0 0 0 0 0 0 0 0 141 141 141 0 0 0 0 137 177 131 131 0 0 0 0 0 155 157 132 39 0 0 57 68 32 27 51 19 0 0 0 0 0 0 106 82 64 0 153 86 89 0 141 116 87 129 95 0 28 100 165 150 110 106 143 114 101 52 35 0 0 200 134 141 140 0 0 0 0 0 0 0 9 42 42 42 172 0 0 0 145 190 0 0 104 0 0 0 0 0 0 34 161 33 31 85 0 43 83 67 0 0 0 0 0 0 0 0 0 0 11 35 0 0 0 18 10 60 105 
148 182 0 0 180 0 0 0 180 180 180 180 0 0 0 0 0 183 137 146 0 185 0 0 0 154 136 147 0 0 0 49 71 35 99 123 21 0 0 0 0 0 0 61 67 41 117 0 0 0 0 129 150 116 38 83 0 0 0 0 0 118 118 81 23 100 120 134 128 0 0 138 147 0 0 0 0 0 0 0 20 2 21 17 175 144 0 0 0 0 0 0 0 0 0 0 129 0 0 0 60 94 0 0 0 0 0 117 66 0 0 0 0 108 90 98 0 0 0 0 54 0 0 0 80 92 76 110 
0 0 0 0 144 144 0 0 144 144 144 144 0 0 0 0 123 154 148 195 0 0 0 0 179 164 126 113 29 0 6 48 26 97 0 53 45 50 0 0 0 0 0 0 0 0 0 0 0 0 0 146 139 0 0 0 0 0 0 0 0 85 57 7 19 118 0 120 36 167 0 142 123 0 0 119 0 0 0 0 0 136 33 32 0 0 0 0 0 0 0 0 0 0 0 0 0 0 0 0 127 0 0 0 0 0 0 0 0 0 0 0 0 0 0 0 0 0 0 90 90 0 0 0 92 71 87 90 
0 0 0 0 0 154 0 0 0 154 154 154 0 0 0 0 0 123 156 220 0 0 0 141 159 192 228 127 28 59 55 80 82 57 0 25 24 34 0 0 0 50 29 0 0 0 0 0 0 0 170 153 132 0 99 73 68 174 0 56 47 58 90 4 23 128 0 0 112 58 207 142 225 150 0 213 10 0 0 0 0 0 144 148 0 0 0 0 0 0 0 0 0 0 0 0 0 0 0 0 106 0 0 0 0 0 0 0 0 0 0 0 0 0 0 0 0 0 87 57 54 0 0 0 90 80 78 67 
142 0 0 0 193 193 193 0 0 193 193 0 0 0 0 0 0 140 153 193 0 0 0 0 161 137 167 112 24 35 67 76 72 42 0 0 21 38 0 0 0 0 69 57 0 0 47 69 0 0 161 144 107 0 0 54 63 80 173 0 65 64 141 45 45 58 136 131 0 126 0 149 173 137 0 0 0 0 0 0 0 138 147 146 119 150 139 194 214 164 0 0 99 97 118 131 117 116 97 78 112 61 22 39 27 52 130 131 121 102 105 87 97 94 87 100 128 107 96 86 60 0 0 0 116 107 114 87 
0 0 0 0 0 0 0 0 0 0 173 0 0 0 0 0 145 152 121 0 0 0 0 0 0 0 0 0 0 0 0 0 0 0 0 0 0 52 56 0 0 0 3 2 16 0 0 25 0 0 156 162 0 0 0 136 120 149 0 184 170 121 0 0 0 0 0 0 0 0 0 0 0 0 0 0 0 0 0 0 0 92 112 120 129 123 130 189 169 156 0 0 0 87 105 123 124 119 81 30 95 34 16 15 11 20 125 104 97 119 95 98 99 106 99 102 108 124 124 83 80 0 0 0 88 102 63 83 
0 0 0 0 0 0 147 147 0 147 147 0 0 0 0 0 129 163 124 0 0 184 0 0 0 0 0 0 0 0 0 0 0 0 0 0 0 0 0 0 0 0 0 63 84 73 0 0 14 0 0 158 141 0 0 0 0 0 0 154 175 0 0 0 0 0 0 0 0 0 0 0 0 29 11 221 0 0 0 0 124 104 99 59 126 137 96 147 176 0 0 0 0 0 33 106 132 108 68 31 72 31 4 79 73 76 126 77 105 107 85 76 70 118 101 122 117 110 99 105 110 0 0 0 119 79 65 107 
0 0 0 0 0 0 0 207 207 207 207 207 0 0 0 0 186 183 155 0 0 0 0 0 0 157 125 90 28 48 0 0 0 0 62 59 114 89 37 0 0 0 0 0 0 23 31 0 0 0 0 0 0 112 167 135 68 87 78 166 168 0 0 0 177 86 0 0 0 13 27 10 0 33 11 204 22 0 0 0 0 66 87 87 130 135 0 0 0 0 0 0 0 0 22 64 113 109 59 44 48 54 90 137 121 114 124 91 84 129 111 69 74 104 127 135 130 121 125 128 115 0 0 0 128 109 72 120 
0 0 0 0 0 0 0 0 0 0 0 0 0 0 0 0 0 111 138 0 0 0 0 0 0 0 171 92 26 0 0 0 0 0 70 65 86 69 0 0 0 0 0 0 0 0 84 0 0 0 0 0 0 100 105 95 86 72 88 103 159 195 0 0 86 149 35 0 0 3 201 129 0 0 0 0 0 139 0 0 0 0 131 112 0 0 0 0 0 0 0 0 0 0 13 70 124 116 117 124 119 119 117 129 123 92 110 125 95 112 111 91 103 93 106 111 124 133 122 118 135 0 0 0 98 92 110 86 
170 149 0 0 0 178 178 178 178 178 178 178 0 0 0 0 171 146 148 125 0 0 0 0 164 172 177 147 27 54 41 0 0 0 49 45 100 0 0 0 0 0 0 0 30 0 0 0 0 0 77 40 0 0 0 28 70 135 74 55 89 134 0 0 68 125 169 0 0 0 195 166 147 0 0 0 0 0 115 0 0 0 0 171 0 0 0 0 0 0 175 162 158 173 177 81 24 80 74 63 55 90 104 95 87 108 101 87 51 73 100 91 86 92 69 17 89 32 84 72 31 0 0 0 59 83 63 81 
184 154 167 0 0 167 0 0 167 167 167 167 0 0 0 0 0 142 134 134 0 0 0 0 0 179 174 153 121 0 51 74 0 0 59 46 85 78 0 0 0 69 107 0 0 31 46 35 75 0 90 0 0 0 0 62 111 183 194 115 160 154 0 0 0 0 0 0 0 0 142 42 213 0 0 0 202 158 192 0 0 0 0 153 202 184 159 204 186 173 169 161 0 0 0 178 162 168 143 0 0 0 0 0 159 136 78 42 134 156 0 0 0 0 0 0 0 168 86 169 171 0 0 0 165 169 63 62 
181 157 212 0 212 212 212 212 212 212 212 0 0 0 0 0 199 136 149 142 0 0 135 174 168 0 155 127 34 43 0 64 115 146 163 104 76 99 86 0 0 71 78 57 0 0 75 74 84 0 0 0 0 0 60 74 107 185 193 176 183 174 151 0 0 0 0 0 0 0 0 0 0 0 0 0 0 192 139 0 0 0 0 0 0 0 0 0 0 0 0 0 0 0 0 0 0 0 0 0 0 0 0 0 0 0 0 0 0 0 0 0 0 0 0 0 0 0 0 170 45 0 0 0 156 155 58 99 
215 207 175 0 175 175 175 175 175 175 175 0 0 0 0 0 167 172 154 136 0 0 128 137 144 175 154 148 75 45 46 92 0 162 165 0 0 0 0 0 0 46 49 56 76 0 73 103 96 0 0 0 0 0 99 90 73 126 90 132 0 0 187 0 0 0 95 143 0 0 0 0 0 0 0 0 32 23 0 0 0 0 0 0 0 0 0 0 0 0 0 0 0 0 60 112 111 104 84 85 100 117 86 83 77 51 106 120 165 174 170 163 165 167 168 174 162 164 176 168 168 0 0 0 176 172 49 102 
166 0 0 0 0 0 141 141 0 141 141 0 0 0 0 0 127 128 124 0 0 0 0 189 189 193 161 140 70 54 34 61 139 0 158 126 67 62 79 0 0 45 63 71 77 0 0 0 0 17 0 0 0 52 74 55 80 149 0 0 0 126 122 147 0 0 220 0 0 0 0 189 46 208 0 0 24 188 0 0 0 0 0 117 101 169 149 0 0 0 0 0 0 0 0 100 77 12 24 171 130 163 112 104 46 58 82 56 80 179 177 170 170 168 170 181 165 170 165 173 51 45 0 0 104 180 99 178 
0 0 0 0 0 0 0 0 0 152 152 0 0 0 0 0 138 138 183 205 0 0 0 0 0 0 163 140 0 0 0 0 0 0 0 0 0 0 92 35 0 28 39 34 22 0 0 62 43 40 0 0 0 41 0 0 0 0 133 0 0 0 165 219 169 0 0 0 0 0 154 200 4 23 2 0 0 4 0 0 0 0 199 177 208 221 109 0 0 0 191 141 111 0 0 0 65 61 42 129 137 153 110 46 56 13 24 97 32 103 158 175 167 167 184 169 168 52 91 163 176 171 0 0 104 167 180 187 
164 0 0 0 177 177 177 177 177 177 177 177 0 0 0 0 168 164 185 168 0 0 0 170 202 0 0 0 0 0 0 0 0 0 0 0 0 0 0 43 0 93 92 39 37 56 44 67 64 64 82 66 73 0 0 0 0 165 203 183 0 149 184 217 0 0 0 0 0 101 0 185 181 21 27 30 0 0 0 0 0 0 215 222 196 196 130 0 0 0 0 137 145 169 116 81 79 100 103 119 128 132 109 119 72 69 77 112 71 106 91 146 141 150 174 170 162 163 159 181 171 168 0 0 175 171 177 171 
162 0 0 0 176 176 176 176 176 176 176 176 0 0 0 0 168 153 205 162 156 0 0 132 159 0 190 133 81 45 0 44 126 159 160 166 0 80 107 126 118 98 73 48 57 85 97 87 66 67 47 76 121 75 0 0 82 119 221 183 172 187 168 184 214 0 0 0 141 0 110 177 38 24 28 189 0 0 0 0 0 154 236 209 184 140 185 0 0 0 147 132 115 115 112 103 93 65 69 66 63 89 94 124 23 48 47 91 42 82 86 77 96 149 160 163 168 171 178 177 161 177 0 0 180 194 184 186 
153 204 0 0 138 138 138 138 138 138 138 0 0 0 0 0 134 158 139 139 132 186 0 0 0 175 211 99 41 59 41 133 128 147 0 0 161 137 0 61 79 0 44 42 33 110 124 0 0 0 115 82 89 83 0 0 0 2 77 179 205 135 180 167 202 0 0 0 167 132 138 159 0 46 210 167 0 0 0 0 0 0 191 188 193 198 131 192 209 160 157 161 86 63 98 56 57 47 56 0 94 31 22 104 127 78 90 119 118 105 93 111 94 164 166 166 175 179 178 177 92 0 0 0 188 191 188 178 
139 0 221 0 0 221 221 221 221 221 221 0 0 0 0 0 216 190 176 152 199 191 127 0 0 183 0 137 78 80 0 0 124 172 167 0 161 167 137 95 77 73 0 52 40 103 118 86 0 0 0 84 88 83 44 0 0 24 37 129 129 0 195 0 0 0 0 0 158 176 131 150 36 36 219 0 0 0 0 0 0 0 200 134 157 219 132 185 214 158 114 73 98 28 95 104 133 76 49 63 0 26 15 28 114 107 82 90 68 93 120 117 118 37 108 159 180 172 176 162 189 0 0 0 183 186 172 186 
142 192 0 0 211 211 211 211 211 211 211 0 0 211 0 0 207 148 142 183 193 178 175 0 0 135 144 149 83 138 116 121 136 149 0 0 0 0 172 0 0 0 49 40 100 95 139 124 0 0 92 36 44 29 34 68 0 0 98 174 141 126 133 115 114 142 187 183 141 144 0 47 11 0 0 0 0 0 0 0 217 217 222 160 193 227 227 219 203 132 108 65 118 81 95 82 125 82 57 65 0 0 41 79 37 36 77 120 112 91 94 85 20 73 91 86 172 173 166 165 169 0 0 0 176 177 185 185 
145 144 207 207 207 207 207 207 207 207 207 0 0 0 0 0 205 171 143 131 135 155 152 134 0 0 181 156 112 73 86 0 129 149 163 163 171 164 158 171 114 94 62 46 130 111 69 92 76 64 0 88 48 36 35 84 0 69 95 174 173 123 128 199 178 208 217 223 0 0 0 23 45 0 0 0 0 0 0 0 0 0 0 0 0 0 0 0 0 0 0 0 0 0 0 0 0 0 0 0 82 0 99 72 74 93 100 54 63 89 88 40 32 61 97 118 160 174 171 190 174 0 0 0 174 180 179 179 
171 162 138 138 138 138 138 138 138 138 138 0 0 0 0 0 144 199 151 136 130 131 134 133 152 0 0 0 0 0 0 0 0 157 163 175 176 173 0 0 0 0 0 60 103 123 121 113 96 99 122 81 52 38 20 37 0 0 64 133 180 150 136 169 147 229 226 0 0 0 177 0 0 0 0 0 0 0 0 0 0 0 0 0 0 0 0 0 0 0 0 0 0 0 0 0 0 0 0 0 0 83 48 101 99 107 120 109 81 125 109 55 52 106 122 163 166 171 167 164 179 183 0 0 176 176 185 180 
143 142 140 140 140 140 140 140 140 140 140 0 0 140 0 0 138 169 198 157 140 228 218 123 136 0 125 0 0 50 0 0 0 0 0 0 0 0 0 0 0 0 0 0 57 78 80 0 92 77 83 0 0 0 0 0 83 53 78 118 0 0 0 232 206 138 125 209 0 196 0 0 0 0 0 0 0 0 0 0 0 0 0 0 0 0 0 0 0 0 0 0 0 0 0 0 0 0 0 76 129 123 92 54 76 115 129 108 116 35 30 107 125 126 118 130 167 165 162 171 165 158 0 0 195 189 188 171 
165 174 183 183 183 183 183 183 183 183 183 0 0 0 0 0 176 142 185 153 132 164 166 133 0 158 151 127 0 0 0 0 137 0 0 0 0 0 0 0 0 166 171 166 151 147 95 0 0 0 0 0 0 0 0 0 0 152 166 169 0 0 0 178 203 211 205 217 187 0 0 0 0 0 0 0 0 0 223 214 0 147 147 154 149 140 107 116 91 0 0 116 115 74 135 154 134 109 104 118 109 113 88 78 145 115 129 127 128 113 85 91 117 79 82 108 150 170 173 176 176 182 0 0 179 180 181 178 
190 186 0 0 163 163 163 163 163 163 163 0 0 0 0 0 156 132 146 145 161 204 168 178 164 193 150 116 134 43 0 0 0 0 133 170 170 155 162 170 166 152 174 163 160 156 169 152 0 0 0 0 0 111 0 142 170 163 159 164 168 0 0 165 159 171 0 0 212 0 0 0 0 0 0 139 158 215 123 158 204 0 201 157 146 102 119 127 117 149 0 0 82 107 144 149 133 96 0 116 134 128 110 49 126 100 147 144 112 109 97 118 125 51 98 101 154 175 185 190 178 184 0 0 182 177 183 191 
165 141 134 134 134 134 134 134 134 134 134 0 0 0 0 0 132 131 138 147 0 174 184 170 146 174 134 142 84 69 53 142 0 0 0 191 180 173 163 159 133 178 182 165 161 174 175 161 134 124 0 0 166 169 164 157 163 165 167 165 160 166 0 171 164 133 0 204 0 0 0 0 0 151 201 179 0 125 171 176 184 209 0 215 141 116 105 145 105 0 125 0 0 149 122 137 129 124 95 156 150 102 92 124 131 112 148 148 79 156 153 133 127 110 104 91 158 164 174 185 172 173 0 0 181 179 180 182 
165 139 149 149 149 149 149 149 149 149 149 0 0 0 0 0 146 188 183 129 140 227 169 182 140 219 199 173 79 75 102 94 143 0 0 174 180 179 167 161 135 152 165 159 146 158 165 172 167 157 167 163 161 143 129 163 0 0 0 144 160 159 175 167 174 187 0 220 0 0 0 0 0 186 66 52 225 0 129 146 194 216 219 228 108 116 80 105 76 95 142 106 69 102 105 136 106 146 147 0 134 122 144 137 101 131 165 95 110 106 112 145 151 134 101 90 178 161 158 184 184 189 0 0 197 175 174 180 
180 150 149 149 149 149 149 149 149 0 149 0 0 0 0 0 144 135 167 172 129 145 141 151 173 199 205 171 44 69 92 98 171 149 176 178 177 172 165 170 170 159 171 171 165 160 166 172 152 152 165 163 165 170 160 159 0 0 0 0 161 166 94 182 0 0 0 0 0 0 0 0 0 149 223 225 132 140 134 145 145 0 202 225 203 0 86 130 0 147 127 90 104 0 0 84 101 121 0 0 122 119 128 137 65 117 90 91 90 110 119 120 108 69 61 121 181 163 164 193 182 189 0 0 192 197 198 188 
179 170 178 0 178 178 178 178 178 0 178 0 0 0 0 0 173 155 138 174 130 147 166 146 176 206 233 205 95 95 48 121 166 131 171 168 167 190 168 140 166 172 155 143 145 125 108 173 174 175 166 163 173 170 162 145 0 0 0 106 154 163 170 175 0 0 0 0 0 0 0 181 115 203 229 219 140 161 226 213 162 170 186 180 214 199 96 127 152 142 149 90 89 132 0 114 129 128 117 0 151 117 89 144 111 74 114 122 100 150 138 131 120 117 96 65 155 173 175 191 187 183 0 0 189 200 186 182 
173 164 0 0 184 184 184 184 184 184 184 0 0 0 0 0 187 188 156 137 159 178 132 139 134 203 161 152 67 80 143 136 186 178 178 181 180 177 171 152 179 180 168 148 167 170 162 186 166 134 160 164 156 110 159 0 170 171 0 0 166 157 59 73 0 0 0 0 0 0 0 0 0 131 191 0 138 0 0 0 0 133 153 151 188 142 68 94 142 118 110 129 121 108 143 112 103 108 97 121 150 137 127 164 123 95 111 76 129 153 145 98 112 108 115 168 173 166 167 181 177 186 0 0 189 178 186 187 
171 139 160 160 160 160 160 160 160 160 160 0 0 0 0 0 163 201 189 166 154 176 126 141 136 188 168 127 129 109 90 67 183 179 176 189 180 170 182 177 181 178 164 131 170 178 174 184 169 159 150 158 148 161 171 0 162 163 166 45 48 84 164 71 137 0 0 0 172 127 0 0 0 0 132 0 0 164 134 200 169 143 152 157 176 123 38 108 0 0 0 0 0 0 154 88 139 0 0 85 67 102 152 157 150 155 124 118 60 125 145 96 109 58 63 169 178 178 178 180 182 186 0 0 188 188 189 187 
210 209 215 215 215 0 0 0 215 215 215 215 0 0 0 0 207 188 144 186 176 177 199 163 222 197 154 148 99 108 102 112 123 183 180 183 165 120 146 172 173 177 174 176 184 166 138 171 174 164 161 145 163 165 182 0 171 169 181 173 86 172 125 55 57 87 0 0 0 0 0 0 0 214 0 0 0 0 0 170 0 0 0 0 0 0 0 0 0 0 0 0 0 0 0 0 0 0 0 133 119 111 140 137 136 137 135 102 98 46 64 111 44 67 107 166 180 182 177 183 181 188 0 0 0 108 181 175 
189 191 0 0 0 0 162 162 162 162 162 162 0 0 0 0 147 130 137 165 121 138 191 137 172 170 169 148 77 76 69 146 120 164 175 195 175 182 180 177 160 140 172 178 181 177 177 173 167 151 170 161 154 173 179 0 168 186 182 43 28 45 56 93 179 0 0 0 0 0 0 0 0 217 0 0 0 0 0 0 0 0 0 0 0 0 0 0 0 0 0 0 0 0 0 0 0 0 0 126 66 88 128 122 68 108 68 93 129 105 36 114 33 46 139 178 181 181 185 189 189 199 0 0 189 186 184 199 
165 177 0 0 138 138 138 138 138 138 138 0 0 0 0 0 125 147 142 168 158 182 225 163 157 228 214 174 91 101 91 91 139 172 169 176 182 178 180 176 168 171 165 157 172 177 174 176 175 171 0 0 0 0 0 0 183 160 39 0 0 0 0 0 0 0 0 0 0 0 0 0 0 0 228 0 0 129 139 196 217 0 204 200 186 183 84 127 127 112 83 101 82 126 93 131 132 126 83 114 122 119 116 126 48 122 137 96 89 118 102 74 138 135 137 183 187 191 193 195 177 161 0 0 189 196 205 197 
145 0 0 0 142 142 142 142 142 142 142 0 0 0 0 0 149 184 187 186 0 160 187 229 177 135 170 206 73 95 103 87 178 172 147 180 182 177 181 182 175 183 180 178 176 165 175 0 0 0 0 0 0 0 0 0 169 181 0 0 0 0 0 0 0 0 0 0 0 0 0 0 0 0 66 123 130 136 72 165 199 213 167 179 68 63 104 137 128 115 113 115 64 84 94 137 132 133 84 62 42 122 139 142 123 140 147 140 131 123 117 132 124 162 183 185 187 192 182 185 186 195 0 0 0 154 161 195 
156 174 0 0 146 146 146 146 146 146 146 0 0 0 0 0 145 143 160 216 149 133 143 173 204 204 151 160 65 77 129 0 192 180 154 184 185 183 189 187 187 182 177 179 182 185 0 0 0 0 0 0 0 0 0 0 172 0 0 0 0 0 0 0 0 0 0 0 0 0 0 0 0 0 0 96 141 222 86 128 172 226 183 179 58 109 189 173 136 129 63 59 105 129 79 93 130 81 41 129 113 124 125 122 113 130 121 128 123 138 98 104 153 95 188 187 192 196 185 182 199 196 0 0 188 198 186 180 
153 198 0 0 196 196 196 196 196 196 196 196 0 0 0 0 178 141 145 228 156 142 0 151 155 166 217 132 80 76 125 169 190 184 188 169 88 172 188 186 181 193 189 175 182 0 0 0 0 0 0 171 182 171 185 174 66 0 0 0 0 111 131 88 0 0 49 0 0 0 87 158 137 0 0 121 108 183 93 122 160 136 196 178 93 176 180 182 164 130 29 48 104 130 105 110 135 80 139 104 93 98 72 102 130 115 89 73 59 118 145 156 155 136 178 169 132 75 73 111 188 153 0 0 187 190 200 198 
161 153 141 141 141 141 141 0 141 141 141 0 0 0 0 0 143 178 169 180 152 145 207 127 183 225 167 119 66 83 115 83 199 185 177 194 195 181 174 140 174 183 192 178 0 0 0 0 0 0 174 178 168 190 185 184 183 177 0 0 0 39 107 0 0 0 121 0 0 0 42 148 168 92 0 0 104 132 115 109 129 138 157 142 178 179 177 159 184 174 139 123 57 147 132 51 130 81 119 91 50 118 107 123 115 118 61 123 120 91 60 166 200 183 197 187 109 190 192 201 196 201 0 0 0 159 205 81 
0 201 155 0 155 155 155 155 0 155 155 0 0 0 0 0 154 150 161 176 204 137 140 157 141 222 169 143 65 90 158 167 206 200 205 190 191 184 171 185 185 174 182 179 0 0 0 0 0 179 182 183 177 158 163 65 60 59 0 0 0 135 109 0 0 0 45 68 131 0 89 105 133 162 0 0 0 93 76 53 81 49 58 184 179 183 178 184 187 194 172 149 96 124 57 96 99 92 114 98 58 122 77 143 138 49 136 140 120 129 127 192 199 205 199 194 189 187 196 202 192 175 118 0 0 202 197 202 
143 153 187 187 187 187 187 0 187 187 187 187 0 0 0 0 185 219 176 144 174 137 176 142 149 212 140 135 73 168 91 98 180 146 182 195 188 193 192 201 182 0 181 0 0 0 0 0 186 185 192 38 153 94 185 111 176 60 0 0 0 140 0 0 0 0 135 151 129 56 127 134 91 182 131 71 0 0 134 136 123 136 140 182 177 183 182 184 195 194 74 115 160 122 59 70 107 58 58 55 0 83 64 105 144 115 142 145 101 170 191 202 194 193 190 174 191 197 202 196 206 197 0 0 0 102 78 131 
230 151 161 161 161 161 161 161 161 161 161 161 0 0 0 0 162 211 192 134 145 219 189 154 158 181 176 167 92 172 92 129 162 163 195 193 192 117 175 112 189 183 0 0 0 0 0 184 192 206 188 188 180 175 105 145 142 183 0 0 0 0 83 123 77 42 71 59 134 127 129 122 154 154 120 82 53 0 0 0 133 143 92 157 182 151 61 108 180 192 195 204 201 187 164 155 125 57 132 99 89 0 134 152 153 157 183 187 182 162 193 207 200 198 192 197 199 188 191 197 217 207 212 0 0 195 77 125 
177 136 136 136 136 136 136 136 136 136 136 0 0 0 0 0 139 210 200 155 139 182 192 165 137 141 172 119 86 164 144 145 119 184 200 181 67 113 193 186 189 195 0 0 0 0 73 70 101 187 179 165 171 189 183 184 191 176 0 0 0 0 48 121 85 21 94 55 146 122 86 90 137 173 75 63 144 78 0 0 0 0 105 63 171 57 74 77 112 186 193 190 119 192 196 186 131 117 136 100 146 173 173 16 183 196 186 119 205 199 195 203 194 106 112 194 202 210 121 208 203 202 205 0 0 196 150 126 
202 152 207 207 207 207 207 207 207 207 207 0 0 0 0 0 195 143 160 165 196 141 235 164 173 147 173 212 114 93 138 130 143 158 97 183 88 105 116 129 108 194 0 0 0 0 198 191 67 65 106 183 194 117 191 186 162 167 68 76 0 0 83 48 11 36 63 66 58 113 68 136 71 51 63 105 20 81 93 67 0 0 0 38 7 89 190 74 128 203 119 187 194 199 201 119 204 204 198 198 203 212 93 88 77 77 106 78 125 212 190 152 204 214 124 201 187 134 205 197 202 199 173 0 0 170 150 213 
166 207 195 195 195 195 195 195 195 195 195 0 0 0 0 0 192 154 188 143 0 204 179 150 237 222 142 171 149 98 108 134 128 144 193 187 169 113 162 127 59 133 118 0 0 0 199 80 69 77 66 111 188 110 64 71 121 49 62 10 7 0 27 29 9 9 20 7 84 87 18 82 48 42 93 108 78 33 82 88 74 66 54 45 31 94 186 193 198 185 74 102 133 155 194 77 69 78 82 109 121 185 73 130 199 174 197 198 205 208 184 123 200 203 207 205 214 212 204 203 211 206 83 0 0 206 167 132 
181 149 138 138 138 138 138 138 138 138 138 138 0 0 0 0 134 163 132 149 159 129 153 186 190 159 153 175 110 159 155 186 0 0 206 194 204 76 96 95 80 83 76 0 0 0 77 77 62 77 70 109 193 198 71 109 191 63 75 15 28 19 19 60 45 64 48 53 49 71 87 0 13 38 76 63 71 63 77 70 55 29 85 87 48 107 178 201 206 191 60 91 109 188 196 84 90 121 208 115 175 201 208 199 206 201 204 126 205 91 87 127 0 152 202 201 206 185 206 211 210 210 213 0 0 212 205 119 
156 144 140 140 140 140 140 140 140 140 140 140 0 0 0 0 139 169 153 130 0 139 133 134 205 211 210 171 51 129 87 138 203 191 103 134 217 134 198 90 114 201 208 0 0 98 78 65 68 83 118 195 72 0 0 0 59 83 55 71 14 31 86 45 0 0 0 0 0 57 36 155 0 1 83 77 76 8 36 46 0 67 62 138 4 195 177 88 77 72 117 198 129 206 198 128 204 128 207 204 198 203 195 139 206 201 206 121 185 204 209 208 201 200 206 196 200 186 215 211 210 201 210 0 0 210 219 0 

