0 0 0 0 0 0 0 0 0 0 0 0 0 0 0 0 0 0 0 0 0 0 0 0 0 0 0 0 0 0 0 0 0 0 0 0 0 0 0 0 0 65 0 0 0 0 0 0 0 0 0 0 0 0 0 0 0 0 0 0 0 0 0 0 0 0 0 0 0 0 0 0 0 0 0 0 0 0 0 0 0 0 0 0 0 0 0 0 0 0 0 0 0 0 0 0 0 0 0 0 0 0 0 0 0 0 0 0 0 0 0 0 0 0 0 0 0 0 0 0 0 0 0 0 0 0 0 0 
0 0 0 0 0 0 0 0 0 0 0 0 0 0 0 0 46 0 0 0 0 0 0 0 0 0 0 0 0 0 0 0 0 0 0 0 0 0 0 0 0 63 0 0 0 0 0 0 0 0 0 0 0 0 0 0 0 0 0 0 0 0 0 0 0 0 0 0 0 0 0 0 0 0 0 0 0 0 0 0 0 0 0 0 0 0 42 0 0 0 0 0 0 54 0 0 0 0 0 0 0 0 0 0 0 0 0 0 0 0 0 0 0 0 0 0 0 0 0 0 0 0 0 0 0 0 0 0 
0 0 0 0 0 117 0 101 116 122 0 0 0 0 0 0 0 42 42 42 42 42 42 42 42 0 0 0 0 0 0 0 0 0 50 49 56 59 61 62 62 64 0 0 159 152 164 176 180 140 84 67 78 72 74 98 117 130 100 62 76 70 93 0 0 188 184 184 0 0 0 0 178 181 186 189 190 180 0 0 0 0 52 49 46 0 0 46 47 49 50 63 53 60 0 0 0 53 58 57 67 135 185 183 172 168 187 171 178 173 181 181 176 164 159 163 175 182 158 161 0 0 171 161 150 165 164 169 
119 116 0 111 117 113 103 0 0 123 0 0 0 0 0 0 41 42 42 42 42 42 42 42 0 0 0 0 0 42 0 0 0 0 0 0 0 0 0 74 68 61 0 0 156 148 164 168 137 61 74 0 85 82 73 92 0 0 110 119 82 67 64 164 189 187 190 0 189 0 0 0 0 184 180 177 147 0 0 0 48 52 47 76 48 45 42 46 48 53 52 51 0 0 0 0 52 56 54 65 59 68 161 183 182 190 175 182 187 188 182 173 166 162 158 168 167 158 165 0 0 155 150 165 166 176 174 161 
0 0 0 0 119 109 0 100 0 0 0 0 0 0 0 42 41 41 41 41 41 41 41 0 0 0 0 0 0 0 0 0 0 0 0 0 52 59 76 63 67 66 0 0 155 153 166 127 80 74 78 78 0 72 78 96 116 0 0 181 129 83 75 136 194 186 196 193 191 189 0 0 0 0 0 0 156 97 58 54 52 50 48 57 46 48 47 51 50 51 0 0 0 0 0 0 0 47 55 66 55 55 85 177 181 187 192 180 170 171 179 178 178 166 162 158 153 172 160 0 0 160 160 175 172 184 184 183 
118 118 117 0 115 107 0 0 0 0 0 0 0 0 0 38 36 42 42 42 42 42 0 0 0 0 0 0 0 0 0 0 0 0 0 0 53 58 67 63 73 68 89 0 0 0 0 88 67 76 83 76 65 0 89 100 114 162 0 0 172 127 101 110 194 189 0 188 192 172 162 0 0 0 0 0 189 194 165 115 61 48 53 50 48 52 0 0 0 0 0 0 0 0 0 0 0 55 59 58 0 68 59 102 158 176 181 182 174 169 182 170 175 181 169 157 166 173 171 0 0 179 186 189 190 194 186 184 
0 0 0 0 0 109 102 0 0 124 0 0 0 0 0 46 41 45 45 45 45 45 45 0 0 0 0 0 0 0 45 45 0 0 0 0 62 61 63 67 57 0 0 0 0 154 0 0 0 0 0 0 74 74 104 121 136 176 182 0 178 142 113 107 190 0 0 0 0 172 166 131 0 0 0 0 0 187 188 192 170 93 53 46 0 0 0 0 0 0 0 0 0 0 0 0 0 65 62 64 64 0 53 53 59 69 123 172 187 180 176 172 178 177 181 183 187 189 188 191 0 0 189 190 189 193 188 188 
0 0 0 0 0 0 0 0 0 0 0 0 0 0 47 44 41 42 42 42 42 42 42 0 0 0 0 0 0 42 42 42 0 0 0 0 63 65 66 72 66 81 0 0 0 0 70 68 65 0 0 0 0 91 92 109 147 184 186 191 183 164 131 114 195 0 0 0 192 174 168 145 134 0 0 0 0 0 187 184 192 0 0 0 0 0 0 0 0 0 0 0 0 0 57 61 61 65 67 70 58 62 50 54 53 49 55 120 151 168 166 179 183 196 195 191 190 192 184 194 0 186 189 189 189 188 187 189 
116 116 115 107 111 113 0 0 0 0 0 0 0 0 45 43 50 41 41 0 0 0 0 0 0 0 0 0 0 41 41 41 0 0 0 0 63 65 88 101 91 82 0 0 0 0 71 77 78 71 79 90 97 103 93 93 175 187 187 191 170 176 151 141 0 0 0 194 194 166 174 144 132 146 0 0 0 0 0 0 189 0 0 0 0 0 0 49 52 53 53 56 56 61 62 56 59 66 74 73 62 60 55 55 53 59 103 151 173 179 168 186 190 191 195 193 191 191 188 190 0 0 189 188 190 189 195 188 
0 0 0 0 0 0 0 0 0 0 0 0 0 0 53 40 49 45 0 0 0 0 0 0 0 0 0 0 0 45 45 45 0 0 0 0 62 70 90 104 101 90 0 0 0 0 86 105 112 111 98 91 115 104 91 118 187 186 186 188 0 0 0 0 194 189 196 195 191 184 149 122 0 0 0 0 0 0 0 0 0 0 0 0 70 51 51 48 49 45 51 57 65 62 65 55 62 62 63 65 61 55 56 55 85 171 186 182 178 181 175 189 184 184 190 192 191 194 191 192 0 0 185 185 188 189 187 187 
0 0 0 0 0 0 0 0 0 0 0 0 0 0 45 43 47 0 0 0 0 0 0 0 0 0 0 0 0 49 49 49 124 0 0 0 0 0 100 103 100 106 0 0 0 0 108 98 100 145 142 124 139 137 133 179 195 202 193 189 188 0 0 143 194 0 200 204 211 201 169 142 0 0 0 0 0 0 0 0 0 0 0 179 130 77 56 51 49 50 51 53 59 64 63 60 65 65 67 61 57 56 66 59 159 182 181 173 187 177 168 187 188 188 188 187 188 191 192 188 0 191 190 191 184 185 183 182 
0 0 0 0 0 0 0 0 0 0 0 0 0 0 41 39 0 0 0 0 0 0 0 0 0 0 0 0 0 45 45 45 0 0 0 0 0 0 0 104 127 0 0 0 0 0 126 134 142 149 141 126 139 147 130 201 0 0 211 206 199 0 0 156 204 206 214 216 221 210 201 0 0 0 0 0 0 193 189 187 0 186 184 179 159 65 78 55 50 50 55 57 59 61 59 61 58 56 63 0 68 63 50 97 173 174 187 178 189 182 171 185 179 165 173 167 160 165 163 164 0 163 174 157 155 163 149 144 
0 0 0 0 0 0 0 0 0 0 0 0 0 0 48 42 0 0 0 0 0 0 0 0 0 0 0 0 0 42 42 42 143 0 0 0 128 123 115 131 138 155 0 0 0 142 145 159 164 153 158 155 158 144 156 190 213 220 219 216 194 165 124 180 193 205 201 200 203 192 190 0 0 0 0 0 0 159 163 153 153 149 142 144 137 62 61 55 50 54 55 53 56 57 56 55 54 60 54 0 0 59 44 106 180 171 186 182 182 181 170 185 165 156 171 158 159 165 157 159 0 0 176 160 167 163 160 156 
0 0 0 0 0 0 0 0 0 0 0 0 0 37 44 45 0 0 0 0 0 0 0 0 0 0 0 0 48 48 48 48 0 0 0 0 161 152 140 154 150 174 201 0 0 145 162 161 159 160 171 163 161 155 186 227 221 215 220 217 200 167 191 180 175 183 193 172 177 174 182 0 0 0 0 0 146 142 138 140 136 131 135 134 137 61 54 53 50 0 55 54 57 61 54 53 58 57 58 0 0 0 55 99 177 175 183 184 185 180 174 185 148 155 166 146 147 158 155 0 0 0 156 163 154 157 149 135 
0 0 0 0 0 0 0 0 0 0 0 0 0 40 42 43 0 0 0 47 47 47 47 0 0 0 0 0 47 47 47 47 0 0 0 0 148 160 0 152 163 209 222 190 185 136 160 174 179 159 163 153 150 152 159 203 219 199 210 219 214 203 183 182 162 180 190 168 158 149 177 0 0 0 0 0 152 153 145 145 144 142 142 142 137 63 49 47 55 56 53 50 54 56 48 53 0 0 49 51 0 0 57 113 173 177 182 184 186 179 171 187 167 172 175 168 170 167 177 164 0 174 165 159 166 160 159 164 
0 0 0 0 0 0 102 0 107 0 0 0 0 42 45 52 0 0 0 0 44 44 44 44 0 0 0 44 0 44 44 44 170 0 0 0 161 156 112 0 137 207 212 179 167 166 172 152 0 0 0 0 0 150 152 161 206 214 221 225 225 214 173 190 201 193 197 190 162 150 159 0 0 0 0 0 0 154 147 0 156 157 152 147 156 91 52 0 56 60 0 0 56 45 52 55 0 0 0 0 0 0 70 149 183 188 182 182 195 145 172 186 166 152 164 151 161 160 156 0 0 167 159 160 159 153 151 156 
0 0 0 0 0 0 108 108 103 0 0 0 77 48 45 46 0 0 0 43 43 43 43 43 43 0 0 0 0 0 43 43 167 0 0 0 0 0 0 0 0 0 0 0 0 0 0 0 0 0 0 0 0 0 150 142 139 146 197 223 230 228 188 186 207 221 232 225 215 210 0 0 0 0 0 0 181 183 185 0 0 0 0 187 192 103 53 51 55 62 55 50 53 53 55 54 55 46 55 55 0 0 83 167 176 183 173 171 168 76 168 187 189 189 167 159 164 159 162 0 0 0 175 153 158 146 150 154 
0 0 0 0 0 115 111 111 0 0 0 0 0 49 46 0 0 0 0 41 41 41 41 41 41 41 0 0 0 0 41 41 156 0 0 0 0 0 0 0 0 0 0 0 0 0 0 0 0 0 0 0 0 0 121 123 125 131 144 150 150 177 170 169 191 198 222 209 197 0 0 0 0 0 0 189 186 183 188 190 0 0 0 0 0 0 0 0 0 0 0 0 0 0 0 0 0 53 55 0 0 0 108 169 181 178 161 160 87 125 174 188 190 190 183 176 187 178 168 168 0 0 172 172 175 181 175 167 
0 0 0 0 0 109 110 110 107 0 0 0 89 43 40 44 46 0 0 0 42 42 42 42 42 0 42 42 0 0 0 0 155 162 0 0 0 164 161 139 170 198 188 178 170 185 180 171 180 185 174 152 131 139 131 133 142 146 146 119 116 156 188 193 215 210 183 196 212 0 0 0 0 0 0 187 186 189 0 0 0 0 0 0 0 0 0 47 49 52 56 50 0 0 52 0 0 52 59 0 0 0 116 174 179 176 157 139 60 144 181 185 195 197 197 201 201 174 145 152 0 0 152 142 153 177 161 168 
0 0 0 0 0 108 110 107 105 0 0 0 88 43 0 0 42 43 43 43 43 43 43 43 0 0 0 0 0 0 0 0 0 0 0 0 0 0 156 133 159 182 183 165 140 170 167 176 162 155 141 153 135 161 160 128 139 148 149 140 151 155 172 192 197 209 206 162 0 204 0 0 0 0 0 189 187 186 0 0 0 0 0 0 191 97 50 48 45 49 51 43 50 55 0 0 50 52 57 0 0 0 118 178 170 183 152 127 74 180 191 155 146 150 185 185 182 159 158 164 0 163 157 163 158 150 155 167 
0 0 0 0 0 0 0 0 98 0 0 0 92 46 43 0 42 42 42 42 42 42 42 42 42 42 0 0 0 0 0 0 0 0 0 75 79 0 0 159 152 159 183 184 179 166 163 173 138 154 130 141 127 128 146 139 114 111 137 141 160 164 175 184 193 187 192 133 0 0 0 0 0 0 0 186 191 194 0 0 0 0 0 0 189 93 45 43 45 0 0 0 0 0 0 0 49 51 50 0 0 0 123 175 171 170 164 132 116 183 177 153 164 194 196 175 177 165 159 169 0 0 164 167 163 164 166 174 
0 0 0 0 0 101 0 0 0 0 0 0 0 45 0 0 0 45 45 45 45 45 45 0 0 45 45 0 0 0 0 0 0 0 0 124 133 142 0 0 193 178 175 177 189 190 204 162 154 154 155 129 0 117 136 134 132 129 151 156 157 171 203 183 117 150 188 149 160 0 0 0 0 0 0 188 188 185 0 0 0 0 0 0 0 90 47 50 45 0 45 44 50 48 48 53 50 52 49 0 0 0 132 176 173 156 165 146 133 177 166 176 202 175 166 172 171 152 152 155 0 0 160 161 148 153 176 157 
0 0 0 0 0 0 0 0 0 0 0 0 0 40 45 44 47 43 43 43 43 43 0 0 0 43 0 0 0 0 0 0 0 154 174 0 165 154 0 0 0 197 182 168 171 161 169 152 145 150 130 142 0 155 153 166 144 121 145 144 156 179 196 186 144 145 0 0 0 0 0 0 0 0 0 175 179 0 0 0 0 0 0 0 0 93 55 55 0 41 46 47 47 49 46 48 42 50 63 0 0 67 155 176 171 165 164 176 159 163 169 192 198 187 187 184 183 171 179 174 0 0 167 157 168 173 166 162 
0 0 0 0 0 0 0 0 0 0 0 0 91 45 48 41 43 43 43 0 0 0 0 0 0 0 0 0 0 0 0 0 0 168 0 0 0 0 158 0 173 196 186 191 172 172 184 177 173 173 0 0 0 157 163 157 141 139 147 154 174 208 206 169 187 0 0 0 0 0 0 0 0 0 0 132 0 0 0 0 0 0 0 165 195 102 50 58 52 47 46 51 46 47 50 47 43 58 76 0 0 79 155 177 169 175 162 181 175 161 170 192 200 203 174 160 151 146 165 0 0 0 152 156 168 154 161 167 
0 0 0 0 0 109 113 109 102 0 0 0 99 47 48 45 41 48 48 0 0 0 0 48 48 48 48 48 0 0 0 48 0 0 0 0 0 0 0 0 0 193 188 174 173 157 158 157 141 144 0 0 0 159 144 122 140 133 144 151 162 0 141 101 190 0 0 0 0 0 0 0 0 0 159 164 149 0 0 0 0 0 0 168 198 142 48 55 49 42 47 46 48 42 45 45 49 63 0 0 0 81 172 179 163 178 167 171 174 178 176 189 201 203 198 180 163 162 177 167 0 0 162 169 158 150 147 147 
0 0 0 0 0 113 114 104 99 0 0 0 105 54 49 46 43 43 43 0 0 0 0 43 43 0 43 43 0 0 0 0 145 0 0 0 159 149 0 0 0 185 163 0 0 0 0 0 0 0 0 0 0 0 181 122 146 153 145 129 165 131 122 114 145 0 0 0 0 196 0 0 0 0 0 169 164 0 171 0 0 0 0 179 195 154 0 0 0 0 0 0 0 0 0 0 0 0 0 0 73 81 184 169 169 182 178 162 180 181 176 199 196 200 191 172 170 171 179 167 0 0 178 181 186 177 176 180 
0 0 0 0 0 117 0 110 105 0 0 0 94 55 47 44 40 48 0 0 0 0 0 0 0 0 0 0 48 0 0 48 163 164 0 0 0 151 147 135 0 197 188 152 0 0 0 0 0 0 0 0 0 0 204 185 128 156 152 123 116 120 120 134 109 119 0 0 0 169 0 0 0 0 138 141 173 193 194 0 0 0 0 196 193 163 56 0 0 0 0 0 0 0 0 0 0 0 0 0 65 84 188 176 171 181 170 178 186 175 172 199 194 195 203 200 187 190 184 185 0 0 189 186 181 184 182 181 
0 0 0 0 0 116 121 117 103 0 0 0 0 44 48 0 0 0 0 0 0 44 0 0 44 44 44 0 44 44 0 0 143 0 0 0 0 0 113 124 132 178 203 0 0 0 0 196 194 180 186 177 185 188 199 184 92 116 139 132 102 100 145 141 102 0 0 0 0 182 0 0 0 0 191 191 185 175 168 165 0 0 0 169 177 168 66 52 51 48 46 49 52 48 45 47 44 64 73 69 58 82 186 177 174 183 168 183 183 183 164 159 165 165 180 167 149 151 149 146 142 143 149 149 140 141 144 146 
0 0 0 0 0 112 113 112 103 0 0 0 0 44 41 0 0 0 0 0 41 0 0 0 41 41 41 41 41 41 41 0 0 0 0 0 0 0 0 118 106 0 0 0 0 0 0 0 197 173 179 168 150 205 208 207 137 136 158 113 102 139 129 134 163 0 0 0 0 192 0 0 0 0 190 172 169 183 187 186 195 0 0 191 183 156 59 49 53 49 51 46 50 47 44 47 44 72 74 77 62 86 155 181 171 174 173 180 181 187 163 157 158 168 174 161 151 145 144 148 147 144 144 138 133 135 144 148 
0 0 0 0 0 111 115 107 0 0 0 0 0 49 40 0 45 0 48 48 0 48 0 0 48 48 48 0 0 48 48 0 0 0 120 0 0 0 149 151 127 0 0 0 0 190 178 163 163 151 0 0 0 0 196 192 155 133 152 118 105 147 115 131 147 0 0 0 0 0 0 0 0 0 161 177 166 169 172 174 164 182 0 0 192 188 72 44 46 50 47 47 0 53 44 46 51 70 80 86 73 93 0 153 170 173 176 178 185 182 161 168 165 166 178 172 155 155 147 142 140 0 131 138 135 141 142 147 
0 0 0 0 0 0 110 0 102 123 117 0 0 0 41 0 0 0 0 43 43 0 0 0 0 43 43 43 43 43 0 0 122 108 0 0 0 0 143 134 97 78 0 0 175 187 190 181 0 187 185 0 185 185 187 184 160 122 114 101 82 86 0 0 105 0 0 0 0 169 0 0 0 0 0 180 166 168 171 164 174 177 0 0 174 189 83 0 0 0 0 0 0 0 0 0 49 72 73 83 75 103 0 150 144 175 176 175 180 179 162 175 182 178 189 173 172 168 170 173 171 0 175 175 171 168 172 154 
0 0 0 0 0 0 0 105 105 125 120 0 102 0 43 0 44 0 0 0 0 0 0 0 39 39 39 39 39 39 39 0 0 0 0 0 0 0 0 105 0 0 0 187 174 165 183 182 178 187 187 0 0 185 186 183 162 148 101 96 92 88 84 80 95 0 0 0 0 0 0 0 0 0 0 0 169 169 157 163 0 0 0 0 0 0 0 0 0 0 0 0 0 0 0 0 46 77 70 76 77 0 0 0 154 134 170 176 178 178 178 195 202 203 208 193 191 190 193 194 0 0 189 185 186 186 156 139 
0 0 0 0 0 0 0 0 105 124 119 0 0 0 45 0 0 46 46 46 46 46 46 46 46 46 46 46 46 46 46 0 0 0 0 0 0 0 0 126 0 128 88 0 181 139 169 183 186 0 185 183 185 186 186 187 143 104 94 131 90 80 94 144 148 0 0 0 164 0 0 0 0 0 169 0 0 0 157 0 0 0 0 0 0 0 0 0 0 0 0 0 0 52 48 47 49 75 69 72 72 0 0 0 159 155 129 151 171 179 177 200 199 195 202 192 185 186 191 190 0 0 188 185 172 128 143 151 
0 0 0 0 0 117 115 113 114 127 0 0 0 0 0 38 0 0 37 37 37 37 37 37 37 37 37 37 37 0 0 0 0 0 0 0 0 0 0 0 0 0 112 149 0 149 156 181 188 0 0 177 183 188 187 183 168 129 105 91 129 170 188 186 159 0 0 0 0 0 0 0 0 0 167 167 171 0 0 0 0 0 0 169 168 175 82 46 50 51 53 51 61 56 52 51 50 74 67 71 81 121 161 156 160 150 152 152 145 156 161 197 204 206 204 198 193 195 194 193 189 0 159 141 131 136 142 146 
0 0 0 0 0 0 0 109 107 126 117 0 0 0 0 43 0 0 36 36 36 36 36 36 36 36 36 0 0 0 0 0 0 0 0 138 130 0 0 0 125 116 95 156 173 0 167 0 0 0 0 181 185 185 186 183 186 177 142 146 182 179 184 164 143 0 0 0 0 0 0 0 0 0 169 173 0 0 0 0 0 0 0 177 175 178 84 50 52 51 48 52 56 46 46 49 49 0 73 71 76 135 163 159 161 153 150 161 164 166 155 159 169 178 175 173 176 175 171 155 143 142 148 148 140 136 140 143 
0 0 0 0 0 127 119 111 102 125 120 0 0 0 0 41 42 0 0 42 42 42 42 42 42 42 42 0 0 0 0 0 0 161 137 121 122 0 0 0 123 97 102 146 168 150 175 0 170 184 171 175 178 171 164 177 172 172 167 167 175 167 164 163 162 0 0 0 0 0 0 0 0 0 181 155 167 0 0 0 0 0 0 163 162 168 109 49 50 56 45 51 49 51 0 0 48 72 76 71 85 143 160 161 158 162 157 163 166 167 167 159 165 170 156 147 143 150 152 158 0 0 153 153 156 145 141 138 
0 0 0 0 0 113 114 113 100 125 124 0 0 0 0 40 41 0 0 42 42 42 42 42 42 42 42 42 42 42 0 0 164 162 134 116 0 0 0 0 135 115 93 0 169 149 175 139 140 181 156 147 152 142 145 161 148 156 162 161 161 154 158 166 156 0 0 0 0 0 0 0 0 0 159 188 174 0 0 169 168 0 0 166 168 168 124 51 50 51 49 50 49 48 48 48 45 68 75 74 78 134 163 153 155 159 155 157 159 167 172 165 159 172 163 152 149 154 153 155 0 0 149 146 151 153 145 129 
0 0 0 0 111 105 107 0 93 0 117 0 0 0 0 43 40 42 0 0 42 42 42 42 42 0 42 42 42 42 0 42 161 156 146 120 0 0 0 0 135 114 98 155 0 143 174 0 0 0 188 182 0 140 158 144 142 160 152 150 144 143 172 152 149 0 0 0 0 0 0 0 0 0 152 169 179 177 0 0 0 0 163 170 171 164 83 0 0 0 54 58 45 47 49 48 46 74 74 79 0 140 158 150 156 155 147 154 168 170 173 170 163 174 162 151 152 152 152 154 0 155 145 149 149 148 139 134 
0 0 0 0 0 122 0 0 0 118 120 108 0 0 0 42 35 41 41 0 0 0 0 0 0 0 0 41 41 41 41 0 0 145 145 120 0 0 0 139 130 125 101 134 0 0 172 144 0 138 143 178 161 0 174 165 164 169 159 167 167 161 169 164 169 0 0 0 0 0 0 0 0 0 166 164 175 163 0 0 0 164 168 165 174 172 83 50 47 56 47 50 46 51 50 46 56 72 68 0 0 0 160 158 160 157 150 155 158 166 169 165 168 166 149 147 144 145 144 150 0 0 144 150 148 145 148 140 
0 0 0 0 0 120 112 106 92 117 119 113 0 0 0 40 41 39 39 39 0 0 0 0 39 39 0 39 39 39 0 0 0 127 126 122 0 0 0 0 79 81 65 126 158 145 169 138 0 0 138 145 178 184 169 144 147 156 161 141 149 158 159 165 150 0 0 0 0 0 0 0 0 0 153 164 159 161 0 0 172 174 164 162 165 165 93 51 51 55 54 47 51 55 48 49 52 69 70 89 98 159 154 153 158 154 154 157 156 164 165 171 173 159 149 151 143 138 145 150 0 0 146 147 146 146 144 145 
0 0 0 0 0 117 114 103 98 120 123 0 0 0 0 0 37 37 37 37 37 0 0 0 0 37 37 37 37 37 0 37 0 130 125 117 0 0 0 62 61 75 0 125 156 140 174 139 131 0 0 141 139 167 184 187 158 142 154 136 145 151 137 143 165 0 0 0 0 0 0 0 0 157 174 159 158 169 0 0 0 160 165 149 145 162 106 40 53 57 60 54 52 55 49 54 51 71 75 84 100 153 151 156 160 155 151 154 160 158 169 165 165 154 145 139 142 139 146 150 0 0 0 141 139 141 134 142 
0 0 0 0 0 113 111 108 100 115 121 0 0 0 0 0 38 38 38 38 38 38 0 0 0 0 0 0 0 0 0 0 0 0 0 0 0 0 0 56 62 70 0 0 0 0 0 0 0 0 0 0 0 0 147 183 175 165 168 177 152 162 170 162 168 0 0 0 0 0 0 0 0 181 185 188 184 187 186 188 194 185 187 187 186 189 83 67 53 52 55 56 54 49 57 47 51 61 68 74 96 155 159 156 165 160 154 154 165 157 161 162 160 151 145 133 134 139 136 141 0 0 142 143 143 139 134 143 
0 0 0 0 0 108 107 108 105 0 115 0 0 0 0 0 41 45 45 45 45 45 45 45 0 0 45 0 0 0 45 0 98 101 85 69 72 0 0 0 64 64 56 124 0 146 170 0 0 0 142 141 140 144 142 134 157 178 183 0 154 143 137 144 146 140 0 0 0 0 0 0 0 170 166 162 167 167 167 167 0 162 159 162 162 139 70 63 53 53 54 55 51 48 45 47 51 64 70 83 88 153 160 158 157 159 155 151 161 158 152 158 160 149 135 133 130 135 143 142 0 0 148 150 148 145 139 136 
0 0 0 0 0 107 108 109 99 114 119 0 0 0 0 0 47 45 45 45 45 45 45 45 45 0 0 0 0 0 0 0 0 0 0 0 0 0 0 0 61 61 0 126 165 145 171 142 135 139 140 140 141 138 141 139 133 133 152 177 0 175 178 178 185 182 0 0 0 0 0 0 0 154 149 143 156 147 147 146 150 152 150 149 155 71 55 52 54 56 55 50 60 41 48 50 50 61 70 80 77 146 165 158 165 165 151 153 156 154 147 148 155 137 141 134 140 141 149 144 145 0 134 139 149 150 141 125 
0 0 0 0 108 103 110 95 92 113 123 0 0 0 0 0 40 36 36 36 36 36 36 36 36 36 36 0 0 0 36 0 0 0 0 0 0 0 0 0 65 63 80 132 164 135 164 140 139 135 142 147 140 141 141 139 140 133 136 133 145 162 174 182 186 193 0 0 0 0 0 0 0 152 158 153 162 154 151 145 150 163 145 158 110 57 54 57 57 51 56 49 58 53 47 46 48 62 75 87 81 110 157 158 161 154 145 142 147 133 136 146 143 135 139 133 135 134 128 128 0 124 118 124 125 122 116 104 
0 0 0 0 93 96 101 0 80 112 115 0 0 0 0 0 39 39 39 39 39 39 39 39 39 39 39 39 39 0 0 0 0 88 0 0 59 59 62 65 63 62 62 0 155 131 169 135 126 0 126 131 134 130 133 127 126 127 120 121 125 118 122 121 123 0 0 0 0 0 0 0 0 0 144 147 154 155 152 149 155 161 149 116 70 57 59 49 54 52 49 46 49 50 49 45 48 61 82 84 76 109 139 137 143 138 140 140 139 139 140 142 132 132 135 134 132 134 135 135 0 0 127 127 134 130 127 112 
0 0 0 0 0 100 99 93 92 106 121 0 0 0 0 0 42 42 42 42 42 42 42 42 42 42 42 42 42 42 0 0 0 109 107 0 0 46 57 61 59 77 76 126 0 0 0 0 0 0 0 137 139 139 142 140 142 140 140 141 140 136 135 142 136 138 0 0 0 0 0 0 0 0 131 161 186 186 186 186 192 175 128 113 63 55 51 45 0 52 45 53 51 48 52 50 43 51 78 85 82 142 150 146 151 141 142 142 147 145 148 149 142 135 132 131 128 129 134 135 0 0 0 114 126 130 129 113 
0 0 0 0 0 97 0 0 0 0 0 0 0 64 0 0 42 43 43 0 0 0 0 0 0 0 0 0 0 0 0 0 0 0 0 0 0 0 69 86 85 0 0 0 0 0 0 0 0 131 136 139 139 136 137 142 143 145 140 141 138 136 136 135 142 141 0 0 0 0 0 0 0 0 151 133 146 160 181 187 152 139 95 76 70 0 53 52 0 57 53 52 54 51 53 51 0 0 75 0 0 0 0 0 0 0 0 137 0 0 0 0 0 0 0 0 137 145 104 125 0 0 114 155 132 112 122 124 
0 0 0 0 0 103 93 87 0 0 0 0 0 0 0 0 41 38 38 38 0 38 38 38 38 0 38 38 38 38 38 38 102 105 83 60 67 53 64 71 71 83 92 0 170 141 0 0 130 135 132 135 140 136 138 132 143 146 142 140 135 138 139 136 140 146 0 0 0 0 0 0 0 112 105 133 141 139 140 145 102 76 66 64 66 0 0 0 48 0 51 0 0 0 0 0 0 0 0 0 0 0 0 0 0 0 0 0 0 0 0 147 128 132 137 119 177 167 125 128 0 0 0 178 155 123 122 167 
0 0 0 0 86 98 91 89 82 0 0 0 0 0 0 39 37 40 40 40 0 0 40 40 40 40 0 40 40 40 40 40 99 77 90 83 62 52 56 60 57 68 63 0 0 0 166 140 128 131 135 137 143 138 136 138 138 138 143 141 142 140 139 140 141 0 0 0 0 0 0 0 0 121 123 134 138 146 145 120 108 95 65 63 67 0 0 56 51 0 0 0 0 0 49 0 0 0 73 75 0 0 139 142 146 138 136 136 146 0 141 139 133 129 124 107 167 164 118 130 0 0 114 178 150 124 142 189 
0 0 0 0 0 0 0 0 0 0 0 0 0 0 0 34 39 33 33 33 33 33 33 33 33 33 33 0 33 33 33 33 0 102 126 126 107 94 87 104 117 94 89 0 0 0 0 139 128 136 136 135 133 121 116 122 111 123 110 127 106 122 113 104 123 110 0 0 0 0 0 0 0 93 105 124 143 147 146 91 64 65 61 62 0 0 0 53 52 46 55 0 0 47 52 52 0 56 77 68 125 0 137 147 137 135 137 136 0 0 149 146 132 131 0 0 0 163 111 124 0 0 0 174 148 119 180 162 
0 0 0 0 0 0 0 0 0 0 0 0 0 0 0 0 35 37 37 37 37 37 37 37 37 37 37 37 37 37 37 37 121 0 146 160 150 155 155 0 144 68 85 0 0 0 0 137 136 134 135 132 119 118 124 123 131 128 121 122 111 129 125 124 129 128 0 0 0 0 0 0 0 126 129 141 148 0 0 130 70 76 62 62 62 0 0 52 49 49 51 0 0 0 0 51 47 0 68 70 0 0 133 150 141 130 134 137 0 0 148 135 127 129 112 105 149 159 110 119 0 0 111 171 160 155 180 113 
0 0 0 0 0 0 0 0 0 0 0 0 0 0 0 0 40 39 39 39 39 39 39 39 39 0 0 39 39 39 39 0 79 83 0 116 131 128 128 124 124 128 125 144 0 0 0 0 130 124 133 134 107 100 111 103 102 105 113 116 97 111 117 124 101 104 0 0 0 0 0 0 0 0 91 120 145 0 0 154 126 80 58 69 67 0 0 55 51 49 48 0 0 0 0 0 48 53 75 79 0 0 0 0 0 0 0 127 0 0 0 0 0 0 0 105 145 159 112 124 0 0 0 168 171 147 153 179 
0 0 0 0 0 0 89 94 89 106 117 100 0 0 0 41 42 35 35 35 35 35 35 35 35 35 35 0 35 0 0 0 0 112 122 0 0 83 73 71 83 87 0 0 0 0 0 138 0 124 0 0 0 122 122 126 130 119 121 130 126 141 136 123 131 136 0 0 0 0 0 0 0 120 134 136 141 0 0 149 158 136 97 81 64 0 0 53 52 49 50 0 0 0 50 51 0 51 72 0 0 0 0 142 139 140 134 119 0 0 0 115 115 123 121 109 153 163 113 123 0 0 0 168 145 111 116 138 
0 0 0 0 0 0 0 0 89 95 0 0 0 0 0 0 36 36 36 36 36 36 0 0 36 36 36 36 0 0 36 36 0 133 133 127 133 0 130 117 88 0 0 0 0 0 0 0 125 0 0 0 0 0 0 103 101 102 95 102 113 120 105 117 116 109 0 0 0 0 0 0 0 0 136 143 144 144 149 156 154 148 154 147 96 0 0 50 49 53 49 0 0 0 54 49 0 0 75 80 0 0 136 137 142 141 142 129 133 0 124 115 121 128 127 108 153 159 108 116 0 0 0 162 146 113 129 119 
0 0 0 0 0 0 0 0 0 0 0 0 0 0 0 0 35 36 36 36 36 36 36 36 0 0 0 36 0 0 0 36 0 142 138 126 123 136 121 125 103 128 0 0 0 0 0 151 0 129 126 128 128 0 0 0 0 138 124 125 145 142 128 125 136 131 0 0 0 0 0 0 0 0 124 131 144 0 148 138 159 123 126 88 0 0 0 47 52 48 47 0 0 49 57 51 0 0 72 82 87 0 136 140 140 144 147 141 0 0 121 118 93 102 113 107 156 0 101 105 0 0 0 157 144 97 112 144 
0 0 0 0 0 106 94 89 79 86 117 0 0 0 0 36 31 36 36 36 36 36 36 36 36 36 36 36 0 0 0 0 0 97 0 115 0 79 68 70 73 0 0 0 0 0 168 140 126 138 127 129 121 0 91 91 109 115 93 111 108 118 125 119 119 115 0 0 0 0 0 0 0 0 117 109 139 147 109 85 112 71 0 0 0 0 0 0 0 0 0 0 0 0 0 0 0 0 71 81 104 0 0 0 0 0 0 136 0 0 0 0 0 0 0 159 178 184 176 169 0 0 0 166 175 158 162 176 
0 0 0 0 0 105 94 88 83 94 115 0 0 0 0 35 33 37 37 37 37 37 37 37 37 0 0 37 37 0 0 0 94 0 104 102 84 79 120 89 109 98 100 146 164 0 0 137 132 131 117 123 128 117 0 113 105 122 119 119 116 135 145 139 136 137 0 0 0 0 0 0 0 0 121 118 137 146 101 66 88 75 0 0 0 0 0 0 48 53 56 46 0 0 0 50 51 0 66 87 143 0 0 128 134 143 137 142 152 0 0 123 110 120 117 117 114 110 117 119 0 0 0 103 111 114 106 99 
93 0 0 0 0 98 86 84 81 0 0 0 0 0 0 0 36 30 30 30 30 30 30 30 30 0 30 0 30 0 0 0 0 70 0 66 81 76 86 0 0 0 0 0 0 0 0 135 125 122 90 95 0 0 96 99 102 89 104 107 116 128 129 118 131 126 0 0 0 0 0 0 0 112 119 126 137 139 142 79 87 77 77 0 0 92 90 49 53 52 53 50 52 0 0 49 54 54 70 108 144 126 0 133 135 138 137 140 150 138 0 0 128 123 120 112 113 115 114 114 0 0 0 109 119 114 113 109 
116 0 0 0 0 0 81 78 0 0 0 0 0 0 0 41 33 32 32 32 32 32 32 32 32 32 32 32 32 0 0 0 0 75 76 43 48 60 62 52 51 84 64 0 0 0 0 0 130 127 109 116 0 0 0 0 0 102 125 115 119 136 129 130 134 136 0 0 0 0 0 0 124 112 116 133 144 136 141 130 108 73 79 0 0 107 84 50 57 56 56 0 0 0 0 0 56 51 69 114 144 125 0 0 132 0 0 146 149 0 0 0 0 0 0 0 0 113 113 114 0 0 0 112 121 123 111 114 
0 0 0 0 95 88 0 77 78 82 110 0 0 0 0 0 35 33 33 33 33 33 0 0 0 0 0 0 0 0 0 0 0 0 0 0 52 0 0 0 0 0 52 0 0 0 0 138 127 0 0 0 0 0 110 101 107 102 121 113 114 116 0 0 131 137 0 0 0 0 0 0 121 0 0 0 0 138 131 133 146 126 116 141 97 69 60 59 60 58 56 58 59 56 0 57 54 0 0 0 0 126 124 137 143 151 154 160 149 125 125 110 110 93 115 121 121 128 130 111 0 0 0 121 96 114 117 104 
0 0 0 0 0 84 83 0 78 77 111 0 0 0 0 0 37 31 31 31 31 31 31 31 31 0 0 0 0 0 0 0 0 113 72 0 46 45 54 52 52 52 48 101 0 0 157 134 123 0 0 0 0 0 0 109 123 132 119 0 115 113 0 0 141 127 120 0 0 0 0 0 0 0 0 0 0 128 129 134 143 158 152 0 0 0 0 0 0 0 0 0 0 0 59 0 0 0 0 0 0 0 0 0 0 149 152 156 146 120 122 120 114 109 154 173 143 142 170 191 0 0 0 171 113 114 110 164 
98 97 0 0 91 82 84 83 0 76 109 0 0 0 0 0 33 31 31 31 31 31 0 0 0 0 0 0 31 0 0 0 0 0 39 44 0 47 50 65 0 59 59 0 0 0 0 134 127 0 0 0 0 0 0 113 136 128 113 111 111 123 0 148 138 133 0 0 0 0 0 0 0 0 0 0 121 123 132 135 141 152 152 0 0 0 120 0 0 0 0 0 0 0 0 0 0 0 82 93 0 0 153 157 143 147 147 150 142 116 122 122 124 113 142 156 94 106 106 168 0 0 0 160 112 111 154 164 
101 95 0 0 0 82 80 78 0 0 109 0 0 0 0 0 31 31 31 31 0 0 0 0 0 0 0 0 0 0 0 0 0 0 0 0 0 0 0 0 0 0 0 0 156 0 0 128 120 0 0 0 129 124 126 128 134 137 134 136 132 136 0 154 160 159 0 0 0 0 0 0 0 0 142 99 96 133 122 132 141 154 155 0 0 156 93 55 0 0 62 59 0 62 61 62 0 59 79 88 91 0 0 132 152 154 158 160 131 112 123 120 126 119 144 155 107 120 113 150 0 0 0 157 101 123 177 128 
94 0 0 0 0 82 0 0 76 81 113 0 0 0 0 0 33 31 31 31 0 0 0 0 0 0 0 0 0 0 0 0 0 0 0 0 0 0 0 0 0 0 46 94 149 131 0 133 0 0 0 0 128 129 128 136 127 127 135 134 132 131 142 150 152 156 0 0 0 0 0 0 0 0 0 0 47 108 61 51 116 143 145 0 0 136 58 57 0 0 0 66 55 58 61 0 0 60 76 94 0 0 0 118 165 158 158 156 116 110 121 124 124 117 139 158 96 104 104 163 0 0 0 156 102 135 172 103 
77 0 0 0 90 89 76 78 68 74 116 0 0 0 0 0 34 35 35 35 35 35 35 35 35 35 35 35 35 35 35 0 0 0 56 42 0 45 54 43 51 56 53 95 146 131 160 0 128 0 0 0 0 126 123 136 137 130 133 133 137 135 0 145 150 146 0 0 0 0 0 0 0 0 0 0 55 58 58 59 84 99 126 0 0 0 0 0 0 0 0 61 62 63 58 0 61 58 87 101 100 0 0 156 161 160 155 142 119 114 120 125 119 102 135 169 153 155 162 106 109 0 0 157 104 135 167 97 
87 0 0 0 0 91 79 78 76 74 106 0 0 0 0 0 35 34 34 34 34 34 34 34 34 34 34 34 34 34 34 34 0 0 0 57 64 47 48 56 58 50 51 97 146 128 166 0 128 128 0 0 0 0 131 135 134 130 133 128 131 135 134 145 162 156 0 0 0 0 0 0 0 0 0 55 57 55 58 45 48 59 68 0 0 66 111 0 0 61 0 0 0 60 66 0 65 54 91 98 99 112 0 162 159 158 158 136 125 118 111 114 111 101 136 165 116 113 139 148 99 0 0 160 101 128 174 103 
92 0 0 0 0 91 80 77 89 0 0 0 0 0 0 0 32 41 41 41 41 41 41 41 41 41 41 41 41 41 41 41 0 0 0 0 49 41 51 0 0 0 61 95 141 136 171 138 129 126 0 0 0 0 130 138 129 134 133 130 131 0 131 132 161 160 0 0 0 0 0 0 0 0 100 51 71 72 64 53 54 51 46 0 0 66 67 0 0 58 63 0 0 64 62 0 67 61 94 89 124 0 0 0 160 140 97 109 125 119 112 108 107 98 124 160 99 113 97 167 138 0 0 163 114 114 172 148 
84 0 0 0 0 93 92 70 76 80 0 0 0 0 0 0 32 30 30 30 30 30 30 30 30 30 30 30 30 30 30 30 0 0 0 0 47 48 50 0 0 0 64 96 144 132 151 135 116 0 133 135 131 131 0 129 125 131 127 128 129 128 130 127 150 169 0 0 0 0 0 0 0 156 123 80 65 0 0 63 57 58 55 0 0 57 53 54 0 57 60 0 0 59 63 0 0 62 100 0 143 153 146 143 165 88 43 43 80 112 106 103 99 91 120 159 90 104 97 160 143 0 0 172 109 106 143 176 
82 78 0 0 86 88 86 72 67 0 0 0 0 0 0 0 35 31 31 31 31 31 31 31 31 31 31 31 31 31 31 31 47 0 0 0 50 49 48 49 49 64 56 88 146 128 148 0 118 128 0 126 131 134 131 129 131 133 132 130 135 142 133 127 138 144 0 0 0 0 0 0 141 106 109 92 79 0 0 0 66 62 62 0 0 55 53 0 0 0 59 66 0 64 63 65 0 0 0 0 0 0 0 116 109 49 49 49 40 94 102 101 92 89 129 166 113 113 147 169 121 0 0 171 106 109 91 147 
80 0 0 0 87 84 84 72 64 0 0 0 0 0 0 0 30 30 30 30 0 30 30 30 30 30 30 30 30 0 0 0 0 0 0 0 49 47 46 50 49 56 51 86 146 131 149 139 126 128 133 128 132 137 132 133 127 135 139 130 132 153 142 132 149 159 0 0 0 0 0 108 107 104 109 100 93 80 0 0 0 69 60 0 0 0 54 52 0 58 60 63 0 0 65 69 0 0 0 161 0 0 0 114 67 49 50 47 38 94 110 100 93 72 113 136 134 131 128 115 105 0 0 122 98 107 106 88 
78 0 0 0 76 83 83 75 72 70 98 0 0 0 0 0 29 31 31 31 31 31 31 31 31 31 0 0 0 31 0 31 42 0 0 0 0 0 49 52 50 53 55 90 142 127 149 142 128 124 132 134 131 130 130 136 132 142 150 142 136 139 142 133 143 0 0 0 0 0 0 109 111 79 68 71 83 0 0 0 0 0 64 64 0 0 59 60 0 0 60 53 0 0 62 62 54 0 0 0 145 149 143 95 85 57 47 49 41 95 111 110 104 92 95 100 99 99 105 108 115 0 0 111 109 108 108 100 
72 75 0 0 82 80 78 68 0 68 98 0 0 0 0 0 33 31 31 31 31 31 31 31 31 31 0 0 0 0 0 31 47 0 0 0 0 0 0 49 58 54 53 87 0 0 152 138 121 129 131 132 132 136 137 135 137 141 0 0 0 147 143 122 143 0 0 0 0 0 169 110 83 72 81 88 101 0 0 0 0 57 59 61 61 0 45 42 43 42 66 66 57 0 59 53 50 82 88 0 0 146 118 80 109 98 57 74 50 89 99 97 93 92 95 93 92 93 90 96 0 0 0 101 100 100 105 96 
71 0 0 0 0 0 0 0 0 0 0 0 0 0 0 0 33 35 35 35 35 35 35 35 35 35 35 0 0 0 0 0 0 0 0 0 0 0 0 0 51 58 59 0 0 0 0 0 116 115 114 114 120 123 122 123 124 127 137 0 0 0 0 181 180 0 0 0 0 0 0 144 107 110 103 0 0 0 0 0 0 66 56 58 65 54 50 48 0 43 52 74 94 66 0 52 55 83 106 114 99 78 101 108 114 63 77 126 51 84 103 111 105 110 110 106 99 89 98 108 103 0 0 98 114 111 108 104 
0 0 0 0 0 0 0 0 0 0 100 0 0 0 0 0 30 35 35 35 35 35 35 35 35 35 35 0 0 0 0 0 0 46 54 50 0 0 0 51 50 56 57 0 0 0 156 143 125 130 129 0 0 129 130 134 143 0 0 0 0 0 187 170 114 0 0 0 117 166 0 0 96 104 112 111 104 81 86 0 0 0 104 64 67 0 0 59 53 0 0 71 0 0 0 0 52 88 115 71 44 37 53 53 55 41 62 65 0 34 83 109 0 95 57 76 63 92 99 54 60 0 0 91 106 113 106 107 
75 0 0 0 0 0 69 69 63 66 99 0 0 0 0 0 34 31 31 0 0 0 0 0 0 0 0 0 0 0 0 0 47 46 44 45 47 0 0 0 54 56 57 88 0 146 168 156 139 136 0 0 0 0 0 0 129 0 176 0 0 0 0 126 110 0 0 0 0 118 170 183 0 0 93 113 105 0 100 0 0 69 126 133 119 0 0 61 60 56 0 0 53 44 52 64 84 96 63 48 45 44 45 38 92 89 42 41 41 34 52 112 117 56 108 55 58 90 98 55 40 0 0 0 94 106 106 101 
0 0 0 0 0 68 74 77 64 0 0 0 0 0 0 0 43 43 43 43 43 43 43 43 0 0 0 0 0 0 0 43 47 48 45 42 50 0 0 0 0 68 56 89 0 0 176 160 0 0 0 0 0 0 0 0 150 168 178 185 189 0 185 145 0 0 0 91 111 112 97 176 181 0 0 64 77 100 0 0 0 0 85 137 139 123 0 0 57 67 0 0 0 0 68 95 84 46 43 49 45 42 50 50 45 48 41 49 40 34 90 109 115 93 54 75 34 55 101 67 50 0 0 0 91 98 103 93 
0 0 0 0 0 0 0 72 0 60 93 0 0 0 0 0 37 38 38 38 0 0 38 0 0 0 0 0 0 0 0 38 47 54 76 57 0 0 0 0 0 0 59 88 147 0 0 0 0 0 145 137 0 0 123 159 174 173 0 0 0 0 0 0 0 85 77 93 119 116 97 146 170 66 0 0 56 62 0 0 0 0 0 0 0 0 0 0 0 0 0 0 0 0 83 68 46 41 46 44 45 40 42 42 44 42 44 49 36 55 106 115 117 118 103 105 74 61 100 94 91 0 0 0 88 96 95 92 
84 0 0 0 0 72 71 70 67 65 98 104 0 100 0 0 35 34 34 34 34 34 0 0 0 0 0 34 0 0 0 34 50 56 52 54 0 0 0 58 0 0 55 92 149 144 0 0 0 143 152 121 156 0 0 176 186 150 0 0 169 177 178 167 104 92 100 105 118 107 98 102 167 106 59 56 0 0 0 0 0 0 55 57 0 0 0 0 0 0 0 0 0 0 46 47 43 39 33 37 45 46 39 40 47 38 39 58 59 57 110 110 107 107 94 91 112 107 97 88 90 0 0 0 89 85 90 91 
80 0 0 0 0 76 79 73 70 68 88 0 0 0 0 0 34 35 35 35 35 35 0 0 0 0 35 35 35 0 0 0 45 47 49 62 92 0 0 67 0 0 56 91 156 174 182 155 0 0 0 126 138 150 0 173 182 150 0 0 0 171 175 182 136 100 99 87 0 94 95 86 169 163 68 55 0 0 0 0 0 0 114 98 68 77 70 0 0 0 48 55 48 42 46 43 45 40 63 45 50 48 44 48 43 46 54 46 98 107 104 108 104 106 94 95 102 99 95 92 90 0 0 0 90 92 101 94 
77 0 0 0 0 0 0 0 0 0 95 0 0 0 0 0 34 33 33 33 33 0 0 0 0 0 33 33 33 0 0 0 47 51 50 58 70 0 0 99 0 0 0 85 150 164 0 162 136 0 0 124 0 0 0 0 0 0 0 0 0 171 179 173 154 127 88 0 0 0 113 111 174 133 0 0 0 0 0 0 0 0 86 68 58 0 0 66 74 53 0 48 44 41 42 43 47 40 0 90 48 50 40 0 44 51 90 0 85 109 106 106 106 79 52 61 0 75 77 51 58 0 0 0 48 52 59 40 
0 0 0 0 0 0 0 0 0 0 87 0 0 0 0 0 33 36 36 0 36 0 0 0 0 0 36 36 36 0 0 36 50 57 54 51 65 0 0 0 0 0 0 92 149 158 0 0 0 0 0 0 0 181 177 0 193 158 93 0 0 176 169 80 81 86 88 0 0 0 0 132 185 132 82 0 0 0 0 0 58 68 62 59 49 0 0 0 45 42 53 0 44 45 0 50 44 0 0 91 76 42 44 41 0 42 44 69 105 0 98 100 100 102 74 43 63 0 59 48 83 0 0 0 54 84 90 41 
51 0 0 0 0 0 0 0 0 58 89 103 0 0 0 0 29 30 30 30 0 0 0 0 0 30 30 30 30 0 0 30 46 51 48 50 71 0 0 0 0 0 0 90 157 176 0 182 142 157 0 143 177 167 176 178 0 148 113 136 164 174 107 85 107 110 97 89 0 0 117 89 160 170 0 0 0 0 0 0 0 73 72 59 49 39 0 0 0 38 54 0 0 44 0 0 0 0 0 0 109 44 39 51 42 0 54 74 87 0 0 0 0 0 0 0 0 0 0 41 84 0 0 0 55 83 90 39 
46 76 0 0 60 0 0 0 67 51 80 98 0 0 0 0 0 31 31 31 0 31 0 0 0 31 31 31 0 0 0 31 53 51 53 46 57 0 0 0 0 0 0 84 151 185 207 0 0 0 0 144 166 164 172 168 0 0 0 0 0 156 85 72 92 93 92 86 80 0 0 104 93 0 0 0 0 0 0 0 156 80 68 62 66 61 0 0 0 0 0 0 0 0 0 0 40 0 0 0 55 46 0 0 0 0 0 49 47 0 0 0 0 88 41 52 0 0 0 0 91 0 0 0 59 78 91 55 
0 0 0 0 59 69 0 0 63 58 76 99 0 0 0 0 32 30 30 30 0 0 0 0 30 30 30 30 30 0 30 30 60 50 0 43 47 53 0 0 0 0 0 0 0 0 0 0 0 0 0 136 153 0 0 0 0 0 0 0 0 145 94 87 109 116 0 83 94 97 0 170 85 0 0 187 0 0 0 0 0 61 59 60 0 0 0 0 0 0 0 0 0 0 0 0 0 0 0 0 42 0 0 0 0 0 0 0 0 0 0 0 0 0 0 0 0 0 0 97 94 0 0 0 91 88 96 91 
0 0 0 0 0 76 0 0 0 63 83 107 0 0 0 0 0 33 33 33 0 0 0 33 33 33 33 33 33 33 33 33 67 58 0 48 55 55 0 0 0 54 60 0 0 0 0 0 0 0 133 161 165 0 148 148 162 152 0 143 135 135 123 93 96 94 0 0 91 94 149 174 161 75 0 184 174 0 0 0 0 0 46 51 0 0 0 0 0 0 0 0 0 0 0 0 0 0 0 0 40 0 0 0 0 0 0 0 0 0 0 0 0 0 0 0 0 0 96 93 87 0 0 0 95 97 97 84 
76 0 0 0 85 83 70 0 0 66 77 0 0 0 0 0 0 30 30 30 0 0 0 0 30 30 30 30 30 30 30 30 54 45 0 0 53 54 0 0 0 0 54 83 0 0 162 153 0 0 144 154 172 0 0 154 144 137 135 0 131 135 138 121 104 99 100 104 0 89 0 186 177 153 0 0 0 0 0 0 0 119 42 43 45 57 42 39 48 54 0 0 43 42 37 42 42 49 41 40 77 53 52 40 43 41 46 93 106 103 103 100 103 104 77 57 102 63 77 49 51 0 0 0 91 88 86 85 
0 0 0 0 0 0 0 0 0 0 77 0 0 0 0 0 33 33 33 0 0 0 0 0 0 0 0 0 0 0 0 0 0 0 0 0 0 86 83 0 0 0 53 77 142 0 0 156 0 0 148 175 0 0 0 190 191 179 0 182 170 186 0 0 0 0 0 0 0 0 0 0 0 0 0 0 0 0 0 0 0 109 165 142 98 58 54 50 54 55 0 0 0 58 87 55 52 88 69 76 87 69 98 60 58 57 43 101 84 106 101 104 99 104 88 56 106 49 73 43 49 0 0 0 92 90 87 86 
0 0 0 0 0 0 71 62 0 58 70 0 0 0 0 0 35 29 29 0 0 29 0 0 0 0 0 0 0 0 0 0 0 0 0 0 0 0 0 0 0 0 0 91 145 131 0 0 125 0 0 160 155 0 0 0 0 0 0 150 153 0 0 0 0 0 0 0 0 0 0 0 0 81 98 88 0 0 0 0 51 88 118 97 94 67 65 59 53 0 0 0 0 0 88 65 54 82 93 150 86 58 100 64 55 51 46 44 44 57 96 98 102 91 73 54 89 49 62 94 71 0 0 0 87 84 79 82 
0 0 0 0 0 0 0 66 69 64 69 96 0 0 0 0 33 31 31 0 0 0 0 0 0 31 31 31 31 31 0 0 0 0 55 54 47 74 68 0 0 0 0 0 0 135 151 0 0 0 0 0 0 169 175 164 176 163 152 158 161 0 0 0 194 189 0 0 0 118 85 137 0 162 163 87 60 0 0 0 0 104 67 66 62 55 0 0 0 0 0 0 0 0 66 58 45 100 135 109 60 56 48 47 58 54 44 46 43 35 64 107 98 90 66 63 69 73 100 98 95 0 0 0 92 90 80 75 
0 0 0 0 0 0 0 0 0 0 0 0 0 0 0 0 0 35 35 0 0 0 0 0 0 0 35 35 35 0 0 0 0 0 56 92 87 101 0 0 0 0 0 0 0 0 180 0 0 0 0 0 0 177 183 178 188 159 155 165 162 158 0 0 188 175 157 0 0 115 151 179 0 0 0 0 0 64 0 0 0 0 55 56 0 0 0 0 0 0 0 0 0 0 49 51 41 80 72 70 73 85 55 50 68 87 85 78 54 40 64 103 93 102 102 107 101 101 101 102 86 0 0 0 89 92 89 85 
76 79 0 0 0 76 75 67 66 66 74 100 0 0 0 0 36 35 35 35 0 0 0 0 35 35 35 35 35 35 35 0 0 0 53 56 59 0 0 0 0 0 0 0 147 0 0 0 0 0 139 148 0 0 0 175 167 152 151 156 162 146 0 0 159 156 149 0 0 0 172 171 152 0 0 0 0 0 111 0 0 0 0 120 0 0 0 0 0 0 44 49 52 51 53 77 56 61 49 59 62 81 50 44 67 84 86 74 46 44 44 81 100 98 99 104 93 88 90 92 89 0 0 0 85 85 86 82 
79 77 70 0 0 85 0 0 67 63 79 105 0 0 0 0 0 33 33 33 0 0 0 0 0 33 33 33 33 0 33 33 0 0 46 47 44 44 0 0 0 53 58 0 0 133 150 141 122 0 134 0 0 0 0 142 145 158 146 140 141 148 0 0 0 0 0 0 0 0 168 168 154 0 0 0 110 72 42 0 0 0 0 168 123 94 35 46 39 39 42 44 0 0 0 93 66 67 59 0 0 0 0 0 74 101 115 83 39 38 0 0 0 0 0 0 0 103 103 104 102 0 0 0 107 103 100 96 
91 83 85 0 88 91 83 81 84 80 80 0 0 0 0 0 35 32 32 32 0 0 32 32 32 0 32 32 32 32 0 32 47 43 42 44 41 50 51 0 0 54 52 83 0 0 150 147 121 0 0 0 0 0 146 148 154 159 151 154 150 146 152 0 0 0 0 0 0 0 0 0 0 0 0 0 0 64 48 0 0 0 0 0 0 0 0 0 0 0 0 0 0 0 0 0 0 0 0 0 0 0 0 0 0 0 0 0 0 0 0 0 0 0 0 0 0 0 0 153 138 0 0 0 114 104 104 100 
94 98 90 0 95 94 83 77 73 80 74 0 0 0 0 0 30 34 34 34 0 0 34 34 34 34 34 34 34 34 34 34 0 44 47 0 0 0 0 0 0 56 52 79 147 0 145 140 121 0 0 0 0 0 134 151 150 144 138 143 0 0 138 0 0 0 153 162 0 0 0 0 0 0 0 0 79 77 0 0 0 0 0 0 0 0 0 0 0 0 0 0 0 0 44 89 75 56 95 71 130 104 122 119 66 191 177 77 44 109 172 163 160 159 157 138 144 135 158 163 163 0 0 0 111 112 112 115 
95 0 0 0 0 0 87 79 0 76 84 0 0 0 0 0 34 37 37 0 0 0 0 37 37 37 37 37 37 37 37 37 49 0 63 58 45 42 52 0 0 53 50 75 148 0 0 0 0 128 0 0 0 135 145 139 135 135 0 0 0 136 139 159 0 0 150 0 0 0 0 180 162 91 0 0 102 111 0 0 0 0 0 47 43 49 125 0 0 0 0 0 0 0 0 45 49 44 52 74 102 53 61 59 44 74 70 44 69 148 160 160 165 163 162 107 151 119 147 164 164 164 0 0 147 109 112 118 
0 0 0 0 0 0 0 0 0 89 84 0 0 0 0 0 37 35 35 35 0 0 0 0 0 0 35 35 0 0 0 0 0 0 0 0 0 0 51 61 0 53 48 89 142 0 0 147 125 123 0 0 0 141 0 0 0 0 148 0 0 0 161 153 155 0 0 0 0 0 154 158 185 113 111 0 0 93 0 0 0 0 44 43 42 77 130 0 0 0 48 44 49 0 0 0 38 46 79 112 75 48 69 52 38 37 49 40 94 161 160 160 162 161 163 132 133 128 158 163 163 161 0 0 164 157 123 119 
107 0 0 0 87 87 84 86 83 88 80 100 0 0 0 0 37 33 33 33 0 0 0 33 33 0 0 0 0 0 0 0 0 0 0 0 0 0 0 57 0 46 46 79 142 131 148 147 128 128 133 124 153 0 0 0 0 151 145 149 0 155 156 155 0 0 0 0 0 171 0 153 173 108 72 59 0 0 0 0 0 0 47 42 42 78 130 0 0 0 0 39 42 42 31 35 69 114 63 48 41 44 87 68 43 44 49 40 44 83 160 162 158 163 161 152 145 142 155 161 161 162 0 0 164 163 160 123 
108 0 0 0 80 78 78 79 83 79 73 98 0 0 0 0 39 34 34 34 34 0 0 34 34 0 34 34 34 34 0 34 44 47 46 48 0 51 54 49 52 44 48 80 143 131 149 153 136 129 126 128 124 162 0 0 135 149 149 143 137 140 152 144 155 0 0 0 151 0 138 141 162 113 49 60 0 0 0 0 0 42 51 49 41 52 124 0 0 0 43 43 37 42 45 35 73 103 38 46 45 38 44 48 48 49 50 45 71 94 155 155 155 152 153 151 147 143 135 141 143 138 0 0 143 135 136 136 
108 109 0 0 85 85 82 71 76 78 68 0 0 0 0 0 34 37 37 37 37 37 0 0 0 37 37 37 37 37 37 37 44 42 0 0 46 42 0 52 54 0 47 78 138 133 146 0 0 0 135 136 126 139 0 0 0 146 146 140 153 146 137 135 133 0 0 0 137 131 149 146 0 174 106 49 0 0 0 0 0 0 48 42 40 41 66 64 44 44 41 41 43 45 49 39 40 50 44 0 47 47 41 44 45 39 36 60 112 107 113 118 118 115 117 111 115 109 103 111 114 0 0 0 111 110 107 113 
105 0 103 0 0 91 83 77 77 83 77 0 0 0 0 0 38 34 34 34 34 34 34 0 0 34 0 34 34 34 0 0 46 40 48 0 50 48 49 47 53 51 0 79 137 130 142 146 0 0 0 135 128 114 143 0 0 150 148 153 143 0 150 0 0 0 0 0 152 140 157 141 142 150 143 0 0 0 0 0 0 0 44 39 37 42 41 47 46 46 41 41 46 46 43 48 47 44 41 42 0 47 39 43 47 50 56 110 120 118 112 116 117 123 120 113 115 109 112 104 114 0 0 0 106 104 101 107 
107 98 0 0 100 97 85 71 89 81 84 0 0 98 0 0 35 36 36 36 36 36 36 0 0 36 36 36 36 36 36 36 48 52 0 0 0 0 50 0 0 0 43 75 136 130 148 141 0 0 123 122 119 128 115 152 0 0 140 151 143 141 141 147 151 144 150 149 154 147 0 149 149 0 0 0 0 0 0 0 57 45 47 45 41 37 43 49 45 44 42 41 41 43 36 45 46 42 46 36 0 0 48 45 45 74 121 107 116 113 110 109 106 121 121 117 111 112 111 109 108 0 0 0 94 102 104 117 
103 103 105 100 96 96 84 78 79 87 89 0 0 0 0 0 37 37 37 37 37 37 37 37 0 0 37 37 37 37 37 0 39 47 46 47 48 52 49 43 52 46 45 77 138 130 143 138 124 117 0 120 125 128 122 112 0 164 163 142 131 131 131 149 145 153 148 134 0 0 0 136 144 0 0 0 0 0 0 0 0 0 0 0 0 0 0 0 0 0 0 0 0 0 0 0 0 0 0 0 49 0 46 38 43 94 133 125 127 132 136 140 143 148 146 142 140 139 142 141 141 0 0 0 135 143 147 154 
103 105 105 104 96 100 93 84 85 81 93 0 0 0 0 0 39 38 38 38 38 38 38 38 38 0 0 0 0 0 0 0 0 47 50 47 49 49 0 0 0 0 0 74 142 126 140 135 122 119 117 120 125 125 125 125 0 0 160 158 148 158 153 143 158 138 137 0 0 0 156 0 0 0 0 0 0 0 0 0 0 0 0 0 0 0 0 0 0 0 0 0 0 0 0 0 0 0 0 0 0 51 48 93 122 140 158 157 152 155 156 154 161 158 163 165 157 161 158 158 155 142 0 0 150 152 152 157 
102 105 111 111 102 99 95 89 93 89 82 0 0 97 0 0 41 38 38 38 38 38 38 38 38 0 38 0 0 38 0 0 0 0 0 0 0 0 0 0 0 0 0 0 136 124 140 0 109 114 117 0 0 0 0 0 140 129 114 149 0 0 0 151 159 155 156 156 0 159 0 0 0 0 0 0 0 0 0 0 0 0 0 0 0 0 0 0 0 0 0 0 0 0 0 0 0 0 0 40 49 36 111 158 150 156 159 157 157 155 157 156 155 158 160 154 157 157 158 157 153 147 0 0 151 150 150 153 
103 106 106 110 107 100 97 93 95 93 92 0 0 0 0 0 37 38 38 38 38 38 38 38 0 38 38 38 0 0 0 0 40 0 0 0 0 0 0 0 0 47 45 65 133 125 138 0 0 0 0 0 0 0 0 0 0 126 124 120 0 0 0 161 164 165 166 159 160 0 0 0 0 0 0 0 0 0 107 95 0 72 75 55 81 45 41 47 48 0 0 40 74 50 38 43 40 52 39 34 47 104 151 134 128 132 129 132 128 145 121 127 132 129 131 122 127 124 119 111 115 144 0 0 154 157 157 155 
109 104 0 0 104 100 97 94 102 91 90 0 0 0 0 0 41 44 44 44 44 44 44 44 44 44 44 44 44 44 0 0 0 0 47 38 41 43 41 43 48 54 49 72 124 122 129 130 0 0 0 0 0 125 0 121 121 125 118 127 126 0 0 118 127 132 0 0 132 0 0 0 0 0 0 113 112 111 114 111 108 0 111 87 43 44 46 46 45 44 0 0 45 49 44 43 42 65 0 38 54 156 154 132 130 128 127 134 139 148 129 133 130 132 126 139 136 132 127 130 129 132 0 0 130 135 132 128 
107 104 102 105 105 104 105 97 93 92 88 0 0 0 0 0 41 43 43 43 0 43 43 43 43 43 43 43 43 43 43 43 0 0 0 40 44 41 41 47 52 62 54 77 125 122 133 131 108 107 0 0 119 117 125 123 121 118 118 120 123 116 0 120 121 118 0 119 0 0 0 0 0 120 123 116 0 114 113 103 113 105 0 65 45 46 44 50 41 0 47 0 0 54 52 45 46 47 46 40 72 157 161 131 146 121 119 131 137 118 112 118 116 116 128 130 123 127 123 125 119 128 0 0 118 111 124 126 
104 99 105 107 100 100 100 98 99 93 92 0 0 0 0 0 37 39 39 39 39 39 39 39 39 39 39 39 39 39 39 39 43 0 0 38 39 38 42 51 45 50 48 72 131 118 132 132 107 114 103 116 116 110 119 123 0 0 0 120 120 114 120 122 120 121 0 123 0 0 0 0 0 122 125 117 111 0 109 113 96 79 60 49 50 41 42 44 52 68 38 37 40 44 47 47 40 51 57 0 109 163 157 139 137 130 129 132 138 128 126 126 123 125 118 125 133 123 118 117 128 117 0 0 124 127 125 117 
101 102 111 105 99 100 98 88 93 0 90 0 0 0 0 0 35 39 39 39 39 39 39 39 39 39 39 39 39 39 39 39 39 42 48 44 42 45 45 51 51 59 49 75 128 117 136 129 110 108 106 110 115 117 119 118 0 0 0 0 117 112 117 122 0 0 0 0 0 0 0 0 0 119 112 113 108 104 112 98 59 0 47 46 46 0 48 44 0 97 45 40 43 0 0 43 70 105 0 0 76 132 158 124 123 129 125 124 124 120 125 135 118 119 122 123 132 130 128 127 128 112 0 0 132 132 119 123 
94 98 109 0 105 93 96 93 85 0 83 0 0 0 0 0 38 38 38 38 38 38 38 38 38 38 38 38 38 38 38 38 45 48 45 43 45 39 48 48 49 53 44 65 130 119 132 133 114 113 113 117 107 108 109 115 0 0 0 117 112 114 122 120 0 0 0 0 0 0 0 118 118 113 116 113 111 110 106 87 41 48 49 41 41 42 50 42 61 50 41 46 40 44 0 40 103 119 104 0 68 81 154 123 118 126 121 136 122 117 133 118 121 111 133 127 124 121 120 116 119 115 0 0 126 114 115 127 
99 98 0 0 99 96 99 89 84 78 74 0 0 0 0 0 47 37 37 37 37 37 37 37 37 37 37 37 37 37 37 37 43 51 44 44 42 48 48 46 46 50 48 68 121 114 133 128 105 108 105 114 108 114 117 0 114 114 0 0 112 117 114 111 0 0 0 0 0 0 0 0 0 112 114 0 105 0 0 0 0 42 47 38 41 43 45 39 44 41 38 43 41 46 45 37 79 125 124 116 96 132 150 128 124 134 124 137 131 126 127 133 136 131 131 119 117 123 123 119 115 122 0 0 125 122 116 123 
98 102 102 102 93 92 97 90 87 77 79 0 0 0 0 0 37 38 38 38 38 38 38 38 38 38 38 38 38 38 38 38 45 40 40 44 44 42 48 50 50 46 44 66 126 119 130 124 104 105 104 105 110 115 109 0 111 116 120 111 108 113 111 114 126 0 0 0 116 117 0 0 0 0 106 0 0 108 100 77 51 44 45 39 43 43 47 48 0 0 0 0 0 0 41 42 45 0 0 115 109 143 163 134 112 132 116 140 133 105 110 118 122 119 133 127 123 114 124 117 120 118 0 0 135 128 128 124 
98 96 105 97 95 0 0 0 79 88 82 92 0 0 0 0 33 32 32 32 32 32 32 32 32 32 32 32 32 32 32 32 41 44 39 40 48 55 56 47 48 51 49 72 122 113 134 131 104 106 106 109 111 115 112 0 114 113 116 114 106 115 109 116 116 118 0 0 0 0 0 0 0 112 0 0 0 0 0 94 0 0 0 0 0 0 0 0 0 0 0 0 0 0 0 0 0 0 0 96 110 120 151 143 137 144 143 149 148 135 136 141 140 138 141 144 142 139 137 137 137 145 0 0 0 153 148 148 
89 95 0 0 0 0 95 80 79 86 75 89 0 0 0 0 40 36 36 36 36 36 36 36 36 36 36 36 36 36 36 36 43 51 46 54 54 40 44 42 42 52 50 72 121 113 119 128 103 107 110 99 108 106 106 0 113 107 111 112 102 107 115 110 107 0 0 0 0 0 0 0 0 103 0 0 0 0 0 0 0 0 0 0 0 0 0 0 0 0 0 0 0 0 0 0 0 0 0 62 110 98 136 144 147 146 144 149 148 144 144 144 151 148 142 145 143 142 141 137 139 145 0 0 143 143 143 144 
91 93 0 0 91 91 87 82 80 81 77 0 0 0 0 0 40 39 39 39 39 39 39 39 39 39 39 39 39 39 39 39 48 51 49 45 40 40 43 44 42 41 43 61 121 111 125 121 98 100 0 0 0 0 0 0 106 106 103 0 0 0 0 0 0 0 0 0 0 0 0 0 0 0 97 0 0 101 102 95 118 0 105 112 72 46 53 54 48 44 41 67 57 50 52 71 52 67 74 84 97 92 113 146 148 145 148 151 144 139 140 138 143 145 143 142 143 143 144 143 139 133 0 0 142 142 142 143 
85 0 0 0 84 87 85 78 76 78 87 0 0 0 0 0 38 40 40 40 0 40 40 40 40 40 40 40 40 40 40 40 39 43 37 40 46 48 38 41 47 39 39 70 117 108 118 0 0 0 0 0 0 0 0 0 105 103 0 0 0 0 0 0 0 0 0 0 0 0 0 0 0 0 97 90 91 99 105 142 146 143 146 146 126 91 50 46 45 66 137 142 138 48 128 113 79 72 106 90 86 98 101 140 152 145 141 149 144 145 144 140 142 147 143 140 141 137 137 134 136 132 0 0 0 140 134 139 
91 90 0 0 85 84 83 82 78 72 78 0 0 0 0 0 35 41 41 41 41 41 41 41 41 41 41 41 41 41 41 0 45 44 41 46 47 41 46 43 46 52 41 61 117 103 0 0 0 0 0 0 0 0 0 0 107 0 0 0 0 0 0 0 0 0 0 0 0 0 0 0 0 0 0 93 91 108 144 138 139 141 145 148 143 145 90 44 47 111 147 144 113 51 133 136 94 58 98 74 89 96 100 112 145 139 145 141 142 140 143 142 141 139 136 134 135 133 136 137 139 137 0 0 138 139 136 138 
89 86 0 0 81 80 79 84 85 69 68 84 0 0 0 0 35 34 34 34 34 34 0 34 34 34 34 34 34 34 34 34 46 40 41 41 38 38 40 43 47 45 40 57 112 0 0 0 0 0 0 101 95 96 101 98 107 0 0 0 0 96 104 99 0 0 102 0 0 0 97 94 97 0 0 91 111 140 133 135 140 137 141 145 144 142 133 44 73 148 147 142 123 56 133 131 107 89 93 87 101 99 101 93 110 139 143 136 133 133 132 134 136 138 135 135 137 134 134 135 134 136 0 0 135 133 128 125 
80 81 92 84 80 72 76 0 76 74 64 0 0 0 0 0 37 36 36 36 36 36 36 36 36 36 36 36 36 36 36 36 38 39 39 34 44 49 47 42 45 49 50 61 0 0 0 0 0 0 94 91 92 91 97 104 103 94 0 0 0 92 90 0 0 0 98 0 0 0 99 98 98 88 0 0 133 135 133 136 136 136 137 138 136 138 137 68 54 128 145 140 84 110 135 134 125 132 97 93 95 99 101 99 91 103 134 136 130 126 132 134 136 129 129 132 131 137 130 131 126 133 0 0 0 131 116 101 
0 71 74 0 76 79 78 73 0 60 66 0 0 0 0 0 38 43 43 43 43 43 43 43 43 43 43 43 43 43 43 43 43 44 42 39 42 46 45 44 48 49 45 62 0 0 0 0 0 90 91 86 81 93 94 92 86 94 0 0 0 93 87 0 0 0 95 95 101 0 85 89 92 82 0 0 0 133 129 131 129 127 131 130 131 135 136 75 35 79 139 134 135 131 131 128 131 130 117 89 97 94 95 93 91 82 104 123 128 130 128 131 132 129 128 126 130 127 127 119 121 130 131 0 0 109 93 91 
72 70 73 74 72 66 65 0 65 62 57 68 0 0 0 0 40 41 41 41 41 41 41 41 41 41 41 41 41 41 41 41 36 42 43 43 44 45 39 47 48 0 43 0 0 0 0 0 93 84 80 86 81 86 89 88 92 91 0 0 0 93 0 0 0 0 93 94 76 87 83 83 88 95 108 121 0 0 127 125 128 129 129 120 132 129 134 68 87 78 131 128 134 126 128 128 127 128 131 96 0 93 90 91 84 83 84 85 114 129 130 128 130 124 123 124 127 128 124 118 123 126 0 0 0 88 82 82 
69 70 64 75 69 63 66 66 63 61 59 63 0 0 0 0 40 37 37 37 37 37 37 37 37 37 37 37 37 37 37 37 43 40 41 40 35 43 44 46 49 47 0 0 0 0 0 101 78 83 87 76 74 79 84 87 93 85 0 0 0 0 86 86 84 88 88 93 87 84 86 92 90 85 122 122 122 0 0 0 123 127 129 122 125 121 128 84 117 70 125 125 126 117 127 124 121 124 125 116 82 0 83 82 84 82 81 80 81 89 110 116 120 114 121 124 122 118 116 114 113 106 98 0 0 79 77 77 
58 69 71 71 72 65 71 66 60 61 58 0 0 0 0 0 43 37 37 37 37 37 37 37 37 37 37 37 37 37 37 37 42 38 43 43 43 46 43 42 42 39 0 0 0 0 104 103 67 86 83 79 70 77 76 84 84 77 0 0 0 0 76 73 86 85 94 90 85 88 84 87 85 88 117 118 117 120 0 0 0 0 115 116 121 127 123 123 122 88 120 117 112 119 122 117 115 115 123 113 79 87 83 79 79 83 81 79 78 73 75 81 88 99 98 113 109 100 93 80 74 73 65 0 0 74 73 80 
61 67 66 69 65 63 63 64 64 64 55 0 0 0 0 0 38 38 38 38 38 38 38 38 38 38 38 38 38 38 38 38 43 45 39 39 42 40 41 36 39 39 0 0 0 0 98 98 71 74 76 78 68 74 75 79 75 76 73 77 0 0 75 72 77 76 80 83 75 81 82 79 83 77 98 94 94 96 90 91 0 0 0 79 86 92 90 92 92 82 89 85 90 78 82 92 86 84 88 85 67 79 84 81 72 73 77 77 68 71 71 74 73 72 72 71 68 68 64 61 66 62 59 0 0 77 73 74 
62 66 67 63 58 61 56 65 64 60 52 0 0 0 0 0 35 37 37 37 0 37 37 37 37 37 37 37 37 37 37 37 43 42 42 42 43 47 51 39 40 47 42 0 0 0 92 98 69 67 73 73 73 74 80 66 70 64 64 68 70 0 69 69 76 71 74 75 70 71 70 76 70 71 77 72 78 74 64 63 63 66 64 71 72 82 83 83 79 79 80 74 70 76 72 70 67 70 68 70 62 75 83 82 75 68 73 78 71 66 71 70 72 71 64 74 74 63 71 62 67 64 65 0 0 67 68 74 
64 66 67 61 58 55 55 56 56 50 49 59 0 0 0 0 44 38 38 38 38 38 38 38 38 38 38 38 38 38 38 38 0 0 45 43 46 44 44 46 44 45 40 0 0 0 88 86 66 66 70 73 62 62 72 71 72 64 66 63 78 70 72 70 84 71 71 78 69 67 69 0 66 66 68 63 71 66 67 67 68 65 68 65 76 75 83 81 82 75 69 72 68 69 67 65 65 73 74 74 64 69 76 76 68 68 67 62 68 71 71 74 0 76 63 71 69 73 71 68 66 66 60 0 0 62 67 68 
60 65 67 63 58 54 52 59 53 54 49 55 0 0 0 0 42 37 37 37 0 37 37 37 37 37 37 37 37 37 37 37 40 40 45 45 45 45 43 42 43 46 45 0 0 77 89 77 64 69 71 67 60 0 0 0 68 69 62 70 69 64 65 66 0 0 0 0 0 64 65 65 0 75 71 68 69 77 77 75 0 74 75 79 82 82 85 86 91 82 80 87 84 87 86 91 82 86 88 86 86 68 68 71 65 66 66 65 69 71 70 70 69 73 67 61 68 66 71 65 64 63 61 0 0 64 67 0 

