0 0 0 0 0 0 0 0 0 0 0 0 0 0 0 0 0 0 0 0 0 0 0 0 0 0 0 0 0 0 0 0 0 0 0 0 0 0 0 0 0 0 0 0 0 0 0 0 0 0 0 0 0 0 0 0 0 0 0 0 0 0 0 0 0 0 0 0 0 0 0 0 0 0 0 0 0 0 0 0 0 0 0 0 0 0 0 0 0 0 0 0 0 0 0 0 0 0 0 0 0 0 0 0 0 0 0 0 0 0 0 0 0 0 0 0 0 0 0 0 0 0 0 0 0 0 0 0 
0 0 0 0 0 0 0 0 0 0 0 0 0 0 0 0 0 0 0 0 0 0 0 0 0 0 0 0 0 0 0 0 0 0 0 0 0 0 0 0 0 0 0 0 0 0 0 0 0 0 0 0 0 0 0 0 0 0 0 0 0 0 0 0 0 0 0 0 0 0 0 0 0 0 0 0 0 0 0 0 0 0 0 0 0 0 0 0 0 0 0 0 0 0 0 0 0 0 0 0 0 0 0 0 0 0 0 0 0 0 0 0 0 0 0 0 0 0 0 0 0 0 0 0 0 0 0 0 
0 0 0 0 0 0 0 0 0 0 0 0 0 0 0 0 0 0 0 0 0 0 0 0 0 0 0 0 0 0 0 0 0 0 0 0 0 0 0 64 57 55 0 0 63 77 75 75 104 194 187 187 202 210 220 222 224 208 173 107 99 94 89 0 0 224 225 222 0 0 0 0 229 231 230 230 227 191 0 0 0 0 212 225 212 0 0 59 61 54 49 59 53 61 0 0 0 75 83 103 124 133 118 113 128 227 227 230 222 223 224 218 216 203 204 201 197 199 215 202 0 0 206 200 206 201 202 198 
183 180 0 165 152 145 137 0 0 141 0 0 0 0 0 0 146 146 83 57 58 59 58 58 0 0 0 0 0 58 0 0 0 0 0 0 0 0 0 63 60 55 0 0 69 76 75 72 101 194 184 0 202 215 220 220 0 0 90 75 93 103 114 94 107 94 154 0 168 0 0 0 0 221 223 229 227 0 0 0 227 228 225 220 216 75 71 66 58 57 52 55 0 0 0 0 65 86 67 63 64 59 61 62 66 130 203 215 223 224 229 212 218 229 196 207 209 215 209 0 0 191 191 210 211 208 183 187 
0 0 0 0 151 155 0 144 0 0 0 0 0 0 0 150 141 140 75 57 54 51 47 0 0 0 0 0 0 0 0 0 0 0 0 0 47 47 47 68 59 59 0 0 69 72 71 73 103 198 193 183 0 213 217 170 97 0 0 84 87 117 141 156 118 70 89 80 110 222 0 0 0 0 0 0 213 194 217 220 226 229 230 217 222 110 57 55 63 59 0 0 0 0 0 0 0 74 62 70 70 69 64 63 70 68 78 161 224 222 208 204 228 208 216 210 221 220 214 0 0 198 214 220 189 194 186 189 
167 161 141 0 162 155 0 0 0 0 0 0 0 0 0 151 139 141 79 51 55 48 0 0 0 0 0 0 0 0 0 0 0 0 0 0 49 49 49 64 63 56 61 0 0 0 0 70 111 195 189 179 198 0 164 70 84 86 0 0 85 110 110 142 130 141 0 77 74 199 230 0 0 0 0 0 228 189 197 224 218 214 176 182 160 71 0 0 0 0 0 0 0 0 0 0 0 61 64 63 0 59 61 66 65 78 68 79 193 221 219 231 213 221 227 229 222 210 202 0 0 203 203 191 200 199 187 189 
0 0 0 0 0 149 154 0 0 141 0 0 0 0 0 152 138 139 71 49 52 48 46 0 0 0 0 0 0 0 46 46 0 0 0 0 46 46 46 66 73 0 0 0 0 72 0 0 0 0 0 0 201 151 93 88 91 87 80 0 90 113 137 152 171 0 0 0 0 164 236 227 0 0 0 0 0 201 214 227 228 231 188 116 0 0 0 0 0 0 0 0 0 0 0 0 0 64 63 61 57 0 62 56 66 80 65 66 100 216 219 226 233 219 206 207 216 216 216 202 0 0 185 210 195 197 213 195 
0 0 0 0 0 0 0 0 0 0 0 0 0 0 136 151 133 143 77 51 46 43 46 0 0 0 0 0 0 46 46 46 0 0 0 0 46 46 46 70 59 62 0 0 0 0 83 79 102 0 0 0 0 104 77 87 95 87 75 76 103 118 135 196 211 0 0 0 120 131 235 229 230 0 0 0 0 0 195 204 218 0 0 0 0 0 0 0 0 0 0 0 0 0 54 59 57 65 64 63 62 58 63 66 71 69 72 78 70 124 191 213 221 222 212 205 221 205 212 219 0 192 202 211 209 213 217 217 
165 161 154 154 162 161 0 0 0 0 0 0 0 0 137 150 140 148 79 0 0 0 0 0 0 0 0 0 0 53 53 53 0 0 0 0 53 53 53 67 65 63 0 0 0 0 67 79 102 199 187 186 133 75 76 89 96 81 86 85 120 142 163 215 0 0 0 170 135 127 231 231 231 229 0 0 0 0 0 0 227 0 0 0 0 0 0 111 63 56 58 55 59 57 56 60 62 65 63 61 64 64 77 79 75 76 75 83 64 64 71 84 150 211 229 220 214 208 215 214 0 0 228 230 229 233 236 231 
0 0 0 0 0 0 0 0 0 0 0 0 0 0 135 148 133 145 0 0 0 0 0 0 0 0 0 0 0 50 50 50 0 0 0 0 50 50 50 55 63 60 0 0 0 0 77 94 108 191 184 168 82 80 76 84 104 82 85 103 0 0 0 0 226 230 221 197 156 136 237 228 0 0 0 0 0 0 0 0 0 0 0 0 228 223 234 229 121 57 61 49 55 54 54 55 62 64 64 66 67 72 73 77 77 82 70 71 61 66 66 60 65 145 182 204 201 218 222 238 0 0 232 234 225 235 234 227 
0 0 0 0 0 0 0 0 0 0 0 0 0 0 134 154 137 0 0 0 0 0 0 0 0 0 0 0 0 48 48 48 48 0 0 0 0 0 48 69 61 60 0 0 0 0 104 95 120 194 197 135 81 89 92 82 92 104 110 121 108 0 0 226 227 0 205 212 181 169 239 233 0 0 0 0 0 0 0 0 0 0 0 229 228 230 230 221 222 109 54 62 61 59 61 61 61 65 65 71 72 67 71 78 86 86 74 70 66 67 64 70 124 182 210 218 205 228 232 232 0 235 233 233 230 233 229 230 
0 0 0 0 0 0 0 0 0 0 0 0 0 0 136 156 0 0 0 0 0 0 0 0 0 0 0 0 0 52 52 52 0 0 0 0 0 0 0 99 77 0 0 0 0 0 119 104 123 203 194 118 99 121 132 130 0 0 135 123 106 0 0 226 226 229 222 215 200 169 236 0 0 0 0 0 0 147 159 189 0 231 229 230 236 233 228 229 229 193 84 60 59 57 58 53 58 65 76 0 75 66 73 74 73 77 72 65 65 64 101 208 227 221 217 222 214 231 225 226 0 234 233 236 232 235 229 228 
0 0 0 0 0 0 0 0 0 0 0 0 0 0 136 159 0 0 0 0 0 0 0 0 0 0 0 0 0 56 56 56 56 0 0 0 56 56 56 135 118 122 0 0 0 119 115 121 167 212 190 150 126 110 114 170 167 146 164 161 158 216 237 244 234 229 228 207 175 171 236 0 0 0 0 0 0 172 192 213 233 231 232 232 231 229 227 228 225 218 156 93 67 61 58 60 57 63 70 0 0 69 76 79 78 72 67 66 77 68 193 222 220 210 227 215 204 229 231 231 0 0 230 233 234 230 231 234 
0 0 0 0 0 0 0 0 0 0 0 0 0 123 132 155 0 0 0 0 0 0 0 0 0 0 0 0 52 52 52 52 0 0 0 0 52 52 52 118 122 106 103 0 0 120 149 158 211 214 189 151 147 155 166 175 165 147 163 172 152 243 244 250 255 249 240 209 132 187 248 0 0 0 0 0 243 209 202 231 235 229 229 234 230 228 229 226 223 0 192 77 94 67 60 60 63 68 68 0 0 0 70 68 74 76 79 74 58 116 211 213 228 216 230 220 208 226 218 0 0 0 196 201 199 200 197 198 
0 0 0 0 0 0 0 0 0 0 0 0 0 125 129 147 0 0 0 55 57 50 50 0 0 0 0 0 50 50 50 50 0 0 0 0 50 50 0 129 126 139 148 140 133 151 162 184 219 221 192 166 169 186 194 181 187 183 187 169 184 229 255 255 255 255 233 197 147 219 235 0 0 0 0 0 232 216 190 198 201 200 201 193 199 187 187 183 176 179 169 73 72 66 61 64 0 0 66 68 0 0 64 72 62 68 69 70 51 128 220 210 228 221 221 219 206 226 201 191 0 194 195 201 191 194 200 207 
0 0 0 0 0 0 138 0 139 0 0 0 0 123 127 147 0 0 0 0 50 52 56 56 0 0 0 56 0 56 56 56 56 0 0 0 56 56 56 0 163 164 189 177 164 179 176 207 0 0 0 0 0 187 188 188 202 192 190 182 222 255 255 255 255 255 241 199 231 220 215 0 0 0 0 0 0 192 172 0 183 180 179 174 170 173 170 0 170 169 0 0 63 63 60 66 0 0 0 0 0 0 69 66 67 67 70 70 64 119 217 215 224 224 225 218 211 226 181 0 0 177 180 193 187 185 180 198 
0 0 0 0 0 0 130 137 143 0 0 0 130 129 130 158 0 0 0 45 50 51 54 54 54 0 0 0 0 0 54 54 54 0 0 0 0 0 0 0 0 0 0 0 0 0 0 0 0 0 0 0 0 0 212 187 192 179 176 178 188 244 255 241 255 255 255 244 220 222 0 0 0 0 0 0 218 193 180 0 0 0 0 186 176 178 177 176 177 178 170 76 59 56 65 66 64 60 65 67 0 0 67 67 56 60 67 75 65 136 211 217 222 224 226 216 207 228 203 0 0 0 207 204 217 200 198 211 
0 0 0 0 0 147 144 144 0 0 0 0 0 126 132 0 0 0 0 49 53 59 51 51 51 51 0 0 0 0 51 51 51 0 0 0 0 0 0 0 0 0 0 0 0 0 0 0 0 0 0 0 0 0 220 215 191 180 192 176 178 190 247 255 255 255 255 255 207 0 0 0 0 0 0 184 196 193 186 188 0 0 0 0 0 0 0 0 0 0 0 0 0 0 0 0 0 62 67 0 0 0 60 58 58 66 73 80 81 180 222 228 221 220 237 173 207 226 201 184 0 0 196 195 190 185 193 204 
0 0 0 0 0 152 147 144 144 0 0 0 132 131 127 155 143 0 0 0 53 54 50 50 50 0 50 50 0 0 0 0 50 50 0 0 0 50 50 193 188 195 189 186 169 146 167 255 234 222 190 211 221 174 203 205 178 200 186 154 176 167 163 173 237 255 255 255 225 0 0 0 0 0 0 255 240 227 0 0 0 0 0 0 0 0 0 230 225 227 233 123 0 0 64 0 0 59 62 0 0 0 65 53 63 64 69 67 96 202 213 222 210 207 205 87 202 228 231 231 0 0 199 193 198 195 192 190 
0 0 0 0 0 162 147 144 140 0 0 0 137 135 0 0 143 153 106 56 54 54 48 48 0 0 0 0 0 0 0 0 0 0 0 0 0 0 48 186 192 189 181 187 180 165 206 251 207 218 193 215 219 213 199 197 185 188 174 149 140 142 145 155 170 179 177 206 0 199 0 0 0 0 0 242 239 235 0 0 0 0 0 0 228 232 228 231 231 231 229 138 81 63 0 0 54 61 64 0 0 0 61 60 64 66 69 66 128 205 221 217 196 193 104 150 211 230 232 233 0 214 226 215 205 205 212 209 
0 0 0 0 0 0 0 0 144 0 0 0 134 134 131 0 145 144 106 50 48 52 48 48 48 48 0 0 0 0 0 0 0 0 0 48 48 0 0 191 184 180 182 192 188 162 201 236 223 210 200 218 214 202 211 220 207 179 153 162 152 156 167 172 172 140 136 184 0 0 0 0 0 0 0 255 239 237 0 0 0 0 0 0 229 229 231 232 230 0 0 0 0 0 0 0 67 60 63 0 0 0 62 58 68 65 73 64 138 212 219 215 190 164 68 174 219 225 238 242 0 0 245 212 176 185 193 189 
0 0 0 0 0 161 0 0 0 0 0 0 0 130 0 0 0 146 104 51 53 49 50 0 0 50 50 0 0 0 0 0 0 0 0 50 50 50 0 0 156 157 156 180 182 154 187 218 217 193 162 200 0 209 190 182 166 181 159 190 188 150 163 174 175 165 180 185 206 0 0 0 0 0 0 248 240 233 0 0 0 0 0 0 0 234 230 229 231 0 231 116 60 58 55 59 62 52 60 0 0 0 59 60 66 69 75 63 139 217 207 223 184 151 86 219 232 188 177 182 0 0 221 192 193 201 198 199 
0 0 0 0 0 0 0 0 0 0 0 0 0 126 121 153 139 143 110 53 50 50 0 0 0 51 0 0 0 0 0 0 0 51 51 0 51 51 0 0 0 83 89 147 175 187 180 191 219 217 211 194 0 205 161 181 152 165 148 150 172 163 132 128 161 167 0 0 0 0 0 0 0 0 0 238 240 0 0 0 0 0 0 0 0 229 229 229 0 229 229 113 55 52 54 54 55 49 64 0 0 59 59 61 61 67 77 69 148 213 208 207 199 159 140 222 215 185 199 236 0 0 214 199 194 206 201 198 
0 0 0 0 0 0 0 0 0 0 0 0 126 120 122 150 143 147 109 0 0 0 0 0 0 0 0 0 0 0 0 0 0 53 0 0 0 0 53 0 160 145 156 165 171 197 229 213 208 210 0 0 0 191 181 181 183 150 139 136 160 156 154 152 178 0 0 0 0 0 0 0 0 0 0 203 0 0 0 0 0 0 0 224 205 179 201 183 177 201 231 108 56 59 53 48 54 54 61 0 0 66 61 62 60 57 70 67 160 214 210 189 201 176 161 215 202 214 246 0 0 0 208 184 183 187 192 195 
0 0 0 0 0 152 150 156 146 0 0 0 125 118 123 151 140 150 108 0 0 0 0 49 49 49 49 49 0 0 0 49 0 0 0 0 0 0 0 0 0 203 193 180 179 199 224 236 216 201 0 0 0 178 168 174 150 166 189 179 179 0 168 143 171 0 0 0 0 0 0 0 0 0 234 207 200 0 0 0 0 0 0 214 191 187 198 199 197 202 229 112 65 65 64 48 56 57 0 0 0 57 50 61 78 87 93 78 188 214 208 200 199 214 193 197 205 234 241 228 0 0 224 209 218 212 203 201 
0 0 0 0 0 160 154 154 144 0 0 0 131 129 120 158 150 152 111 0 0 0 0 50 50 0 50 50 0 0 0 0 50 0 0 0 50 50 0 0 0 201 204 0 0 0 0 0 0 0 0 0 0 0 203 202 203 197 188 182 190 183 165 166 172 0 0 0 0 205 0 0 0 0 0 213 217 0 174 0 0 0 0 184 173 179 0 0 0 0 0 0 0 0 0 0 0 0 0 0 60 56 53 72 94 97 98 93 188 215 206 213 197 221 212 194 206 234 244 249 0 0 184 177 200 189 189 182 
0 0 0 0 0 152 0 154 149 0 0 0 138 132 125 160 146 148 0 0 0 0 0 0 0 0 0 0 56 0 0 56 56 56 0 0 0 56 56 175 0 173 156 163 0 0 0 0 0 0 0 0 0 0 165 169 184 194 174 187 168 143 164 158 171 179 0 0 0 120 0 0 0 0 181 223 236 231 206 0 0 0 0 190 192 188 217 0 0 0 0 0 0 0 0 0 0 0 0 0 54 54 59 78 107 95 99 95 209 218 198 217 203 208 210 216 214 230 245 248 0 0 198 197 216 203 190 188 
0 0 0 0 0 154 151 151 153 0 0 0 0 127 122 0 0 0 0 0 0 53 0 0 50 50 50 0 50 50 0 0 50 0 0 0 0 0 50 178 182 179 186 0 0 0 0 222 194 216 195 215 216 179 188 221 230 217 201 202 217 142 170 179 170 0 0 0 0 136 0 0 0 0 226 239 235 228 212 202 0 0 0 201 209 220 213 207 213 217 237 187 58 62 57 56 55 57 61 60 54 54 62 74 97 97 88 95 224 207 206 221 216 196 218 220 212 242 239 244 233 210 207 207 218 203 211 210 
0 0 0 0 0 161 150 152 153 0 0 0 0 134 129 0 0 0 0 0 54 0 0 0 56 56 56 56 56 56 56 0 0 0 0 0 0 0 0 192 186 0 0 0 0 0 0 0 225 181 198 188 184 176 180 196 221 211 229 219 246 221 148 183 179 0 0 0 0 161 0 0 0 0 236 205 177 181 207 184 167 0 0 236 237 229 232 234 224 239 234 197 65 63 56 54 56 58 66 51 52 56 64 72 89 98 78 98 228 214 209 221 205 215 225 213 207 243 239 240 248 245 228 231 225 227 228 227 
0 0 0 0 0 161 154 155 0 0 0 0 0 142 126 0 138 0 118 54 0 50 0 0 51 51 51 0 0 51 51 0 0 0 51 0 0 0 51 174 176 0 0 0 0 144 155 213 245 205 0 0 0 0 234 215 222 212 222 227 242 222 107 138 166 0 0 0 0 0 0 0 0 0 240 221 208 206 207 207 233 233 0 0 205 201 205 204 201 205 214 203 0 61 60 57 55 59 64 58 53 57 0 78 91 84 68 96 225 213 211 223 203 221 221 222 200 197 205 205 219 0 184 185 184 181 176 177 
0 0 0 0 0 0 158 0 146 152 145 0 0 0 127 0 0 0 0 53 48 0 0 0 0 50 50 50 50 50 0 0 50 50 0 0 0 0 50 171 174 156 0 0 179 136 122 170 0 228 208 0 198 222 238 208 215 202 180 248 253 251 0 0 190 0 0 0 0 159 0 0 0 0 0 234 222 199 197 217 233 210 0 0 229 227 238 0 0 0 0 0 0 0 0 0 61 55 61 57 52 56 0 89 92 94 72 101 189 221 208 212 209 217 219 227 200 196 198 209 215 0 187 180 179 182 181 179 
0 0 0 0 0 0 0 154 146 153 148 0 141 0 120 0 145 0 0 0 0 0 0 0 56 56 56 56 56 56 56 0 0 0 0 0 0 0 0 148 0 0 0 179 174 178 148 139 231 220 205 0 0 196 196 180 183 189 219 226 237 232 186 160 184 0 0 0 0 0 0 0 0 0 0 0 185 206 238 225 0 0 0 0 0 0 0 0 0 0 0 0 0 0 0 0 57 56 65 65 53 0 0 0 98 104 85 111 178 184 206 210 213 216 224 221 196 208 206 208 0 0 191 192 184 175 173 172 
0 0 0 0 0 0 0 0 145 149 146 0 0 0 125 0 0 143 127 57 49 51 49 49 49 49 49 49 49 49 49 0 0 0 0 0 0 0 0 124 0 102 151 0 166 157 112 87 209 0 211 226 230 220 223 227 226 221 226 226 227 224 194 146 136 0 0 0 162 0 0 0 0 0 223 0 0 0 223 0 0 0 0 0 0 0 0 0 0 0 0 0 0 53 61 59 60 53 68 65 67 0 0 0 90 101 89 123 205 180 172 211 213 213 219 217 195 213 222 218 0 0 210 207 208 211 209 210 
0 0 0 0 0 155 151 142 146 148 0 0 0 0 0 152 0 0 124 66 51 45 47 47 47 47 47 47 47 0 0 0 0 0 0 0 0 0 0 0 0 0 183 172 0 120 114 89 141 0 0 198 222 220 216 227 229 234 227 225 227 223 196 177 119 0 0 0 0 0 0 0 0 0 188 186 220 0 0 0 0 0 0 205 190 198 209 195 195 206 203 214 107 59 62 65 70 57 53 60 59 61 56 98 88 93 92 131 203 198 185 161 206 214 216 215 215 237 245 247 253 0 232 233 235 236 236 228 
0 0 0 0 0 0 0 144 144 139 143 0 0 0 0 151 0 0 125 55 55 51 54 54 54 54 54 0 0 0 0 0 0 0 0 54 54 0 0 0 154 176 171 169 174 0 152 0 0 0 0 169 206 222 225 222 225 223 225 227 227 229 173 124 112 0 0 0 0 0 0 0 0 0 199 202 0 0 0 0 0 0 0 196 192 194 200 216 195 197 199 205 111 61 59 63 59 0 63 62 57 55 61 96 87 89 86 134 202 196 192 187 155 182 207 216 215 244 243 237 247 234 225 227 233 231 231 226 
0 0 0 0 0 152 144 148 147 146 144 0 0 0 0 154 144 0 0 56 49 45 43 43 43 43 43 0 0 0 0 0 0 43 43 43 43 0 0 0 189 169 161 177 161 125 129 0 130 178 206 180 189 220 228 224 224 216 222 229 227 223 204 155 126 0 0 0 0 0 0 0 0 0 202 217 228 0 0 0 0 0 0 208 213 207 207 219 196 204 202 211 97 56 0 0 62 60 72 66 60 61 62 95 86 87 98 144 194 189 194 181 184 183 174 188 195 241 249 251 0 0 234 238 236 235 230 221 
0 0 0 0 0 155 151 153 147 140 149 0 0 0 0 153 142 0 0 61 50 51 42 42 42 42 42 42 42 42 0 0 42 42 42 42 0 0 0 0 182 162 151 0 159 141 143 136 109 187 210 183 202 198 219 221 225 221 225 225 226 222 226 215 171 0 0 0 0 0 0 0 0 0 169 228 213 0 0 208 206 0 0 214 224 206 213 218 207 215 211 215 99 60 62 60 57 62 66 53 53 59 61 94 92 88 93 162 196 191 194 184 180 194 198 200 186 193 205 215 0 0 213 212 206 188 173 171 
0 0 0 0 158 150 153 0 151 0 147 0 0 0 0 152 145 146 0 0 52 47 49 49 49 0 49 49 49 49 0 49 49 49 49 49 0 0 0 0 161 141 142 143 0 134 142 0 0 0 205 181 0 164 205 223 207 212 216 208 199 215 209 209 203 0 0 0 0 0 0 0 0 0 190 230 206 212 0 0 0 0 202 201 211 202 203 0 0 0 196 203 131 59 61 65 55 62 59 60 0 56 59 89 96 89 103 171 192 195 190 195 189 195 199 200 201 192 200 206 0 178 173 180 181 189 181 184 
0 0 0 0 0 160 0 0 0 135 134 137 0 0 0 153 151 144 136 0 0 0 0 0 0 0 0 48 48 48 48 0 0 48 48 48 0 0 0 191 158 134 142 158 0 0 156 135 0 171 206 180 212 0 167 219 188 177 184 172 176 195 179 189 196 0 0 0 0 0 0 0 0 0 210 227 202 207 0 0 0 229 210 201 220 205 204 203 203 202 205 205 150 61 61 61 59 58 58 0 0 0 56 86 95 91 94 161 196 185 188 192 187 190 191 200 207 199 193 208 0 0 181 186 186 188 185 184 
0 0 0 0 0 162 158 151 149 143 135 129 0 0 0 145 142 138 130 57 0 0 0 0 49 49 0 49 49 49 0 0 0 49 49 49 0 0 0 0 172 138 115 124 125 165 156 132 0 0 208 173 209 164 163 174 227 220 177 169 191 173 171 194 183 0 0 0 0 0 0 0 0 0 208 231 202 206 0 0 184 205 217 214 215 231 212 204 199 207 208 199 99 67 61 59 64 69 54 55 57 58 56 92 92 96 94 169 191 182 189 188 180 187 202 203 208 206 198 209 0 0 183 184 185 186 185 188 
0 0 0 0 0 153 154 154 149 145 142 0 0 0 0 0 146 133 134 61 44 0 0 0 0 48 48 48 48 48 0 48 0 48 48 48 0 0 0 169 170 137 0 153 172 161 150 145 117 0 0 171 208 172 170 165 172 215 194 205 210 199 198 205 192 0 0 0 0 0 0 0 0 192 220 231 195 197 0 0 0 199 214 199 203 220 213 199 205 202 212 209 98 59 54 67 55 61 57 60 58 56 67 87 83 97 106 196 193 191 194 190 182 188 191 199 204 199 203 201 0 0 0 176 175 181 184 175 
0 0 0 0 0 150 153 150 154 149 152 0 0 0 0 0 146 139 127 60 43 46 0 0 0 0 0 0 0 0 0 0 0 0 0 0 0 0 0 147 145 138 0 0 0 0 0 0 0 0 0 0 0 0 163 170 166 174 217 223 204 173 177 190 195 0 0 0 0 0 0 0 0 184 216 236 200 202 188 207 187 200 194 196 188 187 210 211 199 196 200 200 111 61 60 65 63 57 62 65 56 58 61 83 86 106 117 193 186 185 192 187 186 191 189 199 199 206 209 195 0 0 174 168 175 180 185 180 
0 0 0 0 0 154 155 151 148 0 144 0 0 0 0 0 150 134 136 61 49 49 43 43 0 0 43 0 0 0 43 0 43 43 43 43 43 0 0 0 144 134 120 90 0 70 71 0 0 0 192 170 210 168 157 168 169 169 167 0 223 227 191 173 187 165 0 0 0 0 0 0 0 174 209 232 211 214 191 192 0 194 191 204 196 193 199 193 201 182 176 197 127 47 60 65 70 64 62 66 57 65 60 87 92 98 120 185 183 190 195 189 184 186 194 191 203 199 200 188 0 0 174 169 176 181 168 178 
0 0 0 0 0 149 154 151 144 139 144 0 0 0 0 0 147 139 143 71 50 42 44 44 44 0 0 0 0 0 0 0 0 0 0 0 0 0 0 0 123 109 0 77 72 66 74 80 72 144 191 184 210 178 165 159 169 168 173 168 0 222 213 201 204 216 0 0 0 0 0 0 0 197 209 232 212 204 217 220 225 230 225 228 225 229 236 225 229 230 227 230 98 80 61 62 65 65 64 57 66 54 59 75 84 89 117 187 192 190 199 192 186 185 199 190 195 197 196 184 177 0 164 169 166 172 172 166 
0 0 0 0 165 161 161 154 150 150 132 0 0 0 0 0 142 128 140 63 42 52 51 51 51 51 51 0 0 0 51 0 0 0 0 0 0 0 0 0 95 78 82 81 77 77 76 75 65 150 195 178 205 177 163 164 170 170 170 174 172 161 190 216 223 226 0 0 0 0 0 0 0 177 189 234 225 192 211 208 204 200 207 205 204 206 205 199 195 200 198 167 81 75 62 63 64 66 61 57 52 55 59 77 86 100 108 186 193 192 189 193 188 182 195 192 184 191 194 183 0 163 160 165 173 172 166 168 
0 0 0 0 156 161 159 0 141 139 133 0 0 0 0 0 147 134 141 69 49 49 52 52 52 52 52 52 52 0 0 0 0 52 0 0 52 52 52 97 63 64 73 0 73 68 72 71 65 0 201 175 207 172 162 168 168 168 170 165 169 167 160 160 184 0 0 0 0 0 0 0 0 0 227 231 230 195 177 191 186 178 194 182 182 182 185 186 186 187 192 84 62 60 63 67 66 60 73 50 58 60 57 72 86 99 93 176 199 191 199 199 183 186 189 187 180 182 189 169 0 0 170 172 180 174 176 166 
0 0 0 0 0 150 147 144 138 139 133 0 0 0 0 0 149 133 134 64 47 51 42 42 42 42 42 42 42 42 0 0 0 42 42 0 0 42 42 70 64 61 70 70 0 0 0 0 0 0 0 164 201 170 167 162 171 176 168 169 170 167 169 161 164 160 0 0 0 0 0 0 0 0 234 233 227 228 173 188 196 188 198 190 186 180 186 198 0 197 135 67 62 63 66 60 66 59 69 64 56 55 57 74 90 105 96 131 189 191 195 186 176 172 178 164 168 179 176 163 0 0 0 162 156 157 161 152 
0 0 0 0 0 137 0 0 0 0 0 0 0 116 0 0 143 126 131 0 0 0 0 0 0 0 0 0 0 0 0 0 0 0 0 0 0 0 45 101 73 0 0 0 0 0 0 0 0 152 189 159 207 164 152 153 153 156 158 156 160 155 154 155 146 147 0 0 0 0 0 0 0 0 177 183 171 162 157 150 177 180 187 189 186 0 191 196 0 141 82 65 67 58 64 62 0 0 59 0 0 0 0 0 0 0 0 134 0 0 0 0 0 0 0 0 175 177 166 166 0 0 164 167 167 169 168 165 
0 0 0 0 0 157 156 142 0 0 0 0 0 0 0 0 148 135 135 72 0 47 47 47 47 0 47 47 47 47 47 47 47 47 47 47 47 47 47 126 124 86 67 0 64 70 0 0 85 149 192 169 202 173 161 159 163 171 172 171 175 175 177 175 174 173 0 0 0 0 0 0 0 179 175 174 187 172 178 186 162 198 228 227 228 0 0 0 153 0 74 0 0 0 0 0 0 0 0 0 0 0 0 0 0 0 0 0 0 0 0 176 179 178 184 182 185 185 177 171 0 0 0 160 166 169 170 169 
0 0 0 0 128 125 127 121 123 0 0 0 0 0 0 140 148 138 137 75 0 0 49 49 49 49 0 49 49 49 49 49 49 49 49 49 49 49 49 86 112 96 85 0 0 0 98 121 137 171 200 168 201 173 166 161 168 172 173 170 171 177 177 180 175 0 0 0 0 0 0 0 0 181 183 179 183 174 180 187 188 165 180 198 221 0 0 167 114 0 0 0 0 0 60 0 0 0 64 60 0 0 56 64 93 104 115 178 180 0 191 171 170 172 180 176 181 182 172 174 0 0 169 177 127 157 163 175 
0 0 0 0 0 0 0 0 0 0 0 0 0 0 0 133 145 138 137 72 45 50 44 44 44 44 44 0 44 44 44 44 0 44 44 44 44 44 44 121 95 71 75 0 0 0 0 98 108 174 207 172 204 169 162 167 163 168 175 169 171 164 177 182 176 173 0 0 0 0 0 0 0 153 138 165 139 124 137 138 130 167 177 173 0 0 0 89 79 78 76 0 0 64 55 63 0 59 62 60 60 0 62 63 100 93 140 172 0 0 185 177 171 173 0 0 0 186 160 165 0 0 0 204 154 162 160 171 
0 0 0 0 0 0 0 0 0 0 0 0 0 0 0 0 153 135 138 78 42 45 46 46 46 46 46 46 46 46 46 46 46 0 46 46 46 46 46 0 103 93 70 0 0 0 0 78 72 145 205 170 203 172 159 162 168 171 178 172 169 170 171 172 177 173 0 0 0 0 0 0 0 138 141 158 143 0 0 150 152 168 174 182 181 0 0 112 76 74 77 0 0 0 0 55 61 0 57 57 0 0 52 67 89 91 155 170 0 0 183 174 171 172 181 178 177 175 166 162 0 0 204 200 148 164 166 166 
0 0 0 0 0 0 0 0 0 0 0 0 0 0 0 0 145 131 136 79 44 40 37 37 37 0 0 37 37 37 37 0 37 37 0 37 37 37 37 118 147 147 123 108 0 0 0 0 103 138 190 166 202 171 159 170 171 169 164 147 141 149 137 153 137 156 0 0 0 0 0 0 0 0 142 138 121 0 0 115 130 155 178 183 183 0 0 78 73 73 73 0 0 0 0 0 65 53 58 56 0 0 0 0 0 0 0 168 0 0 0 0 0 0 0 173 187 184 166 164 0 0 0 199 141 156 164 159 
0 0 0 0 0 0 123 129 128 124 134 128 0 0 0 123 145 121 130 75 44 38 42 42 42 42 42 0 42 0 0 0 0 42 42 0 0 42 42 146 171 186 0 0 0 0 0 75 0 177 0 0 0 169 169 166 168 166 148 144 151 150 161 159 149 150 0 0 0 0 0 0 0 152 147 162 151 0 0 156 159 174 182 184 189 0 0 89 74 73 74 0 0 0 57 59 0 58 58 0 0 0 0 64 83 86 135 171 0 0 0 165 169 170 182 180 186 169 161 162 0 0 0 195 139 152 153 157 
0 0 0 0 0 0 0 0 134 122 0 0 0 0 0 0 147 127 127 78 34 44 0 0 45 45 45 45 0 0 45 45 0 45 45 45 45 0 45 94 107 0 0 0 0 0 0 0 145 0 0 0 0 0 0 158 165 168 131 123 136 124 124 129 139 144 0 0 0 0 0 0 0 0 128 111 119 104 140 118 113 148 181 174 177 0 0 94 67 82 79 0 0 0 59 58 0 0 57 57 0 0 57 65 92 96 104 161 172 0 170 173 162 161 177 176 178 162 154 155 0 0 0 196 139 156 150 156 
0 0 0 0 0 0 0 0 0 0 0 0 0 0 0 0 143 125 126 77 40 47 40 40 0 0 0 40 0 0 0 40 0 40 40 40 40 40 40 128 141 134 0 0 0 0 0 99 0 141 187 172 209 0 0 0 0 163 138 150 149 153 158 146 148 160 0 0 0 0 0 0 0 0 165 147 139 0 154 149 167 170 176 181 0 0 0 168 118 97 75 0 0 60 62 58 0 0 54 57 60 0 52 63 88 95 96 142 0 0 175 176 170 153 173 180 164 0 147 156 0 0 0 201 142 156 154 156 
0 0 0 0 0 133 124 125 122 108 117 0 0 0 0 119 144 124 129 80 44 43 41 41 41 41 41 41 0 0 0 0 0 41 0 41 0 41 41 152 155 0 0 0 0 0 99 137 163 169 199 181 212 0 155 162 157 148 158 165 163 127 122 125 117 125 0 0 0 0 0 0 0 0 123 141 118 115 116 145 168 178 0 0 0 0 0 0 0 0 0 0 0 0 0 0 0 0 62 60 64 0 0 0 0 0 0 131 0 0 0 0 0 0 0 168 158 147 153 161 0 0 0 197 136 149 149 147 
0 0 0 0 0 142 133 137 141 125 124 0 0 0 0 110 140 124 133 84 44 48 40 40 40 0 0 40 40 0 0 0 40 0 40 40 40 40 40 166 161 147 144 158 138 0 0 150 152 174 213 183 220 184 0 160 158 160 159 157 162 155 161 170 153 154 0 0 0 0 0 0 0 0 157 149 154 157 155 150 153 163 0 0 0 0 0 0 155 105 157 193 0 0 0 56 54 0 55 58 67 0 0 56 86 99 106 143 171 0 0 179 184 177 180 175 154 151 119 127 0 0 0 202 125 130 119 123 
120 0 0 0 0 147 122 119 126 0 0 0 0 0 0 0 144 118 126 82 43 39 41 41 41 0 41 0 41 0 0 0 0 41 0 41 41 41 41 0 0 0 0 0 0 0 0 63 78 149 190 175 0 0 157 171 158 161 150 111 112 113 134 141 113 136 0 0 0 0 0 0 0 129 142 136 134 127 129 139 145 136 174 0 0 103 137 85 108 113 152 168 98 0 0 59 53 59 59 58 61 64 0 59 85 97 129 161 174 178 0 0 176 172 184 173 164 152 132 214 0 0 0 225 214 205 209 139 
197 0 0 0 0 0 174 176 0 0 0 0 0 0 0 116 140 124 132 82 37 39 41 41 41 41 41 41 41 0 0 0 0 41 41 41 41 41 41 89 118 115 92 0 0 0 0 0 116 175 200 177 0 0 0 0 0 152 157 142 140 140 129 150 146 146 0 0 0 0 0 0 164 153 150 151 164 150 163 157 150 147 172 0 0 80 105 88 101 121 69 0 0 0 0 0 65 55 58 58 58 58 0 0 80 0 0 166 171 0 0 0 0 0 0 0 0 155 136 147 0 0 0 137 145 147 136 118 
0 0 0 0 119 119 0 118 118 112 113 0 0 0 0 0 141 124 129 93 40 40 0 0 0 0 0 0 0 0 0 0 0 0 0 0 33 0 0 0 0 0 92 0 0 0 0 122 114 0 0 0 0 0 154 151 110 116 119 104 116 122 0 0 128 130 0 0 0 0 0 0 162 0 0 0 0 151 148 139 149 157 171 174 176 96 103 90 92 115 154 111 108 56 0 63 61 0 0 0 0 58 62 63 85 134 181 160 171 168 170 173 172 175 188 173 158 160 160 155 0 0 0 147 145 145 144 144 
0 0 0 0 0 137 144 0 134 126 124 0 0 0 0 0 143 124 129 88 54 46 36 36 36 0 0 0 0 0 0 0 0 36 36 0 36 36 36 85 86 48 53 67 0 0 57 94 72 0 0 0 0 0 0 158 135 143 125 0 138 122 0 0 153 140 146 0 0 0 0 0 0 0 0 0 0 148 153 140 146 165 180 0 0 0 0 0 0 0 0 0 0 0 66 0 0 0 0 0 0 0 0 0 0 139 179 159 168 157 166 176 186 183 186 168 162 152 142 147 0 0 0 143 143 145 146 136 
140 137 0 0 126 128 125 127 0 125 122 0 0 0 0 0 136 121 120 88 38 44 0 0 0 0 0 0 36 0 0 0 0 0 36 36 0 36 36 56 0 79 56 0 0 0 0 73 58 0 0 0 0 0 0 155 116 116 123 136 133 125 0 126 148 137 0 0 0 0 0 0 0 0 0 0 169 159 152 152 153 173 185 0 0 0 182 0 0 0 0 0 0 0 0 0 0 0 69 66 0 0 63 65 89 128 183 160 156 173 178 188 192 199 186 158 158 141 142 121 0 0 0 157 159 135 135 122 
138 136 0 0 0 125 124 122 0 0 118 0 0 0 0 0 138 121 127 85 0 0 0 0 0 0 0 0 0 0 0 0 0 0 0 0 0 0 0 0 0 0 0 0 59 0 0 57 53 0 0 0 192 164 151 156 137 135 140 134 137 135 0 162 145 160 0 0 0 0 0 0 0 0 141 140 145 138 154 129 133 149 170 0 0 168 179 194 0 0 177 187 0 68 73 81 0 71 68 74 71 0 0 65 81 120 166 167 189 187 187 187 191 196 183 152 154 152 145 137 0 0 0 173 205 229 146 122 
139 0 0 0 0 137 0 0 122 122 117 0 0 0 0 0 135 120 130 90 0 0 0 0 0 0 0 0 0 0 0 0 0 0 0 0 0 0 0 0 0 0 45 52 57 72 0 67 0 0 0 0 194 164 157 153 126 135 138 141 144 142 168 158 139 137 0 0 0 0 0 0 0 0 0 0 164 168 173 168 166 164 154 0 0 169 176 188 0 0 0 178 146 63 76 0 0 65 67 78 0 0 0 62 97 112 111 119 191 195 179 184 185 188 179 147 154 155 155 142 0 0 0 134 129 203 201 115 
135 0 0 0 135 131 129 122 118 122 112 0 0 0 0 0 135 123 125 99 38 37 35 35 35 35 35 35 35 35 35 0 0 0 35 35 0 35 35 58 56 56 67 56 64 56 60 0 58 0 0 0 0 159 150 159 154 159 161 155 158 161 0 170 166 168 0 0 0 0 0 0 0 0 0 0 180 181 186 182 179 125 120 0 0 0 0 0 0 0 0 192 111 62 74 0 69 66 63 75 74 0 0 67 95 108 112 111 128 164 189 192 196 199 165 143 155 151 157 148 175 0 0 152 140 184 202 124 
141 0 0 0 0 125 122 115 119 109 115 0 0 0 0 0 139 126 129 93 40 35 35 35 35 35 35 35 35 35 35 35 0 0 0 35 35 35 35 65 64 46 52 54 59 60 58 0 51 113 0 0 0 0 150 155 164 158 161 163 161 166 158 158 168 168 0 0 0 0 0 0 0 0 0 203 194 190 181 185 133 62 56 0 0 61 142 0 0 186 0 0 0 65 77 0 71 76 65 70 71 73 0 69 92 115 111 115 122 144 205 197 197 195 148 140 152 153 155 147 168 0 0 131 127 200 160 129 
128 0 0 0 0 112 106 111 117 0 0 0 0 0 0 0 141 123 126 98 36 35 39 39 39 39 39 39 39 39 39 39 0 0 0 0 39 39 39 0 0 0 53 50 60 46 56 63 59 115 0 0 0 0 159 159 162 158 165 158 154 0 171 162 166 165 0 0 0 0 0 0 0 0 200 192 196 201 189 178 99 68 66 0 0 70 100 0 0 149 176 0 0 73 80 0 72 70 73 76 66 0 0 0 106 122 122 124 135 192 199 199 194 179 150 144 150 156 152 132 165 0 0 189 197 128 134 130 
126 0 0 0 0 116 113 119 125 118 0 0 0 0 0 0 130 118 123 101 43 33 37 37 37 37 37 37 37 37 37 37 0 0 0 0 37 37 37 0 0 0 72 54 53 63 65 57 57 0 180 155 201 170 0 159 166 152 154 153 163 168 167 162 165 160 0 0 0 0 0 0 0 191 189 187 195 0 0 203 107 68 71 0 0 55 58 72 0 77 106 0 0 66 65 0 0 69 75 0 76 73 75 63 111 122 123 137 157 200 197 196 195 168 156 149 141 145 142 132 166 0 0 138 170 180 121 134 
126 122 0 0 117 113 120 120 126 0 0 0 0 0 0 0 130 124 119 100 38 32 45 45 45 45 45 45 45 45 45 45 45 0 0 0 45 45 45 55 54 61 56 47 57 63 61 0 69 114 0 166 208 167 160 156 165 166 163 168 163 170 160 167 165 162 0 0 0 0 0 0 199 193 189 192 203 0 0 0 124 61 85 0 0 65 65 0 0 0 77 78 0 65 69 66 0 0 0 0 0 0 0 72 115 109 154 203 192 199 198 173 119 135 157 150 142 139 138 128 151 0 0 144 119 204 169 126 
129 0 0 0 119 122 111 112 116 0 0 0 0 0 0 0 128 122 123 99 0 32 34 34 34 34 34 34 34 0 0 0 0 0 0 0 34 34 34 53 61 51 53 54 56 55 59 62 73 115 176 160 183 166 145 158 166 168 164 162 163 162 156 163 160 160 0 0 0 0 0 210 203 191 179 199 204 210 0 0 0 97 78 0 0 0 70 71 0 60 60 68 0 0 65 66 0 0 0 67 0 0 0 74 124 159 180 192 180 177 204 107 51 51 98 141 136 133 129 122 147 0 0 135 119 196 176 115 
119 0 0 0 122 119 109 105 114 115 111 0 0 0 0 0 127 125 122 98 38 34 35 35 35 35 0 0 0 35 0 35 35 0 0 0 0 0 35 47 52 51 56 55 54 55 56 73 63 107 180 156 180 169 148 158 158 159 162 167 163 161 163 165 165 0 0 0 0 0 0 179 187 185 185 206 196 0 0 0 0 0 96 77 0 0 80 77 0 0 67 65 0 0 62 65 66 0 0 0 75 75 73 81 137 197 190 184 173 142 133 60 58 58 47 117 132 131 122 117 159 0 0 139 179 207 148 118 
121 114 0 0 120 111 108 102 0 105 112 0 0 0 0 0 127 124 120 100 33 41 34 34 34 34 0 0 0 0 0 34 34 0 0 0 0 0 0 48 47 48 53 54 0 0 56 63 58 104 179 159 180 168 156 159 164 159 0 0 0 166 158 167 173 0 0 0 0 0 185 198 197 196 196 199 182 0 0 0 0 121 113 97 77 0 85 84 74 69 63 62 65 0 62 68 68 72 69 0 0 81 70 90 150 201 187 186 182 138 79 57 59 56 44 116 140 130 123 95 0 0 0 159 156 140 132 100 
119 0 0 0 0 0 0 0 0 0 0 0 0 0 0 0 123 117 124 106 40 33 35 35 35 35 35 0 0 0 0 0 0 0 0 0 0 0 0 0 55 52 47 0 0 0 0 0 60 107 175 155 182 172 157 154 163 165 162 0 0 0 0 175 185 0 0 0 0 0 0 190 191 202 193 0 0 0 0 0 0 85 100 123 91 84 88 78 0 78 77 72 70 71 0 66 68 62 61 71 71 72 62 96 138 189 182 188 179 115 102 67 55 58 49 119 141 140 134 121 123 0 0 125 133 137 146 137 
0 0 0 0 0 0 0 0 0 0 106 0 0 0 0 0 121 118 119 118 45 37 34 34 34 34 34 0 0 0 0 0 0 34 34 34 0 0 0 55 56 55 48 0 0 0 67 61 60 105 183 0 0 169 150 160 163 0 0 0 0 0 170 174 180 0 0 0 174 148 0 0 215 226 228 213 207 135 102 0 0 0 123 118 115 0 0 68 71 0 0 67 0 0 0 0 80 82 69 60 68 61 58 101 109 166 191 184 0 98 133 120 0 89 61 113 126 123 118 118 122 0 0 120 117 123 119 118 
100 0 0 0 0 0 97 98 98 102 104 0 0 0 0 0 121 120 120 0 0 0 0 0 0 0 0 0 0 0 0 0 38 38 38 38 38 0 0 0 56 55 64 64 0 57 58 65 65 108 0 0 0 0 0 0 142 0 149 0 0 0 0 157 168 0 0 0 0 218 218 179 0 0 209 235 234 0 132 0 0 128 132 121 120 0 0 81 69 70 0 0 60 57 50 50 61 90 115 78 62 61 64 101 130 141 120 96 127 136 141 76 93 154 61 103 130 141 132 138 138 0 0 0 128 137 133 122 
0 0 0 0 0 104 114 107 98 0 0 0 0 0 0 0 124 130 116 110 42 38 38 38 0 0 0 0 0 0 0 38 38 38 38 38 38 0 0 0 0 58 70 70 0 0 56 63 0 0 0 0 0 0 0 0 159 152 154 159 161 0 175 159 0 0 0 240 226 205 134 111 119 0 0 200 217 194 0 0 0 0 128 98 105 104 0 0 132 78 0 0 0 0 63 71 76 89 102 75 60 55 61 107 138 84 51 43 64 65 67 49 75 78 49 39 105 139 142 118 69 0 0 0 131 65 74 105 
0 0 0 0 0 0 0 99 0 110 110 0 0 0 0 0 123 121 111 113 0 0 34 0 0 0 0 0 0 0 0 34 34 34 34 34 0 0 0 0 0 0 54 64 58 0 0 0 0 0 178 177 0 0 172 168 172 159 0 0 0 0 0 0 0 228 235 240 224 150 129 132 123 125 0 0 206 221 0 0 0 0 0 0 0 0 0 0 0 0 0 0 0 0 72 67 61 74 65 53 62 76 102 118 76 57 53 52 53 43 113 110 51 49 48 40 66 141 148 69 132 0 0 0 129 72 51 99 
114 0 0 0 0 108 107 106 103 101 101 94 0 101 0 0 115 124 117 111 56 48 0 0 0 0 0 47 0 0 0 47 47 47 47 47 0 0 0 55 0 0 59 63 65 72 0 0 0 109 184 177 212 0 0 169 170 158 0 0 157 144 183 205 217 224 229 235 224 173 112 106 112 103 129 132 0 0 0 0 0 0 93 122 0 0 0 0 0 0 0 0 0 0 69 82 78 57 54 68 82 115 103 55 51 58 53 49 59 58 52 57 49 59 48 41 114 138 144 117 67 0 0 0 132 88 64 105 
106 0 0 0 0 103 112 102 106 110 104 0 0 0 0 0 116 123 117 114 55 36 0 0 0 0 42 42 42 0 0 0 42 42 42 42 42 0 0 61 0 0 77 60 60 61 81 70 0 0 0 190 216 191 0 193 177 170 0 0 0 193 211 209 155 163 230 232 0 166 140 97 86 106 139 135 0 0 0 0 0 0 66 74 125 195 153 0 0 0 146 99 56 74 83 88 81 68 87 104 101 81 53 47 54 52 53 47 49 49 52 49 52 58 42 67 134 145 145 147 132 0 0 0 129 123 119 119 
104 0 0 0 0 0 0 0 0 0 103 0 0 0 0 0 120 125 115 122 58 0 0 0 0 0 38 38 38 0 0 0 38 38 38 38 38 0 0 64 0 0 0 58 55 65 0 64 61 0 0 173 0 0 0 0 0 0 0 0 0 214 226 180 125 137 203 0 0 0 123 107 114 119 0 0 0 0 0 0 0 0 58 56 75 0 0 68 66 71 0 52 44 41 50 49 75 74 0 69 54 55 49 0 39 44 52 0 47 47 55 44 47 70 71 71 0 140 135 135 121 0 0 0 126 118 120 117 
0 0 0 0 0 0 0 0 0 0 105 0 0 0 0 0 108 123 115 0 60 0 0 0 0 0 39 39 39 0 0 39 39 39 39 39 39 0 0 0 0 0 0 61 67 75 0 0 0 0 0 0 0 186 162 0 198 157 171 0 0 209 220 181 143 130 187 0 0 0 0 116 113 98 119 0 0 0 0 0 80 63 61 58 71 0 0 0 140 121 84 0 86 58 0 49 57 0 0 50 54 50 52 46 0 52 56 55 53 0 51 55 65 53 122 135 132 0 132 134 122 0 0 0 125 121 118 122 
101 0 0 0 0 0 0 0 0 89 99 99 0 0 0 0 118 125 111 123 0 0 0 0 0 37 37 37 37 0 0 37 37 37 37 37 37 0 0 0 0 0 0 74 94 115 0 60 66 99 0 197 222 195 167 194 0 155 178 218 217 223 211 172 111 143 172 206 0 0 185 151 99 91 0 0 0 0 0 0 0 71 83 78 69 69 0 0 0 81 70 0 0 80 0 0 0 0 0 0 51 51 56 47 68 0 55 58 47 0 0 0 0 0 0 0 0 0 0 100 64 0 0 0 99 66 75 95 
72 56 0 0 61 0 0 0 61 73 55 79 0 0 0 0 0 125 107 119 0 33 0 0 0 41 41 41 0 0 0 41 41 41 41 41 41 0 0 0 0 0 0 130 104 139 70 0 0 0 0 189 208 207 178 207 0 0 0 0 0 224 232 190 108 142 197 213 204 0 0 101 101 0 0 0 0 0 0 0 94 89 91 83 82 69 0 0 0 0 0 0 0 0 0 0 63 0 0 0 53 60 0 0 0 0 0 49 50 0 0 0 0 84 135 129 0 0 0 0 90 0 0 0 73 61 106 48 
0 0 0 0 58 86 0 0 72 83 86 56 0 0 0 0 110 127 102 113 0 0 0 0 34 34 34 34 34 0 34 34 34 34 0 34 34 34 0 0 0 0 0 0 0 0 0 0 0 0 0 208 236 0 0 0 0 0 0 0 0 217 228 178 133 163 0 212 124 97 0 127 111 0 0 172 0 0 0 0 0 72 88 87 0 0 0 0 0 0 0 0 0 0 0 0 0 0 0 0 52 0 0 0 0 0 0 0 0 0 0 0 0 0 0 0 0 0 0 90 60 0 0 0 76 51 112 59 
0 0 0 0 0 66 0 0 0 71 76 72 0 0 0 0 0 121 108 106 0 0 0 34 34 34 34 34 34 34 34 34 34 34 0 34 34 34 0 0 0 52 64 0 0 0 0 0 0 0 184 223 250 0 180 184 165 174 0 199 208 205 205 194 184 188 0 0 97 82 109 106 105 98 0 147 217 0 0 0 0 0 69 72 0 0 0 0 0 0 0 0 0 0 0 0 0 0 0 0 51 0 0 0 0 0 0 0 0 0 0 0 0 0 0 0 0 0 130 113 53 0 0 0 108 55 120 99 
71 0 0 0 77 93 80 0 0 69 77 0 0 0 0 0 0 123 96 110 0 0 0 0 33 33 33 33 33 33 33 33 33 33 0 0 33 33 0 0 0 0 52 61 0 0 59 65 0 0 179 191 222 0 0 167 148 165 186 0 181 175 190 172 172 182 158 177 0 97 0 136 122 95 0 0 0 0 0 0 0 226 158 110 156 217 200 72 71 72 0 0 83 59 69 78 74 61 60 54 53 51 50 71 73 52 48 48 44 49 66 54 64 60 72 132 132 127 128 123 123 0 0 0 124 126 123 121 
0 0 0 0 0 0 0 0 0 0 113 0 0 0 0 0 104 131 106 0 0 0 0 0 0 0 0 0 0 0 0 0 0 0 0 0 0 37 37 0 0 0 61 61 76 0 0 61 0 0 176 162 0 0 0 181 162 196 0 198 180 180 0 0 0 0 0 0 0 0 0 0 0 0 0 0 0 0 0 0 0 224 213 204 188 215 202 71 54 60 0 0 0 46 49 59 61 52 57 56 52 48 50 56 58 52 47 46 46 46 45 46 52 60 63 138 135 128 129 132 121 0 0 0 124 120 112 109 
0 0 0 0 0 0 103 94 0 100 109 0 0 0 0 0 98 127 108 0 0 34 0 0 0 0 0 0 0 0 0 0 0 0 0 0 0 0 0 0 0 0 0 60 69 100 0 0 58 0 0 175 196 0 0 0 0 0 0 198 183 0 0 0 0 0 0 0 0 0 0 0 0 121 114 101 0 0 0 0 90 143 189 188 89 200 216 143 48 0 0 0 0 0 54 61 70 50 52 52 45 49 49 57 49 47 92 61 59 45 49 47 55 113 133 131 132 128 131 133 99 0 0 0 97 61 64 87 
0 0 0 0 0 0 0 102 99 97 100 107 0 0 0 0 98 120 113 0 0 0 0 0 0 38 38 38 38 38 0 0 0 0 38 38 38 38 38 0 0 0 0 0 0 115 80 0 0 0 0 0 0 188 159 165 179 212 228 226 209 0 0 0 215 221 0 0 0 240 209 146 0 124 120 86 100 0 0 0 0 58 84 125 55 99 0 0 0 0 0 0 0 0 65 67 56 49 71 68 103 63 59 105 81 88 101 78 113 67 68 68 51 124 104 133 129 133 127 131 110 0 0 0 90 53 61 57 
0 0 0 0 0 0 0 0 0 0 0 0 0 0 0 0 0 126 103 0 0 0 0 0 0 0 33 33 33 0 0 0 0 0 33 33 33 33 0 0 0 0 0 0 0 0 55 0 0 0 0 0 0 174 153 148 176 192 185 188 204 221 0 0 183 181 184 0 0 238 241 209 0 0 0 0 0 77 0 0 0 0 84 60 0 0 0 0 0 0 0 0 0 0 66 68 59 48 75 109 105 76 62 96 108 179 101 64 116 73 64 60 53 51 51 68 121 126 130 115 91 0 0 0 77 119 90 94 
120 116 0 0 0 97 107 104 101 99 95 96 0 0 0 0 88 118 101 115 0 0 0 0 35 35 35 35 35 35 35 0 0 0 35 35 35 0 0 0 0 0 0 0 78 0 0 0 0 0 181 164 0 0 0 150 168 183 193 202 210 196 0 0 183 191 194 0 0 0 235 229 137 0 0 0 0 0 199 0 0 0 0 63 0 0 0 0 0 0 75 68 70 62 67 65 58 58 67 90 78 68 51 119 159 129 68 64 55 54 66 61 50 52 49 39 78 136 125 114 82 0 0 0 128 128 125 116 
132 112 115 0 0 102 0 0 98 107 102 98 0 0 0 0 0 122 104 115 0 0 0 0 0 40 40 40 40 0 40 40 0 0 40 40 40 40 0 0 0 104 100 0 0 112 122 48 63 0 182 0 0 0 0 177 163 186 202 214 220 213 0 0 0 0 0 0 0 0 227 211 189 0 0 0 183 219 210 0 0 0 0 73 84 150 179 145 66 68 72 90 0 0 0 62 58 57 58 0 0 0 0 0 82 81 85 98 61 57 0 0 0 0 0 0 0 132 121 130 130 0 0 0 129 131 114 115 
128 123 116 0 117 105 101 103 99 99 102 0 0 0 0 0 93 125 105 116 0 0 40 40 40 0 40 40 40 40 0 40 40 40 40 40 40 40 40 0 0 64 66 58 0 0 56 56 58 0 0 0 0 0 154 151 168 177 191 186 214 211 200 0 0 0 0 0 0 0 0 0 0 0 0 0 0 208 183 0 0 0 0 0 0 0 0 0 0 0 0 0 0 0 0 0 0 0 0 0 0 0 0 0 0 0 0 0 0 0 0 0 0 0 0 0 0 0 0 122 123 0 0 0 114 115 114 107 
111 115 112 0 104 111 99 97 89 98 96 0 0 0 0 0 97 129 112 108 0 0 37 37 37 37 37 37 37 37 37 37 0 37 37 0 0 0 0 0 0 53 49 50 59 0 56 60 64 0 0 0 0 0 147 154 161 182 177 180 0 0 176 0 0 0 168 179 0 0 0 0 0 0 0 0 204 205 0 0 0 0 0 0 0 0 0 0 0 0 0 0 0 0 45 45 49 53 56 46 85 109 75 77 68 122 98 89 68 46 85 116 132 96 44 43 84 121 117 125 136 0 0 0 125 126 126 117 
115 0 0 0 0 0 112 106 0 105 109 0 0 0 0 0 98 136 111 0 0 0 0 36 36 36 36 36 36 36 36 36 36 0 36 36 36 36 36 0 0 50 47 57 58 0 0 0 0 98 0 0 0 177 143 135 144 181 0 0 0 179 186 192 0 0 182 0 0 0 0 189 192 182 0 0 188 211 0 0 0 0 0 74 55 53 45 0 0 0 0 0 0 0 0 51 50 51 55 53 74 111 118 97 91 175 164 133 118 60 81 175 170 125 51 49 137 162 175 187 192 194 0 0 189 185 168 142 
0 0 0 0 0 0 0 0 0 101 115 0 0 0 0 0 91 132 111 112 0 0 0 0 0 0 37 37 0 0 0 0 0 0 0 0 0 0 37 49 0 53 46 52 61 0 0 62 58 94 0 0 0 170 0 0 0 0 160 0 0 0 181 173 167 0 0 0 0 0 176 181 185 194 191 0 0 214 0 0 0 0 90 89 54 47 59 0 0 0 69 50 58 0 0 0 43 61 59 59 50 102 86 64 112 81 154 121 143 140 73 228 210 89 47 128 209 198 194 194 191 167 0 0 191 197 198 195 
122 0 0 0 123 120 118 115 113 110 113 108 0 0 0 0 98 130 115 112 0 0 0 41 41 0 0 0 0 0 0 0 0 0 0 0 0 0 0 60 0 66 53 49 59 70 74 58 56 89 181 163 181 0 0 0 0 178 184 163 0 169 163 163 0 0 0 0 0 192 0 196 181 182 183 201 0 0 0 0 0 0 119 130 123 83 51 0 0 0 0 55 149 70 52 50 75 61 56 51 53 54 59 52 60 85 121 60 70 68 49 86 81 50 81 178 197 196 200 199 196 127 0 0 178 199 199 198 
127 0 0 0 117 116 122 120 108 108 115 105 0 0 0 0 99 131 115 118 87 0 0 39 39 0 39 39 39 39 0 39 39 39 39 39 0 39 39 89 64 66 63 52 58 69 70 57 54 106 174 162 179 176 0 0 155 154 196 171 182 191 183 182 179 0 0 0 192 0 186 201 206 199 212 208 0 0 0 0 0 135 116 106 112 60 53 0 0 0 48 90 155 87 46 54 59 55 61 52 46 47 47 55 94 133 88 55 80 59 45 43 55 46 113 194 194 195 197 196 198 159 0 0 190 196 197 196 
125 124 0 0 122 131 127 120 111 107 106 0 0 0 0 0 95 122 104 113 97 37 0 0 0 36 36 36 36 36 36 36 36 36 0 0 36 36 0 76 58 0 65 51 62 66 63 0 0 0 174 159 178 176 0 0 0 147 185 185 174 184 178 183 176 0 0 0 188 186 197 193 0 211 219 206 0 0 0 0 0 0 62 58 57 58 62 55 55 49 49 93 157 105 51 48 53 48 54 0 37 39 80 137 74 56 47 50 102 78 50 52 56 46 49 98 194 197 192 198 195 0 0 0 188 194 195 196 
123 0 120 0 0 131 128 125 115 97 101 0 0 0 0 0 87 121 109 111 100 40 38 0 0 38 0 38 38 38 0 0 38 38 38 0 38 38 38 54 52 53 0 56 61 55 58 50 0 0 0 158 180 184 161 0 0 152 147 196 171 0 162 0 0 0 0 0 183 174 187 187 192 178 181 0 0 0 0 0 0 0 60 58 60 51 48 50 58 56 48 61 149 86 52 48 52 51 46 50 0 39 86 122 42 53 53 44 50 56 55 54 57 52 84 113 188 187 188 184 186 0 0 0 167 173 176 169 
135 130 0 0 127 129 129 128 122 114 104 0 0 89 0 0 84 128 113 108 107 44 41 0 0 41 41 41 41 41 41 41 41 41 0 0 0 0 41 0 0 0 52 47 53 58 60 53 0 0 169 162 177 181 154 168 0 0 150 167 203 209 173 177 176 168 185 176 164 162 0 157 193 0 0 0 0 0 0 0 127 57 61 62 66 99 74 67 58 49 46 47 78 76 53 53 49 47 51 53 0 0 47 60 48 51 53 54 48 51 52 44 42 73 139 134 140 146 146 143 143 0 0 0 130 137 140 131 
136 138 140 131 122 127 125 127 123 118 112 0 0 0 0 0 93 131 122 111 98 42 39 39 0 0 39 39 39 39 39 0 39 39 39 39 39 39 39 46 53 51 56 53 57 52 58 57 51 93 0 158 172 175 155 147 0 160 152 137 172 196 184 181 178 184 173 172 0 0 0 175 188 0 0 0 0 0 0 0 0 0 0 0 0 0 0 0 0 0 0 0 0 0 0 0 0 0 0 0 50 0 56 54 48 49 46 55 46 49 54 58 67 134 147 147 142 143 142 149 146 0 0 0 138 129 139 127 
128 128 138 141 127 128 128 117 124 116 119 0 0 0 0 0 100 132 120 119 105 41 41 41 41 0 0 0 0 0 0 0 0 41 41 41 41 41 0 0 0 0 0 52 57 54 57 53 49 88 167 158 179 169 144 144 0 0 142 153 136 185 195 161 168 182 172 0 0 0 181 0 0 0 0 0 0 0 0 0 0 0 0 0 0 0 0 0 0 0 0 0 0 0 0 0 0 0 0 0 0 53 54 49 53 43 53 56 55 50 51 89 149 135 144 142 138 134 130 147 146 142 0 0 139 135 133 128 
140 132 137 131 132 130 124 123 126 121 116 0 0 96 0 0 104 127 132 120 103 42 42 42 42 0 42 0 0 42 0 0 0 0 0 0 0 0 0 0 0 0 0 0 55 49 60 0 49 91 170 0 0 0 0 0 148 144 148 151 0 0 0 198 199 174 161 158 0 182 0 0 0 0 0 0 0 0 0 0 0 0 0 0 0 0 0 0 0 0 0 0 0 0 0 0 0 0 0 55 49 50 53 48 59 71 59 54 52 44 48 113 163 154 157 162 165 170 173 178 177 172 0 0 171 171 172 170 
132 139 136 131 129 124 124 126 125 125 115 0 0 0 0 0 108 128 131 123 110 47 43 43 0 43 43 43 0 0 0 0 43 0 0 0 0 0 0 0 0 52 54 55 60 53 57 0 0 0 0 0 0 0 0 0 0 142 147 148 0 0 0 157 196 192 181 191 185 0 0 0 0 0 0 0 0 0 204 200 0 170 81 55 52 55 51 51 56 0 0 46 47 54 57 55 51 53 48 47 51 46 52 52 56 75 54 59 55 111 148 171 192 191 184 188 191 189 196 193 197 200 0 0 191 191 189 176 
130 130 0 0 128 128 122 126 132 129 123 0 0 0 0 0 97 126 127 116 119 50 42 42 42 42 42 42 42 42 0 0 0 0 42 42 42 42 42 52 52 47 42 49 58 56 54 58 0 0 0 0 0 163 0 136 139 140 139 146 148 0 0 155 135 179 0 0 190 0 0 0 0 0 0 193 195 198 203 199 196 0 126 124 76 51 54 47 68 81 0 0 47 59 54 57 52 41 0 78 42 48 42 48 48 46 58 41 134 193 183 191 194 191 190 188 192 191 189 193 195 188 0 0 190 188 185 180 
138 132 132 134 127 132 123 129 126 128 128 0 0 0 0 0 107 135 123 117 0 51 43 43 43 43 43 43 43 43 43 43 0 0 0 43 43 43 43 48 54 50 51 51 52 56 62 54 53 78 0 0 167 157 127 131 137 137 146 145 139 150 0 148 146 142 0 166 0 0 0 0 0 195 195 201 0 194 185 153 126 129 0 143 132 115 85 85 89 0 97 0 0 57 58 51 49 47 86 59 45 50 46 61 45 39 54 124 183 161 154 159 155 159 154 175 145 152 159 155 156 144 0 0 144 135 139 176 
122 119 121 116 124 133 129 126 127 128 123 0 0 0 0 0 106 131 125 113 118 53 47 47 47 47 47 47 47 47 47 47 47 0 0 47 47 47 47 52 52 45 47 48 48 50 54 61 56 84 154 151 157 156 128 131 0 0 0 147 151 143 143 147 139 151 0 138 0 0 0 0 0 168 160 147 145 0 130 144 143 138 136 136 140 135 133 131 137 106 51 52 56 56 54 51 57 56 52 0 53 50 49 77 52 45 62 189 187 159 156 154 153 162 168 179 155 160 158 162 152 168 0 0 155 158 156 162 
122 126 123 121 121 125 127 124 121 0 124 0 0 0 0 0 102 131 131 118 118 55 49 49 49 49 49 49 49 49 49 49 49 49 49 49 49 49 49 55 53 44 49 46 48 55 58 67 59 89 153 148 161 156 128 129 0 0 0 0 149 146 144 138 0 0 0 0 0 0 0 0 0 142 143 139 146 148 141 143 146 0 136 138 137 0 137 130 0 76 52 54 53 0 0 41 54 56 0 0 61 53 54 55 54 47 85 191 195 157 176 144 143 157 164 142 135 144 143 142 156 155 0 0 148 151 144 155 
131 135 121 0 126 120 125 119 126 0 118 0 0 0 0 0 107 127 136 119 118 58 43 43 43 43 43 43 43 43 43 43 43 43 43 43 43 43 43 47 53 45 45 43 48 59 52 56 53 83 160 143 161 158 126 134 0 0 0 131 142 146 147 138 0 0 0 0 0 0 0 146 142 147 151 153 146 142 145 147 150 141 135 140 131 137 117 97 71 57 58 48 51 53 0 82 46 45 47 0 55 55 47 61 67 36 130 197 190 168 167 159 157 158 166 154 153 154 152 152 144 150 0 0 143 141 155 142 
119 122 0 0 125 127 121 123 132 125 117 0 0 0 0 0 107 124 135 117 120 57 43 43 43 43 43 43 43 43 43 43 43 43 43 43 43 43 43 47 53 49 49 52 52 55 57 67 55 87 156 143 164 154 129 0 127 131 0 0 141 139 136 138 0 0 0 0 0 0 0 0 0 152 147 0 147 0 0 0 0 138 132 128 135 119 70 54 54 52 55 60 57 54 83 118 53 46 49 50 51 48 81 125 99 64 89 158 191 149 148 156 151 148 149 143 150 163 142 145 148 148 0 0 155 155 154 137 
118 111 118 122 121 119 111 117 128 126 123 0 0 0 0 0 97 116 132 111 125 61 42 42 42 42 42 42 42 42 42 42 42 42 42 42 42 42 42 54 50 49 51 45 55 54 55 61 50 75 157 145 161 160 132 0 134 139 126 128 131 139 143 138 142 0 0 0 144 141 0 0 0 0 141 0 0 142 141 136 139 138 136 134 130 109 50 56 0 0 0 0 0 0 73 59 48 0 0 51 59 44 123 142 123 131 79 95 186 148 142 152 147 164 147 141 160 142 146 134 160 151 0 0 142 136 142 140 
119 115 125 121 119 0 0 0 124 123 119 115 0 0 0 0 89 110 125 111 111 57 41 41 41 41 41 41 41 41 41 41 41 41 41 41 41 41 41 57 50 50 47 53 54 52 53 55 52 79 147 137 159 154 122 0 126 134 128 135 138 140 134 135 142 131 0 0 0 0 0 0 0 144 0 0 0 0 0 135 0 0 0 0 0 0 0 0 0 0 0 0 0 0 0 0 0 0 0 54 54 43 93 148 146 139 114 159 181 154 149 161 151 166 157 154 155 159 162 157 156 142 0 0 0 141 140 148 
123 118 0 0 0 0 116 121 121 121 111 109 0 0 0 0 93 110 126 106 104 59 42 42 42 42 42 42 42 42 42 42 42 42 42 42 42 42 42 44 44 49 49 48 55 57 57 53 50 76 153 142 158 148 121 0 125 125 130 137 129 132 131 137 142 0 0 0 0 0 0 0 0 144 0 0 0 0 0 0 0 0 0 0 0 0 0 0 0 0 0 0 0 0 0 0 0 0 0 50 49 49 51 108 136 138 129 173 197 161 135 159 141 170 160 128 135 141 145 142 160 151 0 0 151 142 147 143 
124 123 0 0 112 118 116 114 124 113 113 0 0 0 0 0 97 111 131 97 107 56 36 36 36 36 36 36 36 36 36 36 36 36 36 36 36 36 36 50 42 44 55 64 64 53 53 56 53 82 0 0 0 0 0 0 126 128 131 0 0 0 0 0 0 0 0 0 0 0 0 0 0 0 132 0 0 129 134 133 127 0 129 133 123 117 110 66 50 51 51 49 53 56 53 49 52 52 46 48 49 50 52 55 124 113 130 145 183 173 167 173 174 181 179 163 165 170 169 167 172 175 0 0 167 168 168 175 
126 0 0 0 111 108 108 116 114 116 110 0 0 0 0 0 90 109 125 111 0 64 39 39 39 39 39 39 39 39 39 39 39 39 39 39 39 39 39 57 51 62 62 45 50 47 46 0 0 0 0 0 0 0 0 0 129 117 0 0 0 0 0 0 0 0 0 0 0 0 0 0 0 0 138 135 131 130 132 124 121 124 130 122 129 125 110 66 45 39 51 54 50 58 53 49 52 54 47 54 50 53 50 74 58 72 132 118 167 176 179 178 176 182 179 176 175 174 183 178 172 176 0 0 0 168 172 176 
108 115 0 0 115 112 111 110 111 112 109 0 0 0 0 0 92 109 128 108 123 62 43 43 43 43 43 43 43 43 43 0 43 43 43 43 43 43 43 56 56 50 44 44 48 52 0 0 0 0 0 0 0 0 0 0 117 0 0 0 0 0 0 0 0 0 0 0 0 0 0 0 0 0 0 133 135 133 128 114 122 118 120 124 124 116 144 150 127 135 85 52 61 64 56 51 47 80 67 58 61 87 63 80 88 100 117 113 138 179 180 177 181 183 175 171 170 169 175 177 174 173 0 0 175 174 170 163 
117 109 0 0 111 107 101 113 111 107 99 103 0 0 0 0 103 113 128 108 119 69 0 45 45 45 45 45 45 45 45 45 45 45 45 45 45 45 45 48 43 45 52 52 44 0 0 0 0 0 0 131 143 144 108 117 110 0 0 0 0 128 127 123 0 0 121 0 0 0 131 124 131 0 0 129 130 131 133 127 119 114 113 120 125 171 178 175 179 178 152 108 57 54 53 78 167 173 168 55 155 137 94 83 130 111 106 120 121 170 184 176 172 180 174 175 174 172 173 177 174 171 0 0 167 162 167 162 
116 113 106 112 108 104 110 0 114 108 100 0 0 0 0 0 93 105 123 101 114 65 46 46 46 46 46 46 46 46 46 46 46 46 46 46 46 46 46 49 49 51 52 47 0 0 0 0 0 0 142 127 138 137 101 112 114 118 0 0 0 122 127 0 0 0 119 0 0 0 127 127 121 125 0 0 127 127 128 124 119 115 112 132 175 168 170 172 176 178 174 175 107 52 55 134 178 176 137 58 162 166 115 69 119 95 110 116 118 134 175 168 175 171 172 170 175 174 172 169 166 163 0 0 0 166 169 167 
0 109 106 0 107 94 106 101 0 100 96 0 0 0 0 0 82 100 120 95 108 68 38 38 38 38 38 38 38 38 38 38 38 38 38 38 38 38 38 46 47 47 44 44 0 0 0 0 0 68 136 119 133 127 104 113 111 121 0 0 0 117 127 0 0 0 119 116 125 0 123 126 122 118 0 0 0 116 118 115 116 111 135 172 164 168 171 169 172 175 174 171 161 52 88 180 178 173 149 65 161 160 130 107 111 109 123 120 122 113 133 169 174 166 161 162 162 164 165 167 164 165 167 0 0 164 163 167 
110 96 102 106 97 95 96 0 108 99 93 89 0 0 0 0 77 87 112 98 108 73 41 41 41 41 41 41 41 41 41 41 41 41 41 41 41 41 41 46 46 0 50 0 0 0 0 0 57 73 136 126 133 130 95 108 110 108 0 0 0 123 0 0 0 0 109 113 110 112 116 116 119 118 124 122 0 0 118 109 105 113 164 165 165 168 167 164 166 168 167 168 168 82 64 154 176 170 101 134 0 164 153 161 118 113 116 120 121 120 110 124 163 166 158 154 161 164 167 157 157 161 0 0 0 158 153 163 
100 102 95 90 95 92 84 88 90 91 90 94 0 0 0 0 79 88 114 93 101 63 49 49 49 49 49 49 49 49 49 49 49 49 49 49 49 49 49 48 47 45 0 0 0 0 0 55 50 71 130 107 124 125 100 105 106 104 0 0 0 0 105 115 113 110 104 114 106 113 117 112 115 115 120 115 106 0 0 0 100 149 161 163 160 162 161 159 162 159 162 166 166 92 42 95 170 164 165 161 161 0 161 159 143 107 118 114 116 112 109 99 125 149 155 159 157 160 160 157 156 153 159 0 0 146 148 158 
96 91 90 87 89 87 88 86 90 89 88 0 0 0 0 0 69 82 108 88 102 66 44 44 44 44 44 44 44 44 44 44 44 44 44 44 44 44 44 46 48 48 0 0 0 0 53 51 48 68 108 112 125 126 111 100 94 102 0 0 0 0 111 112 105 108 102 113 107 108 105 108 111 116 96 107 102 102 0 0 0 0 159 155 157 155 158 159 159 148 162 158 166 81 104 93 160 157 165 155 157 156 156 155 160 115 117 113 110 110 101 101 103 103 138 156 157 155 158 151 150 150 155 0 0 144 150 152 
82 93 80 84 90 79 85 84 79 90 81 0 0 0 0 0 71 77 108 92 89 62 41 41 41 41 41 41 41 41 41 41 41 41 41 41 41 41 41 44 46 46 0 0 0 0 53 53 55 62 114 107 124 124 92 99 103 93 91 96 0 0 110 104 104 102 103 104 103 104 102 105 107 110 106 104 105 112 111 105 0 0 0 157 153 151 152 157 158 148 153 150 159 100 142 83 154 154 153 146 155 151 148 151 153 140 99 109 103 101 104 99 98 96 97 107 133 141 148 140 148 151 149 0 0 140 139 128 
78 91 80 82 80 76 74 83 87 85 83 0 0 0 0 0 70 74 96 87 0 65 42 42 42 42 42 42 42 42 42 42 42 42 42 42 42 42 42 43 50 48 47 0 0 0 47 44 49 72 113 100 125 125 82 105 99 97 87 94 93 0 101 93 103 100 97 95 94 92 104 104 113 109 104 107 103 105 102 108 146 146 146 149 147 145 143 143 142 143 148 155 151 150 149 108 148 144 139 146 149 145 142 142 151 139 98 108 102 97 96 101 98 97 94 89 92 98 106 119 119 137 132 0 0 100 91 88 
80 71 80 78 83 83 76 80 81 82 78 75 0 0 0 0 67 67 95 79 83 61 43 43 43 43 43 43 43 43 43 43 0 0 43 43 43 43 43 50 43 44 49 0 0 0 44 45 46 77 113 101 118 119 86 88 92 96 84 91 93 97 91 93 89 93 90 90 90 89 96 0 98 102 92 97 99 96 101 94 123 119 118 121 112 112 114 105 109 99 107 114 112 114 115 103 112 107 113 99 104 114 107 105 109 105 84 97 103 99 87 89 0 94 81 86 87 90 88 87 88 87 83 0 0 76 81 78 
73 67 73 73 79 76 75 78 79 77 69 72 0 0 0 0 64 59 96 77 0 70 42 42 42 42 42 42 42 42 42 42 42 42 42 42 42 42 42 48 47 47 48 0 0 44 45 53 47 65 110 100 112 0 0 0 89 90 90 90 94 83 87 81 0 0 0 0 0 86 94 89 0 92 87 90 87 93 85 90 0 97 102 98 85 84 83 86 83 92 92 103 104 103 98 100 101 97 91 96 93 92 88 92 91 92 79 92 101 99 90 84 91 96 85 81 88 87 90 87 79 91 89 0 0 74 81 0 

