0 0 0 0 0 0 0 0 0 0 0 0 0 0 0 0 0 0 0 0 0 0 0 0 0 0 0 0 0 0 0 0 0 0 0 0 0 0 0 0 0 0 0 0 0 0 0 0 0 0 0 0 0 0 0 0 0 0 0 0 0 0 0 0 0 0 0 0 0 0 0 0 0 0 0 0 0 0 0 0 0 0 0 0 0 0 0 0 0 0 0 0 0 0 0 0 0 0 0 0 0 0 0 0 0 0 0 0 0 0 0 0 0 0 0 0 0 0 0 0 0 0 0 0 0 0 0 0 
0 0 0 0 0 0 0 0 0 0 0 0 0 0 0 0 0 0 0 0 0 0 0 0 0 0 0 0 0 0 0 0 0 0 0 0 0 0 0 0 0 0 0 0 0 0 0 0 0 0 0 0 0 0 0 0 0 0 0 0 0 0 0 0 0 0 0 0 0 0 0 0 0 0 0 0 0 0 0 0 0 0 0 0 0 0 0 0 0 0 0 0 0 0 0 0 0 0 0 0 0 0 0 0 0 0 0 0 0 0 0 0 0 0 0 0 0 0 0 0 0 0 0 0 0 0 0 0 
0 0 0 0 0 0 0 0 0 0 0 0 0 0 0 0 0 0 0 0 0 0 0 0 0 0 0 0 0 0 0 0 0 0 0 0 0 0 0 0 0 0 0 0 0 0 0 0 0 0 0 0 0 0 0 0 0 0 0 0 0 0 0 0 0 0 0 0 0 0 0 0 0 0 0 0 0 0 0 0 0 0 0 0 0 0 0 0 0 0 0 0 0 0 0 0 0 0 0 0 0 0 0 0 0 0 0 0 0 0 0 0 0 0 0 0 0 0 0 0 0 0 0 0 0 0 0 0 
0 0 0 0 0 0 0 0 0 0 0 0 0 0 0 0 0 0 0 0 0 0 0 0 0 0 0 0 0 0 0 0 0 0 0 0 0 0 0 0 0 0 0 0 0 0 0 0 0 0 0 0 0 0 0 0 0 0 0 0 0 0 0 0 0 0 0 0 0 0 0 0 0 0 0 0 0 0 0 0 0 0 0 0 0 0 0 0 0 0 0 0 0 0 0 0 0 0 0 0 0 0 0 0 0 0 0 0 0 0 0 0 0 0 0 0 0 0 0 0 0 0 0 0 0 0 0 0 
0 0 0 0 0 0 0 0 0 0 0 0 0 0 0 0 0 0 0 0 0 0 0 0 0 0 0 0 0 0 0 0 0 0 0 0 0 0 0 0 0 0 0 0 0 0 0 0 0 0 0 0 0 0 0 0 0 0 0 0 0 0 0 0 0 0 0 0 0 0 0 0 0 0 0 0 0 0 0 0 0 0 0 0 0 0 0 0 0 0 0 0 0 0 0 0 0 0 0 0 0 0 0 0 0 0 0 0 0 0 0 0 0 0 0 0 0 0 0 0 0 0 0 0 0 0 0 0 
0 0 0 0 0 0 0 0 0 0 0 0 0 0 0 0 0 0 0 0 0 0 0 0 0 0 0 0 0 0 0 0 0 0 0 0 0 0 0 0 0 0 0 0 0 0 0 0 0 0 0 0 0 0 0 0 0 0 0 0 1 1 1 0 0 0 0 0 0 0 0 0 0 0 0 0 0 0 0 0 0 0 0 0 0 0 0 0 0 0 0 0 0 0 0 0 0 0 0 0 0 0 0 0 0 0 0 0 0 0 0 0 0 0 0 0 0 0 0 0 0 0 0 0 0 0 0 0 
0 0 0 0 0 0 0 0 0 0 0 0 0 0 0 0 0 0 0 0 0 0 0 0 0 0 0 0 0 0 0 0 0 0 0 0 0 0 0 0 0 0 0 0 0 0 0 0 0 0 0 1 0 0 0 0 0 0 0 1 0 1 1 1 0 0 0 0 0 0 0 0 0 0 0 0 0 0 0 0 0 0 0 0 0 0 0 0 0 0 0 0 0 0 0 0 0 0 0 0 0 0 0 0 0 0 0 0 0 0 0 0 0 0 0 0 0 0 0 0 0 0 0 0 0 0 0 0 
0 0 0 0 0 0 0 0 0 0 0 0 0 0 0 0 0 0 0 0 0 0 0 0 0 0 0 0 0 0 0 0 0 0 0 0 0 0 0 0 0 1 0 0 0 0 0 0 0 0 0 1 1 0 0 0 1 1 1 1 2 2 2 2 1 0 1 0 0 0 0 0 0 0 0 0 0 0 0 0 0 0 0 0 0 0 0 0 0 0 0 0 0 0 0 0 0 0 0 0 0 0 0 0 0 0 0 0 0 0 0 0 0 0 0 0 0 0 0 0 0 0 0 0 0 0 0 0 
0 0 0 0 0 0 0 0 0 0 0 0 1 0 0 0 0 0 0 0 0 0 0 0 0 0 0 0 0 0 0 0 0 0 0 0 0 0 0 0 1 1 0 0 0 0 0 0 0 0 1 0 0 0 1 0 1 1 1 2 2 3 2 2 1 1 1 0 1 0 0 0 0 0 0 0 0 0 0 0 0 0 0 0 0 0 0 0 0 0 0 0 0 0 0 0 0 0 0 0 0 0 0 0 0 0 0 0 0 0 0 0 0 0 0 0 0 0 0 0 0 0 0 0 0 0 0 0 
0 0 0 0 0 0 0 0 0 0 1 1 1 0 0 0 0 0 0 0 0 0 0 0 0 0 1 1 1 0 0 0 0 0 0 0 0 0 0 0 0 1 0 0 0 0 0 0 0 0 0 0 1 1 1 1 1 0 1 2 0 0 0 2 2 1 2 1 1 0 0 0 0 0 0 0 0 0 0 0 0 0 0 0 0 0 0 0 0 0 0 0 0 0 0 0 0 0 0 0 0 0 0 0 0 0 0 0 0 0 0 0 0 0 0 0 0 0 0 0 0 0 0 0 0 0 0 0 
0 0 0 0 0 0 1 0 0 0 0 0 0 0 0 0 0 0 0 0 0 1 0 0 0 1 1 1 1 0 0 0 0 0 0 0 0 0 0 0 0 1 0 1 1 0 0 0 0 0 0 0 0 0 1 1 1 1 0 2 2 2 2 1 2 2 0 0 0 0 0 0 0 0 0 0 0 0 0 0 0 0 0 0 0 0 0 0 0 0 0 0 0 0 0 0 0 0 0 0 0 0 0 0 0 0 0 0 0 0 0 0 0 0 0 0 0 0 0 0 0 0 0 0 0 0 0 0 
0 0 0 0 1 1 1 0 0 0 0 0 0 0 0 0 0 0 0 0 0 0 0 0 0 0 1 1 2 1 1 0 0 0 0 0 0 0 0 0 0 0 0 0 0 0 0 0 0 0 0 0 0 0 0 0 0 1 1 0 1 1 1 0 1 0 2 2 0 0 0 0 0 0 0 0 0 0 0 0 0 0 0 0 0 0 0 0 0 0 0 0 0 0 0 0 0 0 0 0 0 0 0 0 0 0 0 0 0 0 0 0 0 0 0 0 0 0 0 0 0 0 0 0 0 0 0 0 
0 0 0 0 0 1 1 1 0 0 0 0 0 0 0 0 0 0 0 0 0 0 0 0 0 0 1 1 2 2 1 1 0 0 0 0 0 0 0 0 0 0 0 0 0 0 0 0 0 0 0 0 0 0 0 0 1 1 1 1 1 0 0 0 1 2 2 2 1 0 0 0 0 0 0 0 0 0 0 0 0 0 0 0 0 0 0 0 0 0 0 0 0 0 0 0 0 0 0 0 0 0 0 0 0 0 0 0 0 0 0 0 0 0 0 0 0 0 0 0 0 0 0 0 0 0 0 0 
0 0 0 0 0 1 1 1 0 0 0 0 0 0 0 0 0 0 0 0 0 0 0 0 0 0 0 0 0 1 1 0 0 0 0 0 0 0 0 0 0 0 0 0 0 0 0 0 0 0 0 0 0 0 0 0 0 1 1 0 0 0 0 0 1 1 0 1 1 0 0 0 0 0 0 0 0 0 0 0 0 0 0 0 0 0 0 0 0 0 0 0 0 0 0 0 0 0 0 0 0 0 0 0 0 0 0 0 0 0 0 0 0 0 0 0 0 0 0 0 0 0 0 0 0 0 0 0 
0 0 0 0 0 0 0 0 0 0 0 0 0 0 0 0 0 0 0 0 0 0 0 0 0 0 0 0 0 0 0 0 0 0 0 0 0 0 0 0 0 0 0 0 0 0 0 0 0 0 0 0 0 0 0 0 0 0 1 1 0 0 0 0 0 0 0 1 0 0 0 0 0 0 0 0 0 0 0 0 0 0 0 0 0 0 0 0 0 0 0 0 0 0 0 0 0 0 0 0 0 0 0 0 0 0 0 0 0 0 0 0 0 0 0 0 0 0 0 0 0 0 0 0 0 0 0 0 
0 0 0 0 0 0 0 0 0 0 0 0 0 0 0 0 0 0 0 0 0 0 0 0 0 0 0 0 0 0 0 0 0 0 0 0 0 0 0 0 0 0 0 0 0 0 0 0 0 0 0 0 0 0 0 0 0 0 0 0 0 0 0 0 0 1 0 0 0 0 0 0 0 0 0 0 0 0 0 0 0 0 0 0 0 0 0 0 0 0 0 0 0 0 0 0 0 0 0 0 0 0 0 0 0 0 0 0 0 0 0 0 0 0 0 0 0 0 0 0 0 0 0 0 0 0 0 0 
0 0 0 0 0 1 0 0 0 0 0 1 0 0 0 0 0 0 0 0 1 1 0 0 0 0 0 0 0 0 0 0 0 0 0 0 0 0 0 0 0 0 0 0 0 0 0 0 0 0 0 0 0 0 0 0 0 0 0 0 0 0 0 0 0 0 0 0 0 0 0 0 0 0 0 0 0 0 0 0 0 0 0 0 0 0 0 0 0 0 0 0 0 0 0 0 0 0 0 0 0 0 0 0 0 0 0 0 0 0 0 0 0 0 0 0 0 0 0 0 0 0 0 0 0 0 0 0 
0 0 0 0 0 0 0 1 2 1 1 1 0 0 0 0 0 0 1 0 1 0 0 0 0 0 0 0 0 0 1 1 0 0 0 0 0 0 0 0 0 0 0 0 0 0 0 0 0 0 0 0 0 0 0 0 0 0 0 0 0 0 0 0 0 1 0 0 0 0 0 0 0 0 0 0 0 0 0 0 0 0 0 0 0 0 0 0 0 0 0 0 0 0 0 0 0 0 0 0 0 0 0 0 0 0 0 0 0 0 0 0 0 0 0 0 0 0 0 0 0 0 0 0 0 0 0 0 
0 0 0 0 0 0 0 1 1 1 1 0 0 0 0 0 0 0 1 1 0 1 0 0 0 0 0 0 0 0 1 1 0 0 0 0 0 0 0 0 0 0 0 0 0 0 0 0 0 0 0 0 0 0 0 0 0 1 0 0 0 0 0 0 0 0 0 0 0 0 0 0 0 0 0 0 0 0 0 0 0 0 0 0 0 0 0 0 0 0 0 0 0 0 0 0 0 0 0 0 0 0 0 0 0 0 0 0 0 0 0 0 0 0 0 0 0 0 0 0 0 0 0 0 0 0 0 0 
0 0 0 0 0 1 0 0 1 1 1 1 0 0 0 0 0 0 0 0 0 0 0 0 0 0 0 0 0 1 0 0 1 0 0 0 0 0 0 1 1 1 0 0 0 0 0 0 0 0 0 0 0 0 0 0 1 1 0 0 1 0 0 0 0 0 0 0 0 0 0 0 0 0 0 0 0 0 0 0 0 0 0 0 0 0 0 0 0 0 0 0 0 0 0 0 0 0 0 0 0 0 0 0 0 0 0 0 0 0 0 0 0 0 0 0 0 0 0 0 0 0 0 0 0 0 0 0 
0 0 1 0 1 1 0 0 1 1 1 1 0 0 0 1 1 0 0 0 0 0 0 0 0 0 0 0 0 1 1 0 0 0 0 0 0 0 0 0 0 0 0 0 0 0 0 0 0 0 0 0 0 0 0 0 0 1 1 0 0 0 1 0 0 0 0 0 0 0 0 0 0 0 0 0 0 0 0 0 0 0 0 0 0 0 1 0 0 0 0 0 0 0 0 0 0 0 0 0 0 0 0 0 0 0 0 0 0 0 0 0 0 0 0 0 0 0 0 0 0 0 0 0 0 0 0 0 
0 0 1 1 2 2 1 1 0 0 0 1 0 0 0 1 1 1 0 0 0 0 0 0 0 0 0 0 0 0 0 0 0 0 0 0 0 0 0 0 0 0 0 0 0 0 0 0 0 1 1 0 0 0 0 0 0 0 0 0 0 0 0 0 0 0 0 0 0 0 0 0 0 0 0 0 0 0 0 0 0 0 1 0 0 0 1 0 0 1 0 0 0 0 0 0 0 0 0 0 0 0 0 0 0 0 0 0 0 0 0 0 0 0 0 0 0 0 0 0 0 0 0 0 0 0 0 0 
0 0 0 1 2 0 2 1 1 0 0 0 0 0 0 0 0 0 0 0 0 0 0 0 0 0 0 0 0 0 0 0 0 0 0 0 0 0 0 0 0 0 1 1 0 1 0 0 0 1 1 0 1 0 0 0 0 0 0 0 0 1 0 0 0 0 0 0 0 0 0 0 0 0 0 0 0 0 0 0 0 0 0 0 0 0 1 0 0 0 0 0 0 0 0 0 0 0 0 0 0 0 0 0 0 0 0 0 0 0 0 0 0 0 0 0 0 0 0 0 0 0 0 0 0 0 0 0 
0 0 0 0 0 0 0 0 1 1 1 0 0 0 0 0 0 0 0 0 0 0 0 0 0 0 0 0 0 0 0 0 0 0 0 0 0 0 1 0 1 1 0 2 2 0 0 1 0 0 0 0 0 0 0 1 0 1 0 1 0 0 1 1 0 0 0 0 0 1 0 0 0 0 0 0 0 0 0 0 4 4 0 0 0 0 0 0 0 0 0 0 0 0 0 0 0 0 0 0 0 0 0 0 0 0 0 0 0 0 0 0 0 0 0 0 0 0 0 0 0 0 0 0 0 0 0 0 
0 0 0 0 1 1 1 0 0 2 2 1 0 0 0 1 0 0 0 0 0 0 0 0 0 0 0 0 0 0 0 0 0 0 0 0 0 0 1 1 0 1 1 0 2 0 1 1 0 0 0 1 1 0 0 1 1 0 1 0 0 1 1 1 1 0 0 1 0 0 0 0 0 0 0 1 0 0 0 0 0 0 4 0 1 1 1 0 0 0 0 0 0 0 0 0 0 0 0 0 0 0 0 0 0 0 0 0 0 0 0 0 0 0 0 0 0 0 0 0 0 0 0 0 0 0 0 0 
0 0 0 1 1 2 0 2 3 3 3 3 2 1 1 1 0 0 0 0 0 0 0 0 0 0 0 0 0 0 0 0 0 0 0 0 0 0 0 0 1 1 2 2 2 2 1 0 0 1 1 1 1 1 0 0 1 1 0 0 0 1 1 0 2 1 0 2 1 1 0 0 0 0 1 1 0 1 0 0 0 0 0 0 0 0 1 0 0 0 0 0 0 0 0 1 0 0 0 0 0 0 0 0 0 0 0 0 0 0 0 0 0 0 0 0 0 0 0 0 0 0 0 0 0 0 0 0 
0 0 1 0 0 2 1 0 0 0 3 3 2 0 0 1 1 1 0 1 0 0 0 0 0 0 0 0 0 0 0 0 0 0 0 0 0 0 1 0 1 1 2 0 0 2 1 1 0 0 2 2 1 0 0 1 0 0 1 1 0 1 1 0 0 0 0 0 1 1 1 0 0 0 0 0 0 1 0 0 0 1 0 0 1 1 1 0 0 0 0 0 0 0 0 1 0 0 0 0 0 0 0 0 0 0 0 0 0 0 0 0 0 0 0 0 0 0 0 0 0 0 0 0 0 0 0 0 
0 0 1 1 1 2 1 2 0 3 3 2 2 1 1 0 1 1 1 0 1 0 0 0 0 0 0 0 0 0 0 0 0 0 0 0 0 0 0 1 0 1 0 2 1 0 1 1 1 1 0 1 2 1 0 1 1 1 0 0 1 0 1 1 1 0 0 0 0 1 0 0 0 1 1 1 1 1 1 0 0 0 0 0 0 0 1 0 0 0 0 0 0 1 0 1 0 0 0 0 0 0 0 0 0 0 0 0 0 0 0 0 0 0 0 0 0 0 0 0 0 0 0 0 0 0 0 0 
0 0 0 0 0 2 0 3 3 0 3 2 0 1 0 0 0 0 0 1 1 0 0 0 0 0 0 0 0 0 0 0 0 0 0 0 1 0 0 0 0 0 0 0 0 0 0 0 0 0 0 0 0 2 2 0 0 1 1 0 0 0 0 0 1 1 1 0 0 0 0 0 1 1 1 1 0 1 1 1 1 0 0 0 0 0 0 0 0 0 0 0 0 0 0 0 0 0 0 0 0 0 0 0 0 0 0 0 0 0 0 0 0 0 0 0 0 0 0 0 0 0 0 0 0 0 0 0 
0 0 0 0 0 0 2 0 2 2 0 0 0 0 0 1 0 0 0 0 0 0 0 0 0 0 0 0 0 0 0 0 0 0 0 0 0 1 0 0 0 1 1 0 0 0 0 0 0 0 2 1 1 2 2 2 0 0 0 0 2 2 0 0 0 0 0 0 0 0 0 0 1 0 1 0 0 1 1 0 1 1 0 0 0 0 0 0 0 0 0 0 0 0 0 0 0 0 0 0 0 0 0 0 0 0 0 0 0 0 0 0 0 0 0 0 0 0 0 0 0 0 0 0 0 0 0 0 
0 3 2 2 0 0 0 0 0 3 2 0 1 0 0 1 0 0 0 0 0 0 0 0 0 1 0 0 0 0 0 0 0 1 0 0 0 0 0 0 0 0 0 0 0 0 0 0 0 0 0 0 0 1 0 0 0 0 0 2 0 1 1 0 0 0 0 1 0 0 0 1 2 1 0 1 1 1 1 2 0 1 0 0 0 0 0 0 0 0 0 0 0 0 0 0 0 0 0 0 0 0 0 0 0 0 0 0 0 0 0 0 0 0 0 0 0 0 0 0 0 0 0 0 0 0 0 0 
0 0 3 2 0 0 0 0 0 0 0 1 0 0 0 0 0 0 0 0 0 0 1 0 0 0 0 0 0 0 0 0 1 0 0 1 0 0 0 0 2 0 0 0 0 0 0 1 1 2 2 0 0 0 0 0 0 2 1 2 0 0 0 1 1 1 1 1 1 0 0 0 0 1 0 0 1 1 1 2 0 0 0 0 0 0 0 0 0 0 0 0 0 0 1 1 1 1 0 0 0 0 0 0 0 0 0 0 0 0 0 0 0 0 0 0 0 0 0 0 0 0 0 0 0 0 0 0 
1 2 2 0 0 1 1 2 0 0 0 0 0 0 0 0 0 0 0 0 0 0 0 0 0 0 0 0 0 0 0 1 1 0 0 0 0 0 0 1 2 2 0 0 2 1 0 0 2 2 0 2 1 0 1 1 0 2 1 0 2 1 1 2 1 2 2 2 0 1 0 0 0 0 0 0 0 0 0 1 1 0 0 0 0 0 0 0 1 0 0 0 1 1 0 1 1 0 0 0 0 0 0 0 0 0 0 0 0 0 0 0 0 0 0 0 0 0 0 0 0 0 0 0 0 0 0 0 
0 1 1 1 1 1 0 0 1 0 0 0 0 1 1 0 0 0 0 0 0 0 0 0 1 0 0 1 0 0 0 0 0 0 2 2 0 0 1 1 2 2 1 2 1 0 1 0 0 1 0 0 1 1 0 0 0 0 0 0 0 0 1 2 2 2 0 0 0 0 2 1 0 0 0 0 0 0 0 0 0 0 1 1 1 0 1 1 1 1 1 1 1 0 1 1 0 0 0 0 0 0 0 0 0 0 0 0 0 0 0 0 0 0 0 0 0 0 0 0 0 0 0 0 0 0 0 0 
1 0 0 1 1 1 1 0 1 1 0 0 1 1 1 0 0 0 0 0 0 0 0 0 0 0 0 0 0 0 0 0 0 0 2 1 1 0 0 1 0 0 0 1 1 0 0 1 1 0 1 0 0 1 1 1 1 1 1 0 0 0 0 0 0 1 1 1 1 0 0 1 1 1 0 0 0 0 0 0 0 0 0 0 1 1 0 1 1 1 1 1 1 1 0 1 1 0 0 0 0 0 0 0 0 0 0 0 0 0 0 0 0 0 0 0 0 0 0 0 0 0 0 0 0 0 0 0 
1 0 0 2 0 0 0 1 1 1 1 0 0 0 0 0 0 0 0 0 0 0 0 0 0 0 0 0 0 1 1 1 1 0 0 1 0 0 0 0 0 0 0 0 0 0 0 0 1 1 1 1 0 0 0 0 0 1 0 0 1 1 0 0 0 0 0 0 1 0 0 1 1 1 1 1 0 0 0 1 1 1 1 1 1 1 0 0 0 0 0 1 0 0 0 0 0 0 0 0 0 0 0 0 0 0 0 0 0 0 0 0 0 0 0 0 0 0 0 0 0 0 0 0 0 0 0 0 
0 1 0 0 0 0 0 0 0 0 0 0 1 0 0 0 0 0 0 0 0 0 0 1 1 1 0 0 0 0 0 1 1 0 0 0 0 0 0 0 0 0 0 0 0 0 0 0 0 1 1 1 2 0 0 0 1 0 0 0 0 1 0 0 0 0 0 0 0 0 0 1 0 0 0 0 0 0 0 0 1 0 0 1 0 0 1 0 0 0 0 0 0 0 0 0 0 0 0 0 0 0 0 0 0 0 0 0 0 0 0 0 0 0 0 0 0 0 0 0 0 0 0 0 0 0 0 0 
0 0 0 0 0 0 0 0 0 0 0 0 0 2 2 0 0 0 1 1 0 1 1 1 1 0 0 0 0 0 0 0 0 0 0 0 0 0 0 0 0 0 0 0 0 0 0 0 0 0 0 0 1 3 3 0 0 0 0 0 0 0 0 0 0 0 0 0 0 0 0 0 1 0 0 0 0 0 0 0 0 0 0 0 0 0 0 0 0 0 0 0 0 0 0 0 0 0 0 0 0 0 0 0 0 0 0 0 0 0 0 0 0 0 0 0 0 0 0 0 0 0 0 0 0 0 0 0 
1 0 0 0 0 2 2 2 2 2 0 0 0 2 2 1 1 0 0 0 0 0 1 1 1 0 0 0 0 0 0 0 0 0 0 0 0 0 0 0 0 0 0 0 0 0 0 1 0 0 1 1 1 2 3 3 0 0 0 0 0 0 0 0 0 0 0 0 0 0 0 0 0 0 0 0 0 0 0 0 0 0 0 0 0 0 0 0 0 0 0 0 0 0 0 0 0 0 0 0 0 0 0 0 0 0 0 0 0 0 0 0 0 0 0 0 0 0 0 0 0 0 0 0 0 0 0 0 
0 0 2 0 2 0 0 2 2 0 2 3 3 0 2 1 1 2 1 0 0 0 0 0 0 0 0 0 0 0 0 0 0 0 0 0 1 0 0 0 0 0 2 2 2 2 0 0 1 0 1 1 0 1 2 2 0 1 0 0 0 0 1 1 1 1 0 0 0 0 0 0 0 0 0 0 0 1 0 0 0 0 0 0 0 0 0 0 0 0 0 0 0 0 0 0 0 0 0 0 0 0 0 0 0 0 0 0 0 0 0 0 0 0 0 0 0 0 0 0 0 0 0 0 0 0 0 0 
0 0 2 2 0 2 0 0 2 0 0 2 2 0 0 1 0 0 0 0 0 0 0 0 0 0 0 0 0 0 0 0 0 0 0 0 1 0 0 0 0 0 0 0 0 3 0 0 1 1 0 0 0 1 2 0 0 1 0 0 0 0 0 0 0 0 0 0 0 0 1 0 0 0 0 0 0 0 0 0 0 1 0 0 0 0 0 0 0 0 0 0 0 0 0 0 0 0 0 0 0 0 0 0 0 0 0 0 0 0 0 0 0 0 0 0 0 0 0 0 0 0 0 0 0 0 0 0 
1 2 2 2 0 0 1 0 1 0 0 0 0 0 0 0 0 0 0 1 0 0 0 0 1 1 1 0 0 1 1 0 0 0 0 0 0 1 0 0 0 0 0 0 0 0 0 0 0 0 0 0 0 0 0 0 0 0 0 0 0 2 0 0 0 0 0 0 0 0 0 0 0 0 0 2 0 0 0 0 2 1 1 0 0 0 0 0 0 0 0 0 0 0 0 0 0 0 0 0 0 0 0 0 0 0 0 0 0 0 0 0 0 0 0 0 0 0 0 0 0 0 0 0 0 0 0 0 
0 0 0 0 0 0 0 0 0 0 0 0 0 0 0 0 1 1 1 1 0 0 0 0 0 0 0 1 0 0 0 0 0 1 0 0 0 1 0 1 0 0 0 0 2 3 0 0 0 0 0 0 0 0 0 0 0 1 1 1 1 0 0 0 0 0 2 0 0 0 0 0 0 2 2 2 2 0 0 0 2 2 2 0 0 0 0 0 0 0 0 0 0 0 0 0 0 0 0 0 0 0 0 0 0 0 0 0 0 0 0 0 0 0 0 0 0 0 0 0 0 0 0 0 0 0 0 0 
0 0 0 0 0 0 0 0 0 0 0 0 0 0 0 0 0 0 0 0 0 0 0 0 0 0 0 0 0 0 0 0 1 1 0 1 0 1 0 0 0 0 0 0 2 0 0 0 0 0 0 0 0 0 0 2 1 1 1 1 1 2 2 1 0 0 0 3 3 3 3 3 1 1 0 0 0 1 0 0 2 1 1 0 0 0 0 0 0 0 0 0 0 0 0 0 0 0 0 0 0 0 0 0 0 0 0 0 0 0 0 0 0 0 0 0 0 0 0 0 0 0 0 0 0 0 0 0 
0 0 0 0 0 1 1 1 2 0 0 0 0 0 0 0 0 0 0 0 0 0 0 0 0 0 0 0 0 0 0 0 1 1 0 0 0 0 0 0 0 1 2 2 0 0 1 1 1 1 1 1 1 1 0 0 1 1 0 0 0 0 0 0 2 2 0 0 2 2 2 2 1 1 1 0 0 0 1 0 1 1 1 0 0 0 0 0 0 0 0 0 0 0 0 0 0 0 0 0 0 0 0 0 0 0 0 0 0 0 0 0 0 0 0 0 0 0 0 0 0 0 0 0 0 0 0 0 
0 0 0 0 0 0 3 4 4 5 4 4 5 0 0 0 0 0 0 0 0 0 0 0 0 0 0 0 0 0 0 0 0 1 0 0 0 0 0 0 0 1 1 2 2 0 0 0 0 1 1 1 1 1 0 0 0 1 0 0 0 0 0 0 2 2 2 0 0 1 1 1 0 1 0 0 0 0 0 0 0 0 0 0 0 0 0 0 0 0 0 0 0 0 0 0 0 0 0 0 0 0 0 0 0 0 0 0 0 0 0 0 0 0 0 0 0 0 0 0 0 0 0 0 0 0 0 0 
0 0 0 0 5 0 0 9 9 12 12 13 11 0 0 0 0 0 0 0 0 0 0 0 0 0 0 0 0 0 0 0 0 0 0 0 0 0 0 0 0 0 1 1 0 0 0 0 0 0 1 1 1 1 0 1 1 0 0 0 0 0 0 0 0 0 0 0 0 0 0 0 0 0 0 0 0 0 0 0 0 0 0 0 0 0 0 0 0 0 0 0 0 0 0 0 0 0 0 0 0 0 0 0 0 0 0 0 0 0 0 0 0 0 0 0 0 0 0 0 0 0 0 0 0 0 0 0 
0 0 11 0 12 15 0 0 0 0 17 15 13 10 9 8 0 9 0 0 0 0 2 1 1 0 0 0 0 0 0 0 1 1 1 1 0 0 0 0 0 1 0 0 0 0 0 0 0 1 1 0 0 0 0 0 0 0 0 0 0 0 0 0 0 0 0 0 0 0 0 0 0 0 0 0 0 0 0 0 0 0 0 0 0 0 0 0 0 0 0 0 0 0 0 0 0 0 0 0 0 0 0 0 0 0 0 0 0 0 0 0 0 0 0 0 0 0 0 0 0 0 0 0 0 0 0 0 
0 0 13 12 0 19 0 0 0 0 0 16 14 11 15 15 16 17 0 12 0 0 0 3 5 6 5 4 1 0 0 0 0 0 0 1 0 0 0 1 2 2 0 0 0 0 0 0 0 0 0 0 0 0 0 0 0 0 0 0 0 0 0 0 0 0 2 0 1 1 0 0 0 0 0 0 0 0 0 0 0 0 0 0 0 0 0 0 0 0 0 0 0 0 0 0 0 0 0 0 0 0 0 0 0 0 0 0 0 0 0 0 0 0 0 0 0 0 0 0 0 0 0 0 0 0 0 0 
21 23 22 22 0 0 0 22 19 20 0 0 17 17 0 19 22 0 0 20 14 0 0 3 0 0 0 0 0 0 0 2 3 0 0 0 4 4 0 0 4 6 0 0 14 0 13 13 0 5 0 2 0 0 0 0 0 0 0 0 0 0 0 0 1 0 0 1 0 0 0 0 0 0 0 0 0 0 0 0 0 0 0 0 0 0 0 0 0 0 0 0 0 0 0 0 0 0 0 0 0 0 0 2 0 0 3 0 0 0 0 0 0 0 0 2 1 1 1 0 0 0 0 0 0 0 0 0 
0 0 0 0 0 0 0 0 0 0 0 0 0 0 0 0 0 0 26 23 15 0 0 0 0 0 0 5 0 0 0 0 0 0 8 7 0 7 7 0 0 10 19 0 0 26 20 20 14 10 0 8 10 0 0 0 0 0 0 0 0 0 0 0 0 1 0 0 0 0 0 0 0 0 0 0 0 0 0 0 0 0 0 0 0 0 0 0 0 0 0 0 0 0 0 0 0 0 0 0 0 0 0 0 0 0 0 7 0 0 7 0 0 0 0 8 5 5 2 1 1 0 0 0 0 0 0 0 
0 0 0 0 15 9 8 0 0 0 0 0 0 11 16 0 0 0 0 0 15 0 0 0 0 0 0 0 15 0 0 62 67 58 0 30 0 12 12 0 0 14 0 23 0 0 27 27 17 14 12 0 18 0 17 0 0 0 0 3 6 4 0 0 0 0 0 0 0 0 0 0 0 0 1 0 0 0 0 0 0 0 0 0 0 0 0 0 0 0 0 0 0 0 0 0 0 0 0 0 0 0 0 0 8 12 0 20 20 0 18 14 0 0 11 12 8 7 6 4 0 0 0 0 0 0 0 0 
17 20 21 19 11 7 4 5 4 4 5 5 6 7 7 0 0 0 0 0 0 0 0 0 0 0 0 0 0 0 0 0 111 118 111 85 0 0 24 18 0 0 0 0 36 0 0 0 0 0 0 0 0 0 0 0 0 9 0 0 11 9 0 0 0 0 0 0 0 0 0 0 0 0 0 0 0 0 0 0 0 0 0 0 0 0 0 0 0 0 0 0 0 0 0 0 0 0 0 0 0 0 0 3 12 0 27 34 33 35 0 0 0 0 17 18 12 0 8 4 3 1 0 0 0 0 0 0 
19 0 0 0 11 15 0 0 0 0 0 0 0 0 1 3 6 0 8 6 6 0 0 0 0 0 0 3 0 0 0 0 0 149 154 135 115 97 0 51 0 0 0 0 0 0 32 0 0 0 0 38 43 43 40 36 0 0 0 0 0 0 0 9 2 0 0 0 0 0 0 0 0 0 0 0 0 0 0 0 0 0 0 0 0 0 0 0 0 0 0 0 0 0 0 0 0 0 0 0 0 0 0 1 10 14 0 0 0 0 0 0 0 0 15 16 11 9 0 4 3 1 0 0 0 0 0 0 
28 26 22 18 15 18 15 12 0 4 3 4 0 2 0 1 1 0 0 0 3 5 5 0 0 2 0 0 0 27 0 0 0 0 0 0 141 137 117 96 0 45 35 0 0 36 30 0 0 0 33 37 46 0 51 49 0 0 0 0 0 0 0 0 3 2 2 3 1 1 1 1 0 0 0 0 0 0 0 0 0 0 0 0 0 0 0 0 0 0 0 0 0 0 0 3 10 9 10 0 0 0 0 0 0 9 20 0 0 0 23 16 0 11 10 0 6 5 5 0 0 0 0 0 0 0 0 0 
0 0 0 20 14 16 15 11 8 0 5 6 0 2 2 0 0 2 1 0 0 0 1 2 3 2 3 2 1 2 0 0 0 0 0 0 0 177 165 145 120 94 71 0 0 0 28 22 19 0 0 33 39 46 55 61 53 50 44 41 0 34 0 0 0 0 0 0 0 0 0 7 9 10 6 0 4 8 8 8 5 0 0 0 0 0 0 0 0 0 0 0 0 0 0 10 23 26 0 16 3 0 0 0 0 0 10 16 18 18 12 0 6 6 6 7 0 0 2 0 0 0 0 0 0 0 0 0 
66 57 0 36 30 0 0 18 16 15 0 13 10 0 5 4 4 0 2 5 6 7 0 0 4 3 2 2 1 2 5 14 24 36 0 0 0 0 183 182 167 141 0 0 60 35 0 0 23 0 0 0 0 0 55 62 59 64 60 61 61 47 30 0 15 14 22 25 25 27 0 25 22 19 11 0 0 8 8 8 5 1 0 1 0 0 5 0 0 0 0 2 0 0 8 0 0 0 0 0 0 0 0 0 0 0 0 0 0 0 0 4 0 0 0 0 0 0 0 0 0 0 0 0 0 0 0 0 
70 65 59 0 42 39 0 0 30 32 31 32 31 24 24 19 13 11 8 9 11 11 12 9 7 0 4 3 2 2 1 1 0 0 0 0 0 114 0 0 0 0 0 0 0 51 34 25 0 0 16 0 26 35 0 0 0 0 0 0 0 0 0 0 0 14 0 25 30 35 0 0 0 0 0 6 0 0 0 8 7 6 0 0 0 0 11 15 17 15 19 23 30 35 0 0 0 49 50 45 29 0 0 0 1 1 0 0 0 0 0 0 0 1 2 0 0 0 0 0 0 0 0 0 0 0 0 0 
77 77 74 60 0 59 52 45 0 35 34 37 39 33 36 32 25 28 23 25 25 21 0 15 12 9 6 4 0 2 2 2 3 3 9 0 0 0 0 0 0 0 190 166 131 0 0 62 49 39 0 24 0 0 0 57 75 0 0 0 0 0 54 57 62 74 82 0 0 77 69 58 43 0 0 6 3 6 6 0 9 9 11 14 0 0 0 0 66 70 77 83 90 94 93 0 0 0 0 46 38 26 0 8 6 7 0 0 0 2 0 0 0 0 0 0 0 0 0 0 0 0 0 0 0 0 0 0 
0 0 0 0 0 66 0 0 0 0 0 0 0 50 53 52 43 41 0 0 41 44 45 36 27 17 10 7 5 0 4 5 0 0 15 19 0 0 0 0 200 213 214 202 180 158 138 120 106 98 86 0 0 81 0 0 118 128 132 128 117 0 0 113 121 133 142 142 0 0 127 115 99 84 72 0 59 54 52 53 0 0 53 56 73 94 101 0 0 0 76 0 0 0 0 0 0 0 0 0 0 0 0 0 0 0 0 0 0 6 9 8 12 15 0 0 0 9 4 1 0 0 0 3 4 0 0 1 
67 0 62 53 0 0 0 0 0 0 0 0 0 57 60 63 52 53 50 0 0 54 51 43 36 28 21 15 13 11 0 17 17 0 0 23 26 0 0 0 155 0 0 0 0 0 0 0 0 0 101 107 0 0 128 0 0 172 175 168 160 154 0 0 0 0 0 185 183 178 0 161 148 138 131 128 0 117 116 116 115 0 0 118 0 154 159 0 0 0 0 0 0 0 0 0 0 0 0 0 0 0 20 17 0 0 0 4 4 0 14 15 0 21 25 30 31 21 13 6 0 0 0 3 3 0 0 0 
0 55 54 52 50 47 39 28 16 0 0 0 0 0 0 0 0 54 52 51 0 0 0 0 37 26 20 17 0 30 47 0 68 68 75 0 0 0 0 0 0 0 0 0 136 0 126 0 0 0 0 0 0 0 0 0 0 0 0 0 0 0 0 0 0 0 0 0 0 0 0 0 0 0 0 0 0 0 0 0 176 170 0 0 0 0 217 212 196 171 148 127 0 83 70 0 51 52 47 49 46 30 0 18 16 16 12 0 6 0 0 0 0 0 0 0 31 23 15 9 2 1 2 0 0 0 0 0 
0 40 40 37 37 28 21 17 10 11 0 0 26 0 0 0 50 0 0 0 0 0 63 0 76 78 77 76 79 0 110 120 0 131 138 137 119 0 84 84 96 107 0 0 123 127 128 134 136 0 0 0 0 0 0 0 0 0 0 0 0 0 0 0 0 0 0 0 0 0 0 0 0 0 0 0 0 0 0 0 0 0 0 0 0 0 0 0 0 179 154 131 103 0 77 73 0 97 103 106 101 88 0 0 58 41 30 14 9 22 36 45 0 0 0 0 0 0 0 18 24 39 47 45 31 0 0 0 
83 88 91 92 0 0 0 35 22 20 21 0 0 0 0 0 62 77 75 87 95 0 0 113 123 131 134 135 140 0 0 0 0 0 0 0 164 137 0 103 99 107 116 116 0 127 128 134 136 140 152 166 178 0 0 0 0 0 0 0 0 0 0 0 0 0 0 0 0 0 0 0 0 0 0 0 0 0 0 0 0 0 0 0 0 0 0 0 0 0 0 0 167 151 0 137 145 0 0 170 165 151 132 126 119 100 89 70 63 76 90 102 101 101 91 78 70 59 57 67 81 93 99 97 83 0 0 36 
137 140 0 147 146 133 113 0 0 82 71 56 0 0 0 99 116 0 124 134 140 143 0 0 0 0 0 0 0 0 0 0 0 0 0 0 0 188 162 0 149 0 166 165 0 0 0 0 0 0 0 0 0 0 0 0 0 0 0 0 0 0 0 0 0 0 0 0 0 0 0 0 0 0 0 0 0 0 0 0 0 0 0 0 0 0 0 0 0 0 0 0 0 0 0 0 0 0 0 0 0 0 0 0 0 0 139 125 115 126 136 145 145 143 130 116 103 94 96 106 123 0 0 130 112 0 0 55 
0 0 0 0 180 163 140 124 114 111 101 83 73 0 0 0 0 0 0 154 0 0 0 0 0 0 0 0 0 0 0 0 0 0 0 0 0 0 0 0 0 0 0 0 0 0 0 0 0 0 0 0 0 0 0 0 0 0 0 0 0 0 0 0 0 0 0 0 0 0 0 0 0 0 0 0 0 0 0 0 0 0 0 0 0 0 0 0 0 0 0 0 0 0 0 0 0 0 0 0 0 0 0 0 0 0 0 0 0 0 0 0 0 0 0 0 144 132 133 0 159 0 0 0 0 0 55 47 
0 0 0 205 194 175 149 127 115 113 102 87 74 73 95 113 132 143 147 158 161 161 162 162 165 167 168 170 171 172 172 173 173 175 176 177 179 181 184 187 189 190 191 192 193 0 0 0 0 0 0 0 0 0 0 0 0 0 0 0 0 0 0 0 0 0 0 0 0 0 0 0 0 0 0 0 0 0 0 0 0 0 0 0 0 0 0 0 0 0 0 0 0 0 0 0 0 0 0 0 0 0 0 0 0 0 0 0 0 0 0 0 0 0 0 0 0 0 0 0 0 0 0 0 0 0 0 35 
0 0 0 0 0 0 0 111 108 107 95 76 70 70 83 101 107 107 106 106 104 105 106 106 108 110 111 114 114 115 115 117 118 119 120 121 123 125 128 132 133 135 136 137 139 140 141 142 143 144 145 147 147 147 147 148 149 150 153 154 157 159 161 162 162 163 163 164 166 167 170 170 171 173 172 174 175 176 178 178 179 179 180 181 181 180 180 179 180 181 183 186 187 188 189 187 186 185 184 184 184 186 186 187 188 188 188 187 185 184 181 177 174 170 168 167 164 161 158 152 147 142 128 106 88 60 45 37 
0 0 0 0 0 0 57 51 48 47 46 44 44 45 47 50 51 50 50 49 48 50 52 55 59 61 62 64 65 66 69 70 71 73 73 73 74 75 78 81 83 84 86 87 88 89 89 90 90 92 92 93 93 92 93 95 96 97 99 100 102 104 105 106 106 107 108 109 111 113 116 118 120 122 122 125 126 128 130 131 132 134 135 137 138 138 139 140 142 144 147 149 151 152 152 153 154 155 155 157 159 162 165 168 170 172 172 172 172 172 171 170 168 165 163 161 158 156 153 149 145 141 129 112 92 67 52 42 
0 107 0 0 0 32 23 21 20 20 21 22 26 31 35 38 40 39 40 42 43 46 46 43 40 37 35 37 41 44 49 50 47 46 42 40 39 40 41 42 43 43 43 42 42 42 42 43 42 43 43 42 42 42 43 45 46 46 47 48 49 52 53 55 55 57 59 60 63 65 69 71 74 77 78 80 82 83 85 86 87 90 91 94 96 98 100 0 0 0 0 0 0 0 0 0 0 0 0 0 0 0 0 0 0 0 0 0 0 0 0 0 0 0 0 156 153 151 148 145 143 140 131 114 96 72 53 0 
0 0 0 74 56 45 43 46 47 50 53 55 58 60 63 66 69 70 69 71 71 71 72 70 67 67 62 56 53 48 0 0 0 0 0 0 0 0 0 0 0 0 0 0 0 0 0 0 0 32 32 31 30 30 29 29 0 0 0 0 0 0 0 0 0 0 0 0 0 0 0 0 0 0 0 0 0 0 0 0 0 0 0 0 0 0 0 0 0 0 0 0 0 0 0 0 0 0 0 0 0 0 0 0 0 0 0 0 0 0 0 0 0 0 0 0 0 0 0 0 149 146 0 0 0 65 47 40 
0 0 0 0 0 0 0 0 0 0 0 0 51 53 0 0 0 63 0 0 0 0 0 0 0 60 0 0 51 48 0 0 0 0 0 0 0 0 0 0 0 0 0 0 29 28 29 30 29 29 28 27 26 26 25 25 27 27 0 0 0 0 0 41 42 44 45 45 47 48 50 0 0 0 0 0 59 60 61 60 60 61 0 0 0 0 0 0 0 0 0 0 0 0 0 0 0 0 0 0 0 0 0 0 0 0 0 0 0 0 0 0 0 0 144 0 142 141 139 137 135 0 0 0 0 57 41 34 
0 0 74 0 0 0 0 0 0 0 0 0 0 0 49 0 0 0 0 0 0 0 57 56 0 0 0 0 0 0 0 0 0 0 0 0 0 0 0 0 0 0 0 0 0 0 0 0 0 0 0 0 0 0 0 0 0 29 31 33 34 37 39 41 43 43 44 45 46 48 0 50 48 48 47 48 51 51 52 52 51 53 55 57 58 59 60 61 63 68 72 77 82 85 87 90 95 101 107 112 116 119 120 123 124 125 128 130 132 133 132 132 131 131 0 0 128 126 124 122 121 0 0 0 76 53 39 33 
0 0 0 0 0 0 0 38 39 41 45 45 44 42 0 0 44 47 46 45 41 36 36 38 39 43 41 0 0 0 0 0 0 27 26 0 0 0 0 0 0 0 0 0 0 30 32 0 0 0 0 0 0 0 0 0 0 0 0 0 0 0 0 0 0 0 0 0 0 0 0 0 0 47 46 46 49 49 49 50 49 51 52 52 53 54 56 57 60 63 66 70 73 76 79 84 89 96 103 107 110 110 111 113 115 117 120 120 120 120 120 121 122 122 121 120 118 116 114 112 111 109 100 85 71 0 0 31 
0 0 0 0 0 0 0 0 0 13 14 0 0 10 8 0 8 10 10 9 7 0 7 9 10 11 11 14 17 22 26 28 28 29 30 30 29 28 27 28 30 31 32 32 35 36 39 41 41 41 41 0 0 0 0 0 0 0 0 0 0 0 0 0 0 0 0 0 0 0 0 0 0 0 0 0 0 0 0 0 0 0 0 0 0 0 0 0 0 0 64 67 67 69 72 75 80 87 0 0 99 95 91 87 87 91 96 98 100 102 105 109 113 114 113 113 110 108 107 105 103 102 93 79 65 0 0 28 
0 0 0 0 0 0 0 0 0 0 35 34 0 0 0 0 0 0 0 0 0 11 0 0 0 0 0 20 21 23 25 26 27 27 27 27 26 26 26 28 29 31 34 36 38 40 41 43 0 0 0 0 0 0 0 0 0 46 47 47 46 46 45 45 45 45 45 46 47 49 51 51 50 50 49 49 0 53 55 57 58 59 0 0 0 0 0 0 0 0 0 0 0 0 0 0 78 84 87 0 0 80 75 72 74 78 83 0 87 88 91 94 100 102 103 102 100 100 100 99 99 97 89 75 62 43 32 27 
0 0 0 0 0 0 0 0 0 0 0 0 0 0 0 0 0 0 0 0 22 0 0 0 0 0 0 0 0 0 0 0 0 0 0 34 33 32 31 30 30 31 33 36 39 41 42 44 44 45 47 47 48 49 48 48 48 48 49 50 50 50 49 49 49 49 50 51 52 53 55 56 58 60 60 61 63 65 68 70 72 72 72 71 70 73 73 72 72 70 70 72 0 0 0 0 0 0 0 0 0 0 0 0 0 0 0 0 0 0 0 92 96 99 99 98 97 97 98 98 97 96 88 76 64 46 34 28 
0 0 0 0 0 0 0 0 68 69 68 66 0 0 46 37 28 0 0 0 0 0 0 0 0 0 0 0 0 0 0 0 0 0 0 0 0 0 0 0 0 0 0 0 0 0 0 0 0 0 0 48 48 49 48 48 48 49 49 50 51 51 50 50 50 50 51 53 55 57 58 60 62 64 67 69 71 73 0 0 0 0 0 0 0 0 0 0 84 82 82 0 0 0 0 89 90 92 0 0 0 0 0 0 0 0 0 0 0 0 0 0 0 0 0 0 94 95 97 97 97 95 87 74 61 0 0 0 
0 0 0 0 0 0 0 75 78 79 79 77 0 0 0 0 0 0 0 0 48 56 64 69 70 68 64 58 0 48 47 46 48 48 48 0 0 0 0 0 0 0 0 0 0 0 0 0 48 0 0 0 50 50 50 50 50 51 52 53 53 53 53 54 54 55 56 57 59 61 62 63 0 0 0 0 0 0 0 0 0 0 0 0 0 0 90 90 0 0 0 0 0 0 0 0 101 102 100 98 95 93 93 95 97 99 100 100 99 97 96 93 93 94 93 94 94 95 96 0 0 0 0 0 0 44 32 27 
0 65 64 65 68 69 72 75 75 75 75 76 80 0 0 0 0 0 0 0 61 71 83 90 92 88 80 71 62 57 55 55 56 57 57 57 56 55 53 52 50 49 49 49 50 50 51 51 51 52 53 53 53 54 54 54 54 56 57 58 58 58 59 59 60 60 61 63 64 66 67 68 70 0 0 76 77 78 0 0 84 88 91 94 94 96 95 94 95 95 96 98 100 101 103 104 104 104 103 103 102 102 104 105 107 108 109 109 109 108 106 105 103 101 100 100 99 99 99 98 96 94 86 73 61 43 32 26 
72 73 72 72 72 72 72 73 72 72 75 78 85 89 0 0 71 64 60 63 71 81 93 103 106 102 92 81 70 65 64 63 65 0 0 0 0 64 63 61 59 59 57 57 57 57 58 58 58 59 59 59 60 60 59 59 60 61 62 64 64 64 64 65 66 66 67 69 71 73 75 77 78 78 78 78 79 80 80 81 83 0 0 0 0 0 95 98 100 103 105 104 105 105 104 104 104 103 103 102 100 100 102 103 106 108 108 109 110 109 107 105 102 100 99 100 100 100 99 97 95 93 86 74 62 45 34 28 
76 76 75 75 75 74 74 73 71 72 76 81 89 95 95 0 83 77 74 77 82 89 99 108 110 107 97 87 79 75 74 73 0 0 0 74 75 75 73 71 68 0 65 64 64 64 65 66 66 66 66 66 67 68 67 67 67 68 70 72 72 72 72 72 73 74 74 75 76 78 80 81 82 80 79 79 79 79 80 80 80 81 82 84 85 87 89 93 98 102 105 106 107 107 107 108 107 106 105 104 102 102 103 104 106 108 109 110 111 110 109 107 104 103 102 102 102 0 100 98 97 96 90 77 65 46 35 29 
78 78 77 78 78 77 76 75 75 76 81 87 94 100 101 97 92 87 85 87 91 96 103 110 112 108 101 93 88 87 86 85 84 84 85 88 91 90 88 85 0 0 0 0 0 0 74 75 75 75 75 75 76 77 77 76 77 77 79 81 81 80 80 80 79 79 79 80 81 83 85 86 86 85 84 83 82 82 82 81 81 80 80 82 83 85 87 91 95 99 103 104 106 108 108 108 107 106 105 103 102 102 103 104 105 107 107 108 109 108 108 108 107 106 105 104 103 103 0 101 100 99 92 79 66 47 35 0 
80 80 80 80 80 80 80 80 81 83 87 91 98 103 104 103 100 98 98 100 102 105 108 112 112 109 104 100 99 99 99 98 98 99 100 103 106 105 103 101 97 96 95 92 90 88 0 0 85 85 85 85 85 86 85 84 84 85 86 88 88 88 89 89 88 88 88 88 88 89 91 92 92 91 89 88 87 87 87 86 85 84 83 84 85 87 89 92 96 99 103 104 105 107 108 108 107 106 0 0 0 0 0 0 0 0 0 0 104 105 105 105 105 104 103 103 103 102 0 0 0 0 0 0 0 0 0 0 
0 83 84 85 87 89 91 93 95 97 101 104 109 113 111 109 106 104 106 108 111 113 116 118 116 112 109 107 108 110 110 109 109 108 108 110 112 0 0 0 105 104 104 103 102 101 99 97 95 0 0 0 0 0 0 89 91 91 93 95 96 96 97 97 97 97 96 95 94 94 93 94 95 95 95 95 94 94 94 93 93 92 92 93 94 96 96 97 99 100 102 103 104 106 107 107 106 105 104 103 102 102 103 0 0 0 0 0 0 0 0 0 0 0 0 0 0 0 0 0 0 0 0 0 0 0 0 24 
93 93 95 98 102 105 107 109 111 114 117 121 125 128 124 119 114 111 112 114 116 118 120 122 120 117 115 115 116 0 0 0 0 113 0 0 0 0 0 0 0 0 108 108 109 109 107 105 103 101 98 0 0 0 0 93 95 97 99 100 102 103 105 105 106 106 105 105 103 102 102 102 103 102 103 103 103 103 104 104 105 104 105 107 108 110 109 108 107 106 105 105 104 104 105 105 104 103 0 101 101 101 100 101 102 103 103 102 101 100 0 0 0 0 0 0 0 0 0 0 0 0 80 66 53 36 26 21 
108 108 109 113 119 124 128 131 133 135 137 139 141 141 135 130 126 124 125 124 123 123 125 127 127 125 123 122 121 0 0 0 0 115 114 114 114 114 115 115 112 110 111 111 112 113 112 110 109 107 104 101 98 96 95 97 99 101 104 106 107 110 112 113 114 114 114 113 113 113 114 115 115 113 111 111 111 113 114 114 116 117 119 122 124 124 121 119 116 115 114 112 110 108 108 108 107 106 105 103 102 103 104 106 108 110 109 108 105 102 100 98 97 96 95 93 91 89 88 86 85 84 76 64 52 36 26 22 
126 127 128 134 141 147 152 156 157 157 157 158 158 155 148 141 138 137 137 135 132 132 134 135 135 134 131 130 129 126 123 121 119 117 116 115 116 118 120 120 117 115 113 112 113 114 114 114 113 112 109 107 104 102 101 103 107 110 113 115 117 119 121 121 122 122 121 120 119 122 126 130 131 127 124 121 121 121 122 122 123 125 128 132 136 136 132 129 124 123 123 121 120 117 117 117 117 116 114 111 109 111 113 118 122 123 121 116 111 105 100 97 94 92 91 90 88 86 84 83 82 81 75 64 53 38 28 23 
141 141 142 148 157 164 170 172 172 170 169 168 166 162 155 149 149 150 151 149 145 143 144 145 145 144 142 139 136 131 127 125 123 123 123 125 127 130 132 133 131 129 125 120 118 117 116 116 116 115 114 113 112 110 109 111 114 118 121 123 125 128 129 129 128 127 126 126 128 133 139 145 147 144 141 138 136 135 133 130 129 130 132 136 140 139 135 132 127 127 130 132 133 133 133 133 133 131 128 124 123 126 129 133 134 133 126 119 112 102 97 94 91 90 89 89 87 87 85 83 82 81 76 65 54 39 30 25 
156 156 155 159 167 173 180 184 182 179 176 172 170 165 159 156 158 162 164 163 159 157 159 160 159 157 153 149 146 143 141 141 141 140 140 142 145 150 153 155 156 152 146 138 132 128 126 125 123 123 123 124 123 121 120 121 123 125 128 131 133 136 137 136 134 132 132 131 134 139 146 152 156 154 152 149 147 144 140 136 134 134 135 138 141 140 137 134 129 129 135 140 147 152 154 155 154 150 147 144 142 146 148 147 143 138 0 119 111 100 95 93 90 89 88 88 87 87 85 83 81 79 74 64 55 40 31 25 
167 167 166 169 177 182 187 190 187 183 180 177 177 174 169 166 167 170 173 177 177 178 181 180 179 176 173 171 169 168 169 169 168 165 164 164 166 171 174 176 176 173 166 158 151 145 141 141 141 142 141 140 136 134 133 133 135 137 139 140 142 144 145 144 141 139 138 139 141 147 154 160 164 163 161 158 156 153 149 145 142 141 141 141 142 142 139 138 135 136 142 148 157 167 173 177 181 178 175 172 169 169 164 157 145 135 124 115 107 98 95 93 91 89 88 87 87 86 85 82 80 78 73 62 53 39 29 24 
178 176 175 178 186 191 195 196 194 191 188 186 187 186 182 180 179 182 187 193 196 199 203 203 202 199 197 195 194 194 195 196 194 190 188 186 187 192 195 196 197 194 188 180 173 166 161 161 161 160 159 156 152 149 148 149 150 152 152 152 152 152 152 149 146 145 146 150 154 159 163 167 167 164 160 157 154 151 149 147 146 146 147 147 148 149 149 150 149 151 155 159 166 175 183 190 196 198 196 192 189 184 174 161 144 132 123 115 107 99 96 95 95 93 90 88 87 87 87 85 83 81 74 62 52 37 27 22 
194 190 188 191 199 204 208 209 207 203 200 199 200 200 200 197 195 195 197 204 210 216 222 223 222 221 219 219 219 221 223 224 223 218 214 210 209 213 216 219 220 218 212 206 199 191 185 183 182 183 182 178 173 170 168 168 170 171 172 171 169 167 165 162 159 159 161 164 169 171 171 169 0 0 0 0 0 0 0 140 142 145 148 152 156 158 162 164 165 168 171 173 177 181 186 193 199 201 200 196 192 186 174 161 147 136 131 126 118 111 108 106 105 102 97 94 91 90 89 88 86 83 76 64 53 38 28 23 
207 202 200 204 212 219 225 226 224 222 220 218 219 219 220 218 214 211 210 214 220 228 233 234 236 236 238 240 241 241 242 243 242 238 234 230 229 231 233 234 234 233 230 227 222 215 209 206 205 205 203 198 192 188 187 188 190 192 194 192 190 187 183 180 177 177 179 183 187 188 185 178 168 157 145 137 131 128 128 131 136 142 147 151 156 160 167 172 176 183 187 187 187 187 188 193 201 205 204 201 198 191 179 167 154 146 142 138 132 126 121 118 116 113 108 105 100 97 95 93 91 88 80 67 55 39 29 24 
218 211 207 212 221 231 239 241 240 239 237 236 235 235 235 234 231 227 225 224 227 232 235 0 239 241 244 247 249 249 249 250 249 248 245 242 241 242 244 245 246 245 244 243 239 235 230 226 223 222 219 217 213 210 210 210 211 213 214 213 209 205 200 196 194 194 196 199 202 203 199 189 176 160 145 134 127 122 121 124 129 135 141 146 152 159 169 178 184 191 196 197 199 196 194 195 198 201 200 199 198 193 185 177 167 159 155 151 145 140 134 129 126 123 118 116 110 105 101 98 96 92 83 69 56 40 29 24 
222 212 206 209 218 231 243 248 249 248 247 246 245 246 246 246 244 239 235 231 232 234 234 235 0 240 245 249 251 253 253 253 253 253 252 251 250 250 251 253 253 253 252 252 251 248 245 241 238 237 235 233 231 229 228 227 228 230 230 231 229 226 223 219 217 215 215 215 214 213 208 199 188 173 158 147 137 131 127 126 129 134 139 142 146 153 167 181 191 200 206 209 214 213 207 204 201 198 196 196 196 196 192 185 177 169 164 159 155 150 145 140 135 132 128 126 119 112 106 100 97 93 84 70 57 40 29 24 
213 203 196 197 204 217 231 241 247 251 253 252 0 252 253 253 251 248 245 241 238 236 234 234 236 239 244 249 251 253 253 253 253 253 253 253 253 253 253 253 253 253 253 253 253 253 251 250 249 248 246 245 243 242 242 241 240 241 240 241 240 239 237 235 233 231 229 229 227 225 221 215 207 195 183 172 162 153 147 143 144 146 148 150 151 157 172 190 203 212 218 221 226 227 223 221 218 215 212 210 209 207 201 195 186 179 173 168 163 158 153 147 141 137 133 130 122 114 107 100 98 94 85 72 58 42 31 26 
197 187 180 181 187 199 213 223 234 243 249 253 253 0 0 253 253 252 252 249 246 243 239 238 239 241 245 248 251 253 253 253 253 253 253 253 253 253 252 251 251 251 0 253 253 253 253 253 253 253 253 252 252 251 252 251 250 250 0 249 248 247 246 245 243 242 238 236 235 233 231 228 224 217 210 201 191 183 177 171 170 170 170 171 172 178 192 208 219 227 231 233 237 239 237 235 232 229 226 222 218 213 205 199 194 189 185 180 173 167 161 154 148 142 135 130 121 114 108 101 99 95 86 72 58 41 30 25 
184 176 169 168 173 182 194 204 214 226 237 244 249 0 0 0 0 0 0 253 251 249 246 245 245 246 249 250 251 253 253 253 253 253 253 253 253 253 252 251 251 251 252 253 253 253 253 253 253 253 253 253 253 253 253 253 253 253 0 0 253 253 253 253 251 250 247 245 243 241 239 237 237 235 232 226 218 211 206 201 200 200 199 200 201 204 213 225 235 243 0 247 249 249 247 245 242 239 237 232 228 221 211 203 197 193 190 187 181 175 169 163 157 150 142 133 124 116 110 105 102 97 87 71 57 40 28 24 
180 173 168 168 173 180 189 198 207 219 230 235 237 238 236 0 0 0 0 0 0 248 247 249 249 250 252 252 253 253 253 253 253 253 253 253 253 253 252 251 251 251 253 253 253 253 0 0 253 253 253 253 253 253 253 253 253 253 253 0 0 253 253 253 253 252 250 249 249 247 245 244 244 245 245 243 238 234 231 228 226 226 225 226 227 229 234 240 245 250 252 0 0 253 252 0 0 0 0 245 240 233 223 214 206 199 195 192 187 181 175 168 161 152 143 134 126 120 115 111 107 102 90 74 58 40 29 24 
192 184 180 181 187 195 202 208 213 221 228 229 227 224 222 228 234 238 240 239 241 245 248 251 252 252 253 253 253 253 253 253 253 253 253 0 0 0 0 0 252 252 253 0 0 253 253 253 0 253 253 253 253 253 253 253 253 253 253 253 0 0 0 0 0 253 252 251 251 251 250 250 249 249 250 250 248 247 247 246 246 246 245 244 244 245 246 248 250 252 253 253 253 0 0 0 0 0 0 250 246 240 233 224 217 210 205 199 0 0 0 0 0 0 0 128 122 118 116 114 111 106 93 77 62 43 33 27 
214 207 203 203 208 214 220 225 226 226 227 222 217 214 213 221 229 234 237 237 241 246 250 253 0 253 253 253 253 253 0 253 253 253 253 253 253 253 0 253 253 253 253 0 0 0 0 253 253 0 253 253 253 253 253 253 253 253 253 253 253 253 253 0 253 253 253 253 253 253 253 253 253 253 253 253 253 252 253 253 253 254 252 250 250 0 0 0 252 253 0 0 0 0 0 0 0 252 249 245 243 238 232 225 215 209 205 199 189 0 0 0 143 135 128 122 117 115 115 116 113 107 92 74 59 42 32 27 
233 228 225 225 229 234 239 244 245 243 238 228 219 215 216 223 231 234 237 237 241 246 250 253 253 0 253 253 253 253 253 0 0 0 253 253 253 253 253 253 253 253 253 253 253 0 0 0 253 0 253 253 253 253 0 0 253 253 253 253 253 253 253 253 253 253 253 253 253 253 253 253 253 253 253 253 253 253 253 253 253 253 251 248 248 247 0 0 0 0 0 0 0 0 246 243 0 238 233 227 224 221 218 215 209 204 201 197 187 174 159 143 132 123 118 115 110 109 110 111 109 103 86 65 50 33 22 19 
0 244 242 242 245 248 250 253 253 250 245 238 231 229 230 234 239 241 243 244 246 249 251 253 253 253 253 253 253 253 253 253 253 253 253 253 253 253 253 253 253 253 253 253 253 0 0 0 0 0 0 0 0 0 0 253 253 253 253 253 253 253 0 0 0 253 253 253 253 253 253 253 253 253 253 253 253 253 253 253 253 253 251 248 248 247 242 237 228 220 222 229 238 243 243 238 231 224 214 206 200 195 0 0 0 0 184 181 174 164 150 135 123 114 109 105 99 97 98 99 97 91 74 53 39 23 15 12 
253 253 253 253 253 253 253 253 253 250 247 244 241 242 244 246 0 0 250 251 252 253 253 253 253 253 253 253 253 253 253 253 253 0 0 0 0 253 253 253 0 253 253 0 0 0 0 0 0 0 0 253 0 0 0 0 253 253 0 0 0 0 0 0 0 0 0 0 0 253 253 253 253 253 253 253 253 253 253 253 253 253 252 249 249 249 242 233 219 207 206 211 222 232 236 235 227 215 201 188 178 0 0 0 0 0 0 0 0 150 143 133 124 115 109 102 96 91 89 87 83 76 62 44 31 0 0 10 
0 253 253 253 253 253 253 253 253 252 252 252 252 252 253 253 0 0 253 253 253 253 253 253 253 253 253 253 253 253 253 253 253 0 0 0 0 253 253 253 253 253 253 253 0 0 0 0 253 253 0 0 0 0 0 0 0 0 0 0 0 0 0 0 0 0 253 253 253 253 253 253 253 253 253 253 253 253 0 0 0 0 252 251 251 252 243 232 217 202 197 199 207 218 226 229 225 214 198 183 168 159 152 144 137 132 129 128 130 0 128 126 121 116 110 103 95 88 82 77 71 64 53 38 27 0 0 9 
0 253 253 253 253 253 253 253 253 253 253 253 253 253 253 0 0 0 0 253 253 253 253 253 253 253 253 0 253 253 253 253 253 0 0 0 0 0 253 253 0 253 253 253 253 253 253 0 0 253 253 253 253 253 253 0 0 253 0 0 0 0 0 0 253 0 0 253 253 253 253 253 253 253 253 253 253 0 0 0 0 252 252 252 253 253 247 239 229 217 209 205 206 212 222 230 231 226 213 198 181 167 155 142 132 123 116 111 110 109 110 112 113 110 106 98 90 83 75 69 62 56 46 35 24 0 0 8 
0 0 0 0 253 253 253 0 253 253 253 253 253 253 0 0 0 0 0 253 0 0 0 0 0 0 0 0 0 0 0 253 253 253 0 0 0 0 253 253 253 0 253 253 253 253 253 253 0 0 253 253 253 253 253 253 0 253 0 0 0 253 253 253 253 0 0 0 0 253 253 253 253 253 0 0 0 0 0 253 252 252 252 252 253 253 251 248 242 235 227 219 215 215 0 230 237 238 231 220 205 190 175 159 144 132 121 112 105 100 98 99 101 102 99 93 86 78 71 64 57 51 42 32 23 0 0 8 
0 0 0 0 253 253 253 253 0 253 253 253 253 253 0 0 0 0 0 253 0 0 0 0 0 0 0 0 0 0 0 0 253 253 253 0 0 0 0 0 0 0 0 253 253 253 253 253 253 0 0 253 253 253 253 253 253 253 0 0 0 253 253 253 253 253 0 0 0 0 0 253 0 0 0 0 0 253 253 253 252 252 252 252 253 253 253 252 251 248 243 237 230 225 225 230 237 243 244 239 229 217 203 184 167 150 135 123 112 102 95 92 92 92 90 85 80 73 66 60 54 48 40 30 22 0 0 8 
0 0 0 0 0 253 253 253 253 0 253 253 253 253 0 0 0 0 0 0 0 0 253 0 0 253 253 253 253 253 0 0 0 0 0 0 0 0 0 0 0 0 0 0 253 253 253 0 0 0 0 0 0 0 0 0 253 0 0 0 0 253 253 253 253 253 0 0 0 253 253 0 253 253 253 253 253 253 253 253 253 253 253 253 253 253 253 253 253 253 252 249 245 240 237 238 241 246 250 249 245 238 226 212 193 174 156 140 126 114 103 94 88 84 79 75 71 65 59 54 48 43 36 27 20 0 0 7 
0 0 0 0 0 0 0 0 253 253 0 0 0 0 0 0 0 253 0 0 0 253 253 253 0 0 253 253 253 253 0 0 0 0 0 0 0 0 0 253 253 253 0 0 0 253 253 0 0 0 0 0 0 0 0 253 0 0 253 253 253 253 253 253 253 0 0 0 0 253 253 0 0 253 253 253 253 253 253 253 253 253 253 253 253 253 253 253 253 253 253 252 250 249 247 245 246 248 250 250 250 247 241 232 217 199 179 161 143 128 114 102 92 83 74 68 63 58 52 47 41 36 30 23 17 11 7 6 
0 0 0 0 0 253 0 0 0 253 253 0 0 253 253 0 0 253 253 0 0 0 253 253 253 0 0 253 253 0 0 0 252 251 0 0 0 0 0 0 253 253 253 0 0 0 253 253 0 0 0 253 0 0 0 0 0 253 0 253 253 253 0 253 253 0 0 0 0 253 253 0 0 0 0 253 0 253 253 253 253 0 253 253 253 253 253 253 253 253 253 253 252 252 251 250 250 250 251 250 250 249 247 243 235 221 202 183 163 145 129 114 100 88 77 68 61 55 48 42 36 31 27 22 16 11 7 6 
0 253 253 0 0 0 0 0 0 0 253 253 0 0 253 253 0 253 253 0 0 0 0 0 0 0 0 253 0 0 0 0 252 250 0 0 0 252 253 0 253 253 253 0 0 0 253 253 0 0 253 253 253 0 0 0 253 0 0 0 0 0 0 0 253 0 0 0 0 0 253 253 253 0 0 253 0 253 253 253 253 0 253 253 253 253 253 253 253 253 253 253 253 253 253 253 253 253 253 251 250 249 250 250 247 239 223 203 183 163 145 129 113 99 86 75 66 57 49 41 34 29 25 21 16 11 7 6 
0 0 0 253 0 0 0 0 0 0 253 253 0 0 0 253 253 0 0 0 0 0 0 0 0 253 0 0 0 0 0 0 0 250 0 0 0 0 253 253 0 253 253 253 0 0 0 253 253 0 253 253 253 0 0 0 0 0 0 0 253 253 253 253 253 253 0 0 0 0 0 253 253 0 0 0 253 253 253 253 253 0 0 253 253 253 253 253 253 253 253 253 253 253 253 253 253 253 253 252 250 250 250 251 252 249 238 221 201 181 163 147 130 114 98 86 75 65 55 45 37 30 25 20 16 11 8 6 
253 0 0 0 0 0 0 0 0 0 253 0 0 253 0 253 253 0 0 0 0 0 0 0 0 0 0 0 0 0 0 0 0 251 0 0 0 0 0 0 0 0 0 253 253 0 0 253 253 253 253 253 253 0 0 253 0 0 0 0 253 253 253 253 253 253 253 0 0 0 0 0 0 253 0 0 253 253 253 253 253 253 0 0 0 253 253 253 253 253 253 253 253 253 253 253 253 253 253 253 253 252 252 252 253 253 247 236 220 202 184 167 149 131 114 99 87 76 65 54 44 36 28 22 17 11 8 6 
253 253 0 0 0 0 0 0 0 0 0 0 0 0 0 0 253 0 0 0 0 253 253 253 253 253 0 0 253 253 253 0 0 251 0 0 0 0 0 0 0 0 0 0 0 0 0 253 253 0 253 253 253 253 253 253 0 0 0 0 253 253 253 0 0 0 253 0 0 0 0 253 0 0 0 0 0 253 253 0 0 0 0 253 0 0 0 0 0 0 253 253 0 253 253 253 253 253 253 253 253 253 253 253 253 253 251 244 234 220 203 188 170 151 133 116 102 89 77 65 54 43 32 24 17 12 9 7 
253 253 253 253 253 253 0 0 0 0 253 0 0 0 0 0 0 0 0 0 0 253 0 0 0 253 253 253 0 253 253 0 0 0 0 0 0 0 0 253 253 253 0 0 253 253 0 0 0 0 253 253 253 253 253 253 253 0 0 0 0 253 253 253 0 0 0 0 0 0 0 253 253 253 253 0 0 253 253 0 0 0 0 0 253 0 0 0 0 0 0 253 253 253 253 253 253 253 253 253 253 253 253 253 253 253 253 249 243 233 218 203 187 170 153 136 119 104 91 79 66 54 40 28 20 13 9 8 
253 253 253 253 253 0 0 0 0 0 0 0 0 0 0 0 0 0 0 0 0 253 253 0 0 0 0 253 253 253 0 0 0 247 0 0 0 0 0 0 0 0 0 253 0 0 0 0 0 0 253 253 0 253 253 253 253 253 0 253 0 253 253 253 253 253 253 0 0 0 253 253 253 253 253 253 0 0 253 253 253 253 253 253 253 253 253 253 0 0 0 0 253 253 253 253 253 253 253 253 253 253 253 253 253 253 252 251 247 240 228 215 200 185 170 153 135 118 104 90 77 64 48 33 22 13 9 8 
253 253 253 253 253 0 0 0 253 0 0 0 0 0 0 0 0 0 253 253 0 0 253 0 0 0 0 0 253 253 0 0 0 0 0 0 0 0 0 0 0 0 253 253 0 0 0 0 0 0 0 253 253 253 253 253 253 253 253 253 253 253 253 253 253 253 253 253 0 0 0 253 253 253 253 253 253 0 0 0 253 253 253 253 253 253 253 253 253 253 253 0 0 253 253 253 253 253 253 253 253 253 253 253 253 253 252 251 248 243 235 223 212 199 186 171 153 134 117 102 88 74 56 39 25 13 9 7 
0 253 253 253 253 253 0 253 253 0 0 0 0 252 251 0 0 0 0 0 0 0 0 0 0 0 0 0 253 253 0 0 0 243 0 0 0 0 0 0 0 0 0 0 0 253 0 0 0 0 0 0 253 253 253 253 253 253 253 253 253 253 253 253 253 253 253 253 253 0 253 254 253 253 253 253 253 253 253 253 0 253 0 253 253 253 253 253 253 253 253 253 0 0 253 253 253 253 253 253 253 253 253 253 253 253 252 251 249 246 240 232 224 213 201 188 170 151 131 113 97 83 64 44 28 14 8 6 
249 0 0 0 0 0 0 0 253 0 0 253 253 252 252 0 0 0 0 253 253 253 0 0 0 0 253 0 0 253 253 0 253 246 0 0 0 0 0 0 253 253 253 253 0 0 0 253 253 0 0 0 0 253 253 253 253 253 253 0 0 253 253 253 253 253 253 253 253 253 253 254 254 254 254 253 253 253 0 0 0 0 253 253 253 253 253 253 253 253 253 253 253 253 253 253 0 0 253 253 253 0 0 253 253 253 253 252 251 248 246 241 236 227 216 203 187 167 147 127 107 91 70 49 32 16 9 7 
243 246 246 0 0 0 0 0 0 0 0 0 0 252 252 252 0 0 0 0 253 253 253 0 0 0 253 253 253 253 253 253 253 249 247 0 0 251 253 0 253 253 253 253 253 0 0 0 253 253 0 0 0 0 253 253 253 253 0 0 0 0 253 253 253 253 253 253 253 253 254 254 254 254 254 253 253 253 253 253 253 0 253 253 253 253 253 253 253 253 253 253 253 253 253 253 0 0 0 0 253 0 0 0 253 253 253 253 253 252 251 248 245 239 228 215 201 182 163 141 118 100 78 55 37 20 11 8 
234 235 234 234 238 243 248 251 0 0 0 0 253 253 253 253 0 0 0 0 0 253 253 253 0 253 0 0 0 253 253 253 253 252 252 0 252 253 253 253 253 253 253 253 253 253 0 0 0 253 253 253 0 0 0 253 253 253 253 253 253 253 0 253 253 253 253 253 253 254 254 254 254 254 254 253 253 253 253 253 253 253 0 253 253 0 0 0 0 0 0 253 253 253 253 253 253 0 253 253 0 253 253 0 0 0 0 0 251 251 252 252 252 247 235 222 209 192 176 155 129 109 84 60 41 23 12 10 
224 222 219 219 224 231 238 243 247 249 250 251 251 252 253 0 0 0 0 0 0 0 0 253 253 253 253 0 0 0 0 0 0 0 253 253 253 253 253 253 253 253 253 253 253 253 253 253 0 253 253 253 0 0 0 253 253 253 253 253 253 253 0 0 253 253 253 253 253 254 254 254 254 254 253 253 253 253 253 253 253 253 253 253 0 0 0 0 0 0 253 0 0 0 253 253 253 253 253 253 253 253 253 253 253 0 0 251 250 250 250 251 251 247 235 222 210 196 184 165 140 117 91 65 45 26 13 11 
213 205 200 200 207 216 225 232 237 241 243 244 246 248 251 0 0 0 0 253 0 0 253 0 0 0 0 0 0 0 0 0 253 0 253 0 253 253 253 253 253 253 253 253 253 253 253 253 253 253 253 253 253 253 253 0 0 0 253 253 253 253 253 253 253 253 253 253 253 253 253 253 253 253 253 253 253 253 253 253 253 253 253 253 0 0 0 0 0 0 0 253 253 0 0 0 0 0 253 253 253 253 253 253 253 253 252 252 250 250 250 251 250 243 230 217 206 194 184 168 145 123 96 68 48 28 15 13 
200 193 188 187 193 201 210 219 225 228 231 233 236 241 246 0 0 0 0 0 0 0 0 253 0 0 253 0 0 0 0 0 0 0 0 0 0 253 253 253 253 253 253 253 253 0 0 0 0 0 253 253 253 253 253 253 253 253 253 253 253 253 253 253 253 253 253 253 253 253 253 253 253 253 253 253 253 253 253 0 0 0 253 253 253 0 0 0 0 0 0 0 0 0 0 0 0 0 0 253 253 253 253 253 253 253 252 251 250 250 250 250 248 240 226 212 201 190 181 166 146 125 99 71 49 28 16 13 
189 183 179 180 186 194 201 208 213 215 217 220 225 232 240 247 0 0 253 253 0 0 0 0 253 253 0 0 0 0 0 0 0 0 0 0 0 0 253 253 253 253 0 0 0 0 0 253 0 0 0 253 253 253 253 253 253 253 253 0 253 253 253 253 253 253 253 253 253 253 253 253 253 253 253 253 253 253 253 0 0 0 253 253 253 0 253 253 253 253 253 253 0 0 0 0 0 0 253 253 253 253 253 253 0 253 253 253 252 252 252 251 248 239 225 210 198 187 176 162 144 125 100 71 48 28 15 12 
177 174 173 175 182 191 199 205 208 207 207 209 215 225 236 245 0 0 0 0 0 0 0 0 0 0 0 0 0 0 0 0 0 0 0 0 0 0 0 253 253 253 253 253 0 0 253 0 253 253 253 0 0 253 253 253 253 253 253 253 253 253 253 253 253 253 253 253 253 253 253 253 253 253 253 253 253 253 253 253 253 253 0 253 253 0 0 0 253 253 253 253 253 253 253 0 0 0 0 0 0 0 0 0 0 0 253 253 253 253 253 252 248 239 226 213 200 187 175 159 142 124 99 70 47 26 14 0 

