255	255	255	255	255	255	255	255	255	0	0	0	0	0	0	0	0	0	37	37	37	37	37	37	37	37	255	255	255	255	255	255	255	255	255	255	255	255	255	255	255	255	255	255	255	255	255	255	255	255	255	255	255	255	255	255	255	255	0	255	255	255	255	255	
255	255	255	255	255	255	255	255	255	0	0	0	0	0	0	0	0	0	37	37	37	37	37	37	37	37	255	255	255	255	255	255	255	255	255	255	255	255	255	255	255	255	255	255	255	255	255	255	255	255	255	255	255	255	255	255	255	255	0	255	255	255	255	255	
255	255	255	255	255	255	255	255	255	0	0	0	0	0	0	0	0	0	37	37	37	37	37	37	37	37	255	255	255	255	255	255	255	255	255	255	255	255	255	255	255	255	255	255	255	255	255	255	255	255	255	255	255	255	255	255	255	255	0	255	255	255	255	255	
255	255	255	255	255	255	255	255	255	0	0	0	0	0	0	0	0	0	37	37	37	37	37	37	37	37	255	255	255	255	255	255	255	255	255	255	255	255	255	255	255	255	255	255	255	255	255	255	255	255	255	255	255	255	255	255	255	255	0	255	255	255	255	255	
255	255	255	255	255	255	255	255	255	0	0	0	0	0	0	0	0	0	37	37	37	37	37	37	37	37	255	255	255	255	255	255	255	255	255	255	255	255	255	255	255	255	255	255	255	255	255	255	255	255	255	255	255	255	255	255	255	255	0	255	255	255	255	255	
255	255	255	255	255	255	255	255	255	0	0	0	0	0	0	0	0	0	37	37	37	37	37	37	37	37	255	255	255	255	255	255	255	255	255	255	255	255	255	255	255	255	255	255	255	255	255	255	255	255	255	255	255	255	255	255	255	255	0	255	255	255	255	255	
255	255	255	255	255	255	255	255	255	0	0	0	0	0	0	0	0	0	37	37	37	37	37	37	37	37	255	255	255	255	255	255	255	255	255	255	255	255	255	255	255	255	255	255	255	255	255	255	255	255	255	255	255	255	255	255	255	255	0	255	255	255	255	255	
255	255	255	255	255	255	255	255	255	0	0	0	0	0	0	0	0	0	37	37	37	37	37	37	37	37	255	255	255	255	255	255	255	255	255	255	255	255	255	255	255	255	255	255	255	255	255	255	255	255	255	255	255	255	255	255	255	255	0	255	255	255	255	255	
255	255	255	255	255	255	255	255	255	0	0	0	0	0	0	0	0	0	37	37	37	37	37	37	37	37	255	255	255	255	255	255	255	255	255	255	255	255	255	255	255	255	255	255	255	255	255	255	255	255	255	255	255	255	255	255	255	255	0	255	255	255	255	255	
255	255	255	255	255	255	255	255	255	0	0	0	0	0	0	0	0	0	37	37	37	37	37	37	37	37	255	255	255	255	255	255	255	255	255	255	255	255	255	255	255	255	255	255	255	255	255	255	255	255	255	255	255	255	255	255	255	255	0	255	255	255	255	255	
255	255	255	255	255	255	255	255	255	0	0	0	0	0	0	0	0	0	37	37	37	37	37	37	37	37	255	255	255	255	255	255	255	255	255	255	255	255	255	255	255	255	255	255	255	255	255	255	255	255	255	255	255	255	255	255	255	255	0	255	255	255	255	255	
255	255	255	255	255	255	255	255	255	0	0	0	0	0	0	0	0	0	37	37	37	37	37	37	37	37	255	255	255	255	255	255	255	255	255	255	255	255	255	255	255	255	255	255	255	255	255	255	255	255	255	255	255	255	255	255	255	255	0	255	255	255	255	255	
255	255	255	255	255	255	255	255	255	0	0	0	0	0	0	0	0	0	37	37	37	37	37	37	37	37	255	255	255	255	255	255	255	255	255	255	255	255	255	255	255	255	255	255	255	255	255	255	255	255	255	255	255	255	255	255	255	255	0	255	255	255	255	255	
255	255	255	255	255	255	255	255	255	0	0	0	0	0	0	0	0	0	37	37	37	37	37	37	37	37	255	255	255	255	255	255	255	255	255	255	255	255	255	255	255	255	255	255	255	255	255	255	255	255	255	255	255	255	255	255	255	255	0	255	255	255	255	255	
255	255	255	255	255	255	255	255	255	0	0	0	0	0	0	0	0	0	37	37	37	37	37	37	37	37	255	255	255	255	255	255	255	255	255	255	255	255	255	255	255	255	255	255	255	255	255	255	255	255	255	255	255	255	255	255	255	255	0	255	255	255	255	255	
255	255	255	255	255	255	255	255	255	0	0	0	0	0	0	0	0	0	37	37	37	37	37	37	37	37	255	255	255	255	255	255	255	255	255	255	255	255	255	255	255	255	255	255	255	255	255	255	255	255	255	255	255	255	255	255	255	255	0	255	255	255	255	255	
255	255	255	255	255	255	255	255	255	0	0	0	0	0	0	0	0	0	37	37	37	37	37	37	37	37	255	255	255	255	255	255	255	255	255	255	255	255	255	255	255	255	255	255	255	255	255	255	255	255	255	255	255	255	255	255	255	255	0	255	255	255	255	255	
255	255	255	255	255	255	255	255	255	0	0	0	0	0	0	0	0	0	37	37	37	37	37	37	37	37	255	255	255	255	255	255	255	255	255	255	255	255	255	255	255	255	255	255	255	255	255	255	255	255	255	255	255	255	255	255	255	255	0	255	255	255	255	255	
255	255	255	255	255	255	255	255	255	0	0	0	0	0	0	0	0	0	37	37	37	37	37	37	37	37	255	255	255	255	255	255	255	255	255	255	255	255	255	255	255	255	255	255	255	255	255	255	255	255	255	255	255	255	255	255	255	255	0	255	255	255	255	255	
255	255	255	255	255	255	255	255	255	0	0	0	0	0	0	0	0	0	37	37	37	37	37	37	37	37	255	255	255	255	255	255	255	255	255	255	255	255	255	255	255	255	255	255	255	255	255	255	255	255	255	255	255	255	255	255	255	255	0	255	255	255	255	255	
255	255	255	255	255	255	255	255	255	0	0	0	0	0	0	0	0	0	37	37	37	37	37	37	37	37	255	255	255	255	255	255	255	255	255	255	255	255	255	255	255	255	255	255	255	255	255	255	255	255	255	255	255	255	255	255	255	255	0	255	255	255	255	255	
255	255	255	255	255	255	255	255	255	0	0	0	0	0	0	0	0	0	37	37	37	37	37	37	37	37	255	255	255	255	255	255	255	255	255	255	255	255	255	255	255	255	255	255	255	255	255	255	255	255	255	255	255	255	255	255	255	255	0	255	255	255	255	255	
255	255	255	255	255	255	255	255	255	0	0	0	0	0	0	0	0	0	37	37	37	37	37	37	37	37	255	255	255	255	255	255	255	255	255	255	255	255	255	255	255	255	255	255	255	255	255	255	255	255	255	255	255	255	255	255	255	255	0	255	255	255	255	255	
255	255	255	255	255	255	255	255	255	0	0	0	0	0	0	0	0	0	37	37	37	37	37	37	37	37	255	255	255	255	255	255	255	255	255	255	255	255	255	255	255	255	255	255	255	255	255	255	255	255	255	255	255	255	255	255	255	255	0	255	255	255	255	255	
255	255	255	255	255	255	255	255	255	0	0	0	0	0	0	0	0	0	37	37	37	37	37	37	37	37	255	255	255	255	255	255	255	255	255	255	255	255	255	255	255	255	255	255	255	255	255	255	255	255	255	255	255	255	255	255	255	255	0	255	255	255	255	255	
255	255	255	255	255	255	255	255	255	0	0	0	0	0	0	0	0	0	37	37	37	37	37	37	37	37	255	255	255	255	255	255	255	255	255	255	255	255	255	255	255	255	255	255	255	255	255	255	255	255	255	255	255	255	255	255	255	255	0	255	255	255	255	255	
255	255	255	255	255	255	255	255	255	0	0	0	0	0	0	0	0	0	37	37	37	37	37	37	37	37	255	255	255	255	255	255	255	255	255	255	255	255	255	255	255	255	255	255	255	255	255	255	255	255	255	255	255	255	255	255	255	255	0	255	255	255	255	255	
255	255	255	255	255	255	255	255	255	0	0	0	0	0	0	0	0	0	37	37	37	37	37	37	37	37	255	255	255	255	255	255	255	255	255	255	255	255	255	255	255	255	255	255	255	255	255	255	255	255	255	255	255	255	255	255	255	255	0	255	255	255	255	255	
255	255	255	255	255	255	255	255	255	0	0	0	0	0	0	0	0	0	37	37	37	37	37	37	37	37	255	255	255	255	255	255	255	255	255	255	255	255	255	255	255	255	255	255	255	255	255	255	255	255	255	255	255	255	255	255	255	255	0	255	255	255	255	255	
255	255	255	255	255	255	255	255	255	0	0	0	0	0	0	0	0	0	37	37	37	37	37	37	37	37	255	255	255	255	255	255	255	255	255	255	255	255	255	255	255	255	255	255	255	255	255	255	255	255	255	255	255	255	255	255	255	255	0	255	255	255	255	255	
255	255	255	255	255	255	255	255	255	0	0	0	0	0	0	0	0	0	37	37	37	37	37	37	37	37	255	255	255	255	255	255	255	255	255	255	255	255	255	255	255	255	255	255	255	255	255	255	255	255	255	255	255	255	255	255	255	255	0	255	255	255	255	255	
255	255	255	255	255	255	255	255	255	0	0	0	0	0	0	0	0	0	37	37	37	37	37	37	37	37	255	255	255	255	255	255	255	255	255	255	255	255	255	255	255	255	255	255	255	255	255	255	255	255	255	255	255	255	255	255	255	255	0	255	255	255	255	255	
255	255	255	255	255	255	255	255	255	0	0	0	0	0	0	0	0	0	37	37	37	37	37	37	37	37	255	255	255	255	255	255	255	255	255	255	255	255	255	255	255	255	255	255	255	255	255	255	255	255	255	255	255	255	255	255	255	255	0	255	255	255	255	255	
255	255	255	255	255	255	255	255	255	0	0	0	0	0	0	0	0	0	37	37	37	37	37	37	37	37	255	255	255	255	255	255	255	255	255	255	255	255	255	255	255	255	255	255	255	255	255	255	255	255	255	255	255	255	255	255	255	255	0	255	255	255	255	255	
255	255	255	255	255	255	255	255	255	0	0	0	0	0	0	0	0	0	37	37	37	37	37	37	37	37	255	255	255	255	255	255	255	255	255	255	255	255	255	255	255	255	255	255	255	255	255	255	255	255	255	255	255	255	255	255	255	255	0	255	255	255	255	255	
255	255	255	255	255	255	255	255	255	0	0	0	0	0	0	0	0	0	37	37	37	37	37	37	37	37	255	255	255	255	255	255	255	255	255	255	255	255	255	255	255	255	255	255	255	255	255	255	255	255	255	255	255	255	255	255	255	255	0	255	255	255	255	255	
255	255	255	255	255	255	255	255	255	0	0	0	0	0	0	0	0	0	37	37	37	37	37	37	37	37	255	255	255	255	255	255	255	255	255	255	255	255	255	255	255	255	255	255	255	255	255	255	255	255	255	255	255	255	255	255	255	255	0	255	255	255	255	255	
255	255	255	255	255	255	255	255	255	0	0	0	0	0	0	0	0	0	37	37	37	37	37	37	37	37	255	255	255	255	255	255	255	255	255	255	255	255	255	255	255	255	255	255	255	255	255	255	255	255	255	255	255	255	255	255	255	255	0	255	255	255	255	255	
255	255	255	255	255	255	255	255	255	0	0	0	0	0	0	0	0	0	37	37	37	37	37	37	37	37	255	255	255	255	255	255	255	255	255	255	255	255	255	255	255	255	255	255	255	255	255	255	255	255	255	255	255	255	255	255	255	255	0	255	255	255	255	255	
255	255	255	255	255	255	255	255	255	0	0	0	0	0	0	0	0	0	37	37	37	37	37	37	37	37	255	255	255	255	255	255	255	255	255	255	255	255	255	255	255	255	255	255	255	255	255	255	255	255	255	255	255	255	255	255	255	255	0	255	255	255	255	255	
255	255	255	255	255	255	255	255	255	0	0	0	0	0	0	0	0	0	37	37	37	37	37	37	37	37	255	255	255	255	255	255	255	255	255	255	255	255	255	255	255	255	255	255	255	255	255	255	255	255	255	255	255	255	255	255	255	255	0	255	255	255	255	255	
255	255	255	255	255	255	255	255	255	0	0	0	0	0	0	0	0	0	37	37	37	37	37	37	37	37	255	255	255	255	255	255	255	255	255	255	255	255	255	255	255	255	255	255	255	255	255	255	255	255	255	255	255	255	255	255	255	255	0	255	255	255	255	255	
255	255	255	255	255	255	255	255	255	0	0	0	0	0	0	0	0	0	37	37	37	37	37	37	37	37	255	255	255	255	255	255	255	255	255	255	255	255	255	255	255	255	255	255	255	255	255	255	255	255	255	255	255	255	255	255	255	255	0	255	255	255	255	255	
255	255	255	255	255	255	255	255	255	0	0	0	0	0	0	0	0	0	37	37	37	37	37	37	37	37	255	255	255	255	255	255	255	255	255	255	255	255	255	255	255	255	255	255	255	255	255	255	255	255	255	255	255	255	255	255	255	255	0	255	255	255	255	255	
255	255	255	255	255	255	255	255	255	0	0	0	0	0	0	0	0	0	37	37	37	37	37	37	37	37	255	255	255	255	255	255	255	255	255	255	255	255	255	255	255	255	255	255	255	255	255	255	255	255	255	255	255	255	255	255	255	255	0	255	255	255	255	255	
255	255	255	255	255	255	255	255	255	0	0	0	0	0	0	0	0	0	37	37	37	37	37	37	37	37	255	255	255	255	255	255	255	255	255	255	255	255	255	255	255	255	255	255	255	255	255	255	255	255	255	255	255	255	255	255	255	255	0	255	255	255	255	255	
255	255	255	255	255	255	255	255	255	0	0	0	0	0	0	0	0	0	37	37	37	37	37	37	37	37	255	255	255	255	255	255	255	255	255	255	255	255	255	255	255	255	255	255	255	255	255	255	255	255	255	255	255	255	255	255	255	255	0	255	255	255	255	255	
255	255	255	255	255	255	255	255	255	0	0	0	0	0	0	0	0	0	37	37	37	37	37	37	37	37	255	255	255	255	255	255	255	255	255	255	255	255	255	255	255	255	255	255	255	255	255	255	255	255	255	255	255	255	255	255	255	255	0	255	255	255	255	255	
255	255	255	255	255	255	255	255	255	0	0	0	0	0	0	0	0	0	37	37	37	37	37	37	37	37	255	255	255	255	255	255	255	255	255	255	255	255	255	255	255	255	255	255	255	255	255	255	255	255	255	255	255	255	255	255	255	255	0	255	255	255	255	255	
255	255	255	255	255	255	255	255	255	0	0	0	0	0	0	0	0	0	37	37	37	37	37	37	37	37	255	255	255	255	255	255	255	255	255	255	255	255	255	255	255	255	255	255	255	255	255	255	255	255	255	255	255	255	255	255	255	255	0	255	255	255	255	255	
255	255	255	255	255	255	255	255	255	0	0	0	0	0	0	0	0	0	37	37	37	37	37	37	37	37	255	255	255	255	255	255	255	255	255	255	255	255	255	255	255	255	255	255	255	255	255	255	255	255	255	255	255	255	255	255	255	255	0	255	255	255	255	255	
255	255	255	255	255	255	255	255	255	0	0	0	0	0	0	0	0	0	37	37	37	37	37	37	37	37	255	255	255	255	255	255	255	255	255	255	255	255	255	255	255	255	255	255	255	255	255	255	255	255	255	255	255	255	255	255	255	255	0	255	255	255	255	255	
255	255	255	255	255	255	255	255	255	0	0	0	0	0	0	0	0	0	37	37	37	37	37	37	37	37	255	255	255	255	255	255	255	255	255	255	255	255	255	255	255	255	255	255	255	255	255	255	255	255	255	255	255	255	255	255	255	255	0	255	255	255	255	255	
255	255	255	255	255	255	255	255	255	0	0	0	0	0	0	0	0	0	37	37	37	37	37	37	37	37	255	255	255	255	255	255	255	255	255	255	255	255	255	255	255	255	255	255	255	255	255	255	255	255	255	255	255	255	255	255	255	255	0	255	255	255	255	255	
255	255	255	255	255	255	255	255	255	0	0	0	0	0	0	0	0	0	37	37	37	37	37	37	37	37	255	255	255	255	255	255	255	255	255	255	255	255	255	255	255	255	255	255	255	255	255	255	255	255	255	255	255	255	255	255	255	255	0	255	255	255	255	255	
255	255	255	255	255	255	255	255	255	0	0	0	0	0	0	0	0	0	37	37	37	37	37	37	37	37	255	255	255	255	255	255	255	255	255	255	255	255	255	255	255	255	255	255	255	255	255	255	255	255	255	255	255	255	255	255	255	255	0	255	255	255	255	255	
255	255	255	255	255	255	255	255	255	0	0	0	0	0	0	0	0	0	37	37	37	37	37	37	37	37	255	255	255	255	255	255	255	255	255	255	255	255	255	255	255	255	255	255	255	255	255	255	255	255	255	255	255	255	255	255	255	255	0	255	255	255	255	255	
255	255	255	255	255	255	255	255	255	0	0	0	0	0	0	0	0	0	37	37	37	37	37	37	37	37	255	255	255	255	255	255	255	255	255	255	255	255	255	255	255	255	255	255	255	255	255	255	255	255	255	255	255	255	255	255	255	255	0	255	255	255	255	255	
255	255	255	255	255	255	255	255	255	0	0	0	0	0	0	0	0	0	37	37	37	37	37	37	37	37	255	255	255	255	255	255	255	255	255	255	255	255	255	255	255	255	255	255	255	255	255	255	255	255	255	255	255	255	255	255	255	255	0	255	255	255	255	255	
255	255	255	255	255	255	255	255	255	0	0	0	0	0	0	0	0	0	37	37	37	37	37	37	37	37	255	255	255	255	255	255	255	255	255	255	255	255	255	255	255	255	255	255	255	255	255	255	255	255	255	255	255	255	255	255	255	255	0	255	255	255	255	255	
255	255	255	255	255	255	255	255	255	0	0	0	0	0	0	0	0	0	37	37	37	37	37	37	37	37	255	255	255	255	255	255	255	255	255	255	255	255	255	255	255	255	255	255	255	255	255	255	255	255	255	255	255	255	255	255	255	255	0	255	255	255	255	255	
255	255	255	255	255	255	255	255	255	0	0	0	0	0	0	0	0	0	37	37	37	37	37	37	37	37	255	255	255	255	255	255	255	255	255	255	255	255	255	255	255	255	255	255	255	255	255	255	255	255	255	255	255	255	255	255	255	255	0	255	255	255	255	255	
255	255	255	255	255	255	255	255	255	0	0	0	0	0	0	0	0	0	37	37	37	37	37	37	37	37	255	255	255	255	255	255	255	255	255	255	255	255	255	255	255	255	255	255	255	255	255	255	255	255	255	255	255	255	255	255	255	255	0	255	255	255	255	255	
255	255	255	255	255	255	255	255	255	0	0	0	0	0	0	0	0	0	37	37	37	37	37	37	37	37	255	255	255	255	255	255	255	255	255	255	255	255	255	255	255	255	255	255	255	255	255	255	255	255	255	255	255	255	255	255	255	255	0	255	255	255	255	255	
