0	0	0	0	0	0	0	0	0	0	0	0	0	0	0	0	0	0	0	0	0	0	0	0	0	0	0	0	0	0	0	0	0	0	0	0	0	0	0	0	0	0	0	0	0	0	0	0	0	0	0	0	0	0	0	0	0	0	0	0	0	0	0	0	
0	0	0	0	0	0	0	0	0	0	0	0	0	0	0	0	0	0	0	0	0	0	0	0	0	0	0	0	0	0	0	0	0	0	0	0	0	0	0	0	0	0	0	0	0	0	0	0	0	0	0	0	0	0	0	0	0	0	0	0	0	0	0	0	
0	0	0	0	0	0	0	0	0	0	0	0	0	0	0	0	0	0	0	0	0	0	0	0	0	0	0	0	0	0	0	0	0	0	0	0	0	0	0	0	0	0	0	0	0	0	0	0	0	0	0	0	0	0	0	0	0	0	0	0	0	0	0	0	
0	0	0	0	0	44	0	0	125	125	125	125	125	202	216	122	121	180	212	212	170	118	120	148	139	133	157	164	211	141	158	153	148	151	152	149	144	131	123	120	113	117	116	121	125	120	117	114	113	96	92	92	81	94	117	143	142	147	127	134	155	176	165	154	
0	0	0	0	0	71	44	44	137	137	137	137	137	137	153	123	121	137	142	193	169	132	156	136	137	146	139	182	176	121	123	143	152	149	140	139	131	134	137	139	123	97	86	89	100	91	90	107	123	104	71	91	87	85	140	148	151	101	93	102	103	132	115	81	
0	0	0	0	0	109	71	71	154	154	154	154	154	150	144	140	137	136	130	123	161	164	148	136	145	138	124	148	111	129	141	147	147	141	134	140	149	129	97	81	86	91	85	87	92	98	89	63	61	118	51	77	86	101	150	140	113	104	100	104	116	111	68	72	
0	0	0	0	0	153	109	109	198	198	198	198	198	146	137	130	139	137	142	134	167	177	165	141	141	122	126	106	108	144	140	138	142	145	148	135	103	92	95	101	100	95	92	93	91	95	98	87	61	79	56	78	69	140	147	111	98	118	111	113	89	62	42	39	
0	0	0	0	0	162	153	153	130	130	130	130	130	134	134	126	134	150	126	130	138	175	209	158	119	132	126	95	117	140	135	142	156	142	133	125	120	115	113	106	92	81	80	81	81	83	90	90	79	55	77	63	95	132	115	87	103	144	108	72	56	54	99	144	
0	0	0	0	0	150	162	162	133	133	133	133	133	121	107	97	112	131	96	129	164	192	220	143	124	130	121	117	115	136	147	153	138	139	142	133	121	114	105	105	101	93	86	79	79	80	83	85	92	73	90	64	140	110	82	101	142	151	93	59	106	160	145	150	
0	0	0	0	0	123	150	150	139	139	139	139	139	208	189	127	171	221	135	163	187	201	207	133	127	127	117	121	132	157	144	139	143	145	134	120	120	118	113	108	102	98	98	90	81	78	81	84	92	91	80	63	137	142	134	154	146	139	139	55	88	146	147	70	
0	0	0	0	0	101	123	123	157	157	157	157	157	197	158	111	126	210	160	181	195	207	179	123	127	118	127	123	167	144	154	153	144	141	125	119	121	116	108	109	98	92	92	88	83	78	76	78	90	99	62	50	146	143	106	164	156	135	152	73	71	110	156	107	
0	0	0	0	0	94	101	101	104	104	104	104	104	191	196	153	123	166	144	187	203	186	220	166	140	161	146	162	146	158	154	149	135	133	125	118	114	107	97	96	92	81	81	80	77	74	71	71	81	93	54	97	148	118	110	134	168	136	143	113	54	88	154	126	
0	0	0	0	0	70	94	94	120	120	120	120	120	199	237	239	172	121	120	171	176	190	170	196	127	125	113	149	169	159	152	141	132	132	121	111	108	97	87	86	79	82	78	79	77	75	77	75	78	86	67	132	124	122	131	121	167	147	136	146	49	83	86	82	
0	0	0	0	0	89	70	70	122	122	122	122	122	112	152	231	224	143	128	163	147	205	201	153	170	158	119	175	171	161	148	144	136	120	105	97	93	83	82	83	78	83	76	71	70	70	73	73	73	80	84	161	151	130	129	116	155	162	137	149	94	59	79	84	
0	0	0	0	0	140	89	89	120	120	120	120	120	128	112	124	158	179	176	132	147	211	205	105	161	119	153	176	168	160	148	141	121	103	91	84	86	89	87	82	73	71	71	75	70	70	67	68	70	75	80	160	152	127	125	130	131	176	139	140	150	49	75	81	
0	0	0	0	0	160	140	140	116	116	116	116	116	130	130	134	119	123	170	149	142	214	228	164	131	133	171	177	167	156	147	122	110	98	92	93	101	100	85	85	84	86	80	83	87	84	78	76	71	68	62	144	152	119	127	136	111	165	166	140	154	84	62	77	
0	0	0	0	0	159	160	160	133	133	133	133	133	127	127	137	130	129	118	111	126	175	195	135	118	112	181	177	170	158	126	115	106	101	95	105	109	100	90	101	96	99	95	93	94	96	101	92	85	76	72	76	160	136	136	147	129	141	182	147	145	143	40	82	
0	0	0	0	0	165	159	159	124	124	124	124	124	122	122	120	122	119	122	121	111	109	154	136	103	99	181	175	173	142	124	114	110	105	104	110	111	110	127	129	119	112	113	104	98	101	110	105	99	93	75	65	86	177	164	159	157	134	179	164	138	154	84	70	
0	0	0	0	0	167	165	165	118	118	118	118	118	116	118	128	130	126	120	124	131	123	144	144	77	53	177	182	165	140	129	116	115	109	109	107	116	132	145	137	135	139	138	127	126	117	123	112	111	103	84	72	72	79	117	116	109	80	118	181	142	147	148	46	
0	0	0	0	0	118	167	167	163	163	163	163	163	168	169	173	173	171	169	169	163	167	159	154	81	10	156	187	152	136	121	115	113	106	115	110	121	147	146	147	150	159	148	146	129	126	121	113	115	104	83	73	74	70	83	130	129	123	101	178	170	142	156	99	
0	0	0	0	0	88	118	118	151	151	151	151	151	146	144	136	137	136	131	123	118	122	121	123	105	24	122	186	151	132	119	118	120	117	123	121	127	139	141	146	148	140	119	103	91	93	94	100	104	99	79	75	74	72	66	124	128	131	121	126	191	148	149	161	
0	0	0	0	0	93	88	88	114	114	114	114	114	113	117	118	115	116	118	116	104	111	107	106	115	106	129	179	148	124	114	121	129	127	126	115	123	133	141	142	136	121	99	85	74	76	75	79	83	95	87	77	80	77	73	78	137	130	131	101	173	180	145	155	
0	0	0	0	0	90	93	93	121	121	121	121	121	129	132	132	129	133	132	129	125	130	131	127	119	111	130	177	137	124	123	129	132	129	125	120	121	131	137	149	124	99	100	85	84	88	90	96	97	94	100	93	83	83	78	78	118	131	134	125	113	192	164	153	
0	0	0	0	0	94	90	90	131	131	131	131	131	119	123	127	131	134	128	129	132	124	124	130	127	119	132	173	131	127	131	128	134	132	124	115	114	134	143	151	147	146	143	150	158	161	155	138	124	109	96	94	80	80	81	86	93	132	126	133	124	162	187	156	
0	0	0	0	0	93	94	94	135	135	135	135	135	127	129	134	120	135	129	130	130	121	126	127	127	117	136	170	130	134	140	140	139	133	131	117	116	133	156	151	171	181	182	186	185	188	184	165	134	100	73	83	84	82	89	87	84	125	121	126	129	133	197	172	
0	0	0	0	0	98	93	93	131	131	131	131	131	133	135	135	122	127	127	125	130	130	128	125	128	125	126	161	138	138	142	145	140	140	134	128	103	116	128	150	169	180	185	170	137	116	96	85	65	62	66	84	91	91	94	89	86	119	131	130	137	114	156	195	
0	0	0	0	0	93	98	98	131	131	131	131	131	135	135	128	130	125	126	130	128	129	128	129	129	131	131	151	144	145	144	143	143	140	139	137	101	91	61	60	87	104	97	101	98	109	96	85	83	93	101	93	100	100	102	98	92	104	136	139	128	131	131	184	
0	0	0	0	0	99	93	93	134	134	134	134	134	131	127	134	135	133	130	131	127	131	129	130	128	126	132	143	146	152	151	149	143	142	136	136	129	118	104	125	125	127	123	122	140	180	181	147	136	132	111	104	116	105	112	105	92	99	127	127	125	130	132	140	
0	0	0	0	0	98	99	99	129	129	129	129	129	128	128	132	134	133	130	132	128	134	129	127	132	127	124	143	153	152	154	146	142	143	142	135	143	146	148	158	151	155	161	168	152	131	133	150	130	117	115	124	125	118	131	116	101	94	132	128	130	136	141	128	
0	0	0	0	0	53	98	98	124	124	124	124	124	133	126	130	132	131	131	120	124	128	129	125	144	133	125	145	147	152	154	148	148	155	148	129	143	155	160	167	164	160	155	154	132	111	113	122	118	109	114	133	132	130	140	131	117	97	124	157	164	167	165	166	
0	0	0	0	0	64	53	53	130	130	130	130	130	138	131	131	129	130	126	125	129	129	126	150	207	203	141	145	156	156	154	157	161	163	160	145	125	147	160	172	172	165	152	147	136	107	102	97	78	86	121	143	143	152	153	140	127	110	117	128	124	125	128	129	
0	0	0	0	0	178	64	64	133	133	133	133	133	131	125	129	130	133	133	143	135	143	140	191	204	205	197	148	153	156	158	163	173	177	175	172	148	127	164	182	185	170	121	110	99	89	88	71	61	66	115	149	150	157	157	149	141	122	120	125	124	131	122	126	
0	0	0	0	0	185	178	178	150	150	150	150	150	172	172	170	166	168	165	168	164	161	168	176	166	197	193	158	149	159	164	173	181	194	190	180	173	153	145	166	188	136	71	66	69	107	123	116	91	85	119	158	165	167	161	153	141	133	119	121	140	136	132	131	
0	0	0	0	0	172	185	185	162	162	162	162	162	147	136	129	128	124	125	124	120	106	160	169	190	196	169	156	149	164	172	183	194	203	205	200	190	179	162	153	156	182	161	142	136	145	149	138	123	134	156	159	180	174	160	152	141	135	125	110	141	129	134	135	
0	0	0	0	0	184	172	172	119	119	119	119	119	141	125	129	128	123	133	127	120	129	153	179	128	140	184	154	147	162	180	195	207	212	221	225	215	207	197	177	164	197	236	213	194	183	185	175	152	147	150	168	177	166	159	154	149	136	120	97	133	134	131	133	
0	0	0	0	0	209	184	184	132	132	132	132	132	149	129	137	131	130	129	133	126	149	156	181	137	116	199	143	156	160	184	200	206	213	219	224	226	228	224	216	198	185	208	235	231	228	223	208	173	157	143	173	170	158	151	148	140	136	116	98	115	142	131	135	
0	0	0	0	0	165	209	209	134	134	134	134	134	150	127	131	134	136	132	123	129	156	153	188	151	105	166	124	163	168	183	200	210	212	212	220	211	223	227	227	222	212	199	210	234	231	231	220	184	155	146	159	149	133	129	124	129	130	119	98	101	129	129	128	
0	0	0	0	0	124	165	165	137	137	137	137	137	165	135	131	131	132	131	128	140	153	152	188	168	134	132	116	164	165	183	192	205	207	210	209	206	199	197	207	211	211	204	206	228	236	239	231	189	152	140	131	91	84	83	89	106	117	113	101	99	138	128	123	
0	0	0	0	0	140	124	124	134	134	134	134	134	159	127	132	124	131	124	129	142	134	146	177	152	172	137	102	164	164	175	185	193	196	196	185	176	154	150	155	164	176	191	203	220	234	240	222	185	134	102	87	102	95	83	70	67	94	101	92	125	136	124	135	
0	0	0	0	0	137	140	140	131	131	131	131	131	165	130	133	134	132	128	126	147	148	137	158	134	131	141	85	160	166	168	177	182	180	167	153	131	118	110	107	100	108	136	160	204	235	232	207	187	89	78	81	69	51	79	41	55	78	101	72	125	137	127	133	
0	0	0	0	0	150	137	137	137	137	137	137	137	160	127	129	129	133	130	132	134	172	134	122	134	143	126	54	135	171	162	167	165	155	143	133	119	120	106	96	104	84	83	106	141	227	231	215	169	51	48	48	39	29	48	63	79	76	95	58	104	125	124	127	
0	0	0	0	0	169	150	150	131	131	131	131	131	154	125	132	130	136	135	131	132	147	181	157	129	76	65	49	93	163	153	149	137	124	89	64	63	53	39	37	86	54	61	74	114	193	221	203	142	56	48	48	60	76	84	95	83	53	87	40	119	166	163	173	
0	0	0	0	0	127	169	169	135	135	135	135	135	154	127	132	129	133	133	132	133	132	126	141	91	40	30	28	48	124	139	138	119	134	125	104	88	64	53	49	60	67	78	77	87	158	203	186	133	73	42	44	50	52	54	51	34	29	109	34	137	163	150	145	
0	0	0	0	0	141	127	127	134	134	134	134	134	168	124	125	121	123	114	118	117	119	132	128	39	36	38	26	25	75	115	124	106	81	104	127	130	122	111	94	73	59	58	50	52	117	178	173	141	80	42	37	25	24	23	30	41	88	105	33	61	119	119	115	
0	0	0	0	0	139	141	141	136	136	136	136	136	171	139	145	154	161	168	166	182	150	120	146	34	23	23	24	25	35	67	87	96	78	50	56	62	55	52	47	40	31	38	49	85	142	168	161	153	136	118	105	90	82	91	116	126	117	103	20	41	143	134	142	
0	0	0	0	0	137	139	139	176	176	176	176	176	173	178	176	178	172	172	171	144	29	29	19	20	19	14	10	8	17	28	57	69	75	84	81	51	44	58	61	77	83	100	142	165	178	181	171	171	169	164	162	152	146	140	140	130	123	81	20	47	86	148	137	
0	0	0	0	0	142	137	137	164	164	164	164	164	151	141	142	133	117	119	119	76	29	39	29	22	21	18	17	10	13	21	30	41	42	48	64	81	88	115	135	144	160	169	181	181	182	178	178	180	171	171	169	161	149	137	131	142	102	37	33	46	33	134	142	
0	0	0	0	0	141	142	142	119	119	119	119	119	121	126	130	143	140	145	163	78	29	37	35	34	31	26	23	23	25	23	19	19	25	24	29	37	47	73	110	132	148	159	166	167	164	169	171	172	164	159	155	155	150	149	124	68	31	29	30	27	18	47	147	
0	0	0	0	0	137	141	141	140	140	140	140	140	150	143	147	148	144	144	150	106	29	35	41	46	37	36	34	30	29	29	26	24	24	19	9	14	20	35	44	60	81	108	129	139	139	144	147	154	156	151	149	139	108	67	33	25	21	21	16	8	11	18	112	
0	0	0	0	0	135	137	137	150	150	150	150	150	152	145	146	148	150	151	150	131	32	30	34	41	41	42	38	30	29	28	29	27	31	32	22	17	18	17	15	18	30	41	58	72	81	102	103	105	98	79	54	37	34	31	22	19	23	14	32	51	43	15	47	
0	0	0	0	0	136	135	135	154	154	154	154	154	150	144	147	151	150	144	148	160	57	30	31	36	38	42	39	32	28	27	26	34	30	26	22	23	26	24	21	12	15	18	24	26	29	33	38	39	33	28	29	26	22	21	20	17	11	10	51	40	45	39	15	
0	0	0	0	0	131	136	136	144	144	144	144	144	144	143	145	150	142	149	134	158	81	32	32	35	37	42	43	40	35	29	30	34	26	25	25	28	34	37	32	21	24	19	20	13	13	11	11	16	19	27	27	25	19	8	11	18	13	13	70	38	29	53	38	
0	0	0	0	0	134	131	131	148	148	148	148	148	145	139	143	149	147	158	142	151	101	37	36	30	27	32	42	44	40	38	38	38	32	30	30	27	33	32	30	25	29	27	27	22	18	15	11	11	12	13	10	8	5	8	12	15	12	13	31	29	30	45	52	
0	0	0	0	0	179	134	134	144	144	144	144	144	138	144	147	146	142	153	143	142	146	49	43	31	28	30	30	39	37	36	34	38	33	33	24	24	26	28	29	25	30	28	29	26	25	25	19	15	10	10	11	9	7	14	13	12	13	9	75	50	44	78	90	
0	0	0	0	0	147	179	179	147	147	147	147	147	143	146	147	145	148	147	146	145	147	88	33	38	35	31	24	30	37	37	36	38	40	37	25	25	35	31	32	30	28	32	33	27	27	29	27	24	19	20	15	12	6	5	10	14	13	9	38	30	64	107	97	
0	0	0	0	0	125	147	147	150	150	150	150	150	140	147	150	142	142	149	147	147	149	155	45	38	36	32	29	29	31	40	36	37	42	39	33	35	39	29	33	34	33	31	30	24	24	30	32	31	30	30	21	21	9	5	6	11	14	16	15	83	77	47	125	
0	0	0	0	0	138	125	125	148	148	148	148	148	150	148	148	136	135	142	131	142	144	150	123	19	38	36	30	32	33	39	43	36	35	38	37	37	39	35	31	34	33	34	30	25	25	28	29	29	32	31	30	32	21	11	5	5	10	16	6	37	131	73	83	
0	0	0	0	0	134	138	138	149	149	149	149	149	146	152	157	160	151	162	162	168	172	171	187	149	25	41	38	33	33	41	43	38	32	39	37	36	39	38	36	34	31	31	30	30	30	32	33	26	28	26	31	36	36	26	13	10	7	12	8	20	81	178	56	
0	0	0	0	0	137	134	134	166	166	166	166	166	173	178	176	171	165	163	163	159	147	141	140	141	101	43	46	40	36	41	42	36	35	38	37	39	40	39	39	38	38	33	34	35	34	31	31	33	32	25	34	34	32	32	32	24	16	14	8	11	51	16	68	
0	0	0	0	0	132	137	137	156	156	156	156	156	153	142	131	124	113	111	115	117	124	113	128	127	131	101	41	39	38	39	38	41	40	40	40	42	39	40	41	41	40	36	34	28	27	26	34	39	36	32	38	36	33	34	40	35	32	25	9	4	26	47	54	
0	0	0	0	0	130	132	132	125	125	125	125	125	179	167	131	135	128	134	130	127	137	132	135	141	126	131	127	52	38	46	37	45	43	44	47	48	43	45	46	41	35	38	38	34	30	32	37	40	41	38	41	38	34	36	39	38	36	33	25	17	4	42	49	
0	0	0	0	0	136	130	130	141	141	141	141	141	176	176	131	135	131	136	132	131	133	129	131	136	131	133	139	137	93	40	38	49	42	43	48	44	41	35	40	45	41	33	42	40	35	39	37	39	43	41	45	42	38	40	41	39	30	30	31	27	20	30	8	
0	0	0	0	0	141	136	136	140	140	140	140	140	170	176	134	135	127	128	130	134	130	128	132	135	131	126	129	139	131	114	66	55	40	40	43	45	39	39	39	43	41	35	38	38	38	42	35	39	40	37	40	34	29	34	31	53	104	109	89	58	42	45	117	
0	0	0	0	0	145	141	141	147	147	147	147	147	166	171	128	135	134	120	123	145	133	126	133	132	127	130	123	136	134	136	124	128	78	51	34	38	43	45	42	47	41	42	41	41	37	40	35	38	36	38	43	45	82	130	171	135	131	137	139	140	136	128	136	
