133	133	152	183	132	150	202	216	133	132	184	212	212	171	125	125	154	152	143	164	164	211	147	158	153	148	151	152	149	144	131	123	120	113	117	116	121	125	120	117	114	113	96	92	92	85	94	117	143	142	147	127	134	155	176	165	154	102	75	82	84	84	139	168	
160	160	153	149	135	140	141	161	138	132	150	153	194	171	138	161	146	148	157	149	182	176	128	124	143	152	149	140	139	131	134	137	139	123	97	86	89	100	91	90	107	123	104	71	91	87	88	140	148	151	101	98	104	104	133	120	83	74	79	68	56	78	114	169	
169	169	177	147	119	147	164	159	156	152	150	148	139	164	164	149	147	158	150	139	148	111	130	141	147	147	141	134	140	149	129	97	81	86	91	85	87	92	98	89	63	61	118	51	77	86	101	150	140	113	104	104	108	119	116	75	76	65	41	55	108	66	83	161	
199	199	186	159	137	133	162	151	140	151	153	165	154	167	177	166	156	158	136	142	119	110	144	140	138	142	145	148	135	103	92	95	101	100	95	92	93	91	95	98	87	61	79	56	78	69	140	147	111	98	119	114	114	96	74	50	46	83	145	162	168	93	70	135	
130	130	149	114	116	118	146	149	138	143	162	147	150	139	175	209	170	139	150	140	101	117	140	135	142	156	142	133	125	120	115	113	106	92	81	80	81	81	83	90	90	79	55	77	63	95	132	115	88	103	145	111	73	63	66	106	150	161	159	151	156	135	67	105	
150	150	164	183	173	218	130	122	115	121	138	113	144	165	192	220	151	144	148	133	117	115	136	147	153	138	139	142	133	121	114	105	105	101	93	86	79	79	80	83	85	92	73	90	64	140	110	82	107	147	151	101	61	106	160	151	154	149	149	61	141	173	85	93	
154	154	142	146	169	182	209	193	144	174	221	148	173	187	201	207	140	149	142	120	121	132	157	144	139	143	145	134	120	120	118	113	108	102	98	98	90	81	78	81	84	92	91	80	63	137	142	134	154	155	149	151	61	88	146	156	74	114	169	102	109	144	94	92	
157	157	163	156	146	148	198	161	134	135	210	165	182	195	207	179	131	145	130	127	123	167	144	154	153	144	141	125	119	121	116	108	109	98	92	92	88	83	78	76	78	90	99	62	50	146	143	106	164	169	149	161	81	75	110	159	110	87	154	115	84	79	90	91	
104	104	140	158	196	214	191	198	170	141	172	151	187	203	186	220	168	151	163	146	162	146	158	154	149	135	133	125	118	114	107	97	96	92	81	81	80	77	74	71	71	81	93	54	97	148	118	110	134	178	149	155	130	62	88	154	132	86	84	88	85	84	82	74	
120	120	148	156	141	154	199	237	239	181	137	136	175	176	190	170	196	134	127	113	149	169	159	152	141	132	132	121	111	108	97	87	86	79	82	78	79	77	75	77	75	78	86	67	132	124	122	131	121	172	159	150	166	58	83	86	87	86	88	91	82	69	36	63	
122	122	152	167	146	114	112	152	231	224	155	142	176	151	205	203	157	170	158	119	175	171	161	148	144	136	120	105	97	93	83	82	83	78	83	76	71	70	70	73	73	73	80	84	161	151	130	129	116	155	176	146	161	109	65	81	84	82	81	76	38	61	144	179	
120	120	155	160	142	120	128	112	124	158	179	180	151	153	211	205	120	161	119	153	176	168	160	148	141	121	103	91	84	86	89	87	82	73	71	71	75	70	70	67	68	70	75	80	160	152	127	125	130	131	181	152	154	162	56	80	82	76	44	56	140	178	175	163	
116	116	147	157	145	120	130	130	134	119	123	170	155	147	214	228	164	133	133	171	177	167	156	147	122	110	98	92	93	101	100	85	85	84	86	80	83	87	84	78	76	71	68	62	144	152	119	127	136	111	165	178	152	163	96	70	78	61	116	156	170	161	114	128	
133	133	140	162	160	120	127	127	137	130	129	118	111	126	175	195	138	118	112	181	177	170	158	126	115	106	101	95	105	109	100	90	101	96	99	95	93	94	96	101	92	85	76	72	76	160	136	136	147	129	141	189	157	154	159	51	82	148	146	127	115	84	92	72	
124	124	138	161	163	121	122	122	120	122	119	122	121	111	109	154	147	107	99	181	175	173	142	124	114	110	105	104	110	111	110	127	129	119	112	113	104	98	101	110	105	99	93	75	65	86	177	164	159	157	134	179	179	156	166	100	72	106	160	139	46	71	51	62	
118	118	138	157	159	115	116	118	128	130	126	120	124	131	123	144	145	89	53	177	182	165	140	129	116	115	109	109	107	116	132	145	137	135	139	138	127	126	117	123	112	111	103	84	72	72	79	117	116	109	80	118	193	163	160	165	56	85	134	172	114	58	90	175	
163	163	162	165	164	165	168	169	173	173	171	169	169	163	167	159	154	90	10	156	187	152	136	121	115	113	106	115	110	121	147	146	147	150	159	148	146	129	126	121	113	115	104	83	73	74	70	83	130	129	123	101	178	186	157	173	114	71	94	156	172	172	180	180	
151	151	148	153	151	149	146	144	136	137	136	131	123	118	122	121	123	105	24	122	186	151	132	119	118	120	117	123	121	127	139	141	146	148	140	119	103	91	93	94	100	104	99	79	75	74	72	66	124	128	131	121	126	200	165	165	175	61	87	100	143	149	139	107	
114	114	113	113	112	111	113	117	118	115	116	118	116	104	111	107	106	115	106	129	179	148	124	114	121	129	127	126	115	123	133	141	142	136	121	99	85	74	76	75	79	83	95	87	77	80	77	73	78	137	130	131	101	173	191	156	171	137	57	94	90	92	102	98	
121	121	125	124	123	130	129	132	132	129	133	132	129	125	130	131	127	119	111	130	177	137	124	123	129	132	129	125	120	121	131	137	149	124	99	100	85	84	88	90	96	97	94	100	93	83	83	78	78	118	131	134	125	113	194	186	168	179	73	81	96	99	101	100	
131	131	130	131	122	130	119	123	127	131	134	128	129	132	124	124	130	127	119	132	173	131	127	131	128	134	132	124	115	114	134	143	151	147	146	143	150	158	161	155	138	124	109	96	94	80	80	81	86	93	132	126	133	124	162	208	173	171	166	52	95	100	101	100	
135	135	128	121	129	131	127	129	134	120	135	129	130	130	121	126	127	127	117	136	170	130	134	140	140	139	133	131	117	116	133	156	151	171	181	182	186	185	188	184	165	134	100	73	83	84	82	89	87	84	125	121	126	129	133	197	191	173	181	123	56	99	98	100	
131	131	133	134	128	134	133	135	135	122	127	127	125	130	130	128	125	128	125	126	161	138	138	142	145	140	140	134	128	103	116	128	150	169	180	185	170	137	116	96	85	65	62	66	84	91	91	94	89	86	119	131	130	137	114	156	209	186	173	188	82	77	97	102	
131	131	132	129	126	129	135	135	128	130	125	126	130	128	129	128	129	129	131	131	151	144	145	144	143	143	140	139	137	101	91	61	60	87	104	97	101	98	109	96	85	83	93	101	93	100	100	102	98	92	104	136	139	128	131	131	184	202	172	173	183	50	89	99	
134	134	129	132	131	135	131	127	134	135	133	130	131	127	131	129	130	128	126	132	143	146	152	151	149	143	142	136	136	129	118	104	125	125	127	123	122	140	180	181	147	136	132	111	104	116	105	112	105	92	99	127	127	125	130	132	140	202	200	174	182	169	45	98	
129	129	130	130	140	131	128	128	132	134	133	130	132	128	134	129	127	132	127	124	143	153	152	154	146	142	143	142	135	143	146	148	158	151	155	161	168	152	131	133	150	130	117	115	124	125	118	131	116	101	94	132	128	130	136	141	128	144	214	189	180	187	139	49	
124	124	128	132	132	127	133	126	130	132	131	131	120	124	128	129	125	144	133	125	145	147	152	154	148	148	155	148	129	143	155	160	167	164	160	155	154	132	111	113	122	118	109	114	133	132	130	140	131	117	97	124	157	164	167	165	166	141	169	213	183	180	194	111	
130	130	130	120	138	135	138	131	131	129	130	126	125	129	129	126	150	207	203	141	145	156	156	154	157	161	163	160	145	125	147	160	172	172	165	152	147	136	107	102	97	78	86	121	143	143	152	153	140	127	110	117	128	124	125	128	129	115	82	188	210	179	183	204	
133	133	128	111	125	123	131	125	129	130	133	133	143	135	143	140	191	204	205	197	148	153	156	158	163	173	177	175	172	148	127	164	182	185	170	121	110	99	89	88	71	61	66	115	149	150	157	157	149	141	122	120	125	124	131	122	126	135	130	118	210	211	185	195	
150	150	153	151	141	166	172	172	170	166	168	165	168	164	161	168	176	166	197	193	158	149	159	164	173	181	194	190	180	173	153	145	166	188	136	71	66	69	107	123	116	91	85	119	158	165	167	161	153	141	133	119	121	140	136	132	131	135	135	128	132	221	202	191	
162	162	164	160	154	146	147	136	129	128	124	125	124	120	106	160	169	190	196	169	156	149	164	172	183	194	203	205	200	190	179	162	153	156	182	161	142	136	145	149	138	123	134	156	159	180	174	160	152	141	135	125	110	141	129	134	135	135	134	138	126	137	217	206	
119	119	113	134	165	172	141	125	129	128	123	133	127	120	129	153	179	128	140	184	154	147	162	180	195	207	212	221	225	215	207	197	177	164	197	236	213	194	183	185	175	152	147	150	168	177	166	159	154	149	136	120	97	133	134	131	133	132	134	139	132	112	143	217	
132	132	133	147	166	173	149	129	137	131	130	129	133	126	149	156	181	137	116	199	143	156	160	184	200	206	213	219	224	226	228	224	216	198	185	208	235	231	228	223	208	173	157	143	173	170	158	151	148	140	136	116	98	115	142	131	135	136	129	127	140	137	118	155	
134	134	135	146	162	172	150	127	131	134	136	132	123	129	156	153	188	151	105	166	124	163	168	183	200	210	212	212	220	211	223	227	227	222	212	199	210	234	231	231	220	184	155	146	159	149	133	129	124	129	130	119	98	101	129	129	128	127	134	137	134	135	131	115	
137	137	129	141	163	174	165	135	131	131	132	131	128	140	153	152	188	168	134	132	116	164	165	183	192	205	207	210	209	206	199	197	207	211	211	204	206	228	236	239	231	189	152	140	131	91	84	83	89	106	117	113	101	99	138	128	123	120	134	130	131	131	136	132	
134	134	137	133	162	173	159	127	132	124	131	124	129	142	134	146	177	152	172	137	102	164	164	175	185	193	196	196	185	176	154	150	155	164	176	191	203	220	234	240	222	185	134	102	87	102	95	83	70	67	94	101	92	125	136	124	135	139	136	134	140	134	137	139	
131	131	133	136	158	172	165	130	133	134	132	128	126	147	148	137	158	134	131	141	85	160	166	168	177	182	180	167	153	131	118	110	107	100	108	136	160	204	235	232	207	187	89	78	81	69	51	79	41	55	78	101	72	125	137	127	133	137	135	134	139	128	141	141	
137	137	139	130	164	171	160	127	129	129	133	130	132	134	172	134	122	134	143	126	54	135	171	162	167	165	155	143	133	119	120	106	96	104	84	83	106	141	227	231	215	169	51	48	48	39	29	48	63	79	76	95	58	104	125	124	127	129	128	133	134	141	142	152	
131	131	132	131	159	165	154	125	132	130	136	135	131	132	147	181	157	129	76	65	49	93	163	153	149	137	124	89	64	63	53	39	37	86	54	61	74	114	193	221	203	142	56	48	48	60	76	84	95	83	53	87	40	119	166	163	173	171	169	173	171	172	169	164	
135	135	138	129	156	166	154	127	132	129	133	133	132	133	132	126	141	91	40	30	28	48	124	139	138	119	134	125	104	88	64	53	49	60	67	78	77	87	158	203	186	133	73	42	44	50	52	54	51	34	29	109	34	137	163	150	145	143	137	137	132	131	132	130	
134	134	126	124	159	174	168	124	125	121	123	114	118	117	119	132	128	39	36	38	26	25	75	115	124	106	81	104	127	130	122	111	94	73	59	58	50	52	117	178	173	141	80	42	37	25	24	23	30	41	88	105	33	61	119	119	115	115	113	120	121	139	134	135	
136	136	146	146	157	169	171	139	145	154	161	168	166	182	150	120	146	34	23	23	24	25	35	67	87	96	78	50	56	62	55	52	47	40	31	38	49	85	142	168	161	153	136	118	105	90	82	91	116	126	117	103	20	41	143	134	142	137	131	135	135	138	133	134	
176	176	175	169	163	161	173	178	176	178	172	172	171	144	29	29	19	21	19	14	10	10	17	28	57	69	75	84	81	51	49	58	61	77	83	100	142	165	178	181	171	171	169	164	162	152	146	140	140	130	123	81	20	47	86	148	137	132	137	139	138	144	142	137	
164	164	159	155	146	144	151	141	142	133	117	119	119	76	35	41	35	36	29	27	20	20	20	21	30	41	42	48	64	81	88	115	135	144	160	169	181	181	182	178	178	180	171	171	169	161	149	137	131	142	102	37	33	48	33	134	142	137	126	129	134	133	138	135	
119	119	117	115	116	112	121	126	130	143	140	145	163	78	46	49	43	49	48	43	35	33	35	30	19	19	25	24	29	37	47	73	110	132	148	159	166	167	164	169	171	172	164	159	155	155	150	149	124	68	31	29	30	28	18	47	147	139	136	134	131	132	140	143	
140	140	151	152	150	148	150	143	147	148	144	144	150	106	45	51	46	54	54	51	44	38	41	39	34	28	26	26	18	15	20	35	44	60	81	108	129	139	139	144	147	154	156	151	149	139	108	67	33	25	21	22	25	21	24	18	112	141	132	137	133	132	137	136	
150	150	151	145	147	143	152	145	146	148	150	151	150	131	43	50	42	48	57	56	49	44	45	40	40	32	34	35	32	26	23	17	15	18	30	41	58	72	81	102	103	105	98	79	54	37	34	31	22	20	23	14	54	88	76	28	47	151	136	141	136	135	137	127	
154	154	146	139	146	150	150	144	147	151	150	144	148	160	57	49	46	42	49	49	50	50	47	48	45	46	40	34	34	36	36	28	22	20	15	18	24	26	29	33	38	39	33	28	29	28	25	21	20	17	11	12	80	91	89	72	15	113	141	135	136	138	136	138	
144	144	143	144	146	147	144	143	145	150	142	149	134	158	81	47	47	44	44	43	47	55	52	49	47	46	38	36	44	43	36	44	38	36	29	21	20	15	14	12	12	16	20	27	27	25	19	12	11	18	13	18	107	107	78	88	58	60	147	137	140	134	136	136	
148	148	144	145	145	147	145	139	143	149	147	158	142	151	101	37	53	43	38	33	42	53	54	51	46	42	40	39	47	39	36	38	36	41	33	29	31	31	23	17	11	11	12	14	10	8	9	11	12	15	12	19	69	91	63	55	74	29	141	135	130	136	130	136	
144	144	146	143	149	139	138	144	147	146	142	153	143	142	146	49	57	48	43	39	38	50	53	53	47	46	45	43	42	41	38	37	41	41	35	36	39	40	34	30	25	19	12	13	11	9	10	14	13	12	13	14	109	96	56	78	98	35	142	153	156	164	159	170	
147	147	143	138	147	144	143	146	147	145	148	147	146	145	147	88	39	60	48	43	36	43	54	58	53	45	42	45	45	46	49	39	47	44	38	44	43	38	35	34	33	33	28	23	15	12	7	6	10	14	13	9	72	71	65	107	97	51	109	182	169	167	160	156	
150	150	149	145	149	148	140	147	150	142	142	149	147	147	149	155	45	57	55	45	42	43	48	58	49	41	43	46	48	52	53	40	46	47	44	48	45	40	36	34	38	40	39	35	30	29	13	7	6	11	14	16	36	125	84	47	125	56	52	136	124	121	120	126	
148	148	142	142	144	149	150	148	148	136	135	142	131	142	144	150	123	26	59	51	48	47	47	50	53	42	41	47	47	49	52	48	43	45	48	48	43	41	38	36	40	42	45	41	38	38	30	21	12	6	10	16	12	72	149	73	83	51	65	155	133	138	127	143	
149	149	144	141	144	149	146	152	157	160	151	162	162	168	172	171	187	149	32	61	55	48	46	45	52	52	47	49	43	43	49	52	47	48	47	39	40	44	44	43	46	41	43	39	35	38	45	41	27	17	8	12	8	46	106	178	56	81	77	116	137	134	132	136	
166	166	170	175	172	171	173	178	176	171	165	163	163	159	147	141	140	141	101	49	58	55	54	47	51	56	44	46	43	45	48	47	49	53	46	45	42	42	41	40	40	48	46	42	45	40	36	42	43	35	26	16	10	21	79	57	89	98	78	124	137	136	135	135	
156	156	145	139	142	153	153	142	131	124	113	111	115	117	124	113	128	127	131	101	47	57	60	52	46	52	55	49	47	49	51	47	48	52	46	50	47	38	39	41	41	48	48	46	47	44	45	41	45	42	43	37	20	10	48	90	82	89	90	134	133	133	133	135	
125	125	129	136	139	147	179	167	131	135	128	134	130	127	137	132	135	141	126	131	127	52	48	62	50	49	57	49	49	53	54	49	51	56	49	54	50	44	44	50	47	52	54	48	47	47	47	46	43	44	44	46	43	31	23	69	78	29	97	136	139	135	140	139	
141	141	144	143	146	146	176	176	131	135	131	136	132	131	133	129	131	136	131	133	139	137	93	52	57	52	56	49	51	51	55	50	51	58	53	48	50	48	46	50	45	51	54	48	46	49	49	53	50	46	37	38	53	54	37	46	27	108	145	127	137	130	146	136	
140	140	143	139	142	152	170	176	134	135	127	128	130	134	130	128	132	135	131	126	129	139	131	114	66	56	55	52	51	54	55	51	51	52	53	50	49	47	46	48	44	47	53	50	41	45	44	34	31	53	104	109	89	67	49	45	117	135	128	137	132	138	137	142	
147	147	152	149	145	147	166	171	128	135	134	120	123	145	133	126	133	132	127	130	123	136	134	136	124	128	78	51	43	55	54	55	54	55	53	55	52	51	50	49	52	52	43	42	46	54	82	130	171	135	131	137	139	140	136	128	136	136	125	135	137	131	148	146	
148	148	147	147	150	149	164	175	133	136	125	129	130	127	133	130	130	129	135	121	131	140	129	130	124	133	133	132	112	78	63	50	42	42	45	47	49	46	50	47	65	76	88	114	127	126	147	171	174	137	125	130	134	136	141	133	125	138	139	135	134	137	140	139	
151	151	147	145	145	142	164	172	139	136	135	136	136	131	136	129	129	141	130	124	122	128	126	132	136	139	129	130	122	136	128	124	123	116	105	106	110	118	120	128	131	139	132	130	135	128	139	156	169	136	130	133	127	129	134	131	131	121	133	146	146	149	148	155	
149	149	144	145	146	145	161	174	138	130	139	139	131	130	132	134	134	138	135	128	127	117	131	133	134	134	131	133	126	131	130	131	132	119	121	133	129	135	127	130	128	133	126	128	137	112	140	160	170	138	145	150	152	160	171	173	175	177	177	182	180	178	165	170	
