102	102	103	105	107	107	107	110	109	112	112	114	114	116	119	119	120	120	123	121	124	124	127	127	127	127	127	128	128	128	129	128	129	129	129	130	130	130	130	130	130	131	131	131	131	131	131	131	130	131	130	130	130	130	129	129	128	128	128	128	128	128	128	127	127	127	127	124	124	121	123	120	120	120	119	117	116	114	110	109	110	110	107	107	105	105	102	102	101	101	101	101	100	100	100	100	100	99	99	99	99	98	98	98	98	98	98	97	97	97	98	98	98	98	98	98	99	99	99	99	100	100	100	100	101	101	101	101	
96	96	98	99	103	105	103	107	107	110	112	114	114	116	119	119	123	123	126	126	130	130	133	133	133	133	133	134	134	134	135	135	136	136	136	136	137	137	137	138	138	138	139	139	139	139	139	138	138	138	137	137	137	136	136	136	135	135	135	134	134	134	134	133	133	133	133	130	128	126	126	123	123	121	119	117	116	114	110	107	106	106	103	103	99	99	96	96	96	96	95	95	94	94	94	93	93	93	93	92	92	92	91	91	91	90	90	90	90	90	90	91	91	91	91	92	92	92	93	93	93	93	94	94	95	95	95	96	
97	97	97	100	103	104	104	107	107	110	111	114	114	115	118	118	122	122	125	125	129	129	132	132	133	133	133	134	134	134	135	135	135	135	136	136	136	137	137	137	138	138	138	139	139	139	138	138	137	138	137	137	136	136	135	135	135	135	134	134	134	134	134	133	133	132	132	129	128	125	125	122	122	121	118	117	115	114	110	107	107	107	104	103	100	100	96	97	97	97	96	96	96	96	96	95	95	94	94	94	94	93	93	93	92	92	92	91	91	92	92	92	92	92	93	93	94	94	94	94	95	95	96	96	96	96	96	97	
97	97	97	100	103	104	104	107	107	110	111	114	114	115	118	118	122	122	125	125	129	129	132	132	133	133	133	134	134	134	135	135	135	135	136	136	136	137	137	137	138	138	138	139	139	139	138	138	137	138	137	137	136	136	135	135	135	135	134	134	134	134	134	133	133	132	132	129	128	125	125	122	122	121	118	117	115	114	110	107	107	107	104	103	100	100	96	97	97	97	96	96	96	96	96	95	95	94	94	94	94	93	93	93	92	92	92	91	91	92	92	92	92	92	93	93	94	94	94	94	95	95	96	96	96	96	96	97	
97	97	97	100	103	104	104	107	107	110	111	114	114	115	118	118	122	122	125	125	129	129	132	132	133	133	133	134	134	134	135	135	135	135	136	136	136	137	137	137	138	138	138	139	139	139	138	138	137	138	137	137	136	136	135	135	135	135	134	134	134	134	134	133	133	132	132	129	128	125	125	122	122	121	118	117	115	114	110	107	107	107	104	103	100	100	96	97	97	97	96	96	96	96	96	95	95	94	94	94	94	93	93	93	92	92	92	91	91	92	92	92	92	92	93	93	94	94	94	94	95	95	96	96	96	96	96	97	
92	92	93	96	99	100	101	106	106	108	108	114	114	115	120	120	124	124	128	129	134	132	138	138	139	139	139	140	141	140	141	141	142	142	142	143	143	144	144	144	145	145	145	146	146	146	145	145	145	145	144	144	143	143	142	142	141	141	141	141	140	140	139	139	138	138	138	132	132	129	128	124	124	122	120	118	115	114	108	106	104	104	100	99	96	96	92	92	91	91	90	90	89	89	89	89	88	88	88	87	87	86	86	85	85	84	84	83	83	84	84	85	85	85	86	86	87	87	87	87	88	89	89	89	90	90	90	91	
91	91	91	96	98	100	100	105	105	108	110	114	114	115	119	119	124	124	129	129	133	133	138	139	140	140	140	141	142	142	143	143	143	143	144	144	145	145	145	146	146	147	147	148	148	148	147	147	146	146	145	145	145	144	143	143	143	143	142	142	141	141	141	140	139	139	138	133	132	129	129	124	124	122	119	118	115	114	108	105	105	104	100	98	96	94	90	91	91	91	90	90	89	89	89	88	88	87	87	87	86	86	86	85	85	84	84	83	83	84	84	85	85	85	86	86	86	86	87	87	88	88	89	89	90	90	90	91	
91	91	91	96	98	100	100	105	105	108	110	114	114	115	119	119	124	124	129	129	133	133	138	139	140	140	140	141	142	142	143	143	143	143	144	144	145	145	145	146	146	147	147	148	148	148	147	147	146	146	145	145	145	144	143	143	143	143	142	142	141	141	141	140	139	139	138	133	132	129	129	124	124	122	119	118	115	114	108	105	105	104	100	98	96	94	90	91	91	91	90	90	89	89	89	88	88	87	87	87	86	86	86	85	85	84	84	83	83	84	84	85	85	85	86	86	86	86	87	87	88	88	89	89	90	90	90	91	
91	91	91	96	98	100	100	105	105	108	110	114	114	115	119	119	124	124	129	129	133	133	138	139	140	140	140	141	142	142	143	143	143	143	144	144	145	145	145	146	146	147	147	148	148	148	147	147	146	146	145	145	145	144	143	143	143	143	142	142	141	141	141	140	139	139	138	133	132	129	129	124	124	122	119	118	115	114	108	105	105	104	100	98	96	94	90	91	91	91	90	90	89	89	89	88	88	87	87	87	86	86	86	85	85	84	84	83	83	84	84	85	85	85	86	86	86	86	87	87	88	88	89	89	90	90	90	91	
90	90	90	94	99	100	100	106	106	108	110	114	114	115	120	120	124	125	131	131	135	134	139	139	140	140	140	141	142	142	143	143	144	144	144	145	145	145	145	146	147	147	147	148	148	148	147	147	147	147	146	146	145	145	144	144	143	143	142	142	141	141	141	140	139	139	139	134	134	131	129	125	125	124	120	118	115	114	108	106	104	104	99	99	94	93	89	90	90	90	89	89	88	88	88	87	87	86	86	85	85	84	84	83	83	83	83	82	82	82	83	83	83	83	84	84	85	85	86	86	87	87	88	88	89	89	89	90	
85	85	86	92	96	97	97	103	103	107	108	114	114	115	121	121	127	127	132	132	139	139	143	145	146	146	146	147	148	148	149	149	150	150	150	151	152	152	152	153	154	154	154	155	156	156	154	154	153	154	153	153	152	151	150	150	149	149	148	148	147	147	147	146	145	145	143	139	138	132	132	127	127	125	121	120	115	114	107	103	103	101	97	96	92	90	83	85	83	83	83	82	82	81	81	80	80	79	79	78	78	77	77	76	76	75	75	74	74	75	75	76	76	76	77	77	78	78	79	79	80	80	81	81	82	83	83	83	
85	85	86	92	96	97	97	103	103	107	108	114	114	115	121	121	127	127	132	132	139	139	143	145	146	146	146	147	148	148	149	149	150	150	150	151	152	152	152	153	154	154	154	155	156	156	154	154	153	154	153	153	152	151	150	150	149	149	148	148	147	147	147	146	145	145	143	139	138	132	132	127	127	125	121	120	115	114	107	103	103	101	97	96	92	90	83	85	83	83	83	82	82	81	81	80	80	79	79	78	78	77	77	76	76	75	75	74	74	75	75	76	76	76	77	77	78	78	79	79	80	80	81	81	82	83	83	83	
85	85	86	92	96	97	97	103	103	107	108	114	114	115	121	121	127	127	132	132	139	139	143	145	146	146	146	147	148	148	149	149	150	150	150	151	152	152	152	153	154	154	154	155	156	156	154	154	153	154	153	153	152	151	150	150	149	149	148	148	147	147	147	146	145	145	143	139	138	132	132	127	127	125	121	120	115	114	107	103	103	101	97	96	92	90	83	85	83	83	83	82	82	81	81	80	80	79	79	78	78	77	77	76	76	75	75	74	74	75	75	76	76	76	77	77	78	78	79	79	80	80	81	81	82	83	83	83	
85	85	86	92	96	97	97	103	103	107	108	114	114	115	121	121	127	127	132	132	139	139	143	145	146	146	146	147	148	148	149	149	150	150	150	151	152	152	152	153	154	154	154	155	156	156	154	154	153	154	153	153	152	151	150	150	149	149	148	148	147	147	147	146	145	145	143	139	138	132	132	127	127	125	121	120	115	114	107	103	103	101	97	96	92	90	83	85	83	83	83	82	82	81	81	80	80	79	79	78	78	77	77	76	76	75	75	74	74	75	75	76	76	76	77	77	78	78	79	79	80	80	81	81	82	83	83	83	
84	84	85	91	96	98	98	103	103	107	109	114	114	116	121	123	127	128	134	134	141	140	145	145	146	146	146	147	148	148	149	149	150	150	151	152	152	153	153	154	154	155	155	156	156	156	155	155	154	154	153	153	152	152	150	150	149	149	148	148	147	147	147	146	145	145	145	140	140	134	133	128	128	127	121	120	116	114	107	103	102	102	96	96	91	91	82	84	82	82	81	81	80	80	80	79	79	78	78	77	77	76	76	75	74	74	74	73	73	73	74	74	75	75	76	76	77	77	78	78	79	79	80	80	81	81	81	82	
79	79	80	86	92	94	94	100	100	106	107	114	114	117	122	124	129	129	135	135	143	143	149	150	152	152	152	153	154	154	155	155	157	157	157	158	158	159	159	160	161	162	162	163	163	163	162	162	160	161	160	160	158	158	157	157	155	155	154	154	153	153	153	152	151	150	149	143	142	135	135	129	129	128	122	121	115	114	106	100	100	99	94	92	86	85	78	79	78	78	77	76	76	75	75	74	74	73	73	72	71	70	70	69	69	68	68	67	67	67	68	69	69	69	70	70	71	71	73	73	74	74	75	75	76	77	77	78	
79	79	80	86	92	94	94	100	100	106	107	114	114	117	122	124	129	129	135	135	143	143	149	150	152	152	152	153	154	154	155	155	157	157	157	158	158	159	159	160	161	162	162	163	163	163	162	162	160	161	160	160	158	158	157	157	155	155	154	154	153	153	153	152	151	150	149	143	142	135	135	129	129	128	122	121	115	114	106	100	100	99	94	92	86	85	78	79	78	78	77	76	76	75	75	74	74	73	73	72	71	70	70	69	69	68	68	67	67	67	68	69	69	69	70	70	71	71	73	73	74	74	75	75	76	77	77	78	
79	79	80	86	92	94	94	100	100	106	107	114	114	117	122	124	129	129	135	135	143	143	149	150	152	152	152	153	154	154	155	155	157	157	157	158	158	159	159	160	161	162	162	163	163	163	162	162	160	161	160	160	158	158	157	157	155	155	154	154	153	153	153	152	151	150	149	143	142	135	135	129	129	128	122	121	115	114	106	100	100	99	94	92	86	85	78	79	78	78	77	76	76	75	75	74	74	73	73	72	71	70	70	69	69	68	68	67	67	67	68	69	69	69	70	70	71	71	73	73	74	74	75	75	76	77	77	78	
78	78	79	85	92	95	95	100	100	106	107	114	114	117	121	124	128	130	137	135	145	144	151	151	152	152	152	153	155	155	156	156	157	157	157	158	159	160	160	161	161	162	162	163	164	164	162	162	161	161	160	160	159	158	157	157	156	156	155	155	153	153	153	152	151	150	151	144	144	135	135	130	130	128	121	121	116	114	106	100	100	99	93	92	85	85	77	78	76	77	75	75	74	74	74	73	72	71	71	70	70	69	69	68	67	66	66	65	65	66	66	67	68	68	69	69	70	70	71	71	73	73	74	74	75	75	75	77	
72	72	74	81	88	89	89	99	99	105	105	114	114	117	124	126	131	133	142	141	149	148	156	156	158	158	158	159	161	161	162	162	164	164	164	166	166	167	167	168	169	169	170	171	171	171	170	170	169	169	167	167	166	165	164	164	162	162	161	161	159	159	159	158	157	156	156	148	148	141	141	133	131	130	124	121	116	114	105	99	98	96	88	88	81	81	71	72	71	71	70	70	68	68	68	67	66	65	65	63	63	62	62	60	60	59	59	57	57	59	59	60	60	60	62	62	63	63	65	65	66	67	67	68	69	70	70	71	
73	73	75	82	87	89	89	99	99	104	106	114	114	117	124	125	131	131	141	141	148	148	155	156	158	158	158	159	161	161	162	162	163	163	164	165	165	166	166	168	168	169	169	171	171	171	169	169	168	168	167	167	165	165	163	163	162	162	161	161	159	159	159	158	157	156	155	148	146	141	141	131	131	129	124	121	115	114	104	99	99	97	89	87	82	80	72	73	72	72	71	71	69	69	69	68	67	66	66	65	64	63	63	62	61	60	60	59	59	60	60	61	61	62	63	63	64	64	66	66	68	68	69	69	70	71	71	72	
73	73	75	82	87	89	89	99	99	104	106	114	114	117	124	125	131	131	141	141	148	148	155	156	158	158	158	159	161	161	162	162	163	163	164	165	165	166	166	168	168	169	169	171	171	171	169	169	168	168	167	167	165	165	163	163	162	162	161	161	159	159	159	158	157	156	155	148	146	141	141	131	131	129	124	121	115	114	104	99	99	97	89	87	82	80	72	73	72	72	71	71	69	69	69	68	67	66	66	65	64	63	63	62	61	60	60	59	59	60	60	61	61	62	63	63	64	64	66	66	68	68	69	69	70	71	71	72	
73	73	75	82	87	89	89	99	99	104	106	114	114	117	124	125	131	131	141	141	148	148	155	156	158	158	158	159	161	161	162	162	163	163	164	165	165	166	166	168	168	169	169	171	171	171	169	169	168	168	167	167	165	165	163	163	162	162	161	161	159	159	159	158	157	156	155	148	146	141	141	131	131	129	124	121	115	114	104	99	99	97	89	87	82	80	72	73	72	72	71	71	69	69	69	68	67	66	66	65	64	63	63	62	61	60	60	59	59	60	60	61	61	62	63	63	64	64	66	66	68	68	69	69	70	71	71	72	
68	68	69	76	83	86	86	96	96	104	106	114	114	117	124	125	134	134	143	143	153	152	160	162	163	163	163	165	167	167	168	168	170	170	170	172	172	173	173	175	175	177	177	178	178	178	177	177	175	175	174	174	172	172	170	170	168	168	167	167	165	165	165	163	162	161	160	152	152	143	143	134	134	131	124	121	115	114	104	96	96	94	86	83	76	76	66	68	66	66	65	65	63	63	63	61	61	60	60	58	58	57	56	55	54	53	53	51	51	53	53	54	54	55	56	56	58	58	59	59	61	61	63	63	64	65	65	66	
68	68	69	76	83	86	86	96	96	104	105	114	114	117	124	125	133	133	143	143	153	153	161	163	165	165	165	167	168	168	170	170	171	171	172	173	174	175	175	177	177	178	178	180	180	180	178	178	177	177	175	175	173	173	171	171	170	170	168	168	167	166	166	165	163	163	161	153	152	143	143	133	133	131	124	121	115	114	104	96	96	94	86	83	76	75	66	68	66	66	65	64	63	63	63	61	61	59	59	58	58	56	56	54	54	53	53	51	51	52	52	54	54	54	56	56	58	58	59	59	61	61	62	63	64	65	65	66	
68	68	69	76	83	86	86	96	96	104	105	114	114	117	124	125	133	133	143	143	153	153	161	163	165	165	165	167	168	168	170	170	171	171	172	173	174	175	175	177	177	178	178	180	180	180	178	178	177	177	175	175	173	173	171	171	170	170	168	168	167	166	166	165	163	163	161	153	152	143	143	133	133	131	124	121	115	114	104	96	96	94	86	83	76	75	66	68	66	66	65	64	63	63	63	61	61	59	59	58	58	56	56	54	54	53	53	51	51	52	52	54	54	54	56	56	58	58	59	59	61	61	62	63	64	65	65	66	
68	68	69	76	83	86	86	96	96	104	105	114	114	117	124	125	133	133	143	143	153	153	161	163	165	165	165	167	168	168	170	170	171	171	172	173	174	175	175	177	177	178	178	180	180	180	178	178	177	177	175	175	173	173	171	171	170	170	168	168	167	166	166	165	163	163	161	153	152	143	143	133	133	131	124	121	115	114	104	96	96	94	86	83	76	75	66	68	66	66	65	64	63	63	63	61	61	59	59	58	58	56	56	54	54	53	53	51	51	52	52	54	54	54	56	56	58	58	59	59	61	61	62	63	64	65	65	66	
66	66	68	75	83	86	86	97	97	104	106	114	114	117	124	125	134	135	145	145	155	153	162	163	165	165	165	167	169	168	170	170	172	172	172	173	174	175	175	177	177	179	179	180	180	180	179	179	177	177	175	175	174	173	172	172	170	170	169	169	167	167	166	165	163	163	162	153	152	145	143	135	135	132	124	122	115	114	106	97	96	94	85	83	75	75	65	66	65	65	63	63	61	61	61	59	59	58	58	56	56	55	54	53	52	51	51	49	49	51	51	52	53	53	54	55	56	56	58	58	59	59	61	61	63	63	63	65	
61	61	64	72	81	84	84	96	95	103	103	114	114	117	126	127	135	137	148	148	158	156	166	168	169	170	170	172	174	173	175	175	177	177	177	179	179	181	180	183	183	184	185	186	187	186	185	184	183	183	181	181	179	179	177	177	175	175	174	174	172	171	171	170	168	167	166	156	155	148	147	137	137	134	126	124	116	114	103	95	95	93	82	81	72	71	60	61	59	59	58	57	55	55	55	54	53	52	52	50	49	48	48	46	46	44	44	42	42	44	44	46	46	46	48	48	50	50	51	51	53	54	55	55	57	58	58	59	
61	61	64	72	79	82	82	96	94	103	104	114	114	117	125	127	135	135	149	148	157	157	167	169	170	171	171	173	175	175	176	176	178	178	178	180	181	182	182	184	184	186	186	187	188	188	186	186	184	184	182	182	180	180	178	178	176	176	175	175	173	172	172	171	169	168	167	157	156	148	148	135	135	132	125	122	115	114	103	94	94	93	82	79	72	71	59	61	59	59	57	57	55	55	55	53	53	51	51	50	49	48	48	46	45	44	44	42	42	43	44	45	45	46	48	48	49	49	51	51	53	53	55	55	57	57	57	59	
61	61	64	72	79	82	82	96	94	103	104	114	114	117	125	127	135	135	149	148	157	157	167	169	170	171	171	173	175	175	176	176	178	178	178	180	181	182	182	184	184	186	186	187	188	188	186	186	184	184	182	182	180	180	178	178	176	176	175	175	173	172	172	171	169	168	167	157	156	148	148	135	135	132	125	122	115	114	103	94	94	93	82	79	72	71	59	61	59	59	57	57	55	55	55	53	53	51	51	50	49	48	48	46	45	44	44	42	42	43	44	45	45	46	48	48	49	49	51	51	53	53	55	55	57	57	57	59	
61	61	64	72	79	82	82	96	94	103	104	114	114	117	125	127	135	135	149	148	157	157	167	169	170	171	171	173	175	175	176	176	178	178	178	180	181	182	182	184	184	186	186	187	188	188	186	186	184	184	182	182	180	180	178	178	176	176	175	175	173	172	172	171	169	168	167	157	156	148	148	135	135	132	125	122	115	114	103	94	94	93	82	79	72	71	59	61	59	59	57	57	55	55	55	53	53	51	51	50	49	48	48	46	45	44	44	42	42	43	44	45	45	46	48	48	49	49	51	51	53	53	55	55	57	57	57	59	
61	61	64	72	81	84	84	96	96	103	105	114	114	117	124	127	134	135	148	148	158	156	166	168	169	170	170	172	174	174	175	175	177	177	177	179	179	180	180	183	183	184	185	186	187	186	185	184	183	183	181	181	179	179	177	177	175	175	174	174	172	171	171	170	168	167	166	156	155	148	147	135	135	133	124	123	116	114	105	96	95	93	82	81	72	71	60	61	59	59	58	57	55	55	55	53	53	52	52	50	50	48	48	46	46	44	44	42	42	44	44	46	46	46	48	48	50	50	51	51	53	53	55	55	57	58	58	59	
56	56	58	68	78	81	79	93	93	100	102	114	114	119	127	130	138	140	152	151	163	162	172	173	175	175	175	177	180	179	181	181	183	183	184	186	186	187	187	190	190	191	192	194	194	194	192	192	190	190	188	188	186	186	183	183	181	181	180	180	177	177	177	175	173	173	172	162	161	151	151	140	140	137	127	126	116	114	102	93	92	91	79	78	68	67	54	55	53	53	52	51	49	49	49	47	47	45	45	43	43	41	41	39	38	37	37	35	35	36	37	38	39	39	41	41	43	43	45	45	47	47	49	49	51	52	52	53	
55	55	57	68	78	80	79	93	93	101	103	114	114	118	127	128	139	141	152	150	164	163	173	174	176	176	177	179	181	181	183	183	185	185	185	187	187	189	189	191	192	193	193	195	196	196	193	193	191	192	189	189	187	187	185	185	183	183	181	181	179	179	178	176	175	174	173	163	162	150	150	141	141	136	127	125	115	114	101	93	92	90	79	78	68	66	54	55	53	53	51	51	49	49	49	47	47	45	45	43	43	41	40	39	38	36	36	34	34	36	36	38	38	39	40	41	43	43	44	44	47	47	48	49	51	51	51	53	
55	55	57	68	78	80	79	93	93	101	103	114	114	118	127	128	139	141	152	150	164	163	173	174	176	176	177	179	181	181	183	183	185	185	185	187	187	189	189	191	192	193	193	195	196	196	193	193	191	192	189	189	187	187	185	185	183	183	181	181	179	179	178	176	175	174	173	163	162	150	150	141	141	136	127	125	115	114	101	93	92	90	79	78	68	66	54	55	53	53	51	51	49	49	49	47	47	45	45	43	43	41	40	39	38	36	36	34	34	36	36	38	38	39	40	41	43	43	44	44	47	47	48	49	51	51	51	53	
55	55	57	68	78	80	79	93	93	101	103	114	114	118	127	128	139	141	152	150	164	163	173	174	176	176	177	179	181	181	183	183	185	185	185	187	187	189	189	191	192	193	193	195	196	196	193	193	191	192	189	189	187	187	185	185	183	183	181	181	179	179	178	176	175	174	173	163	162	150	150	141	141	136	127	125	115	114	101	93	92	90	79	78	68	66	54	55	53	53	51	51	49	49	49	47	47	45	45	43	43	41	40	39	38	36	36	34	34	36	36	38	38	39	40	41	43	43	44	44	47	47	48	49	51	51	51	53	
50	50	53	63	75	79	78	89	89	100	102	114	114	117	128	130	141	142	154	154	168	166	177	179	181	181	181	184	186	185	188	188	190	190	190	192	193	195	195	197	197	199	199	201	202	201	199	199	197	197	195	195	193	192	190	190	188	188	186	186	184	183	183	181	179	178	177	166	165	154	152	142	142	138	128	126	116	114	102	89	88	86	77	75	63	61	49	50	47	48	45	45	43	43	43	41	40	38	38	36	36	34	34	32	31	29	29	27	27	29	29	31	32	32	34	34	36	36	38	38	40	41	43	43	45	45	45	48	
50	50	51	62	73	78	78	89	87	100	101	114	114	117	128	129	142	143	155	153	169	167	178	180	182	182	182	185	187	187	189	189	191	191	192	194	194	196	196	198	199	201	201	203	203	203	201	201	198	199	197	197	194	194	191	191	189	189	187	187	185	185	184	182	180	180	178	167	166	153	153	143	143	139	128	125	115	114	100	87	87	86	76	73	62	61	48	50	47	47	45	45	43	43	43	40	40	38	38	36	36	34	33	31	31	29	29	27	27	28	29	31	31	31	33	33	36	36	38	38	40	40	43	43	44	45	45	47	
50	50	51	62	73	78	78	89	87	100	101	114	114	117	128	129	142	143	155	153	169	167	178	180	182	182	182	185	187	187	189	189	191	191	192	194	194	196	196	198	199	201	201	203	203	203	201	201	198	199	197	197	194	194	191	191	189	189	187	187	185	185	184	182	180	180	178	167	166	153	153	143	143	139	128	125	115	114	100	87	87	86	76	73	62	61	48	50	47	47	45	45	43	43	43	40	40	38	38	36	36	34	33	31	31	29	29	27	27	28	29	31	31	31	33	33	36	36	38	38	40	40	43	43	44	45	45	47	
50	50	51	62	73	78	78	89	87	100	101	114	114	117	128	129	142	143	155	153	169	167	178	180	182	182	182	185	187	187	189	189	191	191	192	194	194	196	196	198	199	201	201	203	203	203	201	201	198	199	197	197	194	194	191	191	189	189	187	187	185	185	184	182	180	180	178	167	166	153	153	143	143	139	128	125	115	114	100	87	87	86	76	73	62	61	48	50	47	47	45	45	43	43	43	40	40	38	38	36	36	34	33	31	31	29	29	27	27	28	29	31	31	31	33	33	36	36	38	38	40	40	43	43	44	45	45	47	
49	49	51	61	72	77	77	89	88	100	102	114	114	117	127	130	141	142	155	155	169	168	179	180	182	182	183	185	187	187	189	189	192	192	192	194	195	197	196	199	199	201	201	203	204	203	201	201	199	199	197	197	194	194	192	192	189	190	187	187	185	185	184	182	181	180	179	168	166	155	154	142	144	140	127	126	116	114	100	88	88	86	75	72	61	60	47	48	46	46	44	44	42	42	42	39	39	37	37	35	34	32	32	30	29	28	28	25	25	27	27	29	30	30	32	32	35	34	37	36	39	39	41	42	43	44	44	46	
44	44	45	58	69	73	72	87	86	98	100	114	114	117	129	131	143	143	159	157	173	171	185	187	189	189	190	192	195	194	197	197	199	199	200	202	203	205	204	207	207	209	210	212	212	212	210	210	207	207	205	205	202	202	199	199	197	197	195	195	192	192	192	189	187	186	185	171	170	157	157	143	145	140	129	126	115	114	98	86	86	84	72	69	58	56	42	44	41	41	39	39	37	36	36	34	33	31	31	29	29	27	26	24	23	21	21	19	19	21	21	23	24	24	26	26	29	29	31	31	34	34	36	36	39	39	39	41	
44	44	45	58	69	73	72	87	86	98	100	114	114	117	129	131	143	143	159	157	173	171	185	187	189	189	190	192	195	194	197	197	199	199	200	202	203	205	204	207	207	209	210	212	212	212	210	210	207	207	205	205	202	202	199	199	197	197	195	195	192	192	192	189	187	186	185	171	170	157	157	143	145	140	129	126	115	114	98	86	86	84	72	69	58	56	42	44	41	41	39	39	37	36	36	34	33	31	31	29	29	27	26	24	23	21	21	19	19	21	21	23	24	24	26	26	29	29	31	31	34	34	36	36	39	39	39	41	
44	44	45	58	69	73	72	87	86	98	100	114	114	117	129	131	143	143	159	157	173	171	185	187	189	189	190	192	195	194	197	197	199	199	200	202	203	205	204	207	207	209	210	212	212	212	210	210	207	207	205	205	202	202	199	199	197	197	195	195	192	192	192	189	187	186	185	171	170	157	157	143	145	140	129	126	115	114	98	86	86	84	72	69	58	56	42	44	41	41	39	39	37	36	36	34	33	31	31	29	29	27	26	24	23	21	21	19	19	21	21	23	24	24	26	26	29	29	31	31	34	34	36	36	39	39	39	41	
44	44	47	58	69	73	73	87	87	99	100	114	114	117	129	131	142	143	159	157	171	170	184	185	188	188	188	191	193	193	195	195	198	198	198	201	201	203	203	205	206	208	208	210	211	210	208	208	206	206	203	203	201	200	198	198	195	195	193	193	191	191	190	188	186	185	184	170	169	157	157	143	145	141	129	127	115	114	99	87	86	85	72	69	58	57	43	44	41	42	39	39	37	37	36	34	34	32	32	29	29	27	27	24	24	22	22	19	19	21	22	24	24	24	27	27	29	29	31	31	34	34	36	37	39	39	39	42	
37	37	40	53	67	71	70	85	85	99	100	114	114	117	130	133	147	147	162	162	179	176	190	191	194	194	194	197	200	199	202	202	205	205	205	208	208	210	210	213	213	215	216	218	219	219	216	216	213	213	211	211	208	207	205	205	202	202	200	200	197	197	196	194	192	191	190	176	175	162	161	147	148	142	130	127	116	114	99	85	84	82	70	67	53	51	36	37	34	35	32	32	29	29	29	26	26	24	24	21	21	19	18	16	15	13	13	10	10	12	13	15	15	16	18	18	21	21	23	23	26	26	29	29	31	32	32	35	
37	37	40	52	65	71	69	85	85	99	100	114	114	117	129	132	146	146	162	162	178	177	191	192	195	195	195	198	201	201	203	204	206	206	206	209	210	212	212	214	215	217	217	220	220	220	217	217	214	215	212	212	209	209	206	206	204	204	201	201	198	198	198	195	193	192	191	177	176	162	160	146	148	142	129	127	115	114	99	85	83	82	69	65	52	51	36	37	34	34	32	31	29	29	29	26	25	23	23	21	20	18	18	15	15	12	12	10	10	12	12	15	15	15	18	18	21	21	23	23	26	26	28	29	31	32	32	34	
37	37	40	52	65	71	69	85	85	99	100	114	114	117	129	132	146	146	162	162	178	177	191	192	195	195	195	198	201	201	203	204	206	206	206	209	210	212	212	214	215	217	217	220	220	220	217	217	214	215	212	212	209	209	206	206	204	204	201	201	198	198	198	195	193	192	191	177	176	162	160	146	148	142	129	127	115	114	99	85	83	82	69	65	52	51	36	37	34	34	32	31	29	29	29	26	25	23	23	21	20	18	18	15	15	12	12	10	10	12	12	15	15	15	18	18	21	21	23	23	26	26	28	29	31	32	32	34	
37	37	40	52	65	71	69	85	85	99	100	114	114	117	129	132	146	146	162	162	178	177	191	192	195	195	195	198	201	201	203	204	206	206	206	209	210	212	212	214	215	217	217	220	220	220	217	217	214	215	212	212	209	209	206	206	204	204	201	201	198	198	198	195	193	192	191	177	176	162	160	146	148	142	129	127	115	114	99	85	83	82	69	65	52	51	36	37	34	34	32	31	29	29	29	26	25	23	23	21	20	18	18	15	15	12	12	10	10	12	12	15	15	15	18	18	21	21	23	23	26	26	28	29	31	32	32	34	
37	37	40	53	67	72	71	85	85	99	100	114	114	117	128	133	145	147	161	162	179	176	190	191	194	194	194	197	200	200	202	202	205	205	205	208	208	210	210	213	213	216	216	218	219	219	216	216	213	213	211	211	208	207	205	205	202	203	200	200	197	197	196	194	192	191	190	176	175	162	159	147	148	142	128	127	116	114	99	85	84	82	70	67	53	51	36	37	34	35	32	32	29	29	29	26	26	24	24	21	21	19	18	16	15	13	13	10	10	12	13	15	16	16	18	18	21	21	23	23	26	26	29	29	31	32	32	35	
32	32	36	49	61	65	65	84	84	96	98	114	114	119	131	134	148	149	168	166	183	180	196	197	199	200	200	203	206	206	208	209	211	211	212	215	215	217	217	220	221	223	223	226	226	226	223	223	221	221	218	218	215	214	211	211	209	209	206	206	203	203	202	200	197	196	196	180	180	166	166	149	149	144	131	128	116	114	98	84	82	79	64	61	49	47	30	31	28	29	26	26	23	23	22	20	19	17	17	14	14	12	11	8	7	5	5	2	2	4	5	7	8	8	11	11	14	14	16	16	19	20	22	23	25	26	26	29	
31	31	34	48	61	65	65	83	83	97	99	114	114	118	131	134	148	149	167	167	183	181	197	198	201	201	201	204	207	207	210	210	213	213	213	216	217	219	219	222	222	224	225	227	228	228	225	225	222	222	219	219	216	216	213	213	210	210	207	207	204	204	203	201	199	198	197	181	180	167	166	149	149	143	131	128	115	114	97	83	82	79	64	61	48	47	30	31	28	28	26	26	23	22	22	19	19	17	17	14	13	11	11	8	7	5	5	2	2	4	5	7	7	8	11	11	14	14	16	16	19	19	22	22	25	26	26	28	
31	31	34	48	61	65	65	83	83	97	99	114	114	118	131	134	148	149	167	167	183	181	197	198	201	201	201	204	207	207	210	210	213	213	213	216	217	219	219	222	222	224	225	227	228	228	225	225	222	222	219	219	216	216	213	213	210	210	207	207	204	204	203	201	199	198	197	181	180	167	166	149	149	143	131	128	115	114	97	83	82	79	64	61	48	47	30	31	28	28	26	26	23	22	22	19	19	17	17	14	13	11	11	8	7	5	5	2	2	4	5	7	7	8	11	11	14	14	16	16	19	19	22	22	25	26	26	28	
31	31	34	48	61	65	65	83	83	97	99	114	114	118	131	134	148	149	167	167	183	181	197	198	201	201	201	204	207	207	210	210	213	213	213	216	217	219	219	222	222	224	225	227	228	228	225	225	222	222	219	219	216	216	213	213	210	210	207	207	204	204	203	201	199	198	197	181	180	167	166	149	149	143	131	128	115	114	97	83	82	79	64	61	48	47	30	31	28	28	26	26	23	22	22	19	19	17	17	14	13	11	11	8	7	5	5	2	2	4	5	7	7	8	11	11	14	14	16	16	19	19	22	22	25	26	26	28	
26	26	30	44	58	64	64	82	82	96	98	113	114	119	133	135	149	152	170	170	189	186	201	202	205	206	206	209	212	212	215	215	218	218	219	221	222	224	224	227	228	230	231	233	234	234	231	230	228	228	225	225	222	221	218	218	215	215	212	212	209	209	208	206	203	202	201	186	184	170	169	152	152	147	133	128	116	113	96	82	81	78	61	58	44	43	25	26	22	23	20	20	17	16	16	13	13	11	10	7	7	5	4	1	0	0	0	0	0	0	0	0	1	1	4	4	7	7	10	10	13	13	16	17	19	20	20	23	
25	25	28	43	57	63	63	81	81	95	96	113	114	119	133	135	151	152	170	170	190	187	203	204	206	207	207	211	214	213	216	217	219	220	220	223	224	226	226	229	230	232	233	235	236	236	232	232	230	230	227	227	223	223	220	219	217	217	214	214	211	210	210	207	204	203	203	187	186	170	169	152	152	147	133	128	116	113	96	81	79	77	60	57	43	42	23	24	21	21	19	18	15	15	15	12	11	9	9	6	5	3	2	0	0	0	0	0	0	0	0	0	0	0	2	3	5	5	8	8	11	12	14	15	18	19	19	21	
26	26	29	44	57	62	62	80	80	94	97	113	114	118	132	135	150	152	170	170	188	187	202	204	206	207	207	210	213	213	216	216	219	219	220	223	223	226	226	229	229	232	232	235	235	235	232	232	229	229	226	226	223	222	219	219	216	216	214	213	210	210	209	207	204	203	202	187	184	170	169	152	152	146	132	128	115	113	96	80	79	76	61	57	44	41	24	26	22	23	20	20	17	16	16	13	13	10	10	7	7	4	4	1	0	0	0	0	0	0	0	0	0	1	4	4	7	7	10	10	13	13	16	16	19	20	20	23	
26	26	29	44	57	62	62	80	80	94	97	113	114	118	132	135	150	152	170	170	188	187	202	204	206	207	207	210	213	213	216	216	219	219	220	223	223	226	226	229	229	232	232	235	235	235	232	232	229	229	226	226	223	222	219	219	216	216	214	213	210	210	209	207	204	203	202	187	184	170	169	152	152	146	132	128	115	113	96	80	79	76	61	57	44	41	24	26	22	23	20	20	17	16	16	13	13	10	10	7	7	4	4	1	0	0	0	0	0	0	0	0	0	1	4	4	7	7	10	10	13	13	16	16	19	20	20	23	
25	25	28	43	57	63	63	81	81	95	98	113	114	119	131	135	151	152	170	170	190	187	203	204	207	207	207	211	214	213	216	217	219	220	220	223	224	226	226	229	230	232	233	235	236	236	232	232	229	230	227	226	223	223	220	219	217	217	214	214	211	210	210	207	205	204	203	187	186	170	169	152	152	147	131	128	116	113	96	81	79	77	61	57	43	42	23	24	21	21	18	18	15	15	15	12	11	9	9	6	5	3	2	0	0	0	0	0	0	0	0	0	0	0	2	3	6	5	8	8	11	12	14	15	18	18	18	21	
20	20	23	38	54	59	59	78	78	93	94	113	114	118	134	136	153	155	173	173	192	190	208	209	212	213	213	217	220	219	223	223	226	226	227	230	230	233	233	236	237	239	240	243	243	243	240	240	236	237	234	233	230	229	226	226	223	223	220	220	217	216	216	213	210	209	208	190	188	173	171	155	155	149	134	129	115	113	94	78	76	73	58	54	38	37	19	20	17	17	14	14	11	10	10	7	6	4	4	1	0	0	0	0	0	0	0	0	0	0	0	0	0	0	0	0	0	0	3	3	7	7	10	10	13	14	14	17	
20	20	23	38	54	59	59	77	77	93	96	112	114	118	133	136	153	154	173	173	192	191	208	210	214	214	214	218	221	221	224	224	227	227	228	231	232	234	234	237	238	241	241	244	244	244	241	241	238	238	235	235	231	231	227	227	224	224	221	221	218	217	217	214	211	210	208	191	188	173	171	154	154	149	133	129	115	112	94	77	76	73	58	54	38	35	19	20	17	17	14	13	11	10	10	7	6	4	3	0	0	0	0	0	0	0	0	0	0	0	0	0	0	0	0	0	0	0	3	3	6	7	10	10	13	14	14	17	
20	20	23	38	54	59	59	77	77	93	96	112	114	118	133	136	153	154	173	173	192	191	208	210	214	214	214	218	221	221	224	224	227	227	228	231	232	234	234	237	238	241	241	244	244	244	241	241	238	238	235	235	231	231	227	227	224	224	221	221	218	217	217	214	211	210	208	191	188	173	171	154	154	149	133	129	115	112	94	77	76	73	58	54	38	35	19	20	17	17	14	13	11	10	10	7	6	4	3	0	0	0	0	0	0	0	0	0	0	0	0	0	0	0	0	0	0	0	3	3	6	7	10	10	13	14	14	17	
20	20	24	38	55	61	59	78	78	93	96	113	114	118	132	136	152	155	173	171	192	190	208	209	213	213	213	217	220	220	223	223	226	226	227	230	230	233	233	236	237	239	240	242	243	243	240	240	236	237	234	233	230	229	226	226	223	223	220	220	217	216	216	213	210	209	208	190	188	171	171	155	155	149	132	129	115	113	94	78	76	73	58	55	38	37	19	20	17	17	14	14	11	10	10	7	6	4	4	1	0	0	0	0	0	0	0	0	0	0	0	0	0	0	0	0	0	0	3	3	7	7	10	10	13	14	14	17	
19	19	22	37	54	59	58	78	78	93	96	113	114	118	134	136	153	155	174	173	194	191	209	210	214	214	214	218	221	221	224	224	227	228	228	231	232	234	234	238	238	241	242	244	245	245	241	241	238	238	235	235	232	231	228	227	224	224	221	221	218	218	217	214	211	210	209	191	190	173	173	155	155	149	134	129	115	113	94	78	76	73	57	54	37	36	17	19	15	16	12	12	9	9	8	5	5	2	2	0	0	0	0	0	0	0	0	0	0	0	0	0	0	0	0	0	0	0	1	1	5	5	8	9	12	12	12	16	
13	13	17	34	50	55	55	76	76	92	94	113	114	118	135	138	155	156	177	177	197	195	213	216	220	220	221	224	228	227	231	231	234	234	235	238	239	241	241	245	246	248	249	252	253	252	249	249	245	246	242	242	239	238	234	234	231	231	228	228	224	224	223	220	217	216	213	195	192	177	176	156	156	150	135	131	115	113	93	76	75	72	54	50	34	31	12	13	9	10	7	6	3	2	2	0	0	0	0	0	0	0	0	0	0	0	0	0	0	0	0	0	0	0	0	0	0	0	0	0	0	0	2	2	5	6	7	10	
13	13	17	34	50	55	55	76	76	92	94	113	114	118	135	138	155	156	177	177	197	195	213	216	220	220	221	224	228	227	231	231	234	234	235	238	239	241	241	245	246	248	249	252	253	252	249	249	245	246	242	242	239	238	234	234	231	231	228	228	224	224	223	220	217	216	213	195	192	177	176	156	156	150	135	131	115	113	93	76	75	72	54	50	34	31	12	13	9	10	7	6	3	2	2	0	0	0	0	0	0	0	0	0	0	0	0	0	0	0	0	0	0	0	0	0	0	0	0	0	0	0	2	2	5	6	7	10	
13	13	17	34	50	55	55	76	76	92	94	113	114	118	135	138	155	156	177	177	197	195	213	216	220	220	221	224	228	227	231	231	234	234	235	238	239	241	241	245	246	248	249	252	253	252	249	249	245	246	242	242	239	238	234	234	231	231	228	228	224	224	223	220	217	216	213	195	192	177	176	156	156	150	135	131	115	113	93	76	75	72	54	50	34	31	12	13	9	10	7	6	3	2	2	0	0	0	0	0	0	0	0	0	0	0	0	0	0	0	0	0	0	0	0	0	0	0	0	0	0	0	2	2	5	6	7	10	
12	12	16	33	50	56	56	77	77	92	95	113	114	119	135	138	155	156	177	177	198	196	215	216	220	220	221	224	228	228	231	231	234	235	235	238	239	242	242	245	246	249	249	252	253	253	249	249	246	246	242	242	239	238	235	234	231	231	228	228	224	224	223	220	217	216	215	196	194	177	176	156	156	151	135	131	116	113	93	77	75	72	54	50	33	32	11	12	8	8	5	5	1	1	1	0	0	0	0	0	0	0	0	0	0	0	0	0	0	0	0	0	0	0	0	0	0	0	0	0	0	0	0	1	4	5	5	8	
7	7	11	28	46	53	51	74	74	92	95	113	114	119	135	140	158	159	182	180	204	201	221	222	226	226	226	230	234	234	237	238	241	241	242	245	246	249	249	253	253	255	255	255	255	255	255	255	253	253	249	249	245	245	241	241	238	238	234	234	230	230	229	226	223	222	221	201	200	180	180	159	161	154	135	131	116	113	93	74	72	70	50	46	28	26	5	6	2	3	0	0	0	0	0	0	0	0	0	0	0	0	0	0	0	0	0	0	0	0	0	0	0	0	0	0	0	0	0	0	0	0	0	0	0	0	0	3	
8	8	12	29	47	54	52	73	73	93	94	113	114	118	135	139	157	159	180	180	204	201	219	222	225	226	226	230	234	233	237	237	241	241	241	245	245	248	248	252	253	255	255	255	255	255	255	255	252	253	249	249	245	244	241	241	237	237	234	234	230	230	229	226	223	222	219	201	199	180	178	159	160	153	135	131	115	113	93	73	72	69	51	47	29	26	6	7	4	4	0	0	0	0	0	0	0	0	0	0	0	0	0	0	0	0	0	0	0	0	0	0	0	0	0	0	0	0	0	0	0	0	0	0	0	0	0	4	
8	8	12	29	47	54	52	73	73	93	94	113	114	118	135	139	157	159	180	180	204	201	219	222	225	226	226	230	234	233	237	237	241	241	241	245	245	248	248	252	253	255	255	255	255	255	255	255	252	253	249	249	245	244	241	241	237	237	234	234	230	230	229	226	223	222	219	201	199	180	178	159	160	153	135	131	115	113	93	73	72	69	51	47	29	26	6	7	4	4	0	0	0	0	0	0	0	0	0	0	0	0	0	0	0	0	0	0	0	0	0	0	0	0	0	0	0	0	0	0	0	0	0	0	0	0	0	4	
8	8	12	29	47	54	52	73	73	93	94	113	114	118	135	139	157	159	180	180	204	201	219	222	225	226	226	230	234	233	237	237	241	241	241	245	245	248	248	252	253	255	255	255	255	255	255	255	252	253	249	249	245	244	241	241	237	237	234	234	230	230	229	226	223	222	219	201	199	180	178	159	160	153	135	131	115	113	93	73	72	69	51	47	29	26	6	7	4	4	0	0	0	0	0	0	0	0	0	0	0	0	0	0	0	0	0	0	0	0	0	0	0	0	0	0	0	0	0	0	0	0	0	0	0	0	0	4	
7	7	11	28	46	53	51	75	74	93	95	113	114	119	134	138	156	159	182	180	204	201	221	222	226	226	226	230	234	234	238	238	241	241	242	245	246	249	248	253	253	255	255	255	255	255	255	255	253	253	249	249	245	245	241	241	238	238	234	234	230	230	229	226	223	222	221	201	200	180	180	159	159	152	134	131	116	113	93	74	74	71	50	46	28	26	5	6	2	3	0	0	0	0	0	0	0	0	0	0	0	0	0	0	0	0	0	0	0	0	0	0	0	0	0	0	0	0	0	0	0	0	0	0	0	0	0	3	
1	1	5	23	42	49	49	72	71	91	92	113	114	120	137	141	159	162	186	184	208	205	226	227	231	232	232	236	240	240	244	244	247	248	248	252	253	255	255	255	255	255	255	255	255	255	255	255	255	255	255	255	252	251	247	247	244	244	240	240	236	236	235	232	228	227	226	205	204	184	184	162	162	155	137	133	116	113	91	71	71	68	46	42	23	22	0	1	0	0	0	0	0	0	0	0	0	0	0	0	0	0	0	0	0	0	0	0	0	0	0	0	0	0	0	0	0	0	0	0	0	0	0	0	0	0	0	0	
2	2	6	24	43	50	48	73	72	92	93	114	114	120	136	141	159	160	185	184	208	205	226	227	231	231	232	236	240	240	243	244	247	247	248	251	252	255	255	255	255	255	255	255	255	255	255	255	255	255	255	255	252	251	247	247	244	244	240	240	236	235	235	231	228	227	226	205	204	184	184	160	162	155	136	132	115	114	92	72	72	68	47	43	24	23	1	2	0	0	0	0	0	0	0	0	0	0	0	0	0	0	0	0	0	0	0	0	0	0	0	0	0	0	0	0	0	0	0	0	0	0	0	0	0	0	0	0	
2	2	6	24	43	50	48	73	72	92	93	114	114	120	136	141	159	160	185	184	208	205	226	227	231	231	232	236	240	240	243	244	247	247	248	251	252	255	255	255	255	255	255	255	255	255	255	255	255	255	255	255	252	251	247	247	244	244	240	240	236	235	235	231	228	227	226	205	204	184	184	160	162	155	136	132	115	114	92	72	72	68	47	43	24	23	1	2	0	0	0	0	0	0	0	0	0	0	0	0	0	0	0	0	0	0	0	0	0	0	0	0	0	0	0	0	0	0	0	0	0	0	0	0	0	0	0	0	
2	2	6	24	43	50	48	73	72	92	93	114	114	120	136	141	159	160	185	184	208	205	226	227	231	231	232	236	240	240	243	244	247	247	248	251	252	255	255	255	255	255	255	255	255	255	255	255	255	255	255	255	252	251	247	247	244	244	240	240	236	235	235	231	228	227	226	205	204	184	184	160	162	155	136	132	115	114	92	72	72	68	47	43	24	23	1	2	0	0	0	0	0	0	0	0	0	0	0	0	0	0	0	0	0	0	0	0	0	0	0	0	0	0	0	0	0	0	0	0	0	0	0	0	0	0	0	0	
0	0	1	20	40	47	45	71	69	89	90	113	113	120	139	142	162	164	188	188	212	209	230	233	237	237	238	242	246	246	250	250	254	254	255	255	255	255	255	255	255	255	255	255	255	255	255	255	255	255	255	255	255	255	254	254	250	250	246	246	242	242	241	237	234	233	230	209	206	188	187	164	164	157	139	135	115	113	89	69	69	65	44	40	20	17	0	0	0	0	0	0	0	0	0	0	0	0	0	0	0	0	0	0	0	0	0	0	0	0	0	0	0	0	0	0	0	0	0	0	0	0	0	0	0	0	0	0	
0	0	0	20	40	47	45	70	69	89	90	112	112	119	139	143	163	164	189	188	213	210	231	234	238	239	239	243	247	247	251	251	255	255	255	255	255	255	255	255	255	255	255	255	255	255	255	255	255	255	255	255	255	255	255	255	251	251	247	247	243	243	242	238	235	234	231	209	208	188	188	164	166	159	139	135	115	112	89	69	69	65	44	40	20	17	0	0	0	0	0	0	0	0	0	0	0	0	0	0	0	0	0	0	0	0	0	0	0	0	0	0	0	0	0	0	0	0	0	0	0	0	0	0	0	0	0	0	
0	0	0	20	40	47	45	70	69	89	90	112	112	119	139	143	163	164	189	188	213	210	231	234	238	239	239	243	247	247	251	251	255	255	255	255	255	255	255	255	255	255	255	255	255	255	255	255	255	255	255	255	255	255	255	255	251	251	247	247	243	243	242	238	235	234	231	209	208	188	188	164	166	159	139	135	115	112	89	69	69	65	44	40	20	17	0	0	0	0	0	0	0	0	0	0	0	0	0	0	0	0	0	0	0	0	0	0	0	0	0	0	0	0	0	0	0	0	0	0	0	0	0	0	0	0	0	0	
0	0	0	20	40	47	45	70	69	89	90	112	112	119	139	143	163	164	189	188	213	210	231	234	238	239	239	243	247	247	251	251	255	255	255	255	255	255	255	255	255	255	255	255	255	255	255	255	255	255	255	255	255	255	255	255	251	251	247	247	243	243	242	238	235	234	231	209	208	188	188	164	166	159	139	135	115	112	89	69	69	65	44	40	20	17	0	0	0	0	0	0	0	0	0	0	0	0	0	0	0	0	0	0	0	0	0	0	0	0	0	0	0	0	0	0	0	0	0	0	0	0	0	0	0	0	0	0	
0	0	0	19	38	45	45	69	69	89	90	113	113	120	139	143	163	166	190	190	213	211	232	234	238	239	239	243	247	247	251	251	255	255	255	255	255	255	255	255	255	255	255	255	255	255	255	255	255	255	255	255	255	255	255	255	251	252	248	247	243	243	242	239	235	234	232	211	208	190	188	166	166	159	139	135	115	113	89	69	68	64	43	38	19	16	0	0	0	0	0	0	0	0	0	0	0	0	0	0	0	0	0	0	0	0	0	0	0	0	0	0	0	0	0	0	0	0	0	0	0	0	0	0	0	0	0	0	
0	0	0	15	34	43	41	66	65	86	87	113	113	120	141	145	166	167	192	191	218	215	237	240	244	245	245	250	254	253	255	255	255	255	255	255	255	255	255	255	255	255	255	255	255	255	255	255	255	255	255	255	255	255	255	255	255	255	254	254	250	249	248	245	241	240	237	213	212	191	191	167	169	160	141	135	115	113	86	65	65	61	40	34	15	12	0	0	0	0	0	0	0	0	0	0	0	0	0	0	0	0	0	0	0	0	0	0	0	0	0	0	0	0	0	0	0	0	0	0	0	0	0	0	0	0	0	0	
0	0	0	15	34	43	41	66	65	86	87	113	113	120	141	145	166	167	192	191	218	215	237	240	244	245	245	250	254	253	255	255	255	255	255	255	255	255	255	255	255	255	255	255	255	255	255	255	255	255	255	255	255	255	255	255	255	255	254	254	250	249	248	245	241	240	237	213	212	191	191	167	169	160	141	135	115	113	86	65	65	61	40	34	15	12	0	0	0	0	0	0	0	0	0	0	0	0	0	0	0	0	0	0	0	0	0	0	0	0	0	0	0	0	0	0	0	0	0	0	0	0	0	0	0	0	0	0	
0	0	0	15	34	43	41	66	65	86	87	113	113	120	141	145	166	167	192	191	218	215	237	240	244	245	245	250	254	253	255	255	255	255	255	255	255	255	255	255	255	255	255	255	255	255	255	255	255	255	255	255	255	255	255	255	255	255	254	254	250	249	248	245	241	240	237	213	212	191	191	167	169	160	141	135	115	113	86	65	65	61	40	34	15	12	0	0	0	0	0	0	0	0	0	0	0	0	0	0	0	0	0	0	0	0	0	0	0	0	0	0	0	0	0	0	0	0	0	0	0	0	0	0	0	0	0	0	
0	0	0	14	35	42	42	67	65	86	88	113	113	120	140	145	165	168	193	193	218	215	238	240	244	245	245	250	254	254	255	255	255	255	255	255	255	255	255	255	255	255	255	255	255	255	255	255	255	255	255	255	255	255	255	255	255	255	254	254	250	249	248	245	241	240	238	215	212	193	191	168	168	161	140	135	116	113	86	65	65	61	39	35	14	12	0	0	0	0	0	0	0	0	0	0	0	0	0	0	0	0	0	0	0	0	0	0	0	0	0	0	0	0	0	0	0	0	0	0	0	0	0	0	0	0	0	0	
0	0	0	9	30	37	37	64	64	85	86	113	113	120	142	147	168	169	197	197	222	219	243	246	250	251	251	255	255	255	255	255	255	255	255	255	255	255	255	255	255	255	255	255	255	255	255	255	255	255	255	255	255	255	255	255	255	255	255	255	255	255	254	251	247	245	243	219	217	197	196	169	170	162	142	137	116	113	85	64	63	60	35	30	9	8	0	0	0	0	0	0	0	0	0	0	0	0	0	0	0	0	0	0	0	0	0	0	0	0	0	0	0	0	0	0	0	0	0	0	0	0	0	0	0	0	0	0	
0	0	0	10	30	38	37	65	64	85	86	113	113	120	142	146	167	169	197	195	222	219	243	245	250	251	251	255	255	255	255	255	255	255	255	255	255	255	255	255	255	255	255	255	255	255	255	255	255	255	255	255	255	255	255	255	255	255	255	255	255	255	254	250	247	245	243	218	216	195	195	169	170	162	142	136	115	113	85	64	64	59	36	30	10	8	0	0	0	0	0	0	0	0	0	0	0	0	0	0	0	0	0	0	0	0	0	0	0	0	0	0	0	0	0	0	0	0	0	0	0	0	0	0	0	0	0	0	
0	0	0	10	30	38	37	65	64	85	86	113	113	120	142	146	167	169	197	195	222	219	243	245	250	251	251	255	255	255	255	255	255	255	255	255	255	255	255	255	255	255	255	255	255	255	255	255	255	255	255	255	255	255	255	255	255	255	255	255	255	255	254	250	247	245	243	218	216	195	195	169	170	162	142	136	115	113	85	64	64	59	36	30	10	8	0	0	0	0	0	0	0	0	0	0	0	0	0	0	0	0	0	0	0	0	0	0	0	0	0	0	0	0	0	0	0	0	0	0	0	0	0	0	0	0	0	0	
0	0	0	10	30	38	37	65	64	85	86	113	113	120	142	146	167	169	197	195	222	219	243	245	250	251	251	255	255	255	255	255	255	255	255	255	255	255	255	255	255	255	255	255	255	255	255	255	255	255	255	255	255	255	255	255	255	255	255	255	255	255	254	250	247	245	243	218	216	195	195	169	170	162	142	136	115	113	85	64	64	59	36	30	10	8	0	0	0	0	0	0	0	0	0	0	0	0	0	0	0	0	0	0	0	0	0	0	0	0	0	0	0	0	0	0	0	0	0	0	0	0	0	0	0	0	0	0	
0	0	0	9	30	39	37	65	64	85	86	113	113	120	142	147	168	169	197	196	222	219	243	246	250	251	251	255	255	255	255	255	255	255	255	255	255	255	255	255	255	255	255	255	255	255	255	255	255	255	255	255	255	255	255	255	255	255	255	255	255	255	254	251	247	245	243	219	217	196	196	169	170	162	142	137	116	113	85	64	64	60	36	30	9	7	0	0	0	0	0	0	0	0	0	0	0	0	0	0	0	0	0	0	0	0	0	0	0	0	0	0	0	0	0	0	0	0	0	0	0	0	0	0	0	0	0	0	
0	0	0	5	29	36	36	63	63	85	86	113	113	120	142	147	169	172	198	198	226	224	247	250	254	255	255	255	255	255	255	255	255	255	255	255	255	255	255	255	255	255	255	255	255	255	255	255	255	255	255	255	255	255	255	255	255	255	255	255	255	255	255	255	251	250	247	224	222	198	197	172	172	165	142	137	116	113	85	63	61	58	33	29	5	2	0	0	0	0	0	0	0	0	0	0	0	0	0	0	0	0	0	0	0	0	0	0	0	0	0	0	0	0	0	0	0	0	0	0	0	0	0	0	0	0	0	0	
0	0	0	5	27	36	34	62	61	85	86	113	113	120	142	146	170	171	199	198	227	225	248	251	255	255	255	255	255	255	255	255	255	255	255	255	255	255	255	255	255	255	255	255	255	255	255	255	255	255	255	255	255	255	255	255	255	255	255	255	255	255	255	255	252	251	248	223	222	198	198	171	173	164	142	136	115	113	85	61	61	57	33	27	5	2	0	0	0	0	0	0	0	0	0	0	0	0	0	0	0	0	0	0	0	0	0	0	0	0	0	0	0	0	0	0	0	0	0	0	0	0	0	0	0	0	0	0	
0	0	0	5	27	36	34	62	61	85	86	113	113	120	142	146	170	171	199	198	227	225	248	251	255	255	255	255	255	255	255	255	255	255	255	255	255	255	255	255	255	255	255	255	255	255	255	255	255	255	255	255	255	255	255	255	255	255	255	255	255	255	255	255	252	251	248	223	222	198	198	171	173	164	142	136	115	113	85	61	61	57	33	27	5	2	0	0	0	0	0	0	0	0	0	0	0	0	0	0	0	0	0	0	0	0	0	0	0	0	0	0	0	0	0	0	0	0	0	0	0	0	0	0	0	0	0	0	
0	0	0	5	27	36	34	62	61	85	86	113	113	120	142	146	170	171	199	198	227	225	248	251	255	255	255	255	255	255	255	255	255	255	255	255	255	255	255	255	255	255	255	255	255	255	255	255	255	255	255	255	255	255	255	255	255	255	255	255	255	255	255	255	252	251	248	223	222	198	198	171	173	164	142	136	115	113	85	61	61	57	33	27	5	2	0	0	0	0	0	0	0	0	0	0	0	0	0	0	0	0	0	0	0	0	0	0	0	0	0	0	0	0	0	0	0	0	0	0	0	0	0	0	0	0	0	0	
0	0	0	4	28	35	35	63	61	85	86	113	113	120	141	147	169	172	200	198	228	225	249	251	255	255	255	255	255	255	255	255	255	255	255	255	255	255	255	255	255	255	255	255	255	255	255	255	255	255	255	255	255	255	255	255	255	255	255	255	255	255	255	255	253	251	249	224	222	198	198	172	172	165	141	137	116	113	85	61	61	57	32	28	4	2	0	0	0	0	0	0	0	0	0	0	0	0	0	0	0	0	0	0	0	0	0	0	0	0	0	0	0	0	0	0	0	0	0	0	0	0	0	0	0	0	0	0	
0	0	0	0	23	31	31	61	59	83	84	112	112	119	143	147	171	174	203	202	231	229	255	255	255	255	255	255	255	255	255	255	255	255	255	255	255	255	255	255	255	255	255	255	255	255	255	255	255	255	255	255	255	255	255	255	255	255	255	255	255	255	255	255	255	255	255	227	226	202	202	174	174	166	143	138	115	112	83	59	59	55	28	23	0	0	0	0	0	0	0	0	0	0	0	0	0	0	0	0	0	0	0	0	0	0	0	0	0	0	0	0	0	0	0	0	0	0	0	0	0	0	0	0	0	0	0	0	
0	0	0	0	23	31	31	61	59	83	84	112	112	119	143	147	171	174	203	202	231	229	255	255	255	255	255	255	255	255	255	255	255	255	255	255	255	255	255	255	255	255	255	255	255	255	255	255	255	255	255	255	255	255	255	255	255	255	255	255	255	255	255	255	255	255	255	227	226	202	202	174	174	166	143	138	115	112	83	59	59	55	28	23	0	0	0	0	0	0	0	0	0	0	0	0	0	0	0	0	0	0	0	0	0	0	0	0	0	0	0	0	0	0	0	0	0	0	0	0	0	0	0	0	0	0	0	0	
0	0	0	0	23	31	31	61	59	83	84	112	112	119	143	147	171	174	203	202	231	229	255	255	255	255	255	255	255	255	255	255	255	255	255	255	255	255	255	255	255	255	255	255	255	255	255	255	255	255	255	255	255	255	255	255	255	255	255	255	255	255	255	255	255	255	255	227	226	202	202	174	174	166	143	138	115	112	83	59	59	55	28	23	0	0	0	0	0	0	0	0	0	0	0	0	0	0	0	0	0	0	0	0	0	0	0	0	0	0	0	0	0	0	0	0	0	0	0	0	0	0	0	0	0	0	0	0	
0	0	0	1	23	31	31	61	59	83	85	113	113	120	142	148	170	173	202	202	230	227	254	255	255	255	255	255	255	255	255	255	255	255	255	255	255	255	255	255	255	255	255	255	255	255	255	255	255	255	255	255	255	255	255	255	255	255	255	255	255	255	255	255	255	255	254	226	226	202	201	173	173	166	142	138	115	113	83	59	59	55	29	23	1	0	0	0	0	0	0	0	0	0	0	0	0	0	0	0	0	0	0	0	0	0	0	0	0	0	0	0	0	0	0	0	0	0	0	0	0	0	0	0	0	0	0	0	
0	0	0	0	21	29	29	58	58	81	84	112	113	121	145	151	175	177	207	207	236	233	255	255	255	255	255	255	255	255	255	255	255	255	255	255	255	255	255	255	255	255	255	255	255	255	255	255	255	255	255	255	255	255	255	255	255	255	255	255	255	255	255	255	255	255	255	232	231	207	205	177	177	169	145	140	116	112	82	58	57	53	26	21	0	0	0	0	0	0	0	0	0	0	0	0	0	0	0	0	0	0	0	0	0	0	0	0	0	0	0	0	0	0	0	0	0	0	0	0	0	0	0	0	0	0	0	0	
0	0	0	0	20	29	29	58	58	82	83	111	113	121	145	150	174	177	206	206	237	234	255	255	255	255	255	255	255	255	255	255	255	255	255	255	255	255	255	255	255	255	255	255	255	255	255	255	255	255	255	255	255	255	255	255	255	255	255	255	255	255	255	255	255	255	255	233	230	206	205	177	177	169	145	139	115	111	82	58	57	52	26	20	0	0	0	0	0	0	0	0	0	0	0	0	0	0	0	0	0	0	0	0	0	0	0	0	0	0	0	0	0	0	0	0	0	0	0	0	0	0	0	0	0	0	0	0	
0	0	0	0	20	29	29	58	58	82	83	111	113	121	145	150	174	177	206	206	237	234	255	255	255	255	255	255	255	255	255	255	255	255	255	255	255	255	255	255	255	255	255	255	255	255	255	255	255	255	255	255	255	255	255	255	255	255	255	255	255	255	255	255	255	255	255	233	230	206	205	177	177	169	145	139	115	111	82	58	57	52	26	20	0	0	0	0	0	0	0	0	0	0	0	0	0	0	0	0	0	0	0	0	0	0	0	0	0	0	0	0	0	0	0	0	0	0	0	0	0	0	0	0	0	0	0	0	
0	0	0	0	20	29	29	58	58	82	83	111	113	121	145	150	174	177	206	206	237	234	255	255	255	255	255	255	255	255	255	255	255	255	255	255	255	255	255	255	255	255	255	255	255	255	255	255	255	255	255	255	255	255	255	255	255	255	255	255	255	255	255	255	255	255	255	233	230	206	205	177	177	169	145	139	115	111	82	58	57	52	26	20	0	0	0	0	0	0	0	0	0	0	0	0	0	0	0	0	0	0	0	0	0	0	0	0	0	0	0	0	0	0	0	0	0	0	0	0	0	0	0	0	0	0	0	0	
0	0	0	0	18	26	26	56	56	81	82	112	113	121	147	152	176	179	208	210	240	238	255	255	255	255	255	255	255	255	255	255	255	255	255	255	255	255	255	255	255	255	255	255	255	255	255	255	255	255	255	255	255	255	255	255	255	255	255	255	255	255	255	255	255	255	255	236	235	210	207	179	179	170	147	140	116	112	81	56	54	50	23	18	0	0	0	0	0	0	0	0	0	0	0	0	0	0	0	0	0	0	0	0	0	0	0	0	0	0	0	0	0	0	0	0	0	0	0	0	0	0	0	0	0	0	0	0	
0	0	0	0	16	26	26	55	55	79	82	111	113	121	146	152	177	180	209	209	241	239	255	255	255	255	255	255	255	255	255	255	255	255	255	255	255	255	255	255	255	255	255	255	255	255	255	255	255	255	255	255	255	255	255	255	255	255	255	255	255	255	255	255	255	255	255	237	234	209	208	180	180	170	146	139	115	111	80	55	54	50	23	16	0	0	0	0	0	0	0	0	0	0	0	0	0	0	0	0	0	0	0	0	0	0	0	0	0	0	0	0	0	0	0	0	0	0	0	0	0	0	0	0	0	0	0	0	
0	0	0	0	16	26	26	55	55	79	82	111	113	121	146	152	177	180	209	209	241	239	255	255	255	255	255	255	255	255	255	255	255	255	255	255	255	255	255	255	255	255	255	255	255	255	255	255	255	255	255	255	255	255	255	255	255	255	255	255	255	255	255	255	255	255	255	237	234	209	208	180	180	170	146	139	115	111	80	55	54	50	23	16	0	0	0	0	0	0	0	0	0	0	0	0	0	0	0	0	0	0	0	0	0	0	0	0	0	0	0	0	0	0	0	0	0	0	0	0	0	0	0	0	0	0	0	0	
0	0	0	0	16	26	26	55	55	79	82	111	113	121	146	152	177	180	209	209	241	239	255	255	255	255	255	255	255	255	255	255	255	255	255	255	255	255	255	255	255	255	255	255	255	255	255	255	255	255	255	255	255	255	255	255	255	255	255	255	255	255	255	255	255	255	255	237	234	209	208	180	180	170	146	139	115	111	80	55	54	50	23	16	0	0	0	0	0	0	0	0	0	0	0	0	0	0	0	0	0	0	0	0	0	0	0	0	0	0	0	0	0	0	0	0	0	0	0	0	0	0	0	0	0	0	0	0	
0	0	0	0	16	26	26	55	55	79	82	111	113	121	146	152	177	180	209	209	241	239	255	255	255	255	255	255	255	255	255	255	255	255	255	255	255	255	255	255	255	255	255	255	255	255	255	255	255	255	255	255	255	255	255	255	255	255	255	255	255	255	255	255	255	255	255	237	234	209	208	180	180	170	146	139	115	111	80	55	54	50	23	16	0	0	0	0	0	0	0	0	0	0	0	0	0	0	0	0	0	0	0	0	0	0	0	0	0	0	0	0	0	0	0	0	0	0	0	0	0	0	0	0	0	0	0	0	
0	0	0	0	12	21	21	54	54	78	81	113	113	121	148	154	179	182	214	214	245	242	255	255	255	255	255	255	255	255	255	255	255	255	255	255	255	255	255	255	255	255	255	255	255	255	255	255	255	255	255	255	255	255	255	255	255	255	255	255	255	255	255	255	255	255	255	240	239	214	212	182	182	172	148	142	116	113	79	54	53	47	18	12	0	0	0	0	0	0	0	0	0	0	0	0	0	0	0	0	0	0	0	0	0	0	0	0	0	0	0	0	0	0	0	0	0	0	0	0	0	0	0	0	0	0	0	0	
0	0	0	0	10	20	20	54	54	78	80	113	113	121	148	153	178	181	215	215	246	243	255	255	255	255	255	255	255	255	255	255	255	255	255	255	255	255	255	255	255	255	255	255	255	255	255	255	255	255	255	255	255	255	255	255	255	255	255	255	255	255	255	255	255	255	255	241	239	215	213	181	181	171	148	141	115	113	79	54	52	48	17	10	0	0	0	0	0	0	0	0	0	0	0	0	0	0	0	0	0	0	0	0	0	0	0	0	0	0	0	0	0	0	0	0	0	0	0	0	0	0	0	0	0	0	0	0	
0	0	0	0	10	20	20	54	54	78	80	113	113	121	148	153	178	181	215	215	246	243	255	255	255	255	255	255	255	255	255	255	255	255	255	255	255	255	255	255	255	255	255	255	255	255	255	255	255	255	255	255	255	255	255	255	255	255	255	255	255	255	255	255	255	255	255	241	239	215	213	181	181	171	148	141	115	113	79	54	52	48	17	10	0	0	0	0	0	0	0	0	0	0	0	0	0	0	0	0	0	0	0	0	0	0	0	0	0	0	0	0	0	0	0	0	0	0	0	0	0	0	0	0	0	0	0	0	
0	0	0	0	10	20	20	54	54	78	80	113	113	121	148	153	178	181	215	215	246	243	255	255	255	255	255	255	255	255	255	255	255	255	255	255	255	255	255	255	255	255	255	255	255	255	255	255	255	255	255	255	255	255	255	255	255	255	255	255	255	255	255	255	255	255	255	241	239	215	213	181	181	171	148	141	115	113	79	54	52	48	17	10	0	0	0	0	0	0	0	0	0	0	0	0	0	0	0	0	0	0	0	0	0	0	0	0	0	0	0	0	0	0	0	0	0	0	0	0	0	0	0	0	0	0	0	0	
0	0	0	0	11	21	21	54	54	78	81	113	113	121	148	154	179	182	215	215	246	243	255	255	255	255	255	255	255	255	255	255	255	255	255	255	255	255	255	255	255	255	255	255	255	255	255	255	255	255	255	255	255	255	255	255	255	255	255	255	255	255	255	255	255	255	255	242	240	215	214	182	182	172	148	141	116	113	79	54	53	49	18	11	0	0	0	0	0	0	0	0	0	0	0	0	0	0	0	0	0	0	0	0	0	0	0	0	0	0	0	0	0	0	0	0	0	0	0	0	0	0	0	0	0	0	0	0	
0	0	0	0	9	17	17	51	51	79	80	112	112	121	147	154	181	184	217	217	251	248	255	255	255	255	255	255	255	255	255	255	255	255	255	255	255	255	255	255	255	255	255	255	255	255	255	255	255	255	255	255	255	255	255	255	255	255	255	255	255	255	255	255	255	255	255	247	245	217	216	184	184	175	147	140	115	112	80	51	49	45	14	9	0	0	0	0	0	0	0	0	0	0	0	0	0	0	0	0	0	0	0	0	0	0	0	0	0	0	0	0	0	0	0	0	0	0	0	0	0	0	0	0	0	0	0	0	
0	0	0	0	9	17	17	51	51	79	80	112	112	121	147	154	181	184	217	217	251	248	255	255	255	255	255	255	255	255	255	255	255	255	255	255	255	255	255	255	255	255	255	255	255	255	255	255	255	255	255	255	255	255	255	255	255	255	255	255	255	255	255	255	255	255	255	247	245	217	216	184	184	175	147	140	115	112	80	51	49	45	14	9	0	0	0	0	0	0	0	0	0	0	0	0	0	0	0	0	0	0	0	0	0	0	0	0	0	0	0	0	0	0	0	0	0	0	0	0	0	0	0	0	0	0	0	0	
0	0	0	0	9	17	17	51	51	79	80	112	112	121	147	154	181	184	217	217	251	248	255	255	255	255	255	255	255	255	255	255	255	255	255	255	255	255	255	255	255	255	255	255	255	255	255	255	255	255	255	255	255	255	255	255	255	255	255	255	255	255	255	255	255	255	255	247	245	217	216	184	184	175	147	140	115	112	80	51	49	45	14	9	0	0	0	0	0	0	0	0	0	0	0	0	0	0	0	0	0	0	0	0	0	0	0	0	0	0	0	0	0	0	0	0	0	0	0	0	0	0	0	0	0	0	0	0	
0	0	0	0	9	17	17	51	51	79	80	113	113	121	146	153	180	183	216	216	250	247	255	255	255	255	255	255	255	255	255	255	255	255	255	255	255	255	255	255	255	255	255	255	255	255	255	255	255	255	255	255	255	255	255	255	255	255	255	255	255	255	255	255	255	255	255	246	244	216	215	183	183	174	146	141	115	113	80	51	50	45	15	9	0	0	0	0	0	0	0	0	0	0	0	0	0	0	0	0	0	0	0	0	0	0	0	0	0	0	0	0	0	0	0	0	0	0	0	0	0	0	0	0	0	0	0	0	
0	0	0	0	5	14	14	50	49	77	78	113	113	123	149	156	183	186	221	221	254	252	255	255	255	255	255	255	255	255	255	255	255	255	255	255	255	255	255	255	255	255	255	255	255	255	255	255	255	255	255	255	255	255	255	255	255	255	255	255	255	255	255	255	255	255	255	250	249	221	219	186	186	177	149	144	116	113	78	49	47	43	11	5	0	0	0	0	0	0	0	0	0	0	0	0	0	0	0	0	0	0	0	0	0	0	0	0	0	0	0	0	0	0	0	0	0	0	0	0	0	0	0	0	0	0	0	0	
0	0	0	0	5	13	13	50	50	78	79	113	113	122	149	156	183	185	222	222	255	253	255	255	255	255	255	255	255	255	255	255	255	255	255	255	255	255	255	255	255	255	255	255	255	255	255	255	255	255	255	255	255	255	255	255	255	255	255	255	255	255	255	255	255	255	255	251	250	222	220	185	185	177	149	143	115	113	78	50	48	43	10	5	0	0	0	0	0	0	0	0	0	0	0	0	0	0	0	0	0	0	0	0	0	0	0	0	0	0	0	0	0	0	0	0	0	0	0	0	0	0	0	0	0	0	0	0	
0	0	0	0	5	13	13	50	50	78	79	113	113	122	149	156	183	185	222	222	255	253	255	255	255	255	255	255	255	255	255	255	255	255	255	255	255	255	255	255	255	255	255	255	255	255	255	255	255	255	255	255	255	255	255	255	255	255	255	255	255	255	255	255	255	255	255	251	250	222	220	185	185	177	149	143	115	113	78	50	48	43	10	5	0	0	0	0	0	0	0	0	0	0	0	0	0	0	0	0	0	0	0	0	0	0	0	0	0	0	0	0	0	0	0	0	0	0	0	0	0	0	0	0	0	0	0	0	
0	0	0	0	5	13	13	50	50	78	79	113	113	122	149	156	183	185	222	222	255	253	255	255	255	255	255	255	255	255	255	255	255	255	255	255	255	255	255	255	255	255	255	255	255	255	255	255	255	255	255	255	255	255	255	255	255	255	255	255	255	255	255	255	255	255	255	251	250	222	220	185	185	177	149	143	115	113	78	50	48	43	10	5	0	0	0	0	0	0	0	0	0	0	0	0	0	0	0	0	0	0	0	0	0	0	0	0	0	0	0	0	0	0	0	0	0	0	0	0	0	0	0	0	0	0	0	0	
0	0	0	0	1	10	12	48	47	76	78	113	111	121	150	156	185	188	225	223	255	255	255	255	255	255	255	255	255	255	255	255	255	255	255	255	255	255	255	255	255	255	255	255	255	255	255	255	255	255	255	255	255	255	255	255	255	255	255	255	255	255	255	255	255	255	255	255	254	223	222	188	188	178	150	143	115	113	78	47	45	41	8	1	0	0	0	0	0	0	0	0	0	0	0	0	0	0	0	0	0	0	0	0	0	0	0	0	0	0	0	0	0	0	0	0	0	0	0	0	0	0	0	0	0	0	0	0	
0	0	0	0	0	9	10	47	45	75	76	111	111	121	150	156	187	190	225	225	255	255	255	255	255	255	255	255	255	255	255	255	255	255	255	255	255	255	255	255	255	255	255	255	255	255	255	255	255	255	255	255	255	255	255	255	255	255	255	255	255	255	255	255	255	255	255	255	255	225	223	190	190	180	150	143	115	111	76	45	44	40	6	0	0	0	0	0	0	0	0	0	0	0	0	0	0	0	0	0	0	0	0	0	0	0	0	0	0	0	0	0	0	0	0	0	0	0	0	0	0	0	0	0	0	0	0	0	
0	0	0	0	1	10	10	47	47	76	78	111	111	121	150	156	187	190	225	225	255	255	255	255	255	255	255	255	255	255	255	255	255	255	255	255	255	255	255	255	255	255	255	255	255	255	255	255	255	255	255	255	255	255	255	255	255	255	255	255	255	255	255	255	255	255	255	255	254	225	223	190	190	180	150	143	115	111	76	47	45	40	8	1	0	0	0	0	0	0	0	0	0	0	0	0	0	0	0	0	0	0	0	0	0	0	0	0	0	0	0	0	0	0	0	0	0	0	0	0	0	0	0	0	0	0	0	0	
0	0	0	0	1	10	10	47	47	76	78	111	111	121	150	156	187	190	225	225	255	255	255	255	255	255	255	255	255	255	255	255	255	255	255	255	255	255	255	255	255	255	255	255	255	255	255	255	255	255	255	255	255	255	255	255	255	255	255	255	255	255	255	255	255	255	255	255	254	225	223	190	190	180	150	143	115	111	76	47	45	40	8	1	0	0	0	0	0	0	0	0	0	0	0	0	0	0	0	0	0	0	0	0	0	0	0	0	0	0	0	0	0	0	0	0	0	0	0	0	0	0	0	0	0	0	0	0	
0	0	0	0	1	10	10	47	47	76	78	111	111	121	150	156	187	190	225	225	255	255	255	255	255	255	255	255	255	255	255	255	255	255	255	255	255	255	255	255	255	255	255	255	255	255	255	255	255	255	255	255	255	255	255	255	255	255	255	255	255	255	255	255	255	255	255	255	254	225	223	190	190	180	150	143	115	111	76	47	45	40	8	1	0	0	0	0	0	0	0	0	0	0	0	0	0	0	0	0	0	0	0	0	0	0	0	0	0	0	0	0	0	0	0	0	0	0	0	0	0	0	0	0	0	0	0	0	
