131	131	131	131	130	130	130	130	130	130	130	129	129	129	128	128	128	128	128	128	127	127	127	127	124	124	124	121	119	120	117	119	116	116	114	112	112	109	110	107	107	106	105	103	102	102	101	101	101	101	100	100	100	100	99	99	99	99	98	99	98	98	98	98	97	97	97	98	98	98	98	98	98	98	99	99	99	99	100	100	100	100	101	101	101	101	102	102	105	105	107	107	110	110	109	112	112	114	114	119	117	120	120	121	123	124	124	127	127	127	127	128	128	128	128	128	128	128	129	129	130	130	130	130	130	131	130	131	
139	139	139	139	138	138	138	137	137	137	136	136	136	136	135	135	134	134	134	134	133	133	133	133	130	130	128	126	123	123	119	119	116	116	114	112	110	107	107	103	103	100	99	98	96	96	96	95	95	95	94	94	94	93	93	93	92	92	92	91	91	91	91	90	90	90	90	90	90	91	91	91	91	92	92	92	93	93	94	94	94	94	95	95	96	96	96	96	99	99	103	103	106	106	107	112	112	114	114	119	119	121	123	126	126	128	130	133	133	133	133	134	134	134	134	135	135	135	136	136	136	136	137	137	138	138	138	139	
139	139	139	138	138	137	137	137	137	136	136	136	136	135	135	135	134	134	134	134	133	133	132	132	129	129	128	124	121	122	118	118	115	115	114	111	110	107	107	104	103	100	100	97	97	97	97	97	96	96	96	96	95	95	94	94	94	94	93	93	92	92	92	92	91	91	91	92	92	92	92	93	93	93	94	94	94	94	95	96	96	96	96	96	97	97	98	97	100	100	103	104	107	107	107	111	111	114	114	118	118	121	122	124	125	128	128	132	132	133	133	134	134	134	134	134	135	135	135	135	136	136	137	137	137	138	138	138	
139	139	139	138	138	137	137	137	137	136	136	136	136	135	135	135	134	134	134	134	133	133	132	132	129	129	128	124	121	122	118	118	115	115	114	111	110	107	107	104	103	100	100	97	97	97	97	97	96	96	96	96	95	95	94	94	94	94	93	93	92	92	92	92	91	91	91	92	92	92	92	93	93	93	94	94	94	94	95	96	96	96	96	96	97	97	98	97	100	100	103	104	107	107	107	111	111	114	114	118	118	121	122	124	125	128	128	132	132	133	133	134	134	134	134	134	135	135	135	135	136	136	137	137	137	138	138	138	
139	139	139	138	138	137	137	137	137	136	136	136	136	135	135	135	134	134	134	134	133	133	132	132	129	129	128	124	121	122	118	118	115	115	114	111	110	107	107	104	103	100	100	97	97	97	97	97	96	96	96	96	95	95	94	94	94	94	93	93	92	92	92	92	91	91	91	92	92	92	92	93	93	93	94	94	94	94	95	96	96	96	96	96	97	97	98	97	100	100	103	104	107	107	107	111	111	114	114	118	118	121	122	124	125	128	128	132	132	133	133	134	134	134	134	134	135	135	135	135	136	136	137	137	137	138	138	138	
146	146	146	145	145	145	144	144	144	143	143	142	142	142	141	141	140	140	140	139	139	139	138	138	134	132	132	127	122	124	120	120	115	115	114	108	108	106	106	101	100	97	96	93	92	92	91	91	90	90	89	89	89	88	87	87	87	87	86	86	85	85	85	84	83	83	83	84	84	85	85	86	86	86	87	87	87	88	89	89	89	89	90	90	91	91	92	92	96	96	100	100	104	104	106	108	110	114	114	118	120	122	124	127	129	132	132	138	138	139	139	139	140	140	140	141	141	141	142	142	143	143	144	144	144	145	145	145	
148	148	148	147	146	146	146	145	145	145	144	144	144	143	143	143	142	142	141	141	140	140	139	139	133	133	132	128	122	124	119	119	115	115	114	110	108	105	105	100	98	96	96	91	91	91	91	91	90	90	89	89	88	88	87	87	86	86	86	86	85	85	85	84	83	83	83	84	84	85	85	86	86	86	86	87	87	87	88	89	89	89	90	90	91	91	92	91	96	96	98	100	104	105	105	110	110	114	114	118	119	122	124	128	129	132	132	138	139	140	140	141	141	141	142	142	143	143	143	143	144	144	145	145	146	146	146	147	
148	148	148	147	146	146	146	145	145	145	144	144	144	143	143	143	142	142	141	141	140	140	139	139	133	133	132	128	122	124	119	119	115	115	114	110	108	105	105	100	98	96	96	91	91	91	91	91	90	90	89	89	88	88	87	87	86	86	86	86	85	85	85	84	83	83	83	84	84	85	85	86	86	86	86	87	87	87	88	89	89	89	90	90	91	91	92	91	96	96	98	100	104	105	105	110	110	114	114	118	119	122	124	128	129	132	132	138	139	140	140	141	141	141	142	142	143	143	143	143	144	144	145	145	146	146	146	147	
148	148	148	147	146	146	146	145	145	145	144	144	144	143	143	143	142	142	141	141	140	140	139	139	133	133	132	128	122	124	119	119	115	115	114	110	108	105	105	100	98	96	96	91	91	91	91	91	90	90	89	89	88	88	87	87	86	86	86	86	85	85	85	84	83	83	83	84	84	85	85	86	86	86	86	87	87	87	88	89	89	89	90	90	91	91	92	91	96	96	98	100	104	105	105	110	110	114	114	118	119	122	124	128	129	132	132	138	139	140	140	141	141	141	142	142	143	143	143	143	144	144	145	145	146	146	146	147	
148	148	148	147	147	146	146	145	145	145	145	144	144	144	143	143	142	142	141	141	140	140	139	139	135	134	134	129	124	124	120	120	115	115	114	110	108	106	106	100	99	96	94	90	90	90	90	89	89	89	88	88	87	87	86	86	85	85	84	84	83	83	83	83	82	81	82	83	83	83	83	84	84	84	85	85	86	86	87	88	88	88	89	89	90	90	91	90	94	94	99	99	104	104	106	110	110	114	114	118	120	124	124	129	131	134	134	139	139	140	140	141	141	141	142	142	143	143	144	144	145	145	145	146	146	147	147	147	
156	156	155	154	154	153	153	152	152	152	151	150	150	150	149	149	148	148	147	147	146	146	145	145	139	139	138	131	125	127	121	121	115	115	114	108	107	103	103	97	96	92	92	86	85	85	83	83	82	83	82	82	81	80	79	79	78	78	77	77	76	76	76	75	74	74	74	75	75	76	76	77	77	77	78	78	79	79	81	81	81	82	82	83	83	84	85	85	92	92	96	97	101	103	103	108	110	114	114	120	121	125	127	131	134	138	138	143	145	146	146	147	147	147	148	148	149	149	150	150	151	151	152	152	153	154	154	154	
156	156	155	154	154	153	153	152	152	152	151	150	150	150	149	149	148	148	147	147	146	146	145	145	139	139	138	131	125	127	121	121	115	115	114	108	107	103	103	97	96	92	92	86	85	85	83	83	82	83	82	82	81	80	79	79	78	78	77	77	76	76	76	75	74	74	74	75	75	76	76	77	77	77	78	78	79	79	81	81	81	82	82	83	83	84	85	85	92	92	96	97	101	103	103	108	110	114	114	120	121	125	127	131	134	138	138	143	145	146	146	147	147	147	148	148	149	149	150	150	151	151	152	152	153	154	154	154	
156	156	155	154	154	153	153	152	152	152	151	150	150	150	149	149	148	148	147	147	146	146	145	145	139	139	138	131	125	127	121	121	115	115	114	108	107	103	103	97	96	92	92	86	85	85	83	83	82	83	82	82	81	80	79	79	78	78	77	77	76	76	76	75	74	74	74	75	75	76	76	77	77	77	78	78	79	79	81	81	81	82	82	83	83	84	85	85	92	92	96	97	101	103	103	108	110	114	114	120	121	125	127	131	134	138	138	143	145	146	146	147	147	147	148	148	149	149	150	150	151	151	152	152	153	154	154	154	
156	156	155	154	154	153	153	152	152	152	151	150	150	150	149	149	148	148	147	147	146	146	145	145	139	139	138	131	125	127	121	121	115	115	114	108	107	103	103	97	96	92	92	86	85	85	83	83	82	83	82	82	81	80	79	79	78	78	77	77	76	76	76	75	74	74	74	75	75	76	76	77	77	77	78	78	79	79	81	81	81	82	82	83	83	84	85	85	92	92	96	97	101	103	103	108	110	114	114	120	121	125	127	131	134	138	138	143	145	146	146	147	147	147	148	148	149	149	150	150	151	151	152	152	153	154	154	154	
156	156	156	155	154	154	154	153	153	152	152	151	151	150	149	149	148	148	147	147	146	146	145	145	141	140	140	133	127	127	121	121	116	116	114	109	107	103	103	98	96	92	91	85	84	84	82	82	81	81	80	80	79	79	78	78	77	77	76	76	75	75	74	74	73	72	73	74	74	75	75	76	76	76	77	77	78	78	79	80	80	80	81	81	82	82	84	84	92	91	96	96	102	102	103	109	110	114	114	120	121	127	127	133	135	140	140	145	145	146	146	147	147	147	148	148	149	149	150	150	152	152	153	153	154	154	154	155	
163	163	163	162	161	160	160	159	159	158	158	157	157	156	155	155	154	154	153	153	152	152	151	150	143	143	142	134	128	129	122	122	115	115	114	107	106	100	100	94	93	87	86	80	79	79	78	78	76	77	76	76	74	74	73	73	71	71	70	70	69	69	69	68	67	66	67	68	68	69	69	70	70	70	71	72	73	73	74	75	75	76	76	77	78	78	79	79	86	86	93	94	99	100	100	107	108	114	114	121	122	128	129	134	136	142	142	149	151	151	152	153	153	153	154	154	155	155	157	157	158	158	159	159	160	161	161	162	
163	163	163	162	161	160	160	159	159	158	158	157	157	156	155	155	154	154	153	153	152	152	151	150	143	143	142	134	128	129	122	122	115	115	114	107	106	100	100	94	93	87	86	80	79	79	78	78	76	77	76	76	74	74	73	73	71	71	70	70	69	69	69	68	67	66	67	68	68	69	69	70	70	70	71	72	73	73	74	75	75	76	76	77	78	78	79	79	86	86	93	94	99	100	100	107	108	114	114	121	122	128	129	134	136	142	142	149	151	151	152	153	153	153	154	154	155	155	157	157	158	158	159	159	160	161	161	162	
163	163	163	162	161	160	160	159	159	158	158	157	157	156	155	155	154	154	153	153	152	152	151	150	143	143	142	134	128	129	122	122	115	115	114	107	106	100	100	94	93	87	86	80	79	79	78	78	76	77	76	76	74	74	73	73	71	71	70	70	69	69	69	68	67	66	67	68	68	69	69	70	70	70	71	72	73	73	74	75	75	76	76	77	78	78	79	79	86	86	93	94	99	100	100	107	108	114	114	121	122	128	129	134	136	142	142	149	151	151	152	153	153	153	154	154	155	155	157	157	158	158	159	159	160	161	161	162	
164	164	163	162	161	161	161	160	160	159	158	157	157	157	156	155	155	154	153	153	152	152	151	151	144	144	144	135	128	128	123	121	116	116	114	107	106	100	100	95	93	88	85	79	78	78	77	76	75	75	74	74	73	73	71	71	70	70	69	69	68	68	67	66	65	65	65	66	66	68	68	69	69	69	70	70	71	71	73	74	74	74	75	75	77	77	78	78	86	85	93	93	99	100	100	107	109	114	114	121	123	128	128	135	137	144	142	151	151	152	152	153	153	153	155	155	156	156	157	157	158	158	159	160	161	161	161	162	
171	171	171	170	169	168	168	167	167	166	166	164	164	163	162	162	161	161	159	159	158	158	156	156	148	148	148	140	130	131	124	124	116	116	114	105	105	99	99	89	88	84	81	74	72	72	71	71	70	70	68	68	67	66	65	65	63	63	62	62	60	60	60	59	58	57	57	59	59	60	60	62	62	62	63	64	65	65	67	68	68	68	70	70	71	71	73	72	82	81	88	88	96	98	99	105	107	114	114	123	124	130	131	140	142	148	147	156	156	158	158	159	159	159	161	161	162	162	164	164	165	166	166	167	168	169	169	170	
171	171	171	169	168	168	168	166	166	165	165	164	164	163	162	162	161	161	159	159	158	158	156	156	148	148	146	139	129	131	124	124	115	115	114	106	104	99	99	89	87	83	82	75	73	73	72	72	71	71	69	69	68	68	66	66	64	64	63	63	62	61	61	60	59	59	59	60	60	61	61	63	63	63	64	65	66	66	68	69	69	69	71	71	72	72	74	73	82	82	87	89	97	99	99	106	107	114	114	122	124	129	131	139	142	146	146	155	156	157	158	159	159	159	161	161	162	162	163	163	165	165	166	166	168	168	168	169	
171	171	171	169	168	168	168	166	166	165	165	164	164	163	162	162	161	161	159	159	158	158	156	156	148	148	146	139	129	131	124	124	115	115	114	106	104	99	99	89	87	83	82	75	73	73	72	72	71	71	69	69	68	68	66	66	64	64	63	63	62	61	61	60	59	59	59	60	60	61	61	63	63	63	64	65	66	66	68	69	69	69	71	71	72	72	74	73	82	82	87	89	97	99	99	106	107	114	114	122	124	129	131	139	142	146	146	155	156	157	158	159	159	159	161	161	162	162	163	163	165	165	166	166	168	168	168	169	
171	171	171	169	168	168	168	166	166	165	165	164	164	163	162	162	161	161	159	159	158	158	156	156	148	148	146	139	129	131	124	124	115	115	114	106	104	99	99	89	87	83	82	75	73	73	72	72	71	71	69	69	68	68	66	66	64	64	63	63	62	61	61	60	59	59	59	60	60	61	61	63	63	63	64	65	66	66	68	69	69	69	71	71	72	72	74	73	82	82	87	89	97	99	99	106	107	114	114	122	124	129	131	139	142	146	146	155	156	157	158	159	159	159	161	161	162	162	163	163	165	165	166	166	168	168	168	169	
178	178	178	177	176	175	175	173	173	172	172	170	170	170	168	168	167	167	165	165	163	163	162	162	153	152	152	142	132	134	124	124	115	115	114	106	103	96	96	86	85	78	76	69	68	68	66	66	65	65	63	63	61	61	59	59	58	58	56	56	55	54	54	53	51	51	51	53	53	54	54	56	56	57	58	58	59	60	61	63	63	63	65	65	66	66	68	68	78	76	85	86	94	96	96	106	107	114	114	122	124	131	134	142	145	152	150	160	162	163	163	165	165	165	167	167	168	168	170	170	172	172	173	173	175	175	175	177	
180	180	180	178	177	177	177	175	175	173	173	172	172	171	170	170	168	168	166	166	165	165	163	163	153	153	152	142	132	133	124	124	115	115	114	105	103	96	96	86	84	77	76	69	68	68	66	66	64	65	63	63	61	61	59	59	58	58	56	56	54	54	54	52	51	51	51	52	53	54	54	56	56	56	58	58	59	59	61	63	63	63	64	65	66	66	68	68	76	76	84	86	94	96	96	105	107	114	114	122	124	131	133	142	145	152	152	161	163	164	165	166	166	167	168	168	170	170	171	171	173	173	175	175	176	177	177	178	
180	180	180	178	177	177	177	175	175	173	173	172	172	171	170	170	168	168	166	166	165	165	163	163	153	153	152	142	132	133	124	124	115	115	114	105	103	96	96	86	84	77	76	69	68	68	66	66	64	65	63	63	61	61	59	59	58	58	56	56	54	54	54	52	51	51	51	52	53	54	54	56	56	56	58	58	59	59	61	63	63	63	64	65	66	66	68	68	76	76	84	86	94	96	96	105	107	114	114	122	124	131	133	142	145	152	152	161	163	164	165	166	166	167	168	168	170	170	171	171	173	173	175	175	176	177	177	178	
180	180	180	178	177	177	177	175	175	173	173	172	172	171	170	170	168	168	166	166	165	165	163	163	153	153	152	142	132	133	124	124	115	115	114	105	103	96	96	86	84	77	76	69	68	68	66	66	64	65	63	63	61	61	59	59	58	58	56	56	54	54	54	52	51	51	51	52	53	54	54	56	56	56	58	58	59	59	61	63	63	63	64	65	66	66	68	68	76	76	84	86	94	96	96	105	107	114	114	122	124	131	133	142	145	152	152	161	163	164	165	166	166	167	168	168	170	170	171	171	173	173	175	175	176	177	177	178	
180	180	180	179	177	177	177	175	175	174	173	172	172	171	170	170	168	168	166	166	165	165	163	163	155	153	152	142	132	134	125	124	115	115	114	106	104	97	97	86	83	76	75	68	66	66	65	65	63	63	61	61	60	59	58	58	56	56	55	55	53	53	52	51	49	49	49	51	51	52	53	54	54	55	56	56	58	58	59	61	61	61	63	63	65	65	67	66	76	75	83	85	94	96	97	106	107	114	114	124	125	132	134	142	145	152	152	162	163	165	165	166	167	167	168	169	170	170	172	172	173	173	175	175	177	177	177	179	
187	187	186	185	183	183	183	180	181	179	179	177	177	177	175	175	173	173	171	171	169	170	168	168	158	156	155	145	134	135	127	126	117	116	114	103	102	95	96	84	81	74	72	64	61	61	59	59	57	58	55	55	54	53	51	51	50	50	48	48	46	46	46	44	42	42	42	44	44	46	46	48	48	48	50	50	51	52	54	55	55	55	57	58	59	59	61	63	74	72	81	82	93	95	95	103	106	114	114	124	127	134	135	145	148	155	155	166	168	169	170	171	171	172	173	174	175	175	177	177	179	179	180	181	182	183	183	185	
188	188	187	186	185	184	184	182	182	180	180	178	178	178	176	176	175	175	172	172	171	171	169	169	159	157	156	146	134	135	125	125	115	115	114	104	101	94	96	82	80	73	72	64	61	61	59	59	57	57	55	55	53	53	51	51	49	49	48	48	46	45	45	44	42	41	42	44	44	45	45	48	48	48	49	50	51	51	53	55	55	55	57	58	59	59	61	62	73	72	80	82	93	94	94	104	107	114	114	124	125	132	135	146	149	156	156	167	169	170	171	172	172	173	175	175	176	176	178	178	180	180	182	182	184	184	184	186	
188	188	187	186	185	184	184	182	182	180	180	178	178	178	176	176	175	175	172	172	171	171	169	169	159	157	156	146	134	135	125	125	115	115	114	104	101	94	96	82	80	73	72	64	61	61	59	59	57	57	55	55	53	53	51	51	49	49	48	48	46	45	45	44	42	41	42	44	44	45	45	48	48	48	49	50	51	51	53	55	55	55	57	58	59	59	61	62	73	72	80	82	93	94	94	104	107	114	114	124	125	132	135	146	149	156	156	167	169	170	171	172	172	173	175	175	176	176	178	178	180	180	182	182	184	184	184	186	
188	188	187	186	185	184	184	182	182	180	180	178	178	178	176	176	175	175	172	172	171	171	169	169	159	157	156	146	134	135	125	125	115	115	114	104	101	94	96	82	80	73	72	64	61	61	59	59	57	57	55	55	53	53	51	51	49	49	48	48	46	45	45	44	42	41	42	44	44	45	45	48	48	48	49	50	51	51	53	55	55	55	57	58	59	59	61	62	73	72	80	82	93	94	94	104	107	114	114	124	125	132	135	146	149	156	156	167	169	170	171	172	172	173	175	175	176	176	178	178	180	180	182	182	184	184	184	186	
187	187	186	185	183	183	183	180	180	179	179	177	177	177	175	175	174	173	171	171	169	170	168	168	158	156	155	145	133	134	126	124	116	116	114	105	103	96	96	84	81	74	72	64	61	61	59	59	57	58	55	55	54	53	51	51	50	50	48	48	46	46	46	44	42	42	42	44	44	46	46	48	48	48	50	50	51	52	53	55	55	55	57	58	59	59	61	63	74	72	81	82	93	95	96	105	107	114	114	124	126	133	134	145	148	155	155	166	168	169	170	171	171	172	174	174	175	175	177	177	179	179	180	181	182	183	183	185	
194	194	194	192	190	190	190	187	187	186	186	184	184	183	181	181	179	179	177	177	175	175	173	173	163	162	161	149	137	138	128	127	117	116	114	102	100	93	93	79	78	71	68	58	56	55	53	53	51	52	49	49	48	47	45	45	43	43	41	41	39	39	38	37	35	34	35	37	37	39	39	41	41	41	43	43	45	45	47	49	49	49	51	52	53	54	56	57	70	68	78	79	91	92	93	102	105	114	114	126	128	137	138	149	152	161	161	172	173	175	175	177	177	177	179	180	181	181	183	183	186	186	187	188	190	190	190	192	
196	196	195	193	192	191	191	189	189	187	187	185	185	184	183	183	181	180	178	179	176	176	175	174	164	163	162	149	138	139	127	127	117	115	114	103	101	93	93	79	78	71	68	57	55	55	53	53	51	51	49	49	47	47	45	44	43	43	41	41	39	38	38	36	34	34	34	36	36	38	38	40	40	41	43	43	45	45	47	49	49	49	51	51	53	53	56	55	69	68	78	79	90	92	93	103	104	114	114	125	127	136	139	149	152	162	162	173	175	176	176	178	179	179	181	181	183	183	185	185	187	187	189	189	191	192	192	193	
196	196	195	193	192	191	191	189	189	187	187	185	185	184	183	183	181	180	178	179	176	176	175	174	164	163	162	149	138	139	127	127	117	115	114	103	101	93	93	79	78	71	68	57	55	55	53	53	51	51	49	49	47	47	45	44	43	43	41	41	39	38	38	36	34	34	34	36	36	38	38	40	40	41	43	43	45	45	47	49	49	49	51	51	53	53	56	55	69	68	78	79	90	92	93	103	104	114	114	125	127	136	139	149	152	162	162	173	175	176	176	178	179	179	181	181	183	183	185	185	187	187	189	189	191	192	192	193	
196	196	195	193	192	191	191	189	189	187	187	185	185	184	183	183	181	180	178	179	176	176	175	174	164	163	162	149	138	139	127	127	117	115	114	103	101	93	93	79	78	71	68	57	55	55	53	53	51	51	49	49	47	47	45	44	43	43	41	41	39	38	38	36	34	34	34	36	36	38	38	40	40	41	43	43	45	45	47	49	49	49	51	51	53	53	56	55	69	68	78	79	90	92	93	103	104	114	114	125	127	136	139	149	152	162	162	173	175	176	176	178	179	179	181	181	183	183	185	185	187	187	189	189	191	192	192	193	
202	202	201	199	197	196	197	195	195	193	192	190	190	190	188	187	185	185	183	183	181	181	179	179	168	166	165	151	140	141	128	128	116	116	114	102	99	89	89	78	77	65	63	53	50	50	48	47	45	45	43	43	41	40	38	38	36	36	34	34	32	32	31	29	27	27	27	29	29	31	32	33	33	34	36	36	38	38	41	43	43	43	45	45	48	48	50	51	64	63	77	77	86	88	89	102	105	114	114	127	128	138	141	151	155	165	165	177	179	180	181	183	183	184	185	186	188	188	190	190	192	192	194	195	196	197	197	199	
203	203	203	201	199	198	198	196	196	194	194	192	192	191	189	189	187	186	184	185	182	182	180	180	167	167	166	152	141	142	128	128	115	115	114	101	99	87	89	78	75	64	62	51	50	50	47	47	45	45	43	43	41	40	38	38	36	36	33	33	31	31	31	29	27	26	27	29	29	31	31	33	33	34	36	36	38	38	41	43	43	43	45	45	47	48	50	50	64	62	75	76	86	87	87	101	103	114	114	127	128	139	142	152	155	166	166	178	180	182	182	184	185	185	187	187	189	189	191	191	194	194	196	196	198	199	199	201	
203	203	203	201	199	198	198	196	196	194	194	192	192	191	189	189	187	186	184	185	182	182	180	180	167	167	166	152	141	142	128	128	115	115	114	101	99	87	89	78	75	64	62	51	50	50	47	47	45	45	43	43	41	40	38	38	36	36	33	33	31	31	31	29	27	26	27	29	29	31	31	33	33	34	36	36	38	38	41	43	43	43	45	45	47	48	50	50	64	62	75	76	86	87	87	101	103	114	114	127	128	139	142	152	155	166	166	178	180	182	182	184	185	185	187	187	189	189	191	191	194	194	196	196	198	199	199	201	
203	203	203	201	199	198	198	196	196	194	194	192	192	191	189	189	187	186	184	185	182	182	180	180	167	167	166	152	141	142	128	128	115	115	114	101	99	87	89	78	75	64	62	51	50	50	47	47	45	45	43	43	41	40	38	38	36	36	33	33	31	31	31	29	27	26	27	29	29	31	31	33	33	34	36	36	38	38	41	43	43	43	45	45	47	48	50	50	64	62	75	76	86	87	87	101	103	114	114	127	128	139	142	152	155	166	166	178	180	182	182	184	185	185	187	187	189	189	191	191	194	194	196	196	198	199	199	201	
204	204	203	201	199	199	199	196	197	194	194	192	192	191	190	189	187	187	185	185	182	182	180	180	169	168	166	152	140	141	128	128	116	116	114	102	99	88	89	77	74	64	61	51	49	48	46	46	44	44	42	42	39	39	37	37	34	35	32	32	30	30	29	27	26	25	25	27	28	30	30	32	32	32	35	35	37	37	39	42	42	42	44	44	46	47	49	50	63	61	74	75	86	88	88	102	103	114	114	127	128	140	141	152	156	166	166	179	180	182	182	184	185	185	187	187	190	189	192	191	194	194	196	197	198	199	199	201	
212	212	212	210	208	207	207	204	205	202	202	200	200	199	197	197	194	194	192	192	189	189	187	187	173	171	170	156	142	143	129	129	115	115	114	100	97	86	87	72	70	59	58	45	44	44	41	41	39	39	37	37	34	34	31	31	29	29	26	26	24	24	23	21	19	18	19	21	21	24	24	26	26	27	29	29	31	31	34	36	36	37	39	39	41	42	44	44	59	58	70	72	84	86	86	100	103	114	114	128	129	140	143	156	159	170	170	185	187	189	189	192	192	192	194	195	197	197	199	199	202	202	204	205	207	207	207	210	
212	212	212	210	208	207	207	204	205	202	202	200	200	199	197	197	194	194	192	192	189	189	187	187	173	171	170	156	142	143	129	129	115	115	114	100	97	86	87	72	70	59	58	45	44	44	41	41	39	39	37	37	34	34	31	31	29	29	26	26	24	24	23	21	19	18	19	21	21	24	24	26	26	27	29	29	31	31	34	36	36	37	39	39	41	42	44	44	59	58	70	72	84	86	86	100	103	114	114	128	129	140	143	156	159	170	170	185	187	189	189	192	192	192	194	195	197	197	199	199	202	202	204	205	207	207	207	210	
212	212	212	210	208	207	207	204	205	202	202	200	200	199	197	197	194	194	192	192	189	189	187	187	173	171	170	156	142	143	129	129	115	115	114	100	97	86	87	72	70	59	58	45	44	44	41	41	39	39	37	37	34	34	31	31	29	29	26	26	24	24	23	21	19	18	19	21	21	24	24	26	26	27	29	29	31	31	34	36	36	37	39	39	41	42	44	44	59	58	70	72	84	86	86	100	103	114	114	128	129	140	143	156	159	170	170	185	187	189	189	192	192	192	194	195	197	197	199	199	202	202	204	205	207	207	207	210	
211	211	210	208	206	205	205	203	203	201	201	198	198	198	195	195	193	193	190	190	188	188	186	185	171	170	169	156	141	142	129	129	115	115	114	100	97	87	87	73	71	61	58	47	44	44	42	41	39	39	37	37	34	34	31	31	29	29	27	27	24	24	24	22	19	19	19	22	22	24	24	26	26	27	29	29	31	32	34	36	37	37	39	40	42	42	44	45	59	58	71	72	85	86	87	100	103	114	114	128	129	141	142	156	159	169	169	184	186	188	188	190	191	191	193	193	195	195	198	198	200	201	203	203	205	206	206	208	
219	219	218	216	214	213	213	210	210	208	208	205	205	205	202	202	199	199	197	197	194	194	192	191	177	176	175	159	145	147	131	130	116	116	114	100	96	85	85	70	68	57	53	40	37	37	35	34	32	32	29	29	27	26	23	23	21	21	18	18	16	15	15	13	10	10	10	13	13	15	15	18	18	19	21	21	23	24	26	29	29	29	32	32	35	35	38	39	54	53	68	70	82	84	85	100	103	114	114	128	131	142	147	159	163	175	175	190	192	194	194	196	197	197	199	200	202	202	205	205	207	208	210	211	213	213	213	216	
220	220	220	217	215	214	214	212	212	209	209	206	206	206	204	203	201	201	198	198	195	195	193	192	178	177	176	159	145	146	131	129	115	115	114	100	96	85	85	69	68	55	52	40	37	37	34	34	31	32	29	29	26	26	23	23	21	21	18	18	15	15	15	12	10	9	10	12	12	15	15	18	17	18	21	21	23	23	26	29	29	29	31	32	34	35	37	38	54	52	68	69	82	83	85	100	103	114	114	128	131	142	146	159	163	176	176	191	193	195	195	198	198	198	201	201	204	204	206	206	209	209	211	212	214	215	215	217	
220	220	220	217	215	214	214	212	212	209	209	206	206	206	204	203	201	201	198	198	195	195	193	192	178	177	176	159	145	146	131	129	115	115	114	100	96	85	85	69	68	55	52	40	37	37	34	34	31	32	29	29	26	26	23	23	21	21	18	18	15	15	15	12	10	9	10	12	12	15	15	18	17	18	21	21	23	23	26	29	29	29	31	32	34	35	37	38	54	52	68	69	82	83	85	100	103	114	114	128	131	142	146	159	163	176	176	191	193	195	195	198	198	198	201	201	204	204	206	206	209	209	211	212	214	215	215	217	
220	220	220	217	215	214	214	212	212	209	209	206	206	206	204	203	201	201	198	198	195	195	193	192	178	177	176	159	145	146	131	129	115	115	114	100	96	85	85	69	68	55	52	40	37	37	34	34	31	32	29	29	26	26	23	23	21	21	18	18	15	15	15	12	10	9	10	12	12	15	15	18	17	18	21	21	23	23	26	29	29	29	31	32	34	35	37	38	54	52	68	69	82	83	85	100	103	114	114	128	131	142	146	159	163	176	176	191	193	195	195	198	198	198	201	201	204	204	206	206	209	209	211	212	214	215	215	217	
219	219	218	216	214	213	213	210	210	208	208	205	205	205	203	202	200	199	197	197	194	194	192	191	177	176	175	158	144	145	131	130	116	116	114	100	96	85	85	71	68	56	53	40	37	37	35	34	32	32	29	29	27	26	23	23	21	21	18	18	16	16	15	13	10	10	10	13	13	15	16	18	18	19	21	21	23	24	26	29	29	29	32	32	35	35	38	39	54	53	68	70	82	84	85	100	103	114	114	128	131	142	145	158	163	175	175	190	192	194	194	196	197	197	200	200	203	202	205	205	207	208	210	211	213	213	213	216	
226	226	226	223	221	220	220	217	217	215	215	212	212	211	209	208	206	205	202	202	199	200	197	198	183	180	180	163	147	148	133	131	117	116	114	98	95	84	84	65	63	51	49	36	32	31	29	28	26	26	23	23	20	19	17	16	14	14	11	11	8	8	7	5	3	2	2	5	5	8	8	11	11	12	14	14	17	17	20	22	23	23	26	26	29	29	32	33	50	49	63	64	79	82	84	98	102	114	114	130	133	144	148	163	169	180	179	196	197	199	200	202	203	203	206	206	209	209	211	211	214	215	217	218	220	221	221	223	
228	228	227	225	223	222	222	219	219	216	216	213	213	212	210	210	207	207	204	204	201	201	198	198	183	181	180	163	146	148	132	131	117	115	114	99	94	83	83	65	62	51	48	34	31	31	28	28	26	26	23	23	20	19	16	16	14	14	11	11	8	7	7	5	2	1	2	5	5	7	7	10	10	11	14	14	16	17	20	22	22	23	26	26	28	29	32	33	50	48	62	64	79	82	83	99	101	114	114	129	132	143	148	163	169	180	180	197	198	201	201	203	204	204	207	207	210	210	213	213	216	216	218	219	222	222	222	225	
228	228	227	225	223	222	222	219	219	216	216	213	213	212	210	210	207	207	204	204	201	201	198	198	183	181	180	163	146	148	132	131	117	115	114	99	94	83	83	65	62	51	48	34	31	31	28	28	26	26	23	23	20	19	16	16	14	14	11	11	8	7	7	5	2	1	2	5	5	7	7	10	10	11	14	14	16	17	20	22	22	23	26	26	28	29	32	33	50	48	62	64	79	82	83	99	101	114	114	129	132	143	148	163	169	180	180	197	198	201	201	203	204	204	207	207	210	210	213	213	216	216	218	219	222	222	222	225	
228	228	227	225	223	222	222	219	219	216	216	213	213	212	210	210	207	207	204	204	201	201	198	198	183	181	180	163	146	148	132	131	117	115	114	99	94	83	83	65	62	51	48	34	31	31	28	28	26	26	23	23	20	19	16	16	14	14	11	11	8	7	7	5	2	1	2	5	5	7	7	10	10	11	14	14	16	17	20	22	22	23	26	26	28	29	32	33	50	48	62	64	79	82	83	99	101	114	114	129	132	143	148	163	169	180	180	197	198	201	201	203	204	204	207	207	210	210	213	213	216	216	218	219	222	222	222	225	
234	234	233	231	228	227	227	224	224	222	221	219	218	218	215	215	212	212	208	208	205	206	203	204	189	186	184	166	148	149	134	133	117	116	113	98	93	82	82	64	60	49	44	30	26	26	23	22	20	20	17	17	14	13	10	10	7	7	4	4	1	1	0	0	0	0	0	0	0	0	1	4	4	5	7	8	10	11	14	16	16	17	20	20	23	23	26	29	47	44	60	61	78	81	82	98	100	113	114	131	134	147	149	166	172	184	184	201	203	205	206	208	209	209	212	212	215	215	218	218	221	221	224	225	227	228	228	231	
236	236	235	233	230	229	229	226	226	223	223	220	220	219	217	216	213	213	210	210	206	207	204	205	190	187	186	166	149	151	134	133	117	116	113	96	93	81	81	63	58	47	43	28	25	24	21	21	18	19	15	15	12	11	8	8	5	5	3	2	0	0	0	0	0	0	0	0	0	0	0	2	2	3	5	6	8	9	12	15	15	15	18	19	21	22	25	26	46	43	58	60	77	79	81	96	100	113	114	131	134	147	151	166	172	186	186	203	204	206	207	210	210	211	213	214	217	217	219	219	223	223	226	226	229	230	230	233	
235	235	235	232	230	229	229	226	226	223	223	220	220	219	216	216	213	213	210	210	206	207	204	204	188	187	184	166	149	150	134	132	117	115	113	97	93	80	80	62	59	47	44	29	26	26	23	22	20	20	17	17	14	13	10	10	7	7	4	4	1	0	0	0	0	0	0	0	0	0	0	3	3	4	7	8	10	10	13	16	16	17	20	20	23	23	26	27	45	44	59	61	76	79	80	97	100	113	114	131	134	146	150	166	171	184	185	202	204	206	207	209	210	210	213	214	216	216	219	219	222	223	225	226	229	229	229	232	
235	235	235	232	230	229	229	226	226	223	223	220	220	219	216	216	213	213	210	210	206	207	204	204	188	187	184	166	149	150	134	132	117	115	113	97	93	80	80	62	59	47	44	29	26	26	23	22	20	20	17	17	14	13	10	10	7	7	4	4	1	0	0	0	0	0	0	0	0	0	0	3	3	4	7	8	10	10	13	16	16	17	20	20	23	23	26	27	45	44	59	61	76	79	80	97	100	113	114	131	134	146	150	166	171	184	185	202	204	206	207	209	210	210	213	214	216	216	219	219	222	223	225	226	229	229	229	232	
236	236	235	233	230	229	229	226	226	223	223	220	220	219	217	216	213	213	210	210	206	207	204	204	189	187	186	166	149	151	134	133	117	116	113	98	93	81	81	63	60	47	43	28	25	24	21	21	18	18	15	15	12	11	8	8	5	6	3	2	0	0	0	0	0	0	0	0	0	0	0	2	2	3	6	6	8	9	12	15	15	15	18	19	21	22	25	26	46	43	60	61	77	79	81	98	100	113	114	130	134	147	151	166	172	186	186	203	204	206	207	210	210	211	213	214	217	217	219	219	223	223	226	226	229	230	230	233	
243	243	243	240	237	236	236	233	233	230	230	227	226	226	223	222	219	219	216	216	212	213	210	211	192	190	188	169	152	153	135	134	117	115	113	94	92	78	78	59	55	41	38	23	20	20	17	17	14	14	11	11	7	7	3	3	0	0	0	0	0	0	0	0	0	0	0	0	0	0	0	0	0	0	0	1	3	4	7	10	10	11	14	14	17	17	21	22	41	38	55	58	73	76	78	94	99	113	114	131	135	149	153	169	174	188	188	208	210	212	213	216	216	217	219	220	223	223	226	226	229	230	233	233	236	237	237	240	
244	244	244	241	238	237	237	234	234	231	231	228	228	227	224	224	221	220	217	217	214	214	211	210	192	191	188	168	152	153	135	133	117	115	112	96	91	77	77	59	55	41	38	23	20	20	17	17	13	14	11	10	7	6	3	3	0	0	0	0	0	0	0	0	0	0	0	0	0	0	0	0	0	0	0	1	3	4	7	10	10	11	13	14	17	17	20	21	40	38	55	58	73	76	77	96	98	112	114	131	135	149	153	168	174	188	189	208	211	213	214	217	217	218	221	221	224	224	227	227	231	231	234	234	237	238	238	241	
244	244	244	241	238	237	237	234	234	231	231	228	228	227	224	224	221	220	217	217	214	214	211	210	192	191	188	168	152	153	135	133	117	115	112	96	91	77	77	59	55	41	38	23	20	20	17	17	13	14	11	10	7	6	3	3	0	0	0	0	0	0	0	0	0	0	0	0	0	0	0	0	0	0	0	1	3	4	7	10	10	11	13	14	17	17	20	21	40	38	55	58	73	76	77	96	98	112	114	131	135	149	153	168	174	188	189	208	211	213	214	217	217	218	221	221	224	224	227	227	231	231	234	234	237	238	238	241	
243	243	242	240	237	236	236	233	233	230	230	227	226	226	223	222	220	219	216	216	212	213	210	211	191	190	188	169	150	152	135	134	117	115	113	96	92	78	78	59	57	43	38	24	20	20	17	17	14	14	11	11	7	7	3	3	0	0	0	0	0	0	0	0	0	0	0	0	0	0	0	0	0	0	0	1	3	4	7	10	10	11	14	14	17	17	21	23	41	38	57	58	73	76	78	96	99	113	114	131	135	149	152	169	174	188	188	208	210	212	213	216	216	217	220	220	223	223	226	226	229	230	233	233	236	237	237	240	
245	245	244	242	239	238	238	234	234	232	231	228	228	227	224	224	221	221	217	217	214	214	211	212	192	191	190	170	152	153	135	134	117	115	113	96	92	78	78	58	55	41	37	22	19	19	15	15	12	12	9	9	6	5	2	1	0	0	0	0	0	0	0	0	0	0	0	0	0	0	0	0	0	0	0	0	2	2	5	8	9	9	12	13	16	16	19	20	40	37	55	57	73	76	78	96	99	113	114	131	135	149	153	170	176	190	190	209	211	213	214	217	218	218	221	221	224	224	227	227	231	231	234	235	238	238	238	242	
253	253	252	249	246	245	245	241	241	239	238	235	235	234	231	230	227	227	223	223	220	220	217	216	197	195	192	173	153	155	136	135	117	115	113	94	90	76	76	55	51	37	34	17	13	13	10	9	6	6	3	3	0	0	0	0	0	0	0	0	0	0	0	0	0	0	0	0	0	0	0	0	0	0	0	0	0	0	0	2	2	3	6	7	10	10	14	15	36	34	51	54	72	75	76	94	99	113	114	132	136	150	155	173	178	192	194	213	217	219	220	223	224	224	227	228	231	231	234	234	238	238	241	242	245	246	246	249	
253	253	252	249	246	245	245	241	241	239	238	235	235	234	231	230	227	227	223	223	220	220	217	216	197	195	192	173	153	155	136	135	117	115	113	94	90	76	76	55	51	37	34	17	13	13	10	9	6	6	3	3	0	0	0	0	0	0	0	0	0	0	0	0	0	0	0	0	0	0	0	0	0	0	0	0	0	0	0	2	2	3	6	7	10	10	14	15	36	34	51	54	72	75	76	94	99	113	114	132	136	150	155	173	178	192	194	213	217	219	220	223	224	224	227	228	231	231	234	234	238	238	241	242	245	246	246	249	
253	253	252	249	246	245	245	241	241	239	238	235	235	234	231	230	227	227	223	223	220	220	217	216	197	195	192	173	153	155	136	135	117	115	113	94	90	76	76	55	51	37	34	17	13	13	10	9	6	6	3	3	0	0	0	0	0	0	0	0	0	0	0	0	0	0	0	0	0	0	0	0	0	0	0	0	0	0	0	2	2	3	6	7	10	10	14	15	36	34	51	54	72	75	76	94	99	113	114	132	136	150	155	173	178	192	194	213	217	219	220	223	224	224	227	228	231	231	234	234	238	238	241	242	245	246	246	249	
253	253	252	249	246	245	245	242	242	239	238	235	235	234	231	231	228	227	224	224	220	220	217	218	197	196	194	173	154	155	137	135	117	116	113	95	91	77	77	56	51	37	33	16	12	12	8	8	5	5	1	1	0	0	0	0	0	0	0	0	0	0	0	0	0	0	0	0	0	0	0	0	0	0	0	0	0	0	0	1	1	1	5	5	8	9	12	14	36	33	51	54	72	75	77	95	99	113	114	133	137	151	155	173	180	194	194	215	217	220	220	223	224	224	228	228	231	231	234	234	238	238	241	242	245	246	246	249	
255	255	255	255	254	252	253	249	249	245	245	242	241	241	238	237	234	233	229	230	225	226	222	224	203	201	200	176	156	158	137	135	117	116	113	95	91	74	74	51	49	32	28	11	7	6	3	3	0	0	0	0	0	0	0	0	0	0	0	0	0	0	0	0	0	0	0	0	0	0	0	0	0	0	0	0	0	0	0	0	0	0	0	0	3	3	7	8	30	28	49	50	70	72	74	95	99	113	114	133	137	154	158	176	183	200	200	221	222	225	226	229	230	230	234	234	238	238	241	241	245	245	248	249	252	253	253	255	
255	255	255	255	253	252	252	248	248	245	245	241	241	240	237	237	233	233	229	229	225	226	222	222	202	201	199	176	156	157	136	135	117	115	113	94	90	73	73	52	50	33	29	12	8	7	4	4	0	0	0	0	0	0	0	0	0	0	0	0	0	0	0	0	0	0	0	0	0	0	0	0	0	0	0	0	0	0	0	0	0	0	0	1	4	4	8	9	30	29	50	51	69	72	73	94	99	113	114	132	136	153	157	176	183	199	199	219	222	225	226	229	230	230	233	234	237	237	241	241	244	245	248	249	252	253	253	255	
255	255	255	255	253	252	252	248	248	245	245	241	241	240	237	237	233	233	229	229	225	226	222	222	202	201	199	176	156	157	136	135	117	115	113	94	90	73	73	52	50	33	29	12	8	7	4	4	0	0	0	0	0	0	0	0	0	0	0	0	0	0	0	0	0	0	0	0	0	0	0	0	0	0	0	0	0	0	0	0	0	0	0	1	4	4	8	9	30	29	50	51	69	72	73	94	99	113	114	132	136	153	157	176	183	199	199	219	222	225	226	229	230	230	233	234	237	237	241	241	244	245	248	249	252	253	253	255	
255	255	255	255	253	252	252	248	248	245	245	241	241	240	237	237	233	233	229	229	225	226	222	222	202	201	199	176	156	157	136	135	117	115	113	94	90	73	73	52	50	33	29	12	8	7	4	4	0	0	0	0	0	0	0	0	0	0	0	0	0	0	0	0	0	0	0	0	0	0	0	0	0	0	0	0	0	0	0	0	0	0	0	1	4	4	8	9	30	29	50	51	69	72	73	94	99	113	114	132	136	153	157	176	183	199	199	219	222	225	226	229	230	230	233	234	237	237	241	241	244	245	248	249	252	253	253	255	
255	255	255	255	254	252	253	248	249	245	245	242	241	241	238	237	234	233	229	230	225	226	222	224	203	201	200	176	155	156	135	135	117	116	113	95	91	74	75	51	49	32	28	11	7	6	3	3	0	0	0	0	0	0	0	0	0	0	0	0	0	0	0	0	0	0	0	0	0	0	0	0	0	0	0	0	0	0	0	0	0	0	0	0	3	3	7	8	30	28	49	50	71	74	74	95	99	113	114	133	135	152	156	176	183	200	200	221	222	225	226	229	230	230	234	234	238	238	241	241	245	245	248	249	252	253	253	255	
255	255	255	255	255	255	255	255	255	252	252	248	248	247	244	243	240	239	235	235	231	232	228	229	207	205	204	180	158	159	138	138	117	116	113	92	88	71	72	49	44	28	23	5	1	1	0	0	0	0	0	0	0	0	0	0	0	0	0	0	0	0	0	0	0	0	0	0	0	0	0	0	0	0	0	0	0	0	0	0	0	0	0	0	0	0	1	2	26	23	44	46	68	71	71	92	96	113	114	135	138	155	159	180	187	204	204	226	228	231	232	235	236	236	240	240	244	244	247	247	251	252	255	255	255	255	255	255	
255	255	255	255	255	255	255	255	255	252	251	248	248	247	244	243	240	239	235	235	231	231	228	229	206	205	204	180	156	159	138	136	117	115	114	93	89	72	73	48	45	29	24	6	2	2	0	0	0	0	0	0	0	0	0	0	0	0	0	0	0	0	0	0	0	0	0	0	0	0	0	0	0	0	0	0	0	0	0	0	0	0	0	0	0	0	2	3	27	24	45	45	68	72	72	93	97	114	114	134	138	155	159	180	187	204	204	226	228	231	231	235	235	236	240	240	244	244	247	247	251	251	255	255	255	255	255	255	
255	255	255	255	255	255	255	255	255	252	251	248	248	247	244	243	240	239	235	235	231	231	228	229	206	205	204	180	156	159	138	136	117	115	114	93	89	72	73	48	45	29	24	6	2	2	0	0	0	0	0	0	0	0	0	0	0	0	0	0	0	0	0	0	0	0	0	0	0	0	0	0	0	0	0	0	0	0	0	0	0	0	0	0	0	0	2	3	27	24	45	45	68	72	72	93	97	114	114	134	138	155	159	180	187	204	204	226	228	231	231	235	235	236	240	240	244	244	247	247	251	251	255	255	255	255	255	255	
255	255	255	255	255	255	255	255	255	252	251	248	248	247	244	243	240	239	235	235	231	231	228	229	206	205	204	180	156	159	138	136	117	115	114	93	89	72	73	48	45	29	24	6	2	2	0	0	0	0	0	0	0	0	0	0	0	0	0	0	0	0	0	0	0	0	0	0	0	0	0	0	0	0	0	0	0	0	0	0	0	0	0	0	0	0	2	3	27	24	45	45	68	72	72	93	97	114	114	134	138	155	159	180	187	204	204	226	228	231	231	235	235	236	240	240	244	244	247	247	251	251	255	255	255	255	255	255	
255	255	255	255	255	255	255	255	255	255	255	255	255	253	250	249	246	245	241	241	237	237	234	234	212	209	206	183	160	162	141	141	117	114	113	90	87	69	71	45	41	24	20	1	0	0	0	0	0	0	0	0	0	0	0	0	0	0	0	0	0	0	0	0	0	0	0	0	0	0	0	0	0	0	0	0	0	0	0	0	0	0	0	0	0	0	0	0	23	20	41	43	65	69	69	90	96	113	113	136	141	157	162	183	190	206	208	230	234	237	237	241	242	242	246	246	250	250	254	254	255	255	255	255	255	255	255	255	
255	255	255	255	255	255	255	255	255	255	255	255	255	255	251	250	247	247	242	242	238	238	235	236	212	209	208	184	160	163	140	140	117	114	112	91	87	69	70	45	41	24	20	0	0	0	0	0	0	0	0	0	0	0	0	0	0	0	0	0	0	0	0	0	0	0	0	0	0	0	0	0	0	0	0	0	0	0	0	0	0	0	0	0	0	0	0	0	23	20	41	42	65	69	69	91	96	112	112	136	140	159	163	184	191	208	208	231	235	238	238	242	243	243	247	247	251	251	255	255	255	255	255	255	255	255	255	255	
255	255	255	255	255	255	255	255	255	255	255	255	255	255	251	250	247	247	242	242	238	238	235	236	212	209	208	184	160	163	140	140	117	114	112	91	87	69	70	45	41	24	20	0	0	0	0	0	0	0	0	0	0	0	0	0	0	0	0	0	0	0	0	0	0	0	0	0	0	0	0	0	0	0	0	0	0	0	0	0	0	0	0	0	0	0	0	0	23	20	41	42	65	69	69	91	96	112	112	136	140	159	163	184	191	208	208	231	235	238	238	242	243	243	247	247	251	251	255	255	255	255	255	255	255	255	255	255	
255	255	255	255	255	255	255	255	255	255	255	255	255	255	251	250	247	247	242	242	238	238	235	236	212	209	208	184	160	163	140	140	117	114	112	91	87	69	70	45	41	24	20	0	0	0	0	0	0	0	0	0	0	0	0	0	0	0	0	0	0	0	0	0	0	0	0	0	0	0	0	0	0	0	0	0	0	0	0	0	0	0	0	0	0	0	0	0	23	20	41	42	65	69	69	91	96	112	112	136	140	159	163	184	191	208	208	231	235	238	238	242	243	243	247	247	251	251	255	255	255	255	255	255	255	255	255	255	
255	255	255	255	255	255	255	255	255	255	255	255	255	255	251	251	247	247	242	242	238	239	235	236	213	211	208	184	162	163	141	141	117	114	113	90	87	69	69	45	40	23	19	0	0	0	0	0	0	0	0	0	0	0	0	0	0	0	0	0	0	0	0	0	0	0	0	0	0	0	0	0	0	0	0	0	0	0	0	0	0	0	0	0	0	0	0	0	22	19	40	43	64	68	69	90	96	113	113	136	141	159	163	184	191	208	209	232	235	238	239	242	243	243	247	248	252	251	255	255	255	255	255	255	255	255	255	255	
255	255	255	255	255	255	255	255	255	255	255	255	255	255	255	255	253	253	249	249	244	245	241	241	216	213	212	187	163	166	142	142	117	114	113	89	83	65	66	41	37	19	15	0	0	0	0	0	0	0	0	0	0	0	0	0	0	0	0	0	0	0	0	0	0	0	0	0	0	0	0	0	0	0	0	0	0	0	0	0	0	0	0	0	0	0	0	0	17	15	37	38	61	65	65	89	93	113	113	138	142	160	166	187	194	212	212	237	241	244	245	248	249	250	254	254	255	255	255	255	255	255	255	255	255	255	255	255	
255	255	255	255	255	255	255	255	255	255	255	255	255	255	255	255	253	253	249	249	244	245	241	241	216	213	212	187	163	166	142	142	117	114	113	89	83	65	66	41	37	19	15	0	0	0	0	0	0	0	0	0	0	0	0	0	0	0	0	0	0	0	0	0	0	0	0	0	0	0	0	0	0	0	0	0	0	0	0	0	0	0	0	0	0	0	0	0	17	15	37	38	61	65	65	89	93	113	113	138	142	160	166	187	194	212	212	237	241	244	245	248	249	250	254	254	255	255	255	255	255	255	255	255	255	255	255	255	
255	255	255	255	255	255	255	255	255	255	255	255	255	255	255	255	253	253	249	249	244	245	241	241	216	213	212	187	163	166	142	142	117	114	113	89	83	65	66	41	37	19	15	0	0	0	0	0	0	0	0	0	0	0	0	0	0	0	0	0	0	0	0	0	0	0	0	0	0	0	0	0	0	0	0	0	0	0	0	0	0	0	0	0	0	0	0	0	17	15	37	38	61	65	65	89	93	113	113	138	142	160	166	187	194	212	212	237	241	244	245	248	249	250	254	254	255	255	255	255	255	255	255	255	255	255	255	255	
255	255	255	255	255	255	255	255	255	255	255	255	255	255	255	255	254	253	249	249	244	245	241	242	218	215	212	187	163	165	142	141	117	114	113	89	84	65	67	42	36	19	14	0	0	0	0	0	0	0	0	0	0	0	0	0	0	0	0	0	0	0	0	0	0	0	0	0	0	0	0	0	0	0	0	0	0	0	0	0	0	0	0	0	0	0	0	0	16	14	36	39	61	65	65	89	93	113	113	138	142	161	165	187	196	212	214	238	241	244	245	248	249	250	254	254	255	255	255	255	255	255	255	255	255	255	255	255	
255	255	255	255	255	255	255	255	255	255	255	255	255	255	255	255	255	255	255	255	250	251	246	247	222	219	217	191	165	168	144	144	117	114	113	86	82	64	64	37	32	15	9	0	0	0	0	0	0	0	0	0	0	0	0	0	0	0	0	0	0	0	0	0	0	0	0	0	0	0	0	0	0	0	0	0	0	0	0	0	0	0	0	0	0	0	0	0	12	9	32	35	60	63	64	86	92	113	113	140	144	162	168	191	200	217	218	243	246	250	251	254	255	255	255	255	255	255	255	255	255	255	255	255	255	255	255	255	
255	255	255	255	255	255	255	255	255	255	255	255	255	255	255	255	255	255	254	255	250	250	246	247	220	218	216	190	164	167	143	143	117	114	113	87	82	64	65	37	33	15	10	0	0	0	0	0	0	0	0	0	0	0	0	0	0	0	0	0	0	0	0	0	0	0	0	0	0	0	0	0	0	0	0	0	0	0	0	0	0	0	0	0	0	0	0	0	13	10	33	34	59	64	64	87	92	113	113	139	143	162	167	190	198	216	216	243	246	250	250	254	255	255	255	255	255	255	255	255	255	255	255	255	255	255	255	255	
255	255	255	255	255	255	255	255	255	255	255	255	255	255	255	255	255	255	254	255	250	250	246	247	220	218	216	190	164	167	143	143	117	114	113	87	82	64	65	37	33	15	10	0	0	0	0	0	0	0	0	0	0	0	0	0	0	0	0	0	0	0	0	0	0	0	0	0	0	0	0	0	0	0	0	0	0	0	0	0	0	0	0	0	0	0	0	0	13	10	33	34	59	64	64	87	92	113	113	139	143	162	167	190	198	216	216	243	246	250	250	254	255	255	255	255	255	255	255	255	255	255	255	255	255	255	255	255	
255	255	255	255	255	255	255	255	255	255	255	255	255	255	255	255	255	255	254	255	250	250	246	247	220	218	216	190	164	167	143	143	117	114	113	87	82	64	65	37	33	15	10	0	0	0	0	0	0	0	0	0	0	0	0	0	0	0	0	0	0	0	0	0	0	0	0	0	0	0	0	0	0	0	0	0	0	0	0	0	0	0	0	0	0	0	0	0	13	10	33	34	59	64	64	87	92	113	113	139	143	162	167	190	198	216	216	243	246	250	250	254	255	255	255	255	255	255	255	255	255	255	255	255	255	255	255	255	
255	255	255	255	255	255	255	255	255	255	255	255	255	255	255	255	255	255	255	255	250	251	246	247	222	219	217	190	165	168	144	144	117	114	113	88	82	64	65	37	33	15	9	0	0	0	0	0	0	0	0	0	0	0	0	0	0	0	0	0	0	0	0	0	0	0	0	0	0	0	0	0	0	0	0	0	0	0	0	0	0	0	0	0	0	0	0	0	12	9	33	35	60	64	64	88	92	113	113	140	144	162	168	190	198	217	218	243	246	250	251	254	255	255	255	255	255	255	255	255	255	255	255	255	255	255	255	255	
255	255	255	255	255	255	255	255	255	255	255	255	255	255	255	255	255	255	255	255	254	255	251	252	226	224	222	193	168	169	144	144	117	114	113	88	82	63	63	36	32	11	5	0	0	0	0	0	0	0	0	0	0	0	0	0	0	0	0	0	0	0	0	0	0	0	0	0	0	0	0	0	0	0	0	0	0	0	0	0	0	0	0	0	0	0	0	0	8	5	32	33	58	61	63	88	92	113	113	140	144	165	169	193	201	222	222	247	251	254	255	255	255	255	255	255	255	255	255	255	255	255	255	255	255	255	255	255	
255	255	255	255	255	255	255	255	255	255	255	255	255	255	255	255	255	255	255	255	255	255	252	253	226	223	222	192	167	170	143	143	117	114	113	87	82	61	62	34	30	9	5	0	0	0	0	0	0	0	0	0	0	0	0	0	0	0	0	0	0	0	0	0	0	0	0	0	0	0	0	0	0	0	0	0	0	0	0	0	0	0	0	0	0	0	0	0	8	5	30	31	57	61	61	87	92	113	113	139	143	164	170	192	201	222	222	248	252	255	255	255	255	255	255	255	255	255	255	255	255	255	255	255	255	255	255	255	
255	255	255	255	255	255	255	255	255	255	255	255	255	255	255	255	255	255	255	255	255	255	252	253	226	223	222	192	167	170	143	143	117	114	113	87	82	61	62	34	30	9	5	0	0	0	0	0	0	0	0	0	0	0	0	0	0	0	0	0	0	0	0	0	0	0	0	0	0	0	0	0	0	0	0	0	0	0	0	0	0	0	0	0	0	0	0	0	8	5	30	31	57	61	61	87	92	113	113	139	143	164	170	192	201	222	222	248	252	255	255	255	255	255	255	255	255	255	255	255	255	255	255	255	255	255	255	255	
255	255	255	255	255	255	255	255	255	255	255	255	255	255	255	255	255	255	255	255	255	255	252	253	226	223	222	192	167	170	143	143	117	114	113	87	82	61	62	34	30	9	5	0	0	0	0	0	0	0	0	0	0	0	0	0	0	0	0	0	0	0	0	0	0	0	0	0	0	0	0	0	0	0	0	0	0	0	0	0	0	0	0	0	0	0	0	0	8	5	30	31	57	61	61	87	92	113	113	139	143	164	170	192	201	222	222	248	252	255	255	255	255	255	255	255	255	255	255	255	255	255	255	255	255	255	255	255	
255	255	255	255	255	255	255	255	255	255	255	255	255	255	255	255	255	255	255	255	255	255	252	253	226	224	222	194	168	169	144	142	117	114	113	88	82	61	63	35	30	9	4	0	0	0	0	0	0	0	0	0	0	0	0	0	0	0	0	0	0	0	0	0	0	0	0	0	0	0	0	0	0	0	0	0	0	0	0	0	0	0	0	0	0	0	0	0	7	4	30	32	57	61	61	88	92	113	113	140	144	165	169	194	201	222	222	249	252	255	255	255	255	255	255	255	255	255	255	255	255	255	255	255	255	255	255	255	
255	255	255	255	255	255	255	255	255	255	255	255	255	255	255	255	255	255	255	255	255	255	255	255	231	227	226	196	168	171	145	145	117	114	112	86	80	59	61	31	26	5	0	0	0	0	0	0	0	0	0	0	0	0	0	0	0	0	0	0	0	0	0	0	0	0	0	0	0	0	0	0	0	0	0	0	0	0	0	0	0	0	0	0	0	0	0	0	3	0	26	27	55	59	59	86	91	112	112	140	145	166	171	196	205	226	226	255	255	255	255	255	255	255	255	255	255	255	255	255	255	255	255	255	255	255	255	255	
255	255	255	255	255	255	255	255	255	255	255	255	255	255	255	255	255	255	255	255	255	255	255	255	231	227	226	196	168	171	145	145	117	114	112	86	80	59	61	31	26	5	0	0	0	0	0	0	0	0	0	0	0	0	0	0	0	0	0	0	0	0	0	0	0	0	0	0	0	0	0	0	0	0	0	0	0	0	0	0	0	0	0	0	0	0	0	0	3	0	26	27	55	59	59	86	91	112	112	140	145	166	171	196	205	226	226	255	255	255	255	255	255	255	255	255	255	255	255	255	255	255	255	255	255	255	255	255	
255	255	255	255	255	255	255	255	255	255	255	255	255	255	255	255	255	255	255	255	255	255	255	255	231	227	226	196	168	171	145	145	117	114	112	86	80	59	61	31	26	5	0	0	0	0	0	0	0	0	0	0	0	0	0	0	0	0	0	0	0	0	0	0	0	0	0	0	0	0	0	0	0	0	0	0	0	0	0	0	0	0	0	0	0	0	0	0	3	0	26	27	55	59	59	86	91	112	112	140	145	166	171	196	205	226	226	255	255	255	255	255	255	255	255	255	255	255	255	255	255	255	255	255	255	255	255	255	
255	255	255	255	255	255	255	255	255	255	255	255	255	255	255	255	255	255	255	255	255	255	255	255	230	226	226	197	169	170	145	143	117	114	113	86	80	59	61	31	26	5	1	0	0	0	0	0	0	0	0	0	0	0	0	0	0	0	0	0	0	0	0	0	0	0	0	0	0	0	0	0	0	0	0	0	0	0	0	0	0	0	0	0	0	0	0	0	3	1	26	27	55	59	59	86	92	113	113	141	145	166	170	197	205	226	225	254	255	255	255	255	255	255	255	255	255	255	255	255	255	255	255	255	255	255	255	255	
255	255	255	255	255	255	255	255	255	255	255	255	255	255	255	255	255	255	255	255	255	255	255	255	236	232	231	200	172	175	148	147	119	114	112	84	79	58	58	29	23	2	0	0	0	0	0	0	0	0	0	0	0	0	0	0	0	0	0	0	0	0	0	0	0	0	0	0	0	0	0	0	0	0	0	0	0	0	0	0	0	0	0	0	0	0	0	0	0	0	23	25	53	57	58	84	91	112	113	142	148	169	175	200	210	231	231	255	255	255	255	255	255	255	255	255	255	255	255	255	255	255	255	255	255	255	255	255	
255	255	255	255	255	255	255	255	255	255	255	255	255	255	255	255	255	255	255	255	255	255	255	255	237	233	230	199	171	174	148	146	118	114	111	85	79	58	58	29	23	2	0	0	0	0	0	0	0	0	0	0	0	0	0	0	0	0	0	0	0	0	0	0	0	0	0	0	0	0	0	0	0	0	0	0	0	0	0	0	0	0	0	0	0	0	0	0	0	0	23	24	52	57	58	85	90	111	113	142	148	169	174	199	209	230	232	255	255	255	255	255	255	255	255	255	255	255	255	255	255	255	255	255	255	255	255	255	
255	255	255	255	255	255	255	255	255	255	255	255	255	255	255	255	255	255	255	255	255	255	255	255	237	233	230	199	171	174	148	146	118	114	111	85	79	58	58	29	23	2	0	0	0	0	0	0	0	0	0	0	0	0	0	0	0	0	0	0	0	0	0	0	0	0	0	0	0	0	0	0	0	0	0	0	0	0	0	0	0	0	0	0	0	0	0	0	0	0	23	24	52	57	58	85	90	111	113	142	148	169	174	199	209	230	232	255	255	255	255	255	255	255	255	255	255	255	255	255	255	255	255	255	255	255	255	255	
255	255	255	255	255	255	255	255	255	255	255	255	255	255	255	255	255	255	255	255	255	255	255	255	237	233	230	199	171	174	148	146	118	114	111	85	79	58	58	29	23	2	0	0	0	0	0	0	0	0	0	0	0	0	0	0	0	0	0	0	0	0	0	0	0	0	0	0	0	0	0	0	0	0	0	0	0	0	0	0	0	0	0	0	0	0	0	0	0	0	23	24	52	57	58	85	90	111	113	142	148	169	174	199	209	230	232	255	255	255	255	255	255	255	255	255	255	255	255	255	255	255	255	255	255	255	255	255	
255	255	255	255	255	255	255	255	255	255	255	255	255	255	255	255	255	255	255	255	255	255	255	255	240	236	235	203	175	176	149	148	119	114	112	84	78	56	56	26	21	0	0	0	0	0	0	0	0	0	0	0	0	0	0	0	0	0	0	0	0	0	0	0	0	0	0	0	0	0	0	0	0	0	0	0	0	0	0	0	0	0	0	0	0	0	0	0	0	0	21	23	50	54	56	84	89	112	113	142	149	170	176	203	212	235	235	255	255	255	255	255	255	255	255	255	255	255	255	255	255	255	255	255	255	255	255	255	
255	255	255	255	255	255	255	255	255	255	255	255	255	255	255	255	255	255	255	255	255	255	255	255	241	237	234	202	174	177	149	148	118	114	111	83	76	55	55	26	19	0	0	0	0	0	0	0	0	0	0	0	0	0	0	0	0	0	0	0	0	0	0	0	0	0	0	0	0	0	0	0	0	0	0	0	0	0	0	0	0	0	0	0	0	0	0	0	0	0	19	22	50	54	55	83	89	111	113	142	149	170	177	202	212	234	236	255	255	255	255	255	255	255	255	255	255	255	255	255	255	255	255	255	255	255	255	255	
255	255	255	255	255	255	255	255	255	255	255	255	255	255	255	255	255	255	255	255	255	255	255	255	241	237	234	202	174	177	149	148	118	114	111	83	76	55	55	26	19	0	0	0	0	0	0	0	0	0	0	0	0	0	0	0	0	0	0	0	0	0	0	0	0	0	0	0	0	0	0	0	0	0	0	0	0	0	0	0	0	0	0	0	0	0	0	0	0	0	19	22	50	54	55	83	89	111	113	142	149	170	177	202	212	234	236	255	255	255	255	255	255	255	255	255	255	255	255	255	255	255	255	255	255	255	255	255	
255	255	255	255	255	255	255	255	255	255	255	255	255	255	255	255	255	255	255	255	255	255	255	255	241	237	234	202	174	177	149	148	118	114	111	83	76	55	55	26	19	0	0	0	0	0	0	0	0	0	0	0	0	0	0	0	0	0	0	0	0	0	0	0	0	0	0	0	0	0	0	0	0	0	0	0	0	0	0	0	0	0	0	0	0	0	0	0	0	0	19	22	50	54	55	83	89	111	113	142	149	170	177	202	212	234	236	255	255	255	255	255	255	255	255	255	255	255	255	255	255	255	255	255	255	255	255	255	
255	255	255	255	255	255	255	255	255	255	255	255	255	255	255	255	255	255	255	255	255	255	255	255	241	237	234	202	174	177	149	148	118	114	111	83	76	55	55	26	19	0	0	0	0	0	0	0	0	0	0	0	0	0	0	0	0	0	0	0	0	0	0	0	0	0	0	0	0	0	0	0	0	0	0	0	0	0	0	0	0	0	0	0	0	0	0	0	0	0	19	22	50	54	55	83	89	111	113	142	149	170	177	202	212	234	236	255	255	255	255	255	255	255	255	255	255	255	255	255	255	255	255	255	255	255	255	255	
255	255	255	255	255	255	255	255	255	255	255	255	255	255	255	255	255	255	255	255	255	255	255	255	245	240	239	208	176	179	151	149	119	114	113	82	75	54	54	21	15	0	0	0	0	0	0	0	0	0	0	0	0	0	0	0	0	0	0	0	0	0	0	0	0	0	0	0	0	0	0	0	0	0	0	0	0	0	0	0	0	0	0	0	0	0	0	0	0	0	15	16	47	53	54	82	89	113	113	145	151	172	179	208	217	239	239	255	255	255	255	255	255	255	255	255	255	255	255	255	255	255	255	255	255	255	255	255	
255	255	255	255	255	255	255	255	255	255	255	255	255	255	255	255	255	255	255	255	255	255	255	255	246	241	239	208	176	178	150	149	118	114	113	82	75	54	54	20	13	0	0	0	0	0	0	0	0	0	0	0	0	0	0	0	0	0	0	0	0	0	0	0	0	0	0	0	0	0	0	0	0	0	0	0	0	0	0	0	0	0	0	0	0	0	0	0	0	0	13	16	48	52	54	82	89	113	113	143	150	171	178	208	218	239	240	255	255	255	255	255	255	255	255	255	255	255	255	255	255	255	255	255	255	255	255	255	
255	255	255	255	255	255	255	255	255	255	255	255	255	255	255	255	255	255	255	255	255	255	255	255	246	241	239	208	176	178	150	149	118	114	113	82	75	54	54	20	13	0	0	0	0	0	0	0	0	0	0	0	0	0	0	0	0	0	0	0	0	0	0	0	0	0	0	0	0	0	0	0	0	0	0	0	0	0	0	0	0	0	0	0	0	0	0	0	0	0	13	16	48	52	54	82	89	113	113	143	150	171	178	208	218	239	240	255	255	255	255	255	255	255	255	255	255	255	255	255	255	255	255	255	255	255	255	255	
255	255	255	255	255	255	255	255	255	255	255	255	255	255	255	255	255	255	255	255	255	255	255	255	246	241	239	208	176	178	150	149	118	114	113	82	75	54	54	20	13	0	0	0	0	0	0	0	0	0	0	0	0	0	0	0	0	0	0	0	0	0	0	0	0	0	0	0	0	0	0	0	0	0	0	0	0	0	0	0	0	0	0	0	0	0	0	0	0	0	13	16	48	52	54	82	89	113	113	143	150	171	178	208	218	239	240	255	255	255	255	255	255	255	255	255	255	255	255	255	255	255	255	255	255	255	255	255	
255	255	255	255	255	255	255	255	255	255	255	255	255	255	255	255	255	255	255	255	255	255	255	255	246	242	240	208	176	179	151	149	119	114	113	82	75	54	54	21	14	0	0	0	0	0	0	0	0	0	0	0	0	0	0	0	0	0	0	0	0	0	0	0	0	0	0	0	0	0	0	0	0	0	0	0	0	0	0	0	0	0	0	0	0	0	0	0	0	0	14	16	49	53	54	82	89	113	113	144	151	172	179	208	218	240	240	255	255	255	255	255	255	255	255	255	255	255	255	255	255	255	255	255	255	255	255	255	
255	255	255	255	255	255	255	255	255	255	255	255	255	255	255	255	255	255	255	255	255	255	255	255	251	247	245	210	178	181	150	149	118	114	112	82	76	51	51	17	12	0	0	0	0	0	0	0	0	0	0	0	0	0	0	0	0	0	0	0	0	0	0	0	0	0	0	0	0	0	0	0	0	0	0	0	0	0	0	0	0	0	0	0	0	0	0	0	0	0	12	13	45	49	51	82	89	112	112	143	150	175	181	210	222	245	245	255	255	255	255	255	255	255	255	255	255	255	255	255	255	255	255	255	255	255	255	255	
255	255	255	255	255	255	255	255	255	255	255	255	255	255	255	255	255	255	255	255	255	255	255	255	251	247	245	210	178	181	150	149	118	114	112	82	76	51	51	17	12	0	0	0	0	0	0	0	0	0	0	0	0	0	0	0	0	0	0	0	0	0	0	0	0	0	0	0	0	0	0	0	0	0	0	0	0	0	0	0	0	0	0	0	0	0	0	0	0	0	12	13	45	49	51	82	89	112	112	143	150	175	181	210	222	245	245	255	255	255	255	255	255	255	255	255	255	255	255	255	255	255	255	255	255	255	255	255	
255	255	255	255	255	255	255	255	255	255	255	255	255	255	255	255	255	255	255	255	255	255	255	255	251	247	245	210	178	181	150	149	118	114	112	82	76	51	51	17	12	0	0	0	0	0	0	0	0	0	0	0	0	0	0	0	0	0	0	0	0	0	0	0	0	0	0	0	0	0	0	0	0	0	0	0	0	0	0	0	0	0	0	0	0	0	0	0	0	0	12	13	45	49	51	82	89	112	112	143	150	175	181	210	222	245	245	255	255	255	255	255	255	255	255	255	255	255	255	255	255	255	255	255	255	255	255	255	
255	255	255	255	255	255	255	255	255	255	255	255	255	255	255	255	255	255	255	255	255	255	255	255	250	246	244	209	177	180	149	148	118	114	113	82	76	51	51	17	12	0	0	0	0	0	0	0	0	0	0	0	0	0	0	0	0	0	0	0	0	0	0	0	0	0	0	0	0	0	0	0	0	0	0	0	0	0	0	0	0	0	0	0	0	0	0	0	0	0	12	13	45	50	51	82	89	113	113	143	149	174	180	209	220	244	244	255	255	255	255	255	255	255	255	255	255	255	255	255	255	255	255	255	255	255	255	255	
255	255	255	255	255	255	255	255	255	255	255	255	255	255	255	255	255	255	255	255	255	255	255	255	254	250	249	214	179	183	152	151	119	114	113	79	74	49	50	14	8	0	0	0	0	0	0	0	0	0	0	0	0	0	0	0	0	0	0	0	0	0	0	0	0	0	0	0	0	0	0	0	0	0	0	0	0	0	0	0	0	0	0	0	0	0	0	0	0	0	8	9	43	47	49	79	86	113	113	147	152	177	183	214	225	249	249	255	255	255	255	255	255	255	255	255	255	255	255	255	255	255	255	255	255	255	255	255	
255	255	255	255	255	255	255	255	255	255	255	255	255	255	255	255	255	255	255	255	255	255	255	255	255	251	250	215	178	183	152	150	118	114	113	80	75	50	50	13	8	0	0	0	0	0	0	0	0	0	0	0	0	0	0	0	0	0	0	0	0	0	0	0	0	0	0	0	0	0	0	0	0	0	0	0	0	0	0	0	0	0	0	0	0	0	0	0	0	0	8	9	43	48	50	80	86	113	113	146	152	177	183	215	226	250	248	255	255	255	255	255	255	255	255	255	255	255	255	255	255	255	255	255	255	255	255	255	
255	255	255	255	255	255	255	255	255	255	255	255	255	255	255	255	255	255	255	255	255	255	255	255	255	251	250	215	178	183	152	150	118	114	113	80	75	50	50	13	8	0	0	0	0	0	0	0	0	0	0	0	0	0	0	0	0	0	0	0	0	0	0	0	0	0	0	0	0	0	0	0	0	0	0	0	0	0	0	0	0	0	0	0	0	0	0	0	0	0	8	9	43	48	50	80	86	113	113	146	152	177	183	215	226	250	248	255	255	255	255	255	255	255	255	255	255	255	255	255	255	255	255	255	255	255	255	255	
255	255	255	255	255	255	255	255	255	255	255	255	255	255	255	255	255	255	255	255	255	255	255	255	255	251	250	215	178	183	152	150	118	114	113	80	75	50	50	13	8	0	0	0	0	0	0	0	0	0	0	0	0	0	0	0	0	0	0	0	0	0	0	0	0	0	0	0	0	0	0	0	0	0	0	0	0	0	0	0	0	0	0	0	0	0	0	0	0	0	8	9	43	48	50	80	86	113	113	146	152	177	183	215	226	250	248	255	255	255	255	255	255	255	255	255	255	255	255	255	255	255	255	255	255	255	255	255	
255	255	255	255	255	255	255	255	255	255	255	255	255	255	255	255	255	255	255	255	255	255	255	255	255	255	254	218	183	185	153	152	118	114	113	79	72	47	48	12	5	0	0	0	0	0	0	0	0	0	0	0	0	0	0	0	0	0	0	0	0	0	0	0	0	0	0	0	0	0	0	0	0	0	0	0	0	0	0	0	0	0	0	0	0	0	0	0	0	0	5	6	41	45	47	79	86	113	111	148	153	178	185	218	227	254	254	255	255	255	255	255	255	255	255	255	255	255	255	255	255	255	255	255	255	255	255	255	
255	255	255	255	255	255	255	255	255	255	255	255	255	255	255	255	255	255	255	255	255	255	255	255	255	255	255	218	184	187	153	152	118	114	111	78	72	45	47	10	3	0	0	0	0	0	0	0	0	0	0	0	0	0	0	0	0	0	0	0	0	0	0	0	0	0	0	0	0	0	0	0	0	0	0	0	0	0	0	0	0	0	0	0	0	0	0	0	0	0	3	5	40	44	45	78	85	111	111	148	153	180	187	218	229	255	255	255	255	255	255	255	255	255	255	255	255	255	255	255	255	255	255	255	255	255	255	255	
255	255	255	255	255	255	255	255	255	255	255	255	255	255	255	255	255	255	255	255	255	255	255	255	255	255	254	218	183	187	153	152	118	114	111	79	72	47	47	10	5	0	0	0	0	0	0	0	0	0	0	0	0	0	0	0	0	0	0	0	0	0	0	0	0	0	0	0	0	0	0	0	0	0	0	0	0	0	0	0	0	0	0	0	0	0	0	0	0	0	5	6	40	45	47	79	85	111	111	148	153	180	187	218	227	254	254	255	255	255	255	255	255	255	255	255	255	255	255	255	255	255	255	255	255	255	255	255	
255	255	255	255	255	255	255	255	255	255	255	255	255	255	255	255	255	255	255	255	255	255	255	255	255	255	254	218	183	187	153	152	118	114	111	79	72	47	47	10	5	0	0	0	0	0	0	0	0	0	0	0	0	0	0	0	0	0	0	0	0	0	0	0	0	0	0	0	0	0	0	0	0	0	0	0	0	0	0	0	0	0	0	0	0	0	0	0	0	0	5	6	40	45	47	79	85	111	111	148	153	180	187	218	227	254	254	255	255	255	255	255	255	255	255	255	255	255	255	255	255	255	255	255	255	255	255	255	
255	255	255	255	255	255	255	255	255	255	255	255	255	255	255	255	255	255	255	255	255	255	255	255	255	255	254	218	183	187	153	152	118	114	111	79	72	47	47	10	5	0	0	0	0	0	0	0	0	0	0	0	0	0	0	0	0	0	0	0	0	0	0	0	0	0	0	0	0	0	0	0	0	0	0	0	0	0	0	0	0	0	0	0	0	0	0	0	0	0	5	6	40	45	47	79	85	111	111	148	153	180	187	218	227	254	254	255	255	255	255	255	255	255	255	255	255	255	255	255	255	255	255	255	255	255	255	255	
