102	102	101	101	101	101	101	100	100	100	100	99	99	99	99	99	98	98	98	98	98	98	97	97	98	98	98	98	99	98	99	99	99	99	99	100	100	100	100	101	101	101	101	101	102	102	105	105	107	106	110	109	112	112	116	116	119	119	120	119	123	123	123	124	127	127	127	127	127	128	128	128	128	128	128	129	129	129	130	130	130	130	130	130	131	131	131	131	131	131	130	130	130	130	130	130	130	129	129	128	129	128	128	128	128	127	127	127	127	126	124	123	123	123	120	120	119	119	116	116	112	112	110	110	107	106	107	105	
96	96	96	96	95	95	95	94	94	94	93	93	93	93	92	92	91	91	91	91	90	90	90	90	90	90	90	91	91	91	92	92	93	93	93	93	94	94	94	95	95	95	96	96	96	96	99	100	103	103	106	106	110	112	116	116	119	119	121	123	126	126	126	130	133	133	133	133	133	134	134	134	134	135	135	135	136	136	137	137	137	137	138	138	139	139	139	139	139	139	138	138	137	137	137	136	136	136	136	135	135	135	134	134	134	133	133	133	133	131	130	126	126	126	123	121	119	119	116	116	112	112	107	106	105	103	103	99	
97	97	97	97	96	96	96	96	96	95	95	94	94	94	94	94	93	93	92	92	92	92	91	91	92	92	92	93	93	93	94	94	94	94	94	95	95	96	96	96	96	97	97	97	97	97	100	100	104	103	107	106	110	111	115	115	118	118	121	121	125	125	125	129	131	132	132	133	133	134	134	134	134	134	135	135	135	136	136	137	137	137	137	138	138	138	139	139	138	138	138	137	137	137	137	136	136	136	136	135	135	134	134	134	134	133	133	132	132	129	129	125	125	125	122	121	118	118	115	115	111	111	107	107	104	103	103	100	
97	97	97	97	96	96	96	96	96	95	95	94	94	94	94	94	93	93	92	92	92	92	91	91	92	92	92	93	93	93	94	94	94	94	94	95	95	96	96	96	96	97	97	97	97	97	100	100	104	103	107	106	110	111	115	115	118	118	121	121	125	125	125	129	131	132	132	133	133	134	134	134	134	134	135	135	135	136	136	137	137	137	137	138	138	138	139	139	138	138	138	137	137	137	137	136	136	136	136	135	135	134	134	134	134	133	133	132	132	129	129	125	125	125	122	121	118	118	115	115	111	111	107	107	104	103	103	100	
97	97	97	97	96	96	96	96	96	95	95	94	94	94	94	94	93	93	92	92	92	92	91	91	92	92	92	93	93	93	94	94	94	94	94	95	95	96	96	96	96	97	97	97	97	97	100	100	104	103	107	106	110	111	115	115	118	118	121	121	125	125	125	129	131	132	132	133	133	134	134	134	134	134	135	135	135	136	136	137	137	137	137	138	138	138	139	139	138	138	138	137	137	137	137	136	136	136	136	135	135	134	134	134	134	133	133	132	132	129	129	125	125	125	122	121	118	118	115	115	111	111	107	107	104	103	103	100	
92	92	91	91	90	90	90	89	89	89	89	88	88	87	87	87	86	86	85	85	84	84	83	83	84	84	84	85	86	86	87	87	87	87	88	89	89	89	89	90	90	91	91	91	92	92	96	96	100	100	104	104	108	110	115	115	120	120	122	122	127	128	129	132	138	139	138	139	139	139	140	140	140	141	141	141	142	142	143	144	144	144	145	145	145	145	146	146	145	145	145	145	144	144	144	143	143	142	142	141	141	141	140	140	139	139	139	138	138	134	132	129	128	127	124	122	120	120	115	115	110	108	106	104	101	100	100	96	
91	91	91	91	90	90	90	89	89	88	88	87	87	87	86	86	86	86	85	85	84	84	83	83	84	84	84	85	86	86	86	86	87	87	87	88	88	89	89	90	90	91	91	91	91	91	96	96	100	98	104	104	108	110	115	115	119	119	122	122	128	129	129	133	138	139	139	140	140	141	141	142	142	142	143	143	143	144	145	145	145	145	146	146	147	147	148	148	147	147	146	146	145	145	145	144	144	144	144	143	143	142	142	141	141	140	140	139	138	133	133	129	129	128	124	122	119	119	115	115	110	110	105	105	100	98	98	96	
91	91	91	91	90	90	90	89	89	88	88	87	87	87	86	86	86	86	85	85	84	84	83	83	84	84	84	85	86	86	86	86	87	87	87	88	88	89	89	90	90	91	91	91	91	91	96	96	100	98	104	104	108	110	115	115	119	119	122	122	128	129	129	133	138	139	139	140	140	141	141	142	142	142	143	143	143	144	145	145	145	145	146	146	147	147	148	148	147	147	146	146	145	145	145	144	144	144	144	143	143	142	142	141	141	140	140	139	138	133	133	129	129	128	124	122	119	119	115	115	110	110	105	105	100	98	98	96	
91	91	91	91	90	90	90	89	89	88	88	87	87	87	86	86	86	86	85	85	84	84	83	83	84	84	84	85	86	86	86	86	87	87	87	88	88	89	89	90	90	91	91	91	91	91	96	96	100	98	104	104	108	110	115	115	119	119	122	122	128	129	129	133	138	139	139	140	140	141	141	142	142	142	143	143	143	144	145	145	145	145	146	146	147	147	148	148	147	147	146	146	145	145	145	144	144	144	144	143	143	142	142	141	141	140	140	139	138	133	133	129	129	128	124	122	119	119	115	115	110	110	105	105	100	98	98	96	
90	90	90	90	89	89	89	88	88	87	87	86	86	86	85	85	84	84	83	83	82	83	82	82	82	83	83	83	84	84	85	85	86	86	86	87	87	88	88	89	89	89	90	90	90	90	94	96	99	99	104	104	108	110	115	115	120	120	124	124	129	129	131	134	139	141	139	140	140	141	141	142	142	142	143	143	144	144	145	145	146	146	147	147	147	148	148	148	147	147	147	147	146	146	145	145	145	144	144	143	143	142	142	141	141	140	140	139	139	135	134	131	129	129	124	124	120	120	115	115	110	110	106	104	100	99	99	94	
85	85	84	83	83	82	82	81	81	81	80	79	79	79	78	78	77	77	76	76	75	75	74	74	75	75	75	76	77	77	78	78	79	79	79	80	81	81	81	82	83	83	83	84	85	85	92	92	97	96	101	101	107	108	115	115	121	121	125	125	131	132	134	139	143	145	145	146	146	147	147	148	148	148	149	149	150	150	152	152	152	153	153	154	154	155	156	156	154	154	154	153	153	152	152	151	151	150	150	149	149	148	148	147	147	146	146	145	143	139	139	134	132	131	127	125	121	121	115	115	108	108	103	103	97	96	96	92	
85	85	84	83	83	82	82	81	81	81	80	79	79	79	78	78	77	77	76	76	75	75	74	74	75	75	75	76	77	77	78	78	79	79	79	80	81	81	81	82	83	83	83	84	85	85	92	92	97	96	101	101	107	108	115	115	121	121	125	125	131	132	134	139	143	145	145	146	146	147	147	148	148	148	149	149	150	150	152	152	152	153	153	154	154	155	156	156	154	154	154	153	153	152	152	151	151	150	150	149	149	148	148	147	147	146	146	145	143	139	139	134	132	131	127	125	121	121	115	115	108	108	103	103	97	96	96	92	
85	85	84	83	83	82	82	81	81	81	80	79	79	79	78	78	77	77	76	76	75	75	74	74	75	75	75	76	77	77	78	78	79	79	79	80	81	81	81	82	83	83	83	84	85	85	92	92	97	96	101	101	107	108	115	115	121	121	125	125	131	132	134	139	143	145	145	146	146	147	147	148	148	148	149	149	150	150	152	152	152	153	153	154	154	155	156	156	154	154	154	153	153	152	152	151	151	150	150	149	149	148	148	147	147	146	146	145	143	139	139	134	132	131	127	125	121	121	115	115	108	108	103	103	97	96	96	92	
85	85	84	83	83	82	82	81	81	81	80	79	79	79	78	78	77	77	76	76	75	75	74	74	75	75	75	76	77	77	78	78	79	79	79	80	81	81	81	82	83	83	83	84	85	85	92	92	97	96	101	101	107	108	115	115	121	121	125	125	131	132	134	139	143	145	145	146	146	147	147	148	148	148	149	149	150	150	152	152	152	153	153	154	154	155	156	156	154	154	154	153	153	152	152	151	151	150	150	149	149	148	148	147	147	146	146	145	143	139	139	134	132	131	127	125	121	121	115	115	108	108	103	103	97	96	96	92	
84	84	83	82	81	81	81	80	80	79	79	78	78	78	77	77	76	76	75	75	73	74	73	73	73	74	74	75	76	76	77	77	78	78	78	79	79	80	80	81	81	82	82	83	84	84	91	92	96	96	102	102	107	109	116	116	121	121	127	127	133	133	135	140	145	147	145	146	146	147	147	148	148	148	149	150	150	151	152	153	153	153	154	154	155	155	156	156	155	155	154	154	153	153	153	152	151	151	151	150	149	148	148	147	147	146	146	145	145	141	140	135	133	133	127	127	121	121	116	116	109	109	103	102	98	96	96	91	
79	79	79	78	77	76	76	75	75	74	74	73	73	72	71	71	70	70	69	69	68	68	67	66	68	68	68	69	70	70	71	71	73	73	73	74	74	75	75	76	77	78	78	79	79	79	86	86	94	93	99	99	106	107	115	115	122	122	128	128	134	135	136	143	149	150	151	152	152	153	153	154	154	154	155	156	157	157	158	159	159	160	160	161	162	162	163	163	162	162	161	160	160	159	159	158	158	157	157	156	155	154	154	153	153	152	152	151	149	145	143	136	135	134	129	128	122	122	115	115	107	107	101	100	94	93	93	86	
79	79	79	78	77	76	76	75	75	74	74	73	73	72	71	71	70	70	69	69	68	68	67	66	68	68	68	69	70	70	71	71	73	73	73	74	74	75	75	76	77	78	78	79	79	79	86	86	94	93	99	99	106	107	115	115	122	122	128	128	134	135	136	143	149	150	151	152	152	153	153	154	154	154	155	156	157	157	158	159	159	160	160	161	162	162	163	163	162	162	161	160	160	159	159	158	158	157	157	156	155	154	154	153	153	152	152	151	149	145	143	136	135	134	129	128	122	122	115	115	107	107	101	100	94	93	93	86	
79	79	79	78	77	76	76	75	75	74	74	73	73	72	71	71	70	70	69	69	68	68	67	66	68	68	68	69	70	70	71	71	73	73	73	74	74	75	75	76	77	78	78	79	79	79	86	86	94	93	99	99	106	107	115	115	122	122	128	128	134	135	136	143	149	150	151	152	152	153	153	154	154	154	155	156	157	157	158	159	159	160	160	161	162	162	163	163	162	162	161	160	160	159	159	158	158	157	157	156	155	154	154	153	153	152	152	151	149	145	143	136	135	134	129	128	122	122	115	115	107	107	101	100	94	93	93	86	
78	78	78	77	75	75	75	74	74	73	73	71	71	71	70	70	69	69	67	68	66	66	65	65	66	66	66	68	69	69	70	70	71	71	71	73	73	74	74	75	75	76	77	78	78	78	85	86	93	93	99	99	106	107	116	116	121	121	128	128	135	135	137	144	149	152	151	152	152	153	153	154	154	155	156	156	157	157	159	160	160	160	161	161	162	162	164	164	162	162	161	161	160	160	160	158	158	157	157	156	156	155	155	153	153	152	152	151	151	145	144	137	135	135	128	128	121	121	116	116	107	107	102	100	95	93	93	85	
72	72	72	71	70	69	69	68	68	67	67	65	65	64	63	63	62	62	60	60	59	59	57	57	59	59	59	60	62	62	63	63	65	65	65	67	67	68	68	69	70	70	71	72	72	72	81	82	88	86	96	98	105	106	116	116	124	124	130	130	140	141	142	148	155	158	156	158	158	159	159	161	161	161	162	163	164	164	166	167	167	167	169	169	170	170	172	171	170	170	169	169	167	167	167	166	165	164	164	162	162	161	161	159	159	158	158	156	156	149	148	142	141	140	131	130	124	124	116	116	106	105	100	98	89	86	88	81	
73	73	73	72	71	71	71	69	69	68	68	66	66	66	64	64	63	63	61	61	60	60	59	59	60	60	60	62	63	63	64	64	66	66	66	68	68	69	69	71	71	72	72	73	73	73	82	82	89	87	97	97	104	106	115	115	124	124	129	129	139	141	142	148	153	156	156	158	158	159	159	161	161	161	162	162	163	164	165	166	166	167	168	168	169	170	171	171	169	169	168	168	167	166	166	165	165	164	164	162	162	161	161	159	159	158	158	156	155	149	148	142	141	139	131	129	124	124	115	115	106	106	100	99	90	87	87	82	
73	73	73	72	71	71	71	69	69	68	68	66	66	66	64	64	63	63	61	61	60	60	59	59	60	60	60	62	63	63	64	64	66	66	66	68	68	69	69	71	71	72	72	73	73	73	82	82	89	87	97	97	104	106	115	115	124	124	129	129	139	141	142	148	153	156	156	158	158	159	159	161	161	161	162	162	163	164	165	166	166	167	168	168	169	170	171	171	169	169	168	168	167	166	166	165	165	164	164	162	162	161	161	159	159	158	158	156	155	149	148	142	141	139	131	129	124	124	115	115	106	106	100	99	90	87	87	82	
73	73	73	72	71	71	71	69	69	68	68	66	66	66	64	64	63	63	61	61	60	60	59	59	60	60	60	62	63	63	64	64	66	66	66	68	68	69	69	71	71	72	72	73	73	73	82	82	89	87	97	97	104	106	115	115	124	124	129	129	139	141	142	148	153	156	156	158	158	159	159	161	161	161	162	162	163	164	165	166	166	167	168	168	169	170	171	171	169	169	168	168	167	166	166	165	165	164	164	162	162	161	161	159	159	158	158	156	155	149	148	142	141	139	131	129	124	124	115	115	106	106	100	99	90	87	87	82	
68	68	68	66	65	65	65	63	63	61	61	60	60	59	58	58	56	56	54	54	53	53	51	51	53	53	53	55	56	56	58	58	59	59	60	61	62	63	63	65	65	66	66	68	68	68	76	76	86	85	94	94	104	106	115	115	124	124	132	132	142	143	145	152	160	163	162	163	163	165	165	167	167	167	168	169	170	170	172	173	173	174	175	176	177	177	179	178	177	177	175	175	174	173	173	172	171	170	170	169	168	167	167	165	165	163	164	162	160	153	152	145	143	142	134	132	124	124	115	115	106	106	97	96	87	85	85	76	
68	68	67	66	65	64	64	63	63	61	61	59	59	59	58	57	56	56	54	54	52	52	51	51	52	52	53	54	56	56	58	58	59	59	59	61	61	63	63	64	65	66	66	67	68	68	76	76	86	84	94	94	104	105	115	115	124	124	132	132	142	143	145	153	160	163	163	165	165	166	166	168	168	169	170	170	171	172	173	175	175	175	177	177	178	179	180	180	178	178	177	177	175	175	175	173	173	172	172	170	170	169	168	167	166	165	165	163	161	154	153	145	143	142	133	132	124	124	115	115	105	105	97	96	87	84	84	76	
68	68	67	66	65	64	64	63	63	61	61	59	59	59	58	57	56	56	54	54	52	52	51	51	52	52	53	54	56	56	58	58	59	59	59	61	61	63	63	64	65	66	66	67	68	68	76	76	86	84	94	94	104	105	115	115	124	124	132	132	142	143	145	153	160	163	163	165	165	166	166	168	168	169	170	170	171	172	173	175	175	175	177	177	178	179	180	180	178	178	177	177	175	175	175	173	173	172	172	170	170	169	168	167	166	165	165	163	161	154	153	145	143	142	133	132	124	124	115	115	105	105	97	96	87	84	84	76	
68	68	67	66	65	64	64	63	63	61	61	59	59	59	58	57	56	56	54	54	52	52	51	51	52	52	53	54	56	56	58	58	59	59	59	61	61	63	63	64	65	66	66	67	68	68	76	76	86	84	94	94	104	105	115	115	124	124	132	132	142	143	145	153	160	163	163	165	165	166	166	168	168	169	170	170	171	172	173	175	175	175	177	177	178	179	180	180	178	178	177	177	175	175	175	173	173	172	172	170	170	169	168	167	166	165	165	163	161	154	153	145	143	142	133	132	124	124	115	115	105	105	97	96	87	84	84	76	
66	66	66	65	63	63	63	61	61	60	59	58	58	57	56	56	54	54	52	52	51	51	49	49	51	51	51	53	55	54	56	56	58	58	58	59	60	61	61	63	63	65	65	66	66	66	75	76	85	83	94	94	104	107	115	115	124	124	132	132	142	143	145	153	162	164	163	165	165	166	167	168	168	169	170	170	172	172	173	175	175	175	177	177	179	179	181	180	179	179	177	177	175	175	175	173	173	172	172	170	170	169	168	167	166	165	165	163	162	155	153	145	143	142	134	132	124	124	115	115	106	106	97	96	87	83	83	75	
61	61	61	59	58	57	57	55	55	54	54	52	52	51	50	49	48	48	46	46	44	44	42	42	44	44	44	46	48	48	49	50	51	51	52	54	54	55	55	57	58	59	59	61	61	63	72	74	82	81	93	93	102	105	116	117	126	126	134	134	145	147	148	156	166	169	168	170	170	171	171	173	173	174	175	175	177	177	179	181	181	181	183	183	185	185	187	186	184	185	183	183	181	181	181	179	179	177	177	175	175	174	173	172	171	170	170	168	166	159	156	148	147	145	135	134	126	126	117	117	105	103	96	93	85	81	81	72	
61	61	60	59	58	57	57	55	55	53	53	51	51	51	49	49	48	48	45	45	44	44	42	42	43	44	44	46	48	48	49	49	51	51	51	53	54	55	55	57	57	59	59	60	61	62	72	72	82	80	93	93	103	106	115	115	125	125	134	134	146	148	149	157	167	170	169	171	171	172	172	175	175	175	176	177	178	178	180	182	182	182	184	185	186	186	188	188	186	186	184	184	182	182	182	180	180	178	178	177	176	175	175	173	172	171	171	169	167	160	157	149	148	146	135	134	125	125	115	117	106	104	96	94	83	80	80	72	
61	61	60	59	58	57	57	55	55	53	53	51	51	51	49	49	48	48	45	45	44	44	42	42	43	44	44	46	48	48	49	49	51	51	51	53	54	55	55	57	57	59	59	60	61	62	72	72	82	80	93	93	103	106	115	115	125	125	134	134	146	148	149	157	167	170	169	171	171	172	172	175	175	175	176	177	178	178	180	182	182	182	184	185	186	186	188	188	186	186	184	184	182	182	182	180	180	178	178	177	176	175	175	173	172	171	171	169	167	160	157	149	148	146	135	134	125	125	115	117	106	104	96	94	83	80	80	72	
61	61	60	59	58	57	57	55	55	53	53	51	51	51	49	49	48	48	45	45	44	44	42	42	43	44	44	46	48	48	49	49	51	51	51	53	54	55	55	57	57	59	59	60	61	62	72	72	82	80	93	93	103	106	115	115	125	125	134	134	146	148	149	157	167	170	169	171	171	172	172	175	175	175	176	177	178	178	180	182	182	182	184	185	186	186	188	188	186	186	184	184	182	182	182	180	180	178	178	177	176	175	175	173	172	171	171	169	167	160	157	149	148	146	135	134	125	125	115	117	106	104	96	94	83	80	80	72	
61	61	61	59	58	57	57	55	55	54	53	52	52	51	50	49	48	48	46	46	44	44	42	42	44	44	44	46	48	48	50	50	51	51	52	53	54	55	55	57	58	59	59	61	61	63	72	74	82	81	93	93	103	106	116	116	124	124	134	133	145	147	148	156	166	169	168	170	170	171	171	173	173	174	175	176	177	177	179	180	181	181	183	183	185	185	187	186	184	185	183	183	181	181	180	179	178	177	177	175	175	174	174	172	171	170	170	168	166	159	156	148	147	145	134	134	124	124	116	117	106	105	96	95	85	81	81	72	
56	56	55	53	52	51	51	49	49	48	47	45	45	44	43	42	41	41	38	39	36	37	35	35	36	37	37	39	41	41	43	43	45	45	45	47	48	49	49	51	52	53	53	55	56	57	68	70	79	78	91	91	100	103	116	117	127	127	137	137	149	151	152	162	172	175	173	175	175	177	177	179	179	180	181	182	183	184	186	187	188	188	190	190	192	192	194	194	192	192	190	190	188	188	187	186	185	184	184	182	181	180	179	177	177	175	175	173	172	165	162	152	151	149	138	137	127	127	117	117	103	102	93	92	81	78	78	68	
55	55	55	53	51	51	51	49	49	47	47	45	45	44	43	42	40	40	38	38	36	36	34	34	36	36	36	39	41	40	43	43	44	45	45	47	47	49	49	51	51	53	53	55	55	55	68	69	79	78	90	90	101	103	115	117	127	127	138	138	149	150	152	163	173	176	175	176	177	179	179	180	180	181	183	183	185	185	187	189	189	189	191	192	193	194	196	196	193	193	192	191	189	189	189	187	187	185	185	183	183	181	181	179	178	177	177	175	173	166	163	152	150	149	139	138	127	127	117	117	103	103	94	92	80	78	78	68	
55	55	55	53	51	51	51	49	49	47	47	45	45	44	43	42	40	40	38	38	36	36	34	34	36	36	36	39	41	40	43	43	44	45	45	47	47	49	49	51	51	53	53	55	55	55	68	69	79	78	90	90	101	103	115	117	127	127	138	138	149	150	152	163	173	176	175	176	177	179	179	180	180	181	183	183	185	185	187	189	189	189	191	192	193	194	196	196	193	193	192	191	189	189	189	187	187	185	185	183	183	181	181	179	178	177	177	175	173	166	163	152	150	149	139	138	127	127	117	117	103	103	94	92	80	78	78	68	
55	55	55	53	51	51	51	49	49	47	47	45	45	44	43	42	40	40	38	38	36	36	34	34	36	36	36	39	41	40	43	43	44	45	45	47	47	49	49	51	51	53	53	55	55	55	68	69	79	78	90	90	101	103	115	117	127	127	138	138	149	150	152	163	173	176	175	176	177	179	179	180	180	181	183	183	185	185	187	189	189	189	191	192	193	194	196	196	193	193	192	191	189	189	189	187	187	185	185	183	183	181	181	179	178	177	177	175	173	166	163	152	150	149	139	138	127	127	117	117	103	103	94	92	80	78	78	68	
50	50	49	48	45	45	45	43	43	41	41	38	38	38	36	36	34	33	31	31	29	29	27	27	29	29	29	32	34	34	36	36	38	38	38	41	41	43	43	45	45	47	48	49	50	51	63	64	77	75	86	86	100	103	116	116	128	128	140	140	151	152	155	166	176	180	179	181	181	183	183	185	185	186	188	188	190	190	192	195	195	195	197	197	199	200	202	201	199	199	197	197	195	195	195	192	192	190	190	188	188	186	185	184	183	181	181	179	177	169	166	155	152	151	141	140	128	128	116	117	103	102	91	88	79	75	77	63	
50	50	49	47	45	45	45	43	43	41	40	38	38	38	36	35	33	33	31	31	28	29	27	26	29	29	29	31	33	33	36	36	38	38	38	40	41	43	43	45	45	47	47	49	50	50	62	62	76	75	86	86	100	103	115	115	128	128	141	141	152	153	155	167	177	181	180	182	182	185	185	186	186	187	189	190	191	192	194	196	196	197	198	199	201	201	203	203	201	201	199	198	197	196	196	194	194	192	192	189	189	187	187	185	184	182	182	180	178	169	167	155	153	152	142	141	128	128	115	117	101	101	89	87	79	75	75	62	
50	50	49	47	45	45	45	43	43	41	40	38	38	38	36	35	33	33	31	31	28	29	27	26	29	29	29	31	33	33	36	36	38	38	38	40	41	43	43	45	45	47	47	49	50	50	62	62	76	75	86	86	100	103	115	115	128	128	141	141	152	153	155	167	177	181	180	182	182	185	185	186	186	187	189	190	191	192	194	196	196	197	198	199	201	201	203	203	201	201	199	198	197	196	196	194	194	192	192	189	189	187	187	185	184	182	182	180	178	169	167	155	153	152	142	141	128	128	115	117	101	101	89	87	79	75	75	62	
50	50	49	47	45	45	45	43	43	41	40	38	38	38	36	35	33	33	31	31	28	29	27	26	29	29	29	31	33	33	36	36	38	38	38	40	41	43	43	45	45	47	47	49	50	50	62	62	76	75	86	86	100	103	115	115	128	128	141	141	152	153	155	167	177	181	180	182	182	185	185	186	186	187	189	190	191	192	194	196	196	197	198	199	201	201	203	203	201	201	199	198	197	196	196	194	194	192	192	189	189	187	187	185	184	182	182	180	178	169	167	155	153	152	142	141	128	128	115	117	101	101	89	87	79	75	75	62	
49	49	48	46	44	44	44	41	42	39	39	37	37	36	35	34	32	32	30	30	27	27	25	25	27	27	28	30	32	32	34	34	37	37	37	39	40	42	41	44	44	46	46	48	49	50	61	63	75	74	86	86	100	103	116	116	128	127	141	140	152	154	156	168	177	182	180	182	183	185	185	187	187	187	190	190	192	192	194	197	197	197	199	199	201	202	204	203	201	201	199	199	197	197	197	194	194	192	192	190	189	187	187	185	184	183	183	180	179	170	168	156	154	152	141	141	127	128	116	117	102	102	89	88	78	74	74	61	
44	44	44	41	39	39	39	36	36	34	34	31	31	31	29	28	26	26	23	24	21	21	19	18	21	21	21	24	26	26	29	29	31	31	31	34	34	36	36	39	39	41	41	44	44	44	58	58	72	70	84	84	98	101	115	115	129	129	142	142	156	157	159	171	184	188	187	189	190	192	192	194	194	195	197	197	199	200	202	205	205	205	207	208	210	210	212	212	209	210	207	207	205	205	205	202	202	200	200	197	197	195	194	192	192	190	190	187	185	174	171	159	157	156	143	142	129	129	115	117	101	100	87	86	73	70	70	58	
44	44	44	41	39	39	39	36	36	34	34	31	31	31	29	28	26	26	23	24	21	21	19	18	21	21	21	24	26	26	29	29	31	31	31	34	34	36	36	39	39	41	41	44	44	44	58	58	72	70	84	84	98	101	115	115	129	129	142	142	156	157	159	171	184	188	187	189	190	192	192	194	194	195	197	197	199	200	202	205	205	205	207	208	210	210	212	212	209	210	207	207	205	205	205	202	202	200	200	197	197	195	194	192	192	190	190	187	185	174	171	159	157	156	143	142	129	129	115	117	101	100	87	86	73	70	70	58	
44	44	44	41	39	39	39	36	36	34	34	31	31	31	29	28	26	26	23	24	21	21	19	18	21	21	21	24	26	26	29	29	31	31	31	34	34	36	36	39	39	41	41	44	44	44	58	58	72	70	84	84	98	101	115	115	129	129	142	142	156	157	159	171	184	188	187	189	190	192	192	194	194	195	197	197	199	200	202	205	205	205	207	208	210	210	212	212	209	210	207	207	205	205	205	202	202	200	200	197	197	195	194	192	192	190	190	187	185	174	171	159	157	156	143	142	129	129	115	117	101	100	87	86	73	70	70	58	
44	44	44	42	40	39	39	36	36	34	34	32	32	31	29	29	27	26	24	24	21	22	19	19	21	22	22	24	27	27	29	29	31	31	32	34	35	36	36	39	39	41	42	44	44	45	58	59	72	71	85	85	99	101	115	115	129	129	142	141	156	156	159	170	183	187	186	188	188	190	190	193	193	193	195	196	198	198	201	203	203	203	206	206	208	208	211	210	208	208	206	206	203	203	203	201	200	198	198	196	195	193	193	191	190	188	188	186	184	173	170	159	156	156	142	142	129	129	115	117	101	100	89	86	75	71	71	58	
37	37	37	35	32	31	32	29	29	26	26	24	24	23	21	20	18	18	15	15	12	13	10	10	12	13	13	16	18	18	21	21	23	23	24	26	27	29	29	32	32	34	35	37	37	39	53	54	70	68	82	82	98	102	116	116	130	130	145	145	159	161	163	176	189	193	192	194	194	197	197	199	199	200	202	203	205	205	208	210	211	211	213	214	216	216	219	219	216	216	213	213	211	211	210	208	207	205	205	203	202	200	199	197	196	194	194	192	190	179	176	163	161	159	147	145	130	130	116	117	102	100	86	84	71	68	68	53	
37	37	37	34	32	31	31	29	29	26	26	23	23	23	21	20	18	18	15	15	12	12	10	9	12	12	12	15	18	18	20	21	23	23	23	26	27	29	29	31	32	34	34	37	37	38	52	54	69	68	82	82	97	101	115	115	129	129	145	145	159	160	163	177	190	194	193	195	195	198	198	201	200	201	204	204	206	206	209	212	212	212	214	215	217	218	220	220	217	217	215	214	212	212	212	209	208	206	206	204	203	201	201	198	198	195	195	193	191	180	177	163	160	159	146	145	129	129	115	117	101	100	86	83	71	68	68	52	
37	37	37	34	32	31	31	29	29	26	26	23	23	23	21	20	18	18	15	15	12	12	10	9	12	12	12	15	18	18	20	21	23	23	23	26	27	29	29	31	32	34	34	37	37	38	52	54	69	68	82	82	97	101	115	115	129	129	145	145	159	160	163	177	190	194	193	195	195	198	198	201	200	201	204	204	206	206	209	212	212	212	214	215	217	218	220	220	217	217	215	214	212	212	212	209	208	206	206	204	203	201	201	198	198	195	195	193	191	180	177	163	160	159	146	145	129	129	115	117	101	100	86	83	71	68	68	52	
37	37	37	34	32	31	31	29	29	26	26	23	23	23	21	20	18	18	15	15	12	12	10	9	12	12	12	15	18	18	20	21	23	23	23	26	27	29	29	31	32	34	34	37	37	38	52	54	69	68	82	82	97	101	115	115	129	129	145	145	159	160	163	177	190	194	193	195	195	198	198	201	200	201	204	204	206	206	209	212	212	212	214	215	217	218	220	220	217	217	215	214	212	212	212	209	208	206	206	204	203	201	201	198	198	195	195	193	191	180	177	163	160	159	146	145	129	129	115	117	101	100	86	83	71	68	68	52	
37	37	37	35	32	31	31	29	29	26	26	24	24	23	21	20	18	18	15	15	12	13	10	10	12	13	13	16	18	18	21	21	23	23	24	26	27	29	29	31	32	34	35	37	37	39	53	54	70	68	82	82	98	102	116	116	130	128	144	144	158	159	163	176	189	193	192	194	194	197	197	199	199	200	203	203	205	205	208	210	211	211	213	214	216	216	219	219	216	216	213	213	211	211	210	208	207	205	205	203	202	200	200	197	196	194	194	192	190	179	176	163	159	158	145	144	128	130	116	117	102	100	86	84	72	68	68	53	
32	32	31	29	26	26	26	22	22	20	20	17	17	16	14	13	11	11	7	8	5	5	2	2	5	5	5	8	11	11	14	14	16	17	17	20	20	22	22	26	26	28	29	31	32	33	49	50	64	63	79	79	96	100	116	117	131	131	147	147	163	165	169	180	194	200	197	200	200	202	202	205	205	206	209	209	211	212	215	217	217	218	221	221	223	224	227	226	223	223	221	221	218	217	217	215	214	212	212	209	208	206	206	203	202	200	200	197	196	184	180	169	165	163	148	147	131	131	117	117	100	98	85	81	67	63	63	49	
31	31	31	28	26	25	25	22	22	20	19	17	17	16	14	13	11	10	7	7	4	5	2	2	4	5	5	8	11	11	13	14	16	16	17	19	20	22	22	25	26	28	28	31	31	33	48	50	64	62	79	80	96	100	115	117	131	131	146	146	163	166	169	181	194	199	198	201	201	204	204	207	207	208	210	211	213	213	216	219	219	219	222	223	225	225	228	228	225	225	222	222	219	219	219	216	215	213	213	210	210	208	207	204	203	201	201	198	197	184	181	169	166	163	148	146	131	131	117	117	100	99	85	82	66	62	62	48	
31	31	31	28	26	25	25	22	22	20	19	17	17	16	14	13	11	10	7	7	4	5	2	2	4	5	5	8	11	11	13	14	16	16	17	19	20	22	22	25	26	28	28	31	31	33	48	50	64	62	79	80	96	100	115	117	131	131	146	146	163	166	169	181	194	199	198	201	201	204	204	207	207	208	210	211	213	213	216	219	219	219	222	223	225	225	228	228	225	225	222	222	219	219	219	216	215	213	213	210	210	208	207	204	203	201	201	198	197	184	181	169	166	163	148	146	131	131	117	117	100	99	85	82	66	62	62	48	
31	31	31	28	26	25	25	22	22	20	19	17	17	16	14	13	11	10	7	7	4	5	2	2	4	5	5	8	11	11	13	14	16	16	17	19	20	22	22	25	26	28	28	31	31	33	48	50	64	62	79	80	96	100	115	117	131	131	146	146	163	166	169	181	194	199	198	201	201	204	204	207	207	208	210	211	213	213	216	219	219	219	222	223	225	225	228	228	225	225	222	222	219	219	219	216	215	213	213	210	210	208	207	204	203	201	201	198	197	184	181	169	166	163	148	146	131	131	117	117	100	99	85	82	66	62	62	48	
26	26	25	23	20	19	19	16	16	14	13	11	10	10	7	7	4	4	0	0	0	0	0	0	0	0	0	1	4	4	7	7	10	10	11	13	14	16	16	19	20	22	23	25	26	29	46	47	61	60	78	78	95	99	116	117	133	133	148	148	166	168	172	186	200	205	203	206	206	208	209	212	212	213	215	216	218	219	222	224	224	225	228	228	231	231	234	234	230	231	228	228	225	224	224	221	221	219	218	215	215	213	212	209	208	206	206	203	201	190	186	172	168	166	149	148	133	133	117	117	99	98	84	79	65	60	60	44	
25	25	24	21	19	18	18	15	15	12	12	9	9	8	5	5	2	2	0	0	0	0	0	0	0	0	0	0	2	2	5	5	8	8	9	12	12	15	15	18	19	21	21	24	25	26	44	46	60	58	77	77	95	99	116	117	133	133	148	149	166	169	172	187	201	207	204	207	207	210	210	213	213	214	217	217	220	220	223	226	226	227	230	230	233	233	236	236	232	233	230	230	227	226	226	223	222	220	220	217	216	214	213	211	210	207	207	204	203	191	187	172	169	166	151	148	133	133	117	117	99	96	82	78	64	58	58	43	
26	26	25	23	20	19	19	16	16	14	13	10	10	9	7	6	4	3	0	0	0	0	0	0	0	0	0	1	4	4	7	7	10	10	10	13	14	16	16	19	20	22	23	25	26	27	44	45	61	59	76	78	94	99	115	117	132	132	148	149	166	169	171	187	199	205	204	207	207	210	210	213	213	214	216	217	219	220	223	226	226	226	229	230	232	233	236	235	232	232	229	229	226	226	226	223	222	220	220	217	216	214	213	210	209	207	207	204	202	190	187	171	169	166	150	148	132	132	117	117	99	97	82	79	64	59	59	44	
26	26	25	23	20	19	19	16	16	14	13	10	10	9	7	6	4	3	0	0	0	0	0	0	0	0	0	1	4	4	7	7	10	10	10	13	14	16	16	19	20	22	23	25	26	27	44	45	61	59	76	78	94	99	115	117	132	132	148	149	166	169	171	187	199	205	204	207	207	210	210	213	213	214	216	217	219	220	223	226	226	226	229	230	232	233	236	235	232	232	229	229	226	226	226	223	222	220	220	217	216	214	213	210	209	207	207	204	202	190	187	171	169	166	150	148	132	132	117	117	99	97	82	79	64	59	59	44	
25	25	24	21	19	18	18	15	15	12	12	9	9	8	6	5	2	2	0	0	0	0	0	0	0	0	0	0	2	2	5	5	8	8	9	12	12	15	15	18	18	21	21	24	25	26	44	46	61	60	77	78	95	99	116	117	133	131	148	149	166	169	172	187	200	205	204	207	207	210	210	213	213	214	217	217	220	220	223	226	226	227	229	230	233	233	236	236	232	233	230	229	227	226	226	223	222	220	220	217	216	214	213	211	210	207	207	204	203	190	187	172	169	166	151	148	131	133	117	117	99	98	82	79	64	60	60	43	
20	20	20	17	14	13	13	10	10	7	7	4	4	3	0	0	0	0	0	0	0	0	0	0	0	0	0	0	0	0	0	0	3	3	4	7	8	10	10	13	14	17	17	20	20	22	40	40	58	57	73	75	93	97	115	117	134	134	150	152	169	171	174	190	206	212	210	213	213	216	216	219	219	220	223	224	226	227	230	233	233	234	236	237	240	240	243	243	239	240	237	236	234	233	233	230	229	227	226	223	223	220	219	217	216	213	213	210	208	194	190	174	171	169	153	150	134	134	117	117	97	94	79	76	61	57	55	38	
20	20	20	17	14	13	13	10	10	7	7	4	3	3	0	0	0	0	0	0	0	0	0	0	0	0	0	0	0	0	0	0	3	3	4	7	7	10	10	13	14	16	17	20	20	21	38	40	58	56	73	75	93	97	115	117	133	133	150	152	168	171	174	191	206	212	211	214	214	217	217	220	220	221	224	225	227	228	231	234	234	235	238	238	241	242	245	244	241	241	238	238	235	234	234	231	230	228	228	225	224	221	221	218	217	214	214	211	208	194	191	174	171	168	153	150	133	133	117	117	97	96	79	76	61	56	55	38	
20	20	20	17	14	13	13	10	10	7	7	4	3	3	0	0	0	0	0	0	0	0	0	0	0	0	0	0	0	0	0	0	3	3	4	7	7	10	10	13	14	16	17	20	20	21	38	40	58	56	73	75	93	97	115	117	133	133	150	152	168	171	174	191	206	212	211	214	214	217	217	220	220	221	224	225	227	228	231	234	234	235	238	238	241	242	245	244	241	241	238	238	235	234	234	231	230	228	228	225	224	221	221	218	217	214	214	211	208	194	191	174	171	168	153	150	133	133	117	117	97	96	79	76	61	56	55	38	
20	20	20	17	14	13	13	10	10	7	7	4	4	3	0	0	0	0	0	0	0	0	0	0	0	0	0	0	0	0	0	0	3	3	4	7	8	10	10	13	14	16	17	20	20	23	40	40	58	57	73	75	93	97	115	117	134	132	150	150	169	170	174	190	206	212	210	213	213	216	216	219	219	220	223	224	226	227	230	233	233	234	236	237	240	240	243	243	239	240	237	236	234	233	233	230	229	227	226	223	223	220	220	217	216	213	213	210	208	194	190	174	170	169	152	150	132	134	117	117	97	96	79	76	61	57	57	38	
19	19	18	16	13	12	12	8	8	6	5	2	2	1	0	0	0	0	0	0	0	0	0	0	0	0	0	0	0	0	0	0	1	2	2	5	6	8	8	12	12	15	16	18	19	20	38	38	57	55	73	75	93	97	115	117	134	134	150	152	170	171	176	191	208	213	211	214	214	217	217	221	221	222	224	225	228	228	231	234	235	235	238	239	242	242	245	245	241	242	238	238	235	235	234	231	231	228	228	225	224	222	221	218	217	214	214	211	209	195	191	176	171	170	153	150	134	134	117	117	97	96	79	76	59	55	55	37	
13	13	13	10	7	6	6	2	2	0	0	0	0	0	0	0	0	0	0	0	0	0	0	0	0	0	0	0	0	0	0	0	0	0	0	0	0	2	2	6	7	9	10	13	13	15	34	36	54	52	72	73	92	96	115	117	135	135	152	153	173	176	178	195	212	218	217	220	221	223	224	227	227	228	231	232	234	235	238	241	242	242	245	246	249	249	253	252	249	249	246	245	242	242	241	238	237	235	235	231	231	228	227	224	223	221	220	217	213	199	195	178	176	173	155	152	135	135	117	117	96	94	78	75	58	52	51	34	
13	13	13	10	7	6	6	2	2	0	0	0	0	0	0	0	0	0	0	0	0	0	0	0	0	0	0	0	0	0	0	0	0	0	0	0	0	2	2	6	7	9	10	13	13	15	34	36	54	52	72	73	92	96	115	117	135	135	152	153	173	176	178	195	212	218	217	220	221	223	224	227	227	228	231	232	234	235	238	241	242	242	245	246	249	249	253	252	249	249	246	245	242	242	241	238	237	235	235	231	231	228	227	224	223	221	220	217	213	199	195	178	176	173	155	152	135	135	117	117	96	94	78	75	58	52	51	34	
13	13	13	10	7	6	6	2	2	0	0	0	0	0	0	0	0	0	0	0	0	0	0	0	0	0	0	0	0	0	0	0	0	0	0	0	0	2	2	6	7	9	10	13	13	15	34	36	54	52	72	73	92	96	115	117	135	135	152	153	173	176	178	195	212	218	217	220	221	223	224	227	227	228	231	232	234	235	238	241	242	242	245	246	249	249	253	252	249	249	246	245	242	242	241	238	237	235	235	231	231	228	227	224	223	221	220	217	213	199	195	178	176	173	155	152	135	135	117	117	96	94	78	75	58	52	51	34	
12	12	11	8	5	4	4	1	1	0	0	0	0	0	0	0	0	0	0	0	0	0	0	0	0	0	0	0	0	0	0	0	0	0	0	0	0	1	1	4	5	8	8	11	12	14	35	35	54	53	72	74	92	96	116	117	135	135	152	154	173	176	180	196	212	219	217	220	221	224	224	227	227	228	231	232	235	235	239	242	242	242	246	246	249	250	253	253	249	249	246	246	242	242	242	238	238	235	235	232	231	228	228	224	223	221	221	217	215	200	196	180	176	173	155	152	135	135	117	117	96	95	78	75	58	53	51	33	
7	7	6	3	0	0	0	0	0	0	0	0	0	0	0	0	0	0	0	0	0	0	0	0	0	0	0	0	0	0	0	0	0	0	0	0	0	0	0	0	0	2	3	6	7	8	29	29	50	49	70	70	92	96	116	117	135	135	156	156	177	179	183	201	218	225	222	226	226	230	230	233	233	234	238	238	241	242	245	249	249	249	253	254	255	255	255	255	255	255	253	253	249	249	249	245	244	242	241	238	237	234	234	230	229	226	226	222	221	205	201	183	179	177	158	156	135	135	117	117	96	95	75	71	54	49	49	28	
8	8	7	4	1	0	0	0	0	0	0	0	0	0	0	0	0	0	0	0	0	0	0	0	0	0	0	0	0	0	0	0	0	0	0	0	0	0	0	0	0	3	4	7	8	9	29	30	51	50	69	71	92	96	115	117	135	135	156	156	176	178	183	201	218	223	222	226	226	229	230	233	233	234	237	238	241	241	245	248	249	249	252	253	255	255	255	255	255	255	253	252	249	249	248	245	244	241	241	238	237	234	233	230	229	226	226	222	219	205	201	183	178	176	157	156	135	135	117	117	96	94	76	72	55	50	50	29	
8	8	7	4	1	0	0	0	0	0	0	0	0	0	0	0	0	0	0	0	0	0	0	0	0	0	0	0	0	0	0	0	0	0	0	0	0	0	0	0	0	3	4	7	8	9	29	30	51	50	69	71	92	96	115	117	135	135	156	156	176	178	183	201	218	223	222	226	226	229	230	233	233	234	237	238	241	241	245	248	249	249	252	253	255	255	255	255	255	255	253	252	249	249	248	245	244	241	241	238	237	234	233	230	229	226	226	222	219	205	201	183	178	176	157	156	135	135	117	117	96	94	76	72	55	50	50	29	
8	8	7	4	1	0	0	0	0	0	0	0	0	0	0	0	0	0	0	0	0	0	0	0	0	0	0	0	0	0	0	0	0	0	0	0	0	0	0	0	0	3	4	7	8	9	29	30	51	50	69	71	92	96	115	117	135	135	156	156	176	178	183	201	218	223	222	226	226	229	230	233	233	234	237	238	241	241	245	248	249	249	252	253	255	255	255	255	255	255	253	252	249	249	248	245	244	241	241	238	237	234	233	230	229	226	226	222	219	205	201	183	178	176	157	156	135	135	117	117	96	94	76	72	55	50	50	29	
7	7	6	3	0	0	0	0	0	0	0	0	0	0	0	0	0	0	0	0	0	0	0	0	0	0	0	0	0	0	0	0	0	0	0	0	0	0	0	0	0	2	3	6	7	8	29	29	50	49	71	71	92	96	116	117	135	134	155	155	177	179	183	201	218	225	222	226	226	230	230	233	233	235	238	238	241	242	245	249	249	249	253	254	255	255	255	255	255	255	253	253	249	249	249	245	244	242	241	238	238	235	234	230	229	226	226	222	221	205	201	183	179	177	156	155	134	135	117	117	96	95	77	72	54	49	49	28	
1	1	0	0	0	0	0	0	0	0	0	0	0	0	0	0	0	0	0	0	0	0	0	0	0	0	0	0	0	0	0	0	0	0	0	0	0	0	0	0	0	0	0	0	1	2	25	25	46	44	68	68	89	95	117	117	138	137	158	158	180	183	187	205	224	231	228	232	232	235	235	239	239	241	244	245	248	248	252	255	255	255	255	255	255	255	255	255	255	255	255	255	255	255	255	252	251	248	248	244	244	241	240	236	235	232	232	228	226	210	205	187	183	180	159	158	137	138	117	119	95	92	74	70	51	44	44	23	
2	2	1	0	0	0	0	0	0	0	0	0	0	0	0	0	0	0	0	0	0	0	0	0	0	0	0	0	0	0	0	0	0	0	0	0	0	0	0	0	0	0	0	1	2	3	26	26	47	44	68	69	90	96	117	117	136	136	157	156	180	183	187	205	223	230	228	231	232	235	235	239	239	240	244	244	247	248	252	255	255	255	255	255	255	255	255	255	255	255	255	255	255	255	255	251	251	248	248	244	243	240	240	236	235	232	232	228	226	209	205	187	183	180	157	157	136	136	117	118	94	93	75	71	51	44	45	24	
2	2	1	0	0	0	0	0	0	0	0	0	0	0	0	0	0	0	0	0	0	0	0	0	0	0	0	0	0	0	0	0	0	0	0	0	0	0	0	0	0	0	0	1	2	3	26	26	47	44	68	69	90	96	117	117	136	136	157	156	180	183	187	205	223	230	228	231	232	235	235	239	239	240	244	244	247	248	252	255	255	255	255	255	255	255	255	255	255	255	255	255	255	255	255	251	251	248	248	244	243	240	240	236	235	232	232	228	226	209	205	187	183	180	157	157	136	136	117	118	94	93	75	71	51	44	45	24	
2	2	1	0	0	0	0	0	0	0	0	0	0	0	0	0	0	0	0	0	0	0	0	0	0	0	0	0	0	0	0	0	0	0	0	0	0	0	0	0	0	0	0	1	2	3	26	26	47	44	68	69	90	96	117	117	136	136	157	156	180	183	187	205	223	230	228	231	232	235	235	239	239	240	244	244	247	248	252	255	255	255	255	255	255	255	255	255	255	255	255	255	255	255	255	251	251	248	248	244	243	240	240	236	235	232	232	228	226	209	205	187	183	180	157	157	136	136	117	118	94	93	75	71	51	44	45	24	
0	0	0	0	0	0	0	0	0	0	0	0	0	0	0	0	0	0	0	0	0	0	0	0	0	0	0	0	0	0	0	0	0	0	0	0	0	0	0	0	0	0	0	0	0	0	22	23	44	41	65	65	89	93	117	117	141	138	159	160	183	185	190	209	229	236	234	237	238	241	241	245	245	247	250	251	254	255	255	255	255	255	255	255	255	255	255	255	255	255	255	255	255	255	255	255	255	255	255	250	250	247	246	242	241	238	238	234	230	213	209	190	185	183	162	159	138	141	117	118	93	90	72	68	48	41	41	20	
0	0	0	0	0	0	0	0	0	0	0	0	0	0	0	0	0	0	0	0	0	0	0	0	0	0	0	0	0	0	0	0	0	0	0	0	0	0	0	0	0	0	0	0	0	0	21	21	44	41	65	65	89	93	117	117	140	138	160	160	184	187	191	210	230	237	235	239	239	242	242	247	246	248	251	252	255	255	255	255	255	255	255	255	255	255	255	255	255	255	255	255	255	255	255	255	255	255	255	252	251	248	247	243	242	239	239	235	231	215	210	191	187	184	161	160	138	140	117	118	93	91	72	68	48	41	41	19	
0	0	0	0	0	0	0	0	0	0	0	0	0	0	0	0	0	0	0	0	0	0	0	0	0	0	0	0	0	0	0	0	0	0	0	0	0	0	0	0	0	0	0	0	0	0	21	21	44	41	65	65	89	93	117	117	140	138	160	160	184	187	191	210	230	237	235	239	239	242	242	247	246	248	251	252	255	255	255	255	255	255	255	255	255	255	255	255	255	255	255	255	255	255	255	255	255	255	255	252	251	248	247	243	242	239	239	235	231	215	210	191	187	184	161	160	138	140	117	118	93	91	72	68	48	41	41	19	
0	0	0	0	0	0	0	0	0	0	0	0	0	0	0	0	0	0	0	0	0	0	0	0	0	0	0	0	0	0	0	0	0	0	0	0	0	0	0	0	0	0	0	0	0	0	21	21	44	41	65	65	89	93	117	117	140	138	160	160	184	187	191	210	230	237	235	239	239	242	242	247	246	248	251	252	255	255	255	255	255	255	255	255	255	255	255	255	255	255	255	255	255	255	255	255	255	255	255	252	251	248	247	243	242	239	239	235	231	215	210	191	187	184	161	160	138	140	117	118	93	91	72	68	48	41	41	19	
0	0	0	0	0	0	0	0	0	0	0	0	0	0	0	0	0	0	0	0	0	0	0	0	0	0	0	0	0	0	0	0	0	0	0	0	0	0	0	0	0	0	0	0	0	0	20	22	43	41	64	65	89	93	117	117	141	138	160	162	184	187	191	211	230	237	235	239	239	242	243	247	247	248	251	252	255	255	255	255	255	255	255	255	255	255	255	255	255	255	255	255	255	255	255	255	255	255	255	252	251	248	247	243	242	239	239	235	232	215	211	191	187	184	163	160	138	141	117	118	93	90	72	66	47	41	40	19	
0	0	0	0	0	0	0	0	0	0	0	0	0	0	0	0	0	0	0	0	0	0	0	0	0	0	0	0	0	0	0	0	0	0	0	0	0	0	0	0	0	0	0	0	0	0	16	16	40	37	61	61	86	92	117	117	142	139	163	163	187	190	194	215	234	243	241	245	245	249	249	253	253	254	255	255	255	255	255	255	255	255	255	255	255	255	255	255	255	255	255	255	255	255	255	255	255	255	255	255	255	254	253	250	248	245	245	241	237	219	215	194	190	187	164	163	139	142	117	118	90	89	68	64	44	37	37	13	
0	0	0	0	0	0	0	0	0	0	0	0	0	0	0	0	0	0	0	0	0	0	0	0	0	0	0	0	0	0	0	0	0	0	0	0	0	0	0	0	0	0	0	0	0	0	16	16	40	37	61	61	86	92	117	117	142	139	163	163	187	190	194	215	234	243	241	245	245	249	249	253	253	254	255	255	255	255	255	255	255	255	255	255	255	255	255	255	255	255	255	255	255	255	255	255	255	255	255	255	255	254	253	250	248	245	245	241	237	219	215	194	190	187	164	163	139	142	117	118	90	89	68	64	44	37	37	13	
0	0	0	0	0	0	0	0	0	0	0	0	0	0	0	0	0	0	0	0	0	0	0	0	0	0	0	0	0	0	0	0	0	0	0	0	0	0	0	0	0	0	0	0	0	0	16	16	40	37	61	61	86	92	117	117	142	139	163	163	187	190	194	215	234	243	241	245	245	249	249	253	253	254	255	255	255	255	255	255	255	255	255	255	255	255	255	255	255	255	255	255	255	255	255	255	255	255	255	255	255	254	253	250	248	245	245	241	237	219	215	194	190	187	164	163	139	142	117	118	90	89	68	64	44	37	37	13	
0	0	0	0	0	0	0	0	0	0	0	0	0	0	0	0	0	0	0	0	0	0	0	0	0	0	0	0	0	0	0	0	0	0	0	0	0	0	0	0	0	0	0	0	0	0	15	16	39	37	61	61	86	92	117	117	141	140	163	163	187	190	196	215	236	243	241	245	245	249	249	253	253	255	255	255	255	255	255	255	255	255	255	255	255	255	255	255	255	255	255	255	255	255	255	255	255	255	255	255	255	255	254	250	248	245	245	241	238	221	215	196	190	187	165	163	140	141	117	119	91	89	68	64	44	37	36	14	
0	0	0	0	0	0	0	0	0	0	0	0	0	0	0	0	0	0	0	0	0	0	0	0	0	0	0	0	0	0	0	0	0	0	0	0	0	0	0	0	0	0	0	0	0	0	11	12	35	33	60	60	85	91	117	117	144	141	165	165	191	194	200	219	240	249	246	251	251	255	255	255	255	255	255	255	255	255	255	255	255	255	255	255	255	255	255	255	255	255	255	255	255	255	255	255	255	255	255	255	255	255	255	255	254	251	251	246	243	225	219	200	194	191	166	165	141	144	117	119	89	86	67	61	40	33	32	9	
0	0	0	0	0	0	0	0	0	0	0	0	0	0	0	0	0	0	0	0	0	0	0	0	0	0	0	0	0	0	0	0	0	0	0	0	0	0	0	0	0	0	0	0	0	0	12	12	36	33	59	59	85	90	117	117	143	141	164	164	191	194	198	219	240	248	246	251	251	255	255	255	255	255	255	255	255	255	255	255	255	255	255	255	255	255	255	255	255	255	255	255	255	255	255	255	255	255	255	255	255	255	255	255	254	251	251	246	243	223	219	198	194	191	166	164	141	143	117	118	89	87	66	62	40	33	33	9	
0	0	0	0	0	0	0	0	0	0	0	0	0	0	0	0	0	0	0	0	0	0	0	0	0	0	0	0	0	0	0	0	0	0	0	0	0	0	0	0	0	0	0	0	0	0	12	12	36	33	59	59	85	90	117	117	143	141	164	164	191	194	198	219	240	248	246	251	251	255	255	255	255	255	255	255	255	255	255	255	255	255	255	255	255	255	255	255	255	255	255	255	255	255	255	255	255	255	255	255	255	255	255	255	254	251	251	246	243	223	219	198	194	191	166	164	141	143	117	118	89	87	66	62	40	33	33	9	
0	0	0	0	0	0	0	0	0	0	0	0	0	0	0	0	0	0	0	0	0	0	0	0	0	0	0	0	0	0	0	0	0	0	0	0	0	0	0	0	0	0	0	0	0	0	12	12	36	33	59	59	85	90	117	117	143	141	164	164	191	194	198	219	240	248	246	251	251	255	255	255	255	255	255	255	255	255	255	255	255	255	255	255	255	255	255	255	255	255	255	255	255	255	255	255	255	255	255	255	255	255	255	255	254	251	251	246	243	223	219	198	194	191	166	164	141	143	117	118	89	87	66	62	40	33	33	9	
0	0	0	0	0	0	0	0	0	0	0	0	0	0	0	0	0	0	0	0	0	0	0	0	0	0	0	0	0	0	0	0	0	0	0	0	0	0	0	0	0	0	0	0	0	0	11	12	36	33	60	60	85	91	117	117	144	141	165	165	191	194	198	219	240	249	246	251	251	255	255	255	255	255	255	255	255	255	255	255	255	255	255	255	255	255	255	255	255	255	255	255	255	255	255	255	255	255	255	255	255	255	255	255	254	251	251	246	243	225	219	198	194	191	166	165	141	144	117	119	89	88	67	63	40	33	33	9	
0	0	0	0	0	0	0	0	0	0	0	0	0	0	0	0	0	0	0	0	0	0	0	0	0	0	0	0	0	0	0	0	0	0	0	0	0	0	0	0	0	0	0	0	0	0	7	8	33	32	58	58	84	91	117	117	144	141	168	168	194	196	201	224	245	253	251	255	255	255	255	255	255	255	255	255	255	255	255	255	255	255	255	255	255	255	255	255	255	255	255	255	255	255	255	255	255	255	255	255	255	255	255	255	255	255	255	251	247	229	224	201	196	194	169	168	141	144	117	119	89	88	65	60	39	32	32	5	
0	0	0	0	0	0	0	0	0	0	0	0	0	0	0	0	0	0	0	0	0	0	0	0	0	0	0	0	0	0	0	0	0	0	0	0	0	0	0	0	0	0	0	0	0	0	6	6	33	30	57	57	83	90	117	117	143	141	167	167	194	197	201	225	246	254	252	255	255	255	255	255	255	255	255	255	255	255	255	255	255	255	255	255	255	255	255	255	255	255	255	255	255	255	255	255	255	255	255	255	255	255	255	255	255	255	255	252	248	229	225	201	197	194	169	167	141	143	117	118	89	87	64	59	37	30	30	3	
0	0	0	0	0	0	0	0	0	0	0	0	0	0	0	0	0	0	0	0	0	0	0	0	0	0	0	0	0	0	0	0	0	0	0	0	0	0	0	0	0	0	0	0	0	0	6	6	33	30	57	57	83	90	117	117	143	141	167	167	194	197	201	225	246	254	252	255	255	255	255	255	255	255	255	255	255	255	255	255	255	255	255	255	255	255	255	255	255	255	255	255	255	255	255	255	255	255	255	255	255	255	255	255	255	255	255	252	248	229	225	201	197	194	169	167	141	143	117	118	89	87	64	59	37	30	30	3	
0	0	0	0	0	0	0	0	0	0	0	0	0	0	0	0	0	0	0	0	0	0	0	0	0	0	0	0	0	0	0	0	0	0	0	0	0	0	0	0	0	0	0	0	0	0	6	6	33	30	57	57	83	90	117	117	143	141	167	167	194	197	201	225	246	254	252	255	255	255	255	255	255	255	255	255	255	255	255	255	255	255	255	255	255	255	255	255	255	255	255	255	255	255	255	255	255	255	255	255	255	255	255	255	255	255	255	252	248	229	225	201	197	194	169	167	141	143	117	118	89	87	64	59	37	30	30	3	
0	0	0	0	0	0	0	0	0	0	0	0	0	0	0	0	0	0	0	0	0	0	0	0	0	0	0	0	0	0	0	0	0	0	0	0	0	0	0	0	0	0	0	0	0	0	5	7	32	30	57	57	84	91	117	117	142	141	168	168	196	197	201	225	246	254	252	255	255	255	255	255	255	255	255	255	255	255	255	255	255	255	255	255	255	255	255	255	255	255	255	255	255	255	255	255	255	255	255	255	255	255	255	255	255	255	255	252	249	229	225	201	197	196	169	168	141	142	117	119	89	88	64	60	37	30	30	4	
0	0	0	0	0	0	0	0	0	0	0	0	0	0	0	0	0	0	0	0	0	0	0	0	0	0	0	0	0	0	0	0	0	0	0	0	0	0	0	0	0	0	0	0	0	0	2	2	28	26	55	55	82	89	117	117	145	142	168	168	198	201	205	229	252	255	255	255	255	255	255	255	255	255	255	255	255	255	255	255	255	255	255	255	255	255	255	255	255	255	255	255	255	255	255	255	255	255	255	255	255	255	255	255	255	255	255	255	255	234	229	205	201	198	170	168	142	145	117	118	89	86	62	58	34	26	26	0	
0	0	0	0	0	0	0	0	0	0	0	0	0	0	0	0	0	0	0	0	0	0	0	0	0	0	0	0	0	0	0	0	0	0	0	0	0	0	0	0	0	0	0	0	0	0	2	2	28	26	55	55	82	89	117	117	145	142	168	168	198	201	205	229	252	255	255	255	255	255	255	255	255	255	255	255	255	255	255	255	255	255	255	255	255	255	255	255	255	255	255	255	255	255	255	255	255	255	255	255	255	255	255	255	255	255	255	255	255	234	229	205	201	198	170	168	142	145	117	118	89	86	62	58	34	26	26	0	
0	0	0	0	0	0	0	0	0	0	0	0	0	0	0	0	0	0	0	0	0	0	0	0	0	0	0	0	0	0	0	0	0	0	0	0	0	0	0	0	0	0	0	0	0	0	2	2	28	26	55	55	82	89	117	117	145	142	168	168	198	201	205	229	252	255	255	255	255	255	255	255	255	255	255	255	255	255	255	255	255	255	255	255	255	255	255	255	255	255	255	255	255	255	255	255	255	255	255	255	255	255	255	255	255	255	255	255	255	234	229	205	201	198	170	168	142	145	117	118	89	86	62	58	34	26	26	0	
0	0	0	0	0	0	0	0	0	0	0	0	0	0	0	0	0	0	0	0	0	0	0	0	0	0	0	0	0	0	0	0	0	0	0	0	0	0	0	0	0	0	0	0	0	0	2	2	29	26	55	55	82	89	117	117	143	142	169	169	197	199	205	227	251	255	255	255	255	255	255	255	255	255	255	255	255	255	255	255	255	255	255	255	255	255	255	255	255	255	255	255	255	255	255	255	255	255	255	255	255	255	255	255	255	255	255	255	254	233	227	205	199	197	170	169	142	143	117	118	89	86	62	58	34	26	26	0	
0	0	0	0	0	0	0	0	0	0	0	0	0	0	0	0	0	0	0	0	0	0	0	0	0	0	0	0	0	0	0	0	0	0	0	0	0	0	0	0	0	0	0	0	0	0	0	0	26	23	53	53	81	88	117	119	147	144	172	172	201	204	210	233	255	255	255	255	255	255	255	255	255	255	255	255	255	255	255	255	255	255	255	255	255	255	255	255	255	255	255	255	255	255	255	255	255	255	255	255	255	255	255	255	255	255	255	255	255	239	233	210	204	201	173	172	144	147	119	119	88	84	61	56	32	23	23	0	
0	0	0	0	0	0	0	0	0	0	0	0	0	0	0	0	0	0	0	0	0	0	0	0	0	0	0	0	0	0	0	0	0	0	0	0	0	0	0	0	0	0	0	0	0	0	0	0	26	23	52	52	80	87	117	118	146	143	171	171	201	204	209	234	255	255	255	255	255	255	255	255	255	255	255	255	255	255	255	255	255	255	255	255	255	255	255	255	255	255	255	255	255	255	255	255	255	255	255	255	255	255	255	255	255	255	255	255	255	240	234	209	204	201	173	171	143	146	118	118	87	85	61	55	31	23	23	0	
0	0	0	0	0	0	0	0	0	0	0	0	0	0	0	0	0	0	0	0	0	0	0	0	0	0	0	0	0	0	0	0	0	0	0	0	0	0	0	0	0	0	0	0	0	0	0	0	26	23	52	52	80	87	117	118	146	143	171	171	201	204	209	234	255	255	255	255	255	255	255	255	255	255	255	255	255	255	255	255	255	255	255	255	255	255	255	255	255	255	255	255	255	255	255	255	255	255	255	255	255	255	255	255	255	255	255	255	255	240	234	209	204	201	173	171	143	146	118	118	87	85	61	55	31	23	23	0	
0	0	0	0	0	0	0	0	0	0	0	0	0	0	0	0	0	0	0	0	0	0	0	0	0	0	0	0	0	0	0	0	0	0	0	0	0	0	0	0	0	0	0	0	0	0	0	0	26	23	52	52	80	87	117	118	146	143	171	171	201	204	209	234	255	255	255	255	255	255	255	255	255	255	255	255	255	255	255	255	255	255	255	255	255	255	255	255	255	255	255	255	255	255	255	255	255	255	255	255	255	255	255	255	255	255	255	255	255	240	234	209	204	201	173	171	143	146	118	118	87	85	61	55	31	23	23	0	
0	0	0	0	0	0	0	0	0	0	0	0	0	0	0	0	0	0	0	0	0	0	0	0	0	0	0	0	0	0	0	0	0	0	0	0	0	0	0	0	0	0	0	0	0	0	0	0	23	22	50	51	79	86	117	119	148	145	173	175	203	205	212	238	255	255	255	255	255	255	255	255	255	255	255	255	255	255	255	255	255	255	255	255	255	255	255	255	255	255	255	255	255	255	255	255	255	255	255	255	255	255	255	255	255	255	255	255	255	243	238	212	205	203	176	173	145	148	119	119	86	84	60	53	30	22	21	0	
0	0	0	0	0	0	0	0	0	0	0	0	0	0	0	0	0	0	0	0	0	0	0	0	0	0	0	0	0	0	0	0	0	0	0	0	0	0	0	0	0	0	0	0	0	0	0	0	23	20	50	50	79	86	117	118	148	145	173	174	204	206	212	239	255	255	255	255	255	255	255	255	255	255	255	255	255	255	255	255	255	255	255	255	255	255	255	255	255	255	255	255	255	255	255	255	255	255	255	255	255	255	255	255	255	255	255	255	255	244	239	212	206	204	176	173	145	148	118	118	86	83	58	52	29	20	19	0	
0	0	0	0	0	0	0	0	0	0	0	0	0	0	0	0	0	0	0	0	0	0	0	0	0	0	0	0	0	0	0	0	0	0	0	0	0	0	0	0	0	0	0	0	0	0	0	0	23	20	50	50	79	86	117	118	148	145	173	174	204	206	212	239	255	255	255	255	255	255	255	255	255	255	255	255	255	255	255	255	255	255	255	255	255	255	255	255	255	255	255	255	255	255	255	255	255	255	255	255	255	255	255	255	255	255	255	255	255	244	239	212	206	204	176	173	145	148	118	118	86	83	58	52	29	20	19	0	
0	0	0	0	0	0	0	0	0	0	0	0	0	0	0	0	0	0	0	0	0	0	0	0	0	0	0	0	0	0	0	0	0	0	0	0	0	0	0	0	0	0	0	0	0	0	0	0	23	20	50	50	79	86	117	118	148	145	173	174	204	206	212	239	255	255	255	255	255	255	255	255	255	255	255	255	255	255	255	255	255	255	255	255	255	255	255	255	255	255	255	255	255	255	255	255	255	255	255	255	255	255	255	255	255	255	255	255	255	244	239	212	206	204	176	173	145	148	118	118	86	83	58	52	29	20	19	0	
0	0	0	0	0	0	0	0	0	0	0	0	0	0	0	0	0	0	0	0	0	0	0	0	0	0	0	0	0	0	0	0	0	0	0	0	0	0	0	0	0	0	0	0	0	0	0	0	23	20	50	50	79	86	117	118	148	145	173	174	204	206	212	239	255	255	255	255	255	255	255	255	255	255	255	255	255	255	255	255	255	255	255	255	255	255	255	255	255	255	255	255	255	255	255	255	255	255	255	255	255	255	255	255	255	255	255	255	255	244	239	212	206	204	176	173	145	148	118	118	86	83	58	52	29	20	19	0	
0	0	0	0	0	0	0	0	0	0	0	0	0	0	0	0	0	0	0	0	0	0	0	0	0	0	0	0	0	0	0	0	0	0	0	0	0	0	0	0	0	0	0	0	0	0	0	0	18	15	47	49	78	85	117	119	149	147	175	176	208	211	217	242	255	255	255	255	255	255	255	255	255	255	255	255	255	255	255	255	255	255	255	255	255	255	255	255	255	255	255	255	255	255	255	255	255	255	255	255	255	255	255	255	255	255	255	255	255	247	242	217	211	208	177	175	147	149	119	119	85	82	57	51	23	15	15	0	
0	0	0	0	0	0	0	0	0	0	0	0	0	0	0	0	0	0	0	0	0	0	0	0	0	0	0	0	0	0	0	0	0	0	0	0	0	0	0	0	0	0	0	0	0	0	0	0	17	15	48	48	78	85	117	118	149	146	174	176	209	212	218	243	255	255	255	255	255	255	255	255	255	255	255	255	255	255	255	255	255	255	255	255	255	255	255	255	255	255	255	255	255	255	255	255	255	255	255	255	255	255	255	255	255	255	255	255	255	248	243	218	212	209	177	174	146	149	118	118	85	82	57	51	24	15	13	0	
0	0	0	0	0	0	0	0	0	0	0	0	0	0	0	0	0	0	0	0	0	0	0	0	0	0	0	0	0	0	0	0	0	0	0	0	0	0	0	0	0	0	0	0	0	0	0	0	17	15	48	48	78	85	117	118	149	146	174	176	209	212	218	243	255	255	255	255	255	255	255	255	255	255	255	255	255	255	255	255	255	255	255	255	255	255	255	255	255	255	255	255	255	255	255	255	255	255	255	255	255	255	255	255	255	255	255	255	255	248	243	218	212	209	177	174	146	149	118	118	85	82	57	51	24	15	13	0	
0	0	0	0	0	0	0	0	0	0	0	0	0	0	0	0	0	0	0	0	0	0	0	0	0	0	0	0	0	0	0	0	0	0	0	0	0	0	0	0	0	0	0	0	0	0	0	0	17	15	48	48	78	85	117	118	149	146	174	176	209	212	218	243	255	255	255	255	255	255	255	255	255	255	255	255	255	255	255	255	255	255	255	255	255	255	255	255	255	255	255	255	255	255	255	255	255	255	255	255	255	255	255	255	255	255	255	255	255	248	243	218	212	209	177	174	146	149	118	118	85	82	57	51	24	15	13	0	
0	0	0	0	0	0	0	0	0	0	0	0	0	0	0	0	0	0	0	0	0	0	0	0	0	0	0	0	0	0	0	0	0	0	0	0	0	0	0	0	0	0	0	0	0	0	0	0	18	15	49	49	78	85	117	119	149	147	175	176	210	212	218	243	255	255	255	255	255	255	255	255	255	255	255	255	255	255	255	255	255	255	255	255	255	255	255	255	255	255	255	255	255	255	255	255	255	255	255	255	255	255	255	255	255	255	255	255	255	249	243	218	212	210	177	175	147	149	119	119	85	82	57	51	25	15	14	0	
0	0	0	0	0	0	0	0	0	0	0	0	0	0	0	0	0	0	0	0	0	0	0	0	0	0	0	0	0	0	0	0	0	0	0	0	0	0	0	0	0	0	0	0	0	0	0	0	14	12	45	45	77	86	117	118	149	146	178	178	212	215	222	248	255	255	255	255	255	255	255	255	255	255	255	255	255	255	255	255	255	255	255	255	255	255	255	255	255	255	255	255	255	255	255	255	255	255	255	255	255	255	255	255	255	255	255	255	255	255	248	222	215	212	180	178	146	149	118	118	84	82	55	48	21	12	12	0	
0	0	0	0	0	0	0	0	0	0	0	0	0	0	0	0	0	0	0	0	0	0	0	0	0	0	0	0	0	0	0	0	0	0	0	0	0	0	0	0	0	0	0	0	0	0	0	0	14	12	45	45	77	86	117	118	149	146	178	178	212	215	222	248	255	255	255	255	255	255	255	255	255	255	255	255	255	255	255	255	255	255	255	255	255	255	255	255	255	255	255	255	255	255	255	255	255	255	255	255	255	255	255	255	255	255	255	255	255	255	248	222	215	212	180	178	146	149	118	118	84	82	55	48	21	12	12	0	
0	0	0	0	0	0	0	0	0	0	0	0	0	0	0	0	0	0	0	0	0	0	0	0	0	0	0	0	0	0	0	0	0	0	0	0	0	0	0	0	0	0	0	0	0	0	0	0	14	12	45	45	77	86	117	118	149	146	178	178	212	215	222	248	255	255	255	255	255	255	255	255	255	255	255	255	255	255	255	255	255	255	255	255	255	255	255	255	255	255	255	255	255	255	255	255	255	255	255	255	255	255	255	255	255	255	255	255	255	255	248	222	215	212	180	178	146	149	118	118	84	82	55	48	21	12	12	0	
0	0	0	0	0	0	0	0	0	0	0	0	0	0	0	0	0	0	0	0	0	0	0	0	0	0	0	0	0	0	0	0	0	0	0	0	0	0	0	0	0	0	0	0	0	0	0	0	15	12	45	45	78	86	117	118	148	145	177	177	211	213	220	247	255	255	255	255	255	255	255	255	255	255	255	255	255	255	255	255	255	255	255	255	255	255	255	255	255	255	255	255	255	255	255	255	255	255	255	255	255	255	255	255	255	255	255	255	255	254	247	220	213	211	178	177	145	148	118	118	85	82	55	48	22	12	12	0	
0	0	0	0	0	0	0	0	0	0	0	0	0	0	0	0	0	0	0	0	0	0	0	0	0	0	0	0	0	0	0	0	0	0	0	0	0	0	0	0	0	0	0	0	0	0	0	0	11	8	43	43	75	84	117	119	151	148	180	179	215	218	225	252	255	255	255	255	255	255	255	255	255	255	255	255	255	255	255	255	255	255	255	255	255	255	255	255	255	255	255	255	255	255	255	255	255	255	255	255	255	255	255	255	255	255	255	255	255	255	252	225	218	215	182	180	148	151	119	119	82	79	53	46	18	8	8	0	
0	0	0	0	0	0	0	0	0	0	0	0	0	0	0	0	0	0	0	0	0	0	0	0	0	0	0	0	0	0	0	0	0	0	0	0	0	0	0	0	0	0	0	0	0	0	0	0	10	6	43	44	76	83	117	118	150	148	180	178	215	219	226	253	255	255	255	255	255	255	255	255	255	255	255	255	255	255	255	255	255	255	255	255	255	255	255	255	255	255	255	255	255	255	255	255	255	255	255	255	255	255	255	255	255	255	255	255	255	255	253	226	219	215	181	180	148	150	118	118	83	80	54	47	16	6	8	0	
0	0	0	0	0	0	0	0	0	0	0	0	0	0	0	0	0	0	0	0	0	0	0	0	0	0	0	0	0	0	0	0	0	0	0	0	0	0	0	0	0	0	0	0	0	0	0	0	10	6	43	44	76	83	117	118	150	148	180	178	215	219	226	253	255	255	255	255	255	255	255	255	255	255	255	255	255	255	255	255	255	255	255	255	255	255	255	255	255	255	255	255	255	255	255	255	255	255	255	255	255	255	255	255	255	255	255	255	255	255	253	226	219	215	181	180	148	150	118	118	83	80	54	47	16	6	8	0	
0	0	0	0	0	0	0	0	0	0	0	0	0	0	0	0	0	0	0	0	0	0	0	0	0	0	0	0	0	0	0	0	0	0	0	0	0	0	0	0	0	0	0	0	0	0	0	0	10	6	43	44	76	83	117	118	150	148	180	178	215	219	226	253	255	255	255	255	255	255	255	255	255	255	255	255	255	255	255	255	255	255	255	255	255	255	255	255	255	255	255	255	255	255	255	255	255	255	255	255	255	255	255	255	255	255	255	255	255	255	253	226	219	215	181	180	148	150	118	118	83	80	54	47	16	6	8	0	
0	0	0	0	0	0	0	0	0	0	0	0	0	0	0	0	0	0	0	0	0	0	0	0	0	0	0	0	0	0	0	0	0	0	0	0	0	0	0	0	0	0	0	0	0	0	0	0	8	5	41	41	75	83	117	118	152	149	183	183	218	220	227	255	255	255	255	255	255	255	255	255	255	255	255	255	255	255	255	255	255	255	255	255	255	255	255	255	255	255	255	255	255	255	255	255	255	255	255	255	255	255	255	255	255	255	255	255	255	255	255	227	220	218	184	183	149	152	118	118	82	79	51	44	15	5	5	0	
0	0	0	0	0	0	0	0	0	0	0	0	0	0	0	0	0	0	0	0	0	0	0	0	0	0	0	0	0	0	0	0	0	0	0	0	0	0	0	0	0	0	0	0	0	0	0	0	6	3	40	40	75	82	117	118	152	149	183	184	219	222	229	255	255	255	255	255	255	255	255	255	255	255	255	255	255	255	255	255	255	255	255	255	255	255	255	255	255	255	255	255	255	255	255	255	255	255	255	255	255	255	255	255	255	255	255	255	255	255	255	229	222	219	185	183	149	152	118	118	82	78	50	43	13	3	3	0	
0	0	0	0	0	0	0	0	0	0	0	0	0	0	0	0	0	0	0	0	0	0	0	0	0	0	0	0	0	0	0	0	0	0	0	0	0	0	0	0	0	0	0	0	0	0	0	0	8	3	40	40	75	82	117	118	152	149	183	183	219	222	227	255	255	255	255	255	255	255	255	255	255	255	255	255	255	255	255	255	255	255	255	255	255	255	255	255	255	255	255	255	255	255	255	255	255	255	255	255	255	255	255	255	255	255	255	255	255	255	255	227	222	219	185	183	149	152	118	118	82	79	50	44	13	3	5	0	
0	0	0	0	0	0	0	0	0	0	0	0	0	0	0	0	0	0	0	0	0	0	0	0	0	0	0	0	0	0	0	0	0	0	0	0	0	0	0	0	0	0	0	0	0	0	0	0	8	3	40	40	75	82	117	118	152	149	183	183	219	222	227	255	255	255	255	255	255	255	255	255	255	255	255	255	255	255	255	255	255	255	255	255	255	255	255	255	255	255	255	255	255	255	255	255	255	255	255	255	255	255	255	255	255	255	255	255	255	255	255	227	222	219	185	183	149	152	118	118	82	79	50	44	13	3	5	0	
0	0	0	0	0	0	0	0	0	0	0	0	0	0	0	0	0	0	0	0	0	0	0	0	0	0	0	0	0	0	0	0	0	0	0	0	0	0	0	0	0	0	0	0	0	0	0	0	8	3	40	40	75	82	117	118	152	149	183	183	219	222	227	255	255	255	255	255	255	255	255	255	255	255	255	255	255	255	255	255	255	255	255	255	255	255	255	255	255	255	255	255	255	255	255	255	255	255	255	255	255	255	255	255	255	255	255	255	255	255	255	227	222	219	185	183	149	152	118	118	82	79	50	44	13	3	5	0	
