0	0	0	0	0	0	0	0	0	0	0	0	0	0	0	0	0	0	0	0	0	0	0	0	0	0	0	0	0	0	0	0	0	0	0	0	0	0	0	0	0	0	0	0	0	0	0	0	0	0	0	0	0	0	0	0	0	0	0	0	0	0	0	0	0	0	0	0	0	0	0	0	0	0	0	0	0	0	0	0	0	0	0	0	0	0	0	0	0	0	0	0	0	0	0	0	0	0	0	0	0	0	0	0	0	0	0	0	0	0	0	0	0	0	0	0	0	0	0	0	0	0	0	0	0	0	0	0	
49	47	57	62	71	67	59	65	57	57	56	54	56	61	108	140	175	197	184	147	82	41	44	50	79	117	105	110	116	116	115	114	108	91	95	115	122	107	106	100	87	96	108	86	52	65	110	90	92	88	67	53	50	66	88	78	63	69	42	75	75	64	67	39	58	72	71	58	69	7	58	55	48	48	33	54	70	64	56	7	60	71	57	42	39	60	52	46	36	7	38	39	33	6	42	37	45	5	39	39	45	36	62	52	37	49	65	52	39	42	31	35	7	37	32	31	40	61	6	50	60	46	36	47	39	7	0	0	
57	56	60	59	59	54	50	56	55	56	56	56	59	62	121	145	157	161	144	110	74	41	7	40	55	82	86	79	74	63	70	73	67	72	75	109	127	113	88	90	107	111	108	79	57	80	124	86	95	84	69	56	51	70	77	83	62	58	42	68	71	63	69	38	57	83	81	75	78	39	70	63	61	54	33	58	71	64	61	34	66	77	66	55	41	58	62	69	39	31	7	41	33	7	41	40	46	7	48	48	41	40	58	43	6	56	71	57	38	47	39	38	37	34	6	5	33	55	6	55	63	49	52	63	45	33	0	0	
27	27	27	30	31	31	30	31	32	31	29	30	31	31	113	66	105	80	65	50	38	19	21	22	47	35	32	48	48	49	55	55	53	50	122	51	58	57	86	49	49	49	53	70	48	33	37	37	45	41	58	24	24	31	41	42	38	30	28	35	35	35	37	20	24	98	39	40	35	18	71	21	30	27	21	30	33	31	31	22	28	35	35	31	18	25	24	26	20	18	16	19	14	14	16	17	23	20	25	22	18	21	30	29	26	25	28	26	18	22	19	14	20	19	13	12	16	25	23	31	33	26	31	28	20	19	0	0	
65	29	28	28	30	31	31	31	30	30	29	29	30	32	37	38	74	58	53	51	38	28	15	18	20	49	35	38	35	37	44	114	122	127	115	116	107	53	57	59	50	51	49	43	32	33	58	66	59	34	42	41	22	26	25	37	35	52	22	27	28	34	33	27	29	93	34	40	38	31	36	34	37	29	23	28	36	34	33	15	22	65	33	33	28	34	33	31	20	18	22	23	16	21	23	24	22	20	69	68	19	24	27	27	18	23	34	32	24	21	19	16	19	19	16	14	17	15	12	75	82	21	30	27	19	24	0	0	
22	21	25	25	26	28	30	30	30	29	30	29	29	30	61	55	40	27	25	33	19	17	15	19	22	23	26	28	26	54	38	38	41	59	44	75	84	53	42	44	45	53	50	51	27	91	113	48	41	38	23	23	26	32	29	32	28	28	26	41	34	38	29	37	38	55	46	52	30	30	33	31	31	29	23	25	72	34	34	29	32	34	34	29	26	85	33	29	24	20	58	19	12	17	59	27	22	24	30	30	21	26	28	29	14	19	63	26	21	25	19	16	22	24	18	19	19	19	18	33	33	34	35	30	25	66	7	7	
27	26	25	24	25	26	29	29	29	27	27	27	26	27	27	16	19	16	14	17	22	13	10	11	21	28	30	36	35	34	68	62	71	81	84	86	49	48	70	83	61	67	124	44	54	32	111	114	118	118	96	75	26	82	91	87	31	29	27	28	33	34	33	24	27	30	36	35	34	21	26	26	48	38	36	25	24	23	25	23	27	28	28	29	26	85	30	31	28	33	27	28	25	26	28	29	24	29	30	33	35	32	33	34	27	28	28	22	14	17	17	13	58	62	14	19	19	18	19	26	35	39	38	29	25	31	0	0	
24	22	21	22	24	24	24	27	27	25	23	22	21	24	12	9	14	15	13	11	12	10	7	9	13	28	89	111	117	122	118	103	107	115	114	46	40	61	60	53	136	128	47	52	52	70	52	63	71	31	31	29	27	25	30	30	30	28	26	81	88	95	89	24	95	108	98	32	29	25	33	32	33	30	29	33	32	32	32	21	26	25	34	32	47	53	52	35	23	24	23	28	22	24	27	27	23	25	28	27	16	19	21	32	27	32	29	25	26	24	24	22	29	30	23	70	25	17	21	78	26	21	73	23	22	25	0	0	
27	26	21	23	23	26	25	24	24	21	21	20	19	21	9	9	11	9	6	4	10	4	3	6	10	56	35	37	38	98	109	115	134	114	110	49	41	39	123	130	114	101	73	49	25	28	88	58	82	46	49	45	42	47	39	37	35	31	32	31	30	32	36	31	36	42	42	38	30	27	85	87	104	32	25	91	73	70	68	20	30	29	30	29	31	84	43	43	37	123	141	129	83	94	112	42	36	30	31	29	41	25	25	25	18	20	19	18	18	20	21	19	23	29	24	32	27	21	25	33	29	30	34	29	29	30	0	0	
27	25	26	27	28	27	27	25	24	21	20	20	18	19	12	9	11	42	12	8	4	4	2	6	11	17	22	66	71	70	70	80	53	59	64	60	119	123	43	56	62	82	44	61	54	32	33	29	31	33	30	23	30	28	38	36	40	30	29	31	40	36	49	30	91	103	55	129	67	29	85	97	106	39	36	107	38	40	30	28	36	32	32	28	30	30	88	34	31	96	30	26	25	29	25	26	23	23	24	30	25	24	26	26	30	30	30	27	23	24	23	23	22	23	23	25	23	22	20	22	28	27	26	24	25	26	0	0	
81	32	32	33	35	35	34	32	32	30	24	22	24	26	21	23	53	57	53	36	6	5	2	4	6	29	33	88	42	42	44	56	60	61	57	55	50	36	106	144	58	54	29	21	23	26	53	43	46	25	24	24	35	38	41	37	38	32	30	30	31	31	28	31	46	45	47	119	35	37	40	45	43	38	36	114	38	40	35	28	89	30	35	32	34	37	40	39	33	36	37	55	42	86	42	40	49	21	21	22	20	17	20	19	27	24	21	19	17	25	23	26	26	28	28	34	32	31	27	27	25	26	26	25	26	27	0	0	
103	104	104	104	105	105	103	103	102	98	91	80	76	75	77	80	82	89	80	24	39	8	7	7	9	64	29	30	31	35	35	35	40	42	49	68	57	75	50	130	44	30	24	31	24	25	24	21	21	23	24	27	27	32	37	35	44	39	37	31	31	30	24	26	100	47	47	52	30	33	33	49	41	41	33	119	35	41	39	39	42	39	37	26	29	27	45	48	57	48	42	41	28	103	23	23	28	22	21	25	25	16	21	22	30	26	23	23	20	28	25	29	27	26	27	30	28	27	27	24	21	24	24	26	81	30	0	0	
46	48	115	113	48	47	46	46	43	41	40	38	33	32	33	32	32	93	94	85	33	74	64	14	15	68	57	38	36	37	39	40	40	74	57	72	52	45	38	108	89	45	16	18	21	27	26	27	24	24	24	30	31	27	44	43	48	34	29	28	30	29	29	29	101	100	51	55	62	33	33	102	38	40	40	59	79	80	35	34	36	36	34	30	29	27	29	37	32	33	34	33	33	38	46	37	26	18	19	18	22	16	17	18	17	21	21	25	19	69	23	36	35	33	35	38	33	30	30	27	24	26	22	23	31	30	0	0	
106	53	54	53	53	53	52	51	49	47	42	40	41	38	39	37	38	41	43	93	100	99	74	17	16	35	35	36	35	34	34	36	36	37	49	43	55	31	33	113	48	38	51	20	66	63	24	25	25	24	24	26	31	30	33	39	43	38	34	33	32	28	28	33	48	50	51	55	69	62	32	40	33	35	36	108	39	39	37	34	33	32	31	29	26	24	24	25	24	21	25	32	30	28	19	20	24	13	14	18	23	16	14	23	19	20	16	64	71	36	33	38	36	34	34	39	34	33	27	25	25	24	21	24	42	41	0	0	
103	107	57	57	58	56	55	54	48	45	41	35	36	37	34	34	37	47	48	50	112	116	42	26	24	72	35	99	96	95	95	98	42	42	42	36	29	30	30	122	118	94	88	81	101	106	98	99	98	99	100	99	89	107	33	33	43	43	46	32	31	28	28	93	105	52	51	53	36	33	33	49	45	47	40	43	41	41	41	40	37	37	36	26	22	22	15	18	17	24	20	20	26	25	25	17	19	14	14	19	16	12	10	16	12	15	21	30	81	86	34	36	35	39	39	38	34	34	32	26	26	27	23	25	92	42	0	0	
51	55	56	56	56	56	54	52	51	44	41	53	35	36	37	36	37	108	51	126	124	54	50	68	26	24	27	38	38	38	35	38	37	39	37	37	27	25	29	57	55	53	91	32	84	36	35	34	34	33	33	37	37	113	45	46	42	45	45	45	101	40	100	113	111	44	52	55	69	35	32	103	33	36	37	52	49	49	41	41	40	36	34	28	21	19	18	20	21	19	13	13	16	22	21	20	23	21	21	23	22	20	12	14	16	22	25	85	40	41	40	44	44	44	41	40	38	34	32	30	26	26	24	28	33	33	0	0	
44	56	57	57	58	56	53	50	50	51	41	35	37	34	40	38	40	106	44	53	56	56	47	38	56	39	29	32	54	59	62	62	63	64	62	66	62	26	28	116	56	54	81	36	35	34	53	51	51	47	49	60	38	45	49	123	111	111	49	49	48	113	127	142	57	52	53	58	65	75	35	110	36	43	43	46	44	45	44	41	41	40	34	29	29	20	18	17	18	20	19	14	13	12	11	11	14	15	12	10	15	15	17	23	83	90	91	106	96	44	45	44	41	41	39	39	40	40	34	32	29	29	28	33	43	42	0	0	
46	118	59	60	58	52	73	64	54	57	60	27	29	27	34	32	34	72	69	47	57	60	56	34	32	30	33	35	33	35	36	36	40	40	39	33	31	30	30	115	110	49	44	57	53	52	51	31	30	43	30	32	37	57	59	57	50	52	52	55	54	54	54	55	54	50	51	54	34	37	35	52	71	47	41	43	40	44	43	43	40	39	37	23	23	23	16	15	15	15	16	17	21	22	21	18	18	19	15	14	14	14	15	20	31	84	88	46	45	43	45	46	47	48	44	46	108	108	44	94	34	31	28	80	90	40	0	0	
50	55	56	61	60	54	41	53	60	59	60	42	40	39	39	42	42	40	72	48	53	60	56	71	31	88	126	123	141	148	151	167	156	122	122	36	28	27	29	57	56	53	39	34	34	26	26	25	22	22	23	28	34	96	57	57	56	56	56	56	56	56	55	109	107	108	55	56	70	38	38	44	34	37	40	49	47	46	42	42	41	37	34	31	24	24	22	17	16	16	19	20	21	19	18	17	18	16	15	14	16	16	18	20	63	39	42	47	49	51	50	50	52	49	43	111	122	120	48	47	99	37	34	38	40	38	0	0	
48	60	62	61	59	55	78	31	36	37	35	96	37	31	36	128	107	35	33	42	117	126	53	70	67	98	141	121	166	173	171	170	139	42	118	40	33	27	30	118	55	52	75	26	25	24	23	22	21	19	21	22	34	35	111	59	59	59	59	59	58	57	57	57	56	57	58	57	66	68	36	41	33	38	41	43	41	41	41	41	39	37	30	26	26	21	20	19	14	15	15	19	20	20	20	20	22	20	16	16	18	61	58	28	30	31	44	49	51	52	48	50	56	53	51	53	54	53	53	53	53	107	38	39	45	44	0	0	
50	56	64	64	63	51	46	45	150	149	140	150	124	40	41	166	125	39	36	41	57	59	56	38	37	41	63	63	166	78	81	72	71	107	72	40	33	34	29	120	118	50	43	45	24	23	24	21	19	20	21	22	25	59	53	52	57	61	61	59	58	58	57	56	56	54	55	57	42	101	42	54	49	51	48	45	42	41	40	40	36	33	47	21	20	19	19	18	17	15	17	18	24	24	23	22	24	26	20	20	65	28	27	76	36	37	98	52	54	51	53	58	138	144	59	57	59	58	58	55	54	52	40	41	43	43	0	0	
49	57	135	66	64	61	43	44	183	182	172	164	126	43	49	167	66	82	35	38	110	62	59	83	36	40	109	58	63	63	80	129	139	49	127	43	27	28	31	61	59	55	39	32	31	23	23	21	20	23	25	29	31	31	57	57	57	60	60	59	58	59	58	57	57	56	57	59	57	113	103	105	93	96	95	43	41	40	38	37	35	28	27	29	20	18	18	16	15	19	18	19	19	19	19	24	26	26	30	80	79	78	32	33	34	41	44	110	56	57	62	150	148	145	61	53	49	54	55	54	52	51	50	44	45	45	0	0	
48	63	65	65	64	62	95	45	148	158	177	185	71	47	49	120	63	84	64	43	48	126	56	50	50	51	51	48	113	111	121	64	66	103	64	85	59	28	32	132	59	56	53	81	80	77	26	24	25	27	78	87	95	106	116	57	58	59	62	61	61	58	58	57	54	54	53	55	53	87	45	45	44	44	44	44	38	36	36	32	30	37	20	21	19	13	12	11	10	12	15	20	18	19	27	28	24	30	34	35	34	34	31	36	38	40	49	51	54	136	141	140	69	67	64	90	84	56	54	49	47	48	48	47	46	46	0	0	
50	60	69	69	67	61	54	52	112	121	141	77	104	75	50	143	60	42	38	41	52	56	53	41	41	44	52	51	53	102	61	60	62	100	65	40	35	35	37	131	119	52	52	51	104	98	83	81	86	79	37	100	112	119	124	124	60	60	60	60	59	57	56	56	54	50	49	48	75	71	67	65	67	67	40	63	60	31	30	30	27	25	23	23	23	22	18	17	17	20	20	20	21	24	25	29	33	93	44	44	43	40	35	40	41	41	44	55	60	62	68	66	66	68	101	98	47	48	48	45	42	44	41	42	43	44	0	0	
46	134	146	71	70	68	49	47	48	111	115	95	78	96	65	164	62	53	33	35	37	56	88	76	40	43	46	49	51	51	58	58	59	50	56	46	30	30	35	67	63	59	50	50	49	44	42	44	108	94	36	47	123	127	61	61	61	62	61	60	58	57	56	53	51	49	45	70	64	37	36	36	33	33	32	32	31	31	25	25	27	22	19	15	13	13	12	10	11	9	14	18	23	21	20	25	87	97	98	45	44	40	34	36	35	43	47	121	62	63	64	69	69	70	59	56	57	54	54	53	43	41	41	45	45	43	0	0	
50	67	70	70	69	68	60	47	48	51	108	88	69	36	120	139	58	94	58	39	39	39	65	66	70	44	48	49	52	52	54	55	55	51	61	84	63	31	36	139	61	57	56	52	50	50	45	47	117	47	43	45	58	59	60	63	63	62	61	60	59	55	52	49	43	66	60	33	49	47	27	26	26	26	27	28	27	26	24	20	22	23	17	16	17	19	18	17	17	15	19	21	21	22	28	33	96	47	47	49	49	44	66	38	40	44	53	55	56	67	68	67	64	63	62	49	50	54	55	55	54	44	43	45	47	43	0	0	
50	60	73	73	72	68	60	93	48	51	52	54	52	46	58	63	53	46	40	42	36	35	46	32	33	36	48	50	50	53	55	55	56	53	60	42	36	37	40	135	122	53	53	54	49	49	51	54	55	55	50	120	135	65	65	65	64	63	62	59	57	52	45	66	53	47	43	38	24	33	30	27	21	22	22	23	25	25	23	21	22	23	19	12	14	15	11	9	9	14	16	15	26	88	91	38	96	97	48	48	48	41	36	39	43	48	123	61	61	61	66	65	64	65	65	63	56	59	58	58	56	53	44	48	48	45	0	0	
47	137	149	74	73	72	53	50	52	57	54	57	122	105	110	103	93	104	26	31	28	30	42	32	33	37	103	51	51	52	56	56	55	50	56	46	31	31	35	67	65	62	56	56	52	48	51	54	57	59	62	58	57	57	64	65	65	64	61	61	55	75	52	48	43	39	24	23	22	19	19	19	17	19	20	22	20	19	18	16	17	20	17	18	16	16	14	13	14	19	20	20	22	28	30	33	46	47	46	46	46	46	34	37	40	51	54	55	64	63	63	62	61	62	61	62	61	61	61	60	58	56	53	54	53	50	0	0	
49	68	71	71	72	71	108	47	48	52	53	54	54	46	49	47	46	48	51	35	32	33	27	27	29	37	100	104	53	53	55	58	58	54	63	84	60	32	35	109	57	57	62	58	59	55	52	51	53	61	65	64	64	64	65	65	65	65	61	59	58	39	48	48	24	24	23	18	18	18	16	15	15	18	20	19	21	18	19	15	17	19	15	17	17	17	17	18	15	14	16	22	69	71	39	42	43	43	63	61	41	42	42	39	41	105	60	62	63	63	61	61	58	58	59	57	58	61	63	63	62	55	50	52	52	52	0	0	
49	136	74	75	73	71	110	98	52	56	52	56	56	54	54	50	48	51	55	70	29	33	95	89	31	30	46	51	52	54	57	56	56	54	60	42	36	37	39	121	119	55	59	58	57	55	54	56	57	60	66	65	64	63	63	64	65	65	64	59	55	58	25	25	24	21	21	20	18	18	18	17	17	16	20	21	20	13	13	13	16	18	16	16	13	13	16	17	14	20	23	26	32	31	29	39	40	37	38	41	43	39	38	39	45	50	128	65	66	65	64	63	62	59	60	60	64	65	64	63	62	60	50	53	51	49	0	0	
49	134	152	75	73	73	55	51	52	58	54	53	51	49	52	46	43	49	26	31	83	104	99	36	34	35	41	50	53	54	59	59	58	52	58	46	30	31	35	59	58	57	64	63	63	58	57	57	56	57	59	66	65	66	64	64	64	64	62	61	50	51	46	23	22	24	23	22	20	18	18	19	19	18	17	22	22	19	15	15	19	22	20	21	22	22	21	20	19	19	24	27	78	36	34	37	42	39	39	36	36	34	39	41	108	57	60	136	63	63	62	59	58	57	60	62	62	64	63	62	61	61	57	55	54	53	0	0	
50	67	72	73	73	73	65	49	49	54	54	54	53	50	51	45	38	44	34	36	106	129	51	47	42	36	99	40	52	54	56	58	58	54	64	85	62	33	36	142	63	60	59	61	60	62	61	61	61	62	60	61	64	64	65	66	66	65	61	59	79	27	25	25	24	25	24	22	21	21	22	23	23	22	22	22	22	21	20	16	17	52	19	20	23	63	19	16	18	19	22	31	35	35	37	38	38	40	39	39	42	41	43	44	116	119	62	63	64	65	65	64	59	58	59	61	62	62	63	64	63	58	55	58	55	54	0	0	
52	60	76	77	74	73	66	99	51	57	55	54	54	53	51	46	45	49	55	43	47	133	117	46	40	39	48	46	48	53	56	56	57	54	61	42	37	38	40	132	129	62	61	61	59	63	65	64	64	61	61	63	66	66	66	67	67	66	64	58	79	53	23	27	82	31	29	27	23	21	21	22	22	22	20	21	21	20	20	20	23	24	25	27	27	27	27	25	23	21	25	26	38	38	38	41	42	44	42	42	41	42	43	45	55	54	52	104	102	102	54	54	53	50	53	56	61	62	64	61	59	57	49	53	53	54	0	0	
50	57	156	79	76	76	59	54	55	63	61	60	55	53	51	40	42	112	28	32	108	67	64	59	38	37	44	47	48	48	56	56	56	49	57	47	31	31	34	64	67	73	156	65	57	63	67	69	69	66	62	61	65	65	69	69	68	67	65	63	40	33	33	93	132	133	130	121	91	24	22	24	27	26	25	27	28	28	26	25	24	27	28	28	31	31	28	21	20	21	28	30	33	39	40	43	47	47	46	47	47	46	47	51	151	164	160	156	68	68	67	64	62	60	59	60	58	60	61	58	57	56	85	53	54	57	0	0	
54	65	71	71	73	72	69	48	48	55	62	60	60	56	54	51	41	118	35	39	111	142	64	57	80	36	44	42	50	49	52	56	54	51	64	73	67	32	33	38	87	65	61	62	59	57	66	70	70	67	63	63	68	68	67	68	68	69	63	60	94	27	28	102	141	146	141	141	106	28	23	25	25	26	25	27	27	28	27	29	26	30	33	32	29	31	31	28	23	22	25	32	33	36	42	44	45	50	49	51	51	49	45	59	181	175	171	162	150	150	153	157	159	159	162	166	162	161	166	162	157	156	53	53	53	52	0	0	
54	60	77	78	77	73	69	86	49	56	58	61	61	59	49	48	47	58	64	49	55	147	147	55	47	72	53	51	51	51	52	52	54	52	59	41	37	56	39	44	38	83	63	80	73	80	57	73	72	70	60	60	61	68	70	70	69	68	67	59	54	59	29	107	133	62	63	64	51	59	59	28	27	29	31	32	91	96	33	33	32	92	110	121	34	32	27	25	23	22	26	28	37	40	43	49	50	49	49	49	49	48	47	138	183	81	79	78	75	76	74	75	75	160	157	158	155	154	158	154	152	157	45	44	46	52	0	0	
52	58	153	76	75	74	65	91	86	60	61	59	59	58	57	49	48	54	32	37	114	73	73	64	40	38	121	53	52	52	56	55	56	48	127	44	32	31	38	44	41	39	56	72	79	49	55	145	71	69	68	63	63	63	66	67	67	68	66	64	47	62	41	54	135	46	87	89	63	30	27	29	32	29	102	36	35	117	91	34	37	34	36	129	31	31	27	24	22	24	30	32	33	42	44	46	52	52	51	53	53	51	44	142	181	86	84	81	73	74	76	79	78	78	78	78	77	77	77	76	75	78	91	46	51	51	0	0	
53	62	67	65	70	120	110	42	43	50	61	59	61	57	53	50	44	51	42	44	117	153	76	66	85	36	128	147	151	57	55	58	57	53	65	87	65	28	29	90	46	45	44	47	47	115	58	60	60	64	65	64	61	60	61	67	68	68	64	62	96	30	34	120	68	64	65	63	60	75	29	27	29	31	98	31	57	43	40	37	42	34	68	58	68	35	28	28	21	22	26	34	35	38	47	49	50	51	51	51	49	47	47	71	181	172	82	79	77	75	77	78	80	80	79	77	77	77	77	76	77	79	93	88	53	53	0	0	
57	58	108	107	112	110	107	91	46	122	119	55	56	58	50	47	47	58	78	90	58	155	158	59	51	75	60	63	65	57	55	56	54	54	59	40	37	36	36	120	130	125	139	156	136	125	115	99	93	94	96	87	75	65	70	93	63	66	65	60	53	62	37	121	129	35	36	35	58	61	57	33	33	31	48	45	68	86	74	51	50	50	51	95	67	67	23	23	24	23	27	29	37	39	42	49	50	50	50	52	50	47	46	153	90	88	85	74	73	76	79	79	79	79	78	76	74	75	74	74	75	75	46	47	52	53	0	0	
51	54	56	60	101	96	52	50	51	60	60	56	56	56	49	43	44	118	38	40	116	76	76	115	43	38	49	68	68	68	61	61	61	57	56	46	32	31	36	158	175	178	185	189	156	56	77	56	51	53	62	56	53	59	82	56	60	64	64	63	47	61	44	60	61	60	31	29	118	33	31	34	31	31	36	94	35	35	34	36	33	33	31	31	32	32	29	22	21	21	30	33	34	42	44	45	51	51	52	53	51	48	45	164	187	87	83	80	73	76	78	83	82	83	79	76	77	77	76	76	77	76	96	49	125	50	0	0	
53	54	58	56	58	59	59	47	49	136	61	61	60	55	55	56	46	47	38	42	51	160	75	119	94	39	126	146	69	68	67	58	59	60	63	56	69	30	34	144	68	70	64	104	91	70	71	66	78	44	48	47	43	37	116	133	136	129	62	60	90	31	36	128	64	69	65	29	123	28	28	28	28	30	31	32	32	33	33	38	55	52	62	63	56	31	28	36	19	22	27	35	37	39	46	48	50	51	50	51	49	47	45	80	83	82	80	77	78	80	80	79	81	81	78	74	74	75	75	76	75	78	73	96	57	56	0	0	
53	57	65	64	66	147	145	49	51	142	137	60	59	56	124	119	48	55	72	76	56	155	175	198	63	82	58	62	63	65	62	58	95	84	76	35	41	33	39	133	115	135	127	105	113	114	125	109	105	89	37	36	97	32	121	132	64	64	61	58	88	66	41	132	121	32	32	31	60	58	60	31	30	29	38	39	41	43	39	41	122	123	125	37	30	29	26	25	23	21	26	75	38	40	41	47	48	48	51	51	50	45	44	168	90	90	87	75	76	79	83	82	83	82	80	79	75	75	75	77	75	76	40	46	49	53	0	0	
49	53	152	150	153	154	69	58	58	70	72	65	60	57	57	51	49	49	36	36	44	126	128	79	53	60	41	69	62	55	55	60	64	60	61	62	32	32	31	100	77	99	57	74	70	32	35	33	35	32	34	62	44	42	61	62	62	66	62	60	44	38	44	65	67	59	108	96	124	27	28	29	30	33	108	131	134	122	36	38	128	122	115	97	29	27	28	23	20	20	31	35	36	44	45	45	50	52	54	54	53	50	44	170	176	86	83	81	79	81	79	79	80	79	75	75	75	75	75	76	75	71	73	47	48	47	0	0	
54	57	151	154	74	74	74	53	52	56	66	100	61	55	56	56	50	49	69	38	44	121	94	91	84	35	33	36	64	66	66	65	65	66	34	33	31	24	24	29	49	58	63	54	51	44	60	56	54	40	52	37	44	42	131	66	66	66	60	59	87	32	38	131	67	64	65	128	127	30	29	31	31	33	109	128	124	117	40	44	123	118	63	88	57	28	28	28	22	23	28	39	40	40	46	45	44	48	51	51	49	47	49	85	86	84	79	78	81	84	83	81	79	78	77	73	73	74	75	75	75	113	77	98	50	49	0	0	
52	57	75	77	77	77	77	113	52	56	59	60	58	54	49	49	76	39	49	38	47	57	56	104	76	64	32	31	31	28	29	30	34	31	30	27	26	28	29	34	34	43	64	52	27	34	31	28	28	25	28	30	34	34	125	136	67	66	63	57	49	63	43	131	136	62	142	62	61	57	56	30	31	35	57	60	58	60	82	54	63	60	63	44	60	62	28	27	25	24	28	83	43	43	44	46	45	47	54	53	51	47	51	175	88	85	83	76	79	79	81	79	79	76	75	75	73	73	74	75	76	93	38	41	43	47	0	0	
42	48	139	76	75	73	74	102	99	82	63	68	69	76	46	77	67	68	34	37	40	59	60	56	39	38	38	36	35	34	33	30	28	29	33	36	88	87	83	39	106	109	95	28	30	19	24	22	24	21	24	27	33	30	64	66	66	66	63	62	43	37	44	65	65	66	67	68	63	28	29	30	32	35	114	63	60	60	38	44	130	60	62	74	27	28	27	26	24	28	34	38	40	44	45	44	42	43	46	50	49	49	54	176	175	83	80	81	82	81	80	77	76	76	73	72	73	73	73	74	75	78	91	47	49	48	0	0	
47	72	58	62	71	70	123	49	76	76	72	85	72	41	43	42	37	38	39	36	92	104	55	90	79	32	29	30	27	26	28	34	37	39	90	97	109	119	124	130	131	121	44	24	22	23	27	25	25	19	21	22	38	36	128	67	67	67	60	59	84	32	37	131	66	66	64	67	109	59	29	31	30	40	117	134	61	60	75	48	54	51	64	72	56	29	28	28	22	26	29	41	44	44	47	47	45	47	50	49	50	48	55	87	87	84	77	77	80	80	79	79	75	75	73	73	71	73	73	73	72	43	46	46	49	49	0	0	
26	49	97	62	101	101	93	67	61	60	57	33	31	32	37	36	38	33	36	36	41	41	40	63	55	46	30	34	37	40	42	44	110	115	122	129	132	131	128	133	136	58	52	51	18	17	22	23	24	22	22	24	76	32	127	135	67	66	64	58	81	69	44	131	128	66	64	64	54	56	61	34	33	37	57	61	57	56	72	54	64	58	66	34	33	32	26	25	24	29	33	35	45	47	47	46	45	47	50	51	51	44	127	173	86	83	82	77	80	78	77	76	76	74	71	75	71	73	72	73	69	81	44	46	46	47	0	0	
17	19	25	58	54	55	53	45	53	31	33	32	30	32	32	33	37	36	38	40	38	44	45	45	40	40	42	106	113	119	124	130	135	136	135	135	60	60	61	67	68	64	49	54	47	20	24	22	25	24	25	27	32	29	63	65	65	66	63	61	40	38	43	65	64	64	61	61	56	28	30	32	33	37	115	66	61	61	37	109	126	53	60	62	28	27	26	24	23	27	37	39	40	47	47	47	44	46	48	52	52	49	64	176	169	78	78	80	82	80	78	75	75	74	70	74	70	73	72	73	111	72	92	46	46	47	0	0	
51	26	28	30	43	43	69	33	31	31	32	29	30	33	32	30	39	38	39	110	109	113	114	115	116	118	124	133	134	135	134	133	134	137	64	64	64	67	68	68	69	66	103	26	24	22	30	28	28	23	25	26	38	35	126	67	66	66	60	58	76	34	39	128	62	63	62	60	56	56	31	33	32	42	116	128	56	56	74	55	58	53	66	60	58	27	26	25	22	26	30	42	43	44	46	46	45	48	50	51	53	50	142	87	85	81	77	79	78	77	76	76	74	73	72	76	74	73	71	72	97	38	44	42	47	47	0	0	
50	49	95	86	30	27	26	26	26	26	33	27	30	32	34	29	35	35	37	134	131	130	128	128	129	130	131	131	132	63	64	64	68	67	67	68	68	68	68	69	69	64	57	50	22	20	27	25	24	22	25	27	32	33	126	132	65	65	62	56	73	67	44	127	120	62	62	61	51	55	66	35	34	38	57	60	55	53	73	57	62	58	62	30	30	29	25	24	23	28	33	35	43	45	45	45	43	46	51	51	52	47	147	174	84	81	80	80	78	77	74	74	73	72	71	73	71	70	70	70	86	72	46	45	49	49	0	0	
139	136	128	109	34	29	28	27	28	25	35	26	32	34	32	27	36	34	39	128	128	61	61	61	62	63	63	66	66	66	67	67	66	67	67	68	67	67	67	69	70	66	50	46	38	17	24	22	24	22	24	27	34	31	62	64	63	64	61	60	36	35	42	63	61	63	61	60	55	27	30	32	33	38	116	62	57	57	36	120	121	53	56	56	28	28	27	23	22	25	37	39	40	45	45	44	41	44	46	51	52	51	74	78	76	77	76	78	77	76	75	73	72	72	69	70	70	71	70	65	42	43	47	46	50	46	0	0	
143	137	130	52	34	29	29	22	24	24	42	46	35	37	35	46	40	39	38	68	67	66	65	65	66	67	67	65	65	66	67	68	67	67	67	66	66	68	68	69	70	66	95	23	21	20	30	28	26	20	22	23	38	36	125	66	65	64	58	57	69	33	40	124	58	60	60	59	54	54	33	34	33	42	117	121	52	51	70	59	59	55	59	53	53	27	26	24	21	24	29	40	41	43	45	43	42	45	47	48	52	53	166	86	83	82	77	79	76	74	73	73	72	71	70	72	72	71	69	105	66	39	43	43	53	49	0	0	
143	142	67	59	81	22	23	21	22	24	84	25	27	28	34	29	36	38	37	136	66	67	67	68	67	66	68	69	69	68	68	68	67	67	67	68	68	68	67	68	68	61	93	43	19	20	24	29	24	21	20	21	77	35	129	135	65	63	61	54	67	59	47	53	46	55	56	56	46	51	59	34	33	39	59	58	55	49	42	54	60	57	56	26	27	26	22	21	22	27	32	34	43	43	42	40	40	43	49	49	48	54	158	166	80	79	80	80	78	78	72	71	71	70	68	72	70	70	68	53	62	53	47	47	49	49	0	0	
71	71	72	58	51	45	24	23	24	25	83	25	29	30	34	25	79	77	36	137	137	68	68	68	68	68	68	68	68	68	69	69	69	67	67	67	67	67	67	69	69	64	47	45	42	18	62	68	23	20	20	24	31	30	62	64	65	63	60	57	33	32	41	61	60	60	55	54	80	27	29	28	31	37	119	59	56	85	35	124	118	54	50	52	26	25	23	20	20	25	37	39	40	45	44	42	39	41	44	50	50	54	81	82	80	76	77	77	74	74	73	70	71	70	68	70	68	69	67	77	33	39	100	49	50	51	0	0	
144	72	73	66	43	45	43	20	21	23	41	34	34	30	33	30	39	39	38	67	68	69	70	70	69	67	67	68	69	69	69	69	69	69	69	68	68	68	69	69	70	65	94	22	21	21	29	30	26	18	19	20	37	36	124	66	66	65	57	54	64	29	97	121	53	125	124	55	48	58	28	28	30	43	119	49	53	48	73	58	54	56	47	52	51	23	21	21	20	24	76	41	43	43	42	40	40	43	46	47	49	53	160	82	79	79	78	77	76	74	73	72	69	69	69	72	71	71	63	63	78	46	48	47	50	53	0	0	
146	147	74	67	95	22	21	22	23	25	31	28	26	26	31	32	38	39	35	130	68	69	69	70	69	68	68	68	68	69	69	69	69	69	69	68	68	68	68	70	70	61	54	48	22	22	24	32	30	27	20	22	73	36	129	129	65	65	61	50	61	59	48	54	55	59	58	58	40	35	35	29	31	37	58	58	56	41	38	48	54	56	85	25	25	24	19	19	21	29	33	35	43	44	42	37	37	39	47	48	48	59	162	159	75	76	77	75	75	74	70	70	69	68	69	69	68	68	61	33	40	42	50	49	50	54	0	0	
72	73	73	61	55	49	21	21	22	26	31	28	26	26	26	27	32	34	34	129	138	70	70	70	68	68	68	69	69	69	69	69	69	69	69	68	68	68	68	70	71	66	47	48	46	22	24	27	27	25	24	26	84	30	63	63	62	63	59	55	30	30	97	59	61	61	61	61	79	29	28	27	28	33	94	53	53	75	36	42	39	47	62	48	25	24	23	19	21	24	38	39	40	44	42	40	36	38	40	47	49	56	81	79	76	75	76	73	73	71	71	69	68	67	69	67	68	67	86	62	39	41	44	49	50	53	0	0	
148	74	74	66	48	53	45	21	22	24	37	35	32	25	28	27	35	39	37	65	67	67	70	70	69	67	67	68	68	68	68	68	69	69	69	68	68	67	67	69	71	67	97	24	23	24	29	34	36	84	87	92	42	35	124	65	64	63	56	52	58	29	96	115	61	60	61	59	77	61	27	25	28	40	44	44	47	65	62	67	47	44	43	46	49	23	22	22	23	26	30	41	42	41	39	37	37	39	40	40	48	128	165	78	75	77	77	74	75	69	69	70	67	66	68	66	67	66	67	67	74	44	46	48	52	54	0	0	
146	149	75	70	103	25	23	24	23	24	28	32	27	28	26	25	28	41	37	129	68	69	69	69	69	68	68	68	68	69	69	68	69	69	68	67	66	67	67	68	69	63	56	83	86	96	99	111	107	111	102	100	93	35	124	130	64	61	58	46	57	57	48	51	52	59	60	61	37	35	33	23	23	26	59	57	54	30	30	33	43	46	39	23	24	24	21	21	22	31	33	34	41	40	39	34	34	36	41	41	42	65	160	68	73	73	73	72	71	70	68	67	66	65	67	63	65	62	64	33	36	38	47	48	52	58	0	0	
73	74	75	63	55	55	22	23	23	26	30	31	25	26	26	28	31	36	35	130	139	69	69	69	68	67	68	68	68	68	68	68	68	69	68	68	66	66	66	69	70	67	52	50	50	102	107	118	43	39	56	40	43	38	59	61	62	61	58	88	28	28	96	55	51	52	55	59	66	29	29	28	25	25	24	44	45	53	27	28	25	21	21	22	24	24	23	21	23	27	36	37	38	40	38	37	33	36	37	40	42	144	80	78	78	74	73	73	71	70	70	68	66	67	67	64	65	58	57	68	39	40	40	49	53	54	0	0	
146	74	74	71	50	57	48	24	24	25	34	36	30	26	26	27	32	38	32	62	66	66	69	69	68	67	67	67	68	68	68	67	67	68	67	67	66	65	65	68	70	66	99	39	36	35	43	50	65	42	38	57	41	40	52	64	64	61	54	49	56	27	95	104	51	50	51	56	60	54	27	28	27	24	24	25	24	25	25	28	29	30	76	21	22	24	23	24	25	28	30	38	38	38	34	33	33	37	38	39	42	147	154	73	74	74	73	73	71	67	67	66	63	64	64	61	61	54	30	34	37	44	44	47	55	56	0	0	
147	149	75	72	100	29	26	26	25	26	29	39	31	31	27	27	29	46	39	119	68	69	69	68	68	67	67	67	67	67	67	67	67	67	67	66	66	65	65	68	67	61	85	43	32	34	62	53	65	46	25	29	31	35	109	119	63	60	58	44	57	55	48	50	51	49	47	49	31	30	30	28	26	24	23	25	26	30	32	86	91	87	102	23	23	23	21	22	24	32	34	34	39	38	36	32	32	34	38	39	42	73	74	72	73	73	73	72	70	69	66	66	65	63	63	63	62	88	60	36	39	38	44	47	49	56	0	0	
73	74	74	69	101	64	25	23	25	28	30	88	25	25	25	26	28	101	33	118	137	69	69	69	67	67	67	67	67	67	67	67	67	67	67	67	65	65	65	69	69	66	45	36	29	23	30	100	33	29	28	28	31	32	73	51	58	58	55	51	27	27	96	52	52	53	50	51	59	26	27	27	29	32	84	91	96	95	104	104	104	37	100	27	24	23	22	22	24	27	35	36	36	36	34	34	32	34	34	39	43	154	76	74	75	73	72	72	67	66	66	64	63	63	62	63	61	43	57	42	44	43	43	49	51	51	0	0	
148	75	75	73	50	67	54	23	26	27	32	39	29	25	25	28	32	105	31	59	64	64	69	69	68	67	66	66	67	67	66	66	66	67	66	66	65	65	65	66	67	63	82	19	17	18	30	97	31	23	21	23	33	35	32	79	57	59	52	47	51	26	94	105	52	54	55	53	54	52	28	27	32	107	112	107	106	94	103	46	46	40	49	44	48	24	23	23	26	30	31	36	37	36	32	31	32	37	37	38	47	159	151	72	72	72	71	70	69	64	65	64	61	62	61	61	58	69	30	34	92	43	43	46	54	54	0	0	
150	153	76	74	106	35	30	30	29	30	32	47	42	44	88	100	105	55	65	54	69	69	68	68	68	68	67	67	67	67	67	67	67	67	67	66	65	65	65	63	61	55	83	47	16	15	21	45	59	42	24	27	27	33	31	34	53	53	51	41	52	50	46	50	50	53	54	55	28	28	29	27	33	114	115	47	46	49	50	49	50	46	47	23	24	24	21	21	22	32	34	34	36	34	33	30	31	34	39	39	120	77	75	73	72	72	70	68	68	67	64	64	63	61	61	61	54	65	63	40	40	39	42	46	48	52	0	0	
74	75	75	72	105	84	29	31	95	107	108	131	123	125	128	126	126	128	33	116	133	67	67	68	67	67	68	68	68	68	67	67	67	68	67	67	64	64	64	64	99	66	35	40	33	15	21	81	35	30	27	21	19	23	28	28	36	55	53	74	23	25	92	49	51	54	56	53	48	26	28	27	39	110	115	54	51	50	49	49	48	40	39	29	24	24	22	21	22	27	35	35	34	32	31	33	33	37	37	40	135	153	73	72	73	71	69	69	65	65	65	63	63	62	61	58	53	31	34	39	44	43	43	48	50	50	0	0	
151	77	78	75	56	56	54	116	120	135	130	146	132	125	51	48	52	54	64	56	62	62	67	68	69	67	66	66	67	66	66	66	66	66	66	66	65	64	63	62	50	53	65	28	28	26	25	21	22	16	17	19	24	23	30	33	33	33	43	40	56	29	96	88	47	52	53	50	49	49	28	26	32	52	53	53	47	47	47	49	47	64	41	36	41	23	22	22	22	27	28	33	33	31	26	29	31	41	41	39	63	154	65	69	70	69	67	66	66	64	64	64	62	62	62	57	76	54	34	34	36	41	42	45	51	53	0	0	
152	155	78	74	118	125	122	121	54	53	53	65	99	97	95	87	57	60	65	59	67	66	66	66	67	67	67	66	66	67	67	67	66	66	66	65	65	65	63	62	90	29	29	26	15	15	15	28	34	38	19	18	17	22	29	28	38	42	39	34	34	34	44	49	42	80	53	53	29	25	25	27	33	96	53	52	83	44	40	51	44	41	38	20	21	21	19	19	20	30	30	30	30	28	27	29	32	37	43	42	135	76	73	72	70	69	67	65	64	64	64	64	64	62	61	59	58	59	41	40	42	42	41	44	46	52	0	0	
75	76	77	73	114	117	56	54	54	84	102	64	80	85	87	46	51	54	30	95	130	66	66	67	68	68	67	64	64	64	64	64	65	65	65	65	64	63	63	58	88	54	29	25	26	23	23	22	13	12	12	16	16	17	30	35	34	37	36	31	31	30	30	43	39	38	50	50	65	27	28	26	35	37	36	67	47	36	41	43	40	24	33	25	20	19	18	16	17	22	28	28	30	25	24	26	33	38	38	41	134	147	69	69	70	68	66	67	64	64	64	64	64	64	62	58	54	30	31	33	41	42	42	49	52	50	0	0	
153	76	77	75	58	58	55	54	88	66	52	61	82	43	46	44	51	54	60	49	56	57	66	67	66	68	67	66	64	64	65	65	65	66	66	66	65	64	64	61	45	54	51	19	20	19	16	16	15	16	15	15	15	19	18	28	34	30	36	36	37	32	30	30	34	33	37	68	66	69	30	26	26	48	42	42	34	40	38	22	22	23	20	17	18	18	17	16	16	20	19	24	26	24	21	24	27	41	41	43	67	69	68	69	69	67	64	65	64	64	64	64	64	64	64	80	60	66	37	38	39	42	42	45	53	52	0	0	
152	151	76	74	109	53	51	72	48	73	50	63	88	78	37	50	40	53	52	71	79	81	62	66	67	69	67	65	66	65	65	65	65	66	66	66	65	65	65	60	81	26	26	23	17	16	16	14	14	14	14	14	14	15	15	17	23	25	33	33	30	28	26	31	32	30	31	32	35	33	32	27	27	25	30	32	29	19	19	20	22	20	18	17	16	16	15	15	14	22	20	21	24	23	24	27	31	33	41	43	126	71	71	71	69	68	67	65	65	65	65	65	65	64	62	53	28	28	34	39	40	40	43	45	47	52	0	0	
75	75	75	72	67	86	49	46	52	38	97	120	39	40	37	38	40	44	29	31	32	67	59	62	66	69	66	66	66	67	67	67	67	68	67	67	67	66	65	55	63	47	26	25	24	19	18	17	15	15	14	13	13	12	19	17	16	18	20	21	39	31	37	27	29	29	32	31	31	31	33	30	26	25	23	23	20	20	19	19	19	18	18	17	15	15	16	14	14	17	17	17	16	19	23	25	35	37	35	41	45	127	68	68	68	66	66	66	66	65	65	64	66	65	56	49	52	32	33	34	39	41	40	47	48	49	0	0	
151	75	74	70	57	52	51	39	40	39	48	53	44	37	38	45	109	42	30	32	34	34	57	62	61	68	69	69	66	66	67	68	68	67	67	67	67	65	64	62	40	36	35	21	18	18	14	14	14	13	13	13	13	12	12	13	13	13	21	26	28	16	17	68	27	26	25	25	30	32	34	32	31	25	23	24	21	20	18	20	21	18	15	15	16	15	16	16	15	17	14	15	14	17	25	74	75	39	38	36	86	64	65	69	68	68	65	65	65	65	65	63	66	65	74	26	27	27	36	37	36	39	39	43	48	49	0	0	
152	149	73	67	112	45	45	49	48	47	46	54	84	71	33	33	28	36	32	45	31	33	41	64	65	64	67	67	66	68	68	67	65	66	65	64	63	61	58	60	41	22	24	23	23	20	19	14	14	14	12	12	12	11	11	11	9	9	11	19	24	72	23	19	19	25	25	24	24	24	24	23	24	25	23	21	19	18	16	18	21	18	19	16	17	18	17	17	17	22	18	17	13	16	59	33	34	30	33	32	39	63	65	66	68	67	67	67	66	66	66	66	66	60	63	55	27	27	26	32	34	37	39	42	42	48	0	0	
75	75	68	75	83	95	44	42	43	41	40	41	38	33	34	34	28	28	21	22	24	31	36	115	64	62	65	65	65	65	66	64	62	102	90	77	63	52	44	39	35	36	23	22	27	14	13	13	12	13	13	12	11	10	10	11	11	9	10	14	29	31	31	35	35	33	24	23	20	29	28	27	24	26	27	22	21	21	16	17	19	17	18	17	19	19	18	19	20	22	17	17	16	18	21	24	39	35	34	37	101	123	67	68	67	66	66	67	67	66	66	65	64	88	34	32	31	29	27	28	33	35	35	44	43	44	0	0	
151	74	106	75	81	49	70	60	58	56	48	39	41	35	28	29	25	24	24	24	23	24	62	48	126	62	63	64	63	105	93	75	60	65	57	50	45	40	35	30	18	17	16	16	16	16	11	11	11	12	14	13	9	9	10	12	14	13	15	13	15	29	31	36	70	25	24	23	23	69	30	30	25	24	25	23	21	22	23	20	21	20	21	21	23	24	22	22	23	24	21	20	19	20	31	30	33	30	31	106	125	129	134	68	68	67	66	67	67	66	66	67	64	73	58	28	26	27	26	27	31	39	39	41	43	44	0	0	
150	148	56	79	60	41	32	31	36	31	34	34	36	36	67	22	23	21	19	16	19	20	22	80	59	60	59	80	70	63	59	51	43	50	45	40	33	24	15	15	17	14	12	11	10	10	9	7	7	9	14	15	14	12	11	13	16	13	14	16	16	14	18	36	34	35	35	33	29	28	75	87	29	26	27	25	29	84	87	24	24	24	23	26	27	27	23	23	26	31	28	28	22	21	22	30	32	32	36	124	133	61	64	64	67	67	67	68	67	67	66	66	63	39	53	40	27	24	25	26	29	33	38	40	39	44	0	0	
76	71	84	34	32	31	30	33	33	30	29	29	27	26	24	25	23	21	21	23	25	27	31	31	56	43	44	47	56	50	36	31	33	34	33	27	17	17	16	12	12	13	12	12	10	9	10	11	12	13	14	17	15	15	13	12	13	19	14	16	19	17	14	30	28	29	27	31	32	36	40	119	89	90	32	28	117	132	119	35	28	25	28	26	30	88	32	86	81	29	31	82	30	25	25	27	33	34	41	60	157	147	68	68	67	66	65	66	65	66	65	64	96	50	30	29	29	28	22	23	31	34	37	41	42	44	0	0	
151	69	76	57	30	31	30	23	23	64	31	31	30	29	27	26	24	25	26	23	23	22	20	21	24	57	51	48	27	31	27	20	20	16	17	17	16	11	10	9	9	10	12	9	8	8	10	11	12	14	14	13	16	16	16	16	15	17	20	19	22	17	14	56	30	36	31	34	40	36	40	126	135	149	128	121	133	40	41	36	36	35	31	28	27	39	37	40	101	38	36	35	32	29	28	29	30	34	36	101	63	64	65	66	67	68	67	66	66	65	65	64	83	50	67	34	34	33	23	22	25	36	39	39	41	42	0	0	
147	128	40	34	35	27	26	25	29	27	26	26	27	26	28	26	24	20	21	22	25	22	20	40	30	30	21	19	17	18	18	18	14	14	15	11	9	9	8	8	9	11	13	13	11	11	12	14	14	14	18	18	17	14	16	16	15	15	15	22	74	23	17	61	19	28	23	26	37	42	114	60	63	66	129	126	132	65	63	61	89	36	91	34	32	93	40	39	42	40	38	37	36	34	34	30	32	33	41	41	44	91	91	90	99	63	66	67	68	67	65	61	66	27	29	27	30	29	27	20	21	25	38	39	39	43	0	0	
72	114	58	24	23	24	26	27	27	28	30	30	27	25	26	23	25	26	26	22	21	20	21	23	21	20	21	18	19	18	11	11	11	12	12	10	9	11	13	12	11	9	11	13	14	14	13	12	15	16	16	17	16	16	17	17	16	16	19	19	27	32	33	29	27	28	27	29	29	106	150	138	66	73	72	160	154	67	148	148	53	45	42	41	34	96	99	45	48	46	40	39	39	30	29	30	35	38	38	46	46	46	81	80	79	86	100	62	64	67	69	61	65	74	33	30	30	28	27	28	27	28	29	38	40	41	0	0	
137	58	54	64	32	33	33	32	30	26	20	18	19	24	24	24	23	23	22	22	21	19	15	16	13	17	17	18	12	11	10	9	10	12	15	16	16	12	12	10	12	13	13	16	15	14	14	15	16	19	22	21	16	15	15	15	13	13	13	18	20	34	96	33	29	29	27	28	31	33	79	55	59	66	102	71	73	68	63	50	52	52	42	42	41	45	47	44	49	49	46	39	37	36	33	33	33	39	41	40	39	39	41	44	44	43	83	85	83	98	63	92	32	33	32	29	27	29	24	29	79	31	32	34	40	41	0	0	
132	51	35	34	31	26	24	23	25	25	25	25	22	23	20	21	20	30	28	31	17	17	14	14	20	20	12	12	12	12	14	15	13	14	14	15	15	15	15	15	16	14	15	15	19	18	18	19	60	61	21	18	14	15	15	14	14	16	15	18	24	29	36	38	37	31	32	29	36	36	34	84	85	95	76	107	77	78	71	93	53	53	83	40	39	41	48	47	51	46	46	45	39	38	38	36	35	35	43	43	41	41	40	40	40	41	41	49	82	77	86	60	68	36	33	34	26	29	26	33	100	30	34	36	36	41	0	0	
80	61	50	29	29	30	34	34	47	23	22	22	19	21	16	19	19	19	17	16	17	13	12	12	13	14	12	14	16	16	12	12	12	15	15	15	18	19	18	15	17	16	19	21	21	17	17	20	74	75	21	24	22	21	16	20	18	16	12	12	24	32	31	34	35	37	29	31	92	37	36	42	94	57	74	102	67	180	163	56	54	47	45	45	37	40	40	44	47	44	44	42	41	37	38	38	39	38	37	40	40	40	38	37	40	42	43	41	40	40	37	52	58	59	30	31	29	28	27	36	43	36	39	38	39	37	0	0	
36	53	46	57	32	30	28	23	23	21	20	22	22	14	15	14	12	12	13	13	11	12	12	15	17	22	21	19	15	15	14	18	18	16	18	18	17	17	20	21	20	17	17	19	18	20	21	19	25	34	27	27	68	74	69	81	19	14	13	17	19	32	32	35	35	40	34	29	32	29	38	112	108	49	41	51	76	75	74	136	51	48	43	41	41	42	42	44	50	49	49	42	41	42	41	41	40	37	37	38	41	41	36	35	38	42	45	41	41	38	34	32	30	30	31	31	31	29	25	31	86	34	37	37	41	39	0	0	
43	36	22	22	21	22	22	21	18	18	17	13	13	14	17	15	12	11	12	13	14	16	17	18	18	18	18	16	14	17	18	19	19	21	19	19	19	19	22	23	22	18	17	18	19	20	21	24	29	34	86	84	31	74	21	63	20	17	76	91	68	15	23	29	39	35	31	30	55	60	44	52	53	52	42	43	146	146	136	136	52	46	45	40	41	40	43	44	44	47	47	46	40	41	42	43	42	41	39	39	39	38	36	37	40	39	39	38	38	37	31	29	28	26	29	30	28	26	27	39	42	39	39	39	40	38	0	0	
24	26	28	22	20	22	17	16	17	14	12	10	7	8	13	13	14	16	16	15	15	14	14	13	22	23	23	19	20	20	21	22	23	20	18	18	17	14	14	25	26	21	15	15	17	21	26	82	92	97	92	84	30	27	28	36	36	18	77	85	26	19	19	31	39	32	27	28	29	28	91	109	52	51	54	49	56	56	99	112	112	49	48	44	39	40	44	46	48	49	48	46	45	43	44	43	43	43	42	38	36	34	33	37	38	39	40	41	38	36	33	25	24	24	28	28	27	25	28	32	42	38	41	38	39	38	0	0	
29	15	14	12	13	14	14	11	10	10	9	9	11	13	19	17	14	14	14	16	17	17	22	22	22	23	22	22	21	66	65	24	23	23	26	25	18	16	18	19	25	23	23	20	23	81	90	26	26	42	45	42	38	36	36	26	24	32	31	31	37	16	17	21	19	21	19	24	27	29	42	42	43	50	56	53	66	103	82	67	65	61	45	43	41	42	43	40	46	48	47	46	44	44	46	47	46	42	40	39	38	37	35	34	37	36	39	37	38	33	31	30	23	23	25	28	27	28	30	87	87	34	37	36	40	39	0	0	
24	19	20	25	25	12	9	8	10	12	14	46	51	51	17	17	17	21	22	22	21	20	20	19	21	22	26	29	29	75	75	28	27	24	26	20	16	17	14	14	18	21	25	70	24	21	23	37	41	46	49	43	41	33	34	28	19	15	14	39	51	36	22	71	67	33	29	27	27	33	109	54	60	144	60	57	144	59	53	60	55	52	50	42	41	43	46	46	47	52	51	49	44	43	47	49	47	45	42	41	40	34	33	33	41	43	44	38	37	34	29	29	27	25	25	24	25	26	31	40	40	37	39	38	39	37	0	0	
12	11	13	13	14	12	14	16	18	44	13	43	16	16	17	23	22	21	19	17	18	21	24	26	77	84	80	26	22	22	29	28	29	26	23	19	15	18	18	20	20	19	27	27	20	47	36	37	33	36	103	46	41	41	44	43	41	21	15	23	84	73	69	33	33	34	72	77	77	119	157	162	150	142	124	57	134	150	158	142	123	56	54	50	43	45	45	46	47	49	47	47	47	43	44	45	46	46	45	41	40	38	35	36	37	39	40	39	35	32	32	28	27	28	28	27	27	27	31	33	41	39	38	37	37	38	0	0	
17	10	13	50	27	27	26	57	54	50	21	21	21	26	22	21	18	19	21	24	26	29	74	26	25	24	22	24	37	30	30	28	32	30	23	22	23	16	17	19	21	18	27	35	27	29	30	33	33	46	51	50	41	44	141	153	152	89	12	60	98	96	98	91	100	99	38	103	104	130	60	146	56	95	113	112	93	112	78	70	64	61	120	48	49	51	53	45	48	48	45	46	44	47	49	44	43	44	44	44	45	43	41	40	39	38	42	42	57	28	29	32	29	29	28	26	26	30	39	39	38	35	31	35	37	39	0	0	
32	35	63	59	18	21	21	22	26	26	27	23	21	20	20	22	23	24	72	77	24	21	19	25	25	26	38	43	46	24	23	22	26	22	22	17	19	19	22	20	17	16	26	27	20	22	25	35	37	41	52	48	48	114	130	132	140	40	23	28	25	32	38	103	39	41	41	45	41	44	110	74	75	126	63	79	55	91	68	119	61	60	60	47	52	136	52	46	48	56	55	52	42	44	49	47	46	46	44	46	48	42	40	41	43	41	39	37	50	50	28	29	29	30	31	28	26	30	85	41	40	38	30	33	33	37	0	0	
55	52	54	26	27	28	30	30	27	24	23	23	25	27	27	69	73	70	27	23	22	39	33	30	23	23	24	22	24	21	21	19	19	20	20	23	23	25	25	20	21	20	32	34	26	23	25	27	37	42	109	46	44	51	68	67	66	55	30	26	30	34	31	42	42	50	45	43	49	95	61	67	61	62	61	51	51	49	100	112	124	58	58	55	56	58	55	44	44	50	47	45	46	47	47	46	40	40	41	47	48	44	43	44	44	40	37	35	26	26	27	29	30	31	31	27	28	35	38	37	39	38	33	33	32	35	0	0	
29	31	32	31	28	26	24	23	25	27	28	30	31	70	25	24	24	22	22	34	35	36	20	21	21	19	19	18	23	19	22	17	16	17	19	22	24	29	26	19	13	13	23	34	35	28	28	29	31	46	50	48	44	49	134	66	65	93	14	11	14	27	35	38	43	37	37	46	52	50	57	53	73	57	61	64	48	46	46	54	55	54	56	58	56	94	63	92	48	54	132	53	50	48	48	50	49	46	45	45	50	47	47	44	43	41	34	33	32	26	25	25	29	30	30	24	26	32	42	41	40	35	30	32	30	33	0	0	
30	27	23	22	22	26	27	28	28	30	29	25	23	20	23	25	25	28	28	27	19	18	19	17	17	17	20	21	26	18	22	20	16	18	20	24	25	23	24	26	25	10	62	63	18	19	22	30	31	35	52	56	56	61	59	58	62	61	59	79	18	13	18	73	76	69	47	47	73	52	55	105	85	96	62	68	72	143	45	42	92	90	93	51	49	49	50	51	52	61	64	59	52	52	131	127	45	43	45	49	50	45	43	43	41	39	38	31	31	30	26	26	28	30	28	26	28	84	85	40	39	37	24	26	25	34	0	0	
22	22	23	26	29	31	27	25	25	25	22	21	38	27	39	26	25	24	20	20	20	19	17	19	21	23	25	79	101	20	24	21	19	18	18	17	25	25	27	12	12	11	31	32	25	20	23	26	32	34	41	56	154	179	65	64	65	134	137	146	122	81	76	35	52	35	29	34	126	51	53	154	41	34	109	64	206	207	159	137	48	44	44	45	50	49	49	45	48	134	62	62	68	52	52	54	47	45	43	42	45	43	41	40	38	35	35	35	30	29	28	27	28	26	28	27	32	41	41	40	38	35	30	27	27	31	0	0	
26	27	28	27	20	20	20	21	21	21	32	25	31	17	19	20	20	20	19	20	19	21	22	77	94	102	27	77	107	25	31	21	17	15	18	19	20	21	21	20	12	10	70	33	27	27	25	26	31	44	131	131	156	173	61	62	68	164	150	154	146	144	121	99	39	36	37	43	114	44	57	150	52	46	52	140	197	84	125	50	45	40	41	44	48	47	46	50	49	48	47	54	58	67	60	64	62	47	46	43	72	75	74	38	37	37	33	32	31	30	30	31	31	29	28	24	80	82	43	41	40	31	28	29	26	29	0	0	
29	28	21	19	17	24	24	29	22	21	21	17	16	17	19	21	19	18	17	22	28	86	94	102	112	113	33	37	113	21	26	24	17	13	12	13	14	16	16	13	15	11	65	65	22	23	24	31	33	95	136	148	156	84	139	122	63	68	66	77	78	75	140	44	36	99	99	93	73	79	55	115	115	118	60	185	167	153	115	141	48	75	76	43	119	117	46	51	50	63	87	63	67	71	65	63	63	60	136	120	37	40	41	39	34	35	35	33	31	31	29	30	29	28	27	27	38	39	39	40	38	50	21	23	25	33	0	0	
22	22	21	22	22	22	19	19	20	16	16	17	15	16	16	20	20	79	90	95	85	84	90	90	49	52	42	45	123	39	29	27	25	12	9	10	14	13	15	13	11	12	36	34	30	27	27	27	37	105	142	72	71	165	62	65	62	127	83	85	67	73	68	52	134	55	150	140	176	142	137	45	52	57	203	224	209	69	91	56	65	36	40	45	52	53	53	58	61	59	52	151	163	69	70	75	152	171	175	145	53	43	38	36	35	35	35	33	30	31	32	32	31	30	26	27	85	42	43	40	37	31	42	24	25	27	0	0	
22	22	22	23	18	18	17	17	17	15	15	17	18	25	97	99	77	96	24	25	24	27	45	47	50	56	79	56	60	40	57	26	26	23	9	8	11	15	15	14	14	21	96	35	30	32	33	91	32	52	55	41	78	82	80	58	63	61	69	67	74	75	123	76	158	149	165	49	163	52	42	52	42	66	214	218	87	89	78	103	76	69	42	44	40	55	61	57	55	56	61	57	66	57	152	65	67	174	161	63	123	35	34	35	37	37	36	34	34	32	33	32	31	29	29	27	34	35	45	44	42	26	23	24	25	28	0	0	
22	23	17	18	18	17	16	17	18	20	23	70	71	99	114	98	66	44	35	32	38	45	40	46	48	50	41	112	129	19	24	24	26	25	20	10	11	15	19	16	16	19	74	89	83	90	82	32	31	31	58	60	72	76	76	111	66	64	65	130	121	125	166	195	198	169	168	65	81	81	100	47	43	137	98	139	142	69	69	61	38	39	103	53	48	52	55	53	49	59	67	61	74	123	77	69	79	78	80	133	120	43	38	39	37	36	35	34	34	35	35	34	32	29	28	28	42	42	44	42	38	33	22	21	20	28	0	0	
15	16	17	17	17	16	17	20	71	89	106	102	83	100	115	52	44	50	28	26	23	24	31	92	49	51	49	57	61	38	27	28	29	26	25	19	12	16	17	16	18	19	44	139	49	34	33	30	29	30	33	35	34	34	37	42	121	63	57	65	105	114	74	74	189	78	78	83	87	59	73	52	113	141	144	130	125	105	67	69	108	40	37	40	46	132	48	57	76	63	177	170	63	59	142	147	81	76	73	65	72	63	36	37	37	37	37	37	34	35	36	35	34	34	28	28	87	43	45	42	36	45	32	23	20	23	0	0	
20	15	17	15	21	24	89	94	80	23	35	103	33	52	53	51	35	100	27	22	21	22	34	36	39	49	49	56	59	90	71	32	32	36	89	93	21	16	14	25	107	90	160	191	128	40	49	33	41	30	35	33	34	36	40	58	62	182	181	66	66	64	60	61	108	91	127	64	104	65	66	64	48	62	92	62	108	64	64	150	57	50	49	55	56	52	53	51	49	169	166	180	154	150	95	67	69	78	76	76	62	56	80	38	38	38	38	38	39	39	37	38	32	32	32	30	33	34	43	39	49	25	26	26	21	19	0	0	
19	18	22	76	86	75	66	19	29	29	36	53	44	50	58	57	79	50	44	36	17	19	76	44	46	46	45	125	130	152	138	89	110	101	108	109	74	24	19	82	124	139	173	159	148	49	69	30	31	30	32	33	34	113	166	216	221	224	212	69	91	60	77	72	65	110	100	92	95	115	114	126	165	51	92	70	68	139	145	144	55	49	51	51	131	51	151	145	144	71	72	69	161	183	64	72	71	73	67	72	68	55	87	86	41	41	41	39	40	39	40	38	38	35	35	33	41	40	38	52	46	49	24	23	22	21	0	0	
21	22	83	78	17	17	40	40	45	29	30	115	39	44	119	55	46	50	22	19	21	22	73	92	47	47	44	152	163	62	145	138	152	119	174	148	88	30	28	30	138	172	82	79	85	121	37	31	25	22	23	42	151	203	215	225	230	238	217	83	61	57	91	53	86	54	58	56	79	33	37	96	160	50	42	59	52	51	54	62	57	49	48	50	59	59	57	55	55	56	133	122	132	183	81	80	71	65	62	71	68	88	42	41	41	40	40	40	41	40	46	41	41	38	34	33	35	37	35	33	24	24	23	23	22	21	0	0	
23	19	79	64	25	44	40	22	28	31	32	109	37	50	54	53	40	42	34	20	19	19	34	38	44	52	53	165	162	164	68	142	145	151	184	173	53	35	32	29	59	61	157	193	193	80	125	34	29	27	34	123	172	216	220	111	115	115	109	103	165	149	55	46	83	80	62	48	47	43	67	77	156	52	57	51	84	64	68	71	66	69	45	53	55	63	57	147	75	70	176	73	71	183	75	193	68	66	72	111	96	85	90	43	42	41	40	40	40	38	46	43	40	37	35	32	35	33	30	29	28	24	24	24	20	19	0	0	
27	21	41	37	24	21	23	24	28	83	28	56	76	52	58	57	83	44	40	49	18	21	27	39	43	123	151	167	128	71	69	69	74	75	74	79	71	78	39	36	37	69	121	82	84	87	151	178	182	163	126	136	166	105	239	246	119	116	115	185	185	71	124	44	49	51	55	53	44	47	44	143	53	46	41	41	45	50	49	139	54	148	168	151	144	160	158	148	59	60	65	174	70	93	62	81	118	137	158	56	54	45	45	45	43	42	41	39	39	37	46	48	45	38	37	35	37	35	30	24	24	25	24	24	23	19	0	0	
98	29	32	35	25	24	20	23	24	37	36	112	39	44	116	56	49	83	33	27	24	21	24	27	48	54	55	79	76	119	66	109	69	76	78	82	51	71	66	26	28	30	96	72	75	79	103	77	165	152	96	63	190	217	112	113	115	120	212	174	78	85	81	122	48	131	64	59	68	45	159	124	98	85	75	46	48	49	82	111	101	65	64	170	189	65	161	79	71	69	106	107	125	106	107	135	62	95	69	55	79	51	47	46	44	41	39	39	39	40	42	124	44	43	36	35	38	35	29	28	24	24	24	23	23	22	0	0	
111	80	30	80	14	14	15	26	27	29	34	109	36	47	53	51	41	41	41	27	24	22	30	35	119	61	61	65	63	83	92	97	73	75	77	191	106	35	37	32	38	47	130	126	120	119	92	119	72	119	60	114	89	223	226	120	122	117	184	156	176	187	203	184	188	53	58	62	51	54	174	169	134	42	48	43	54	74	67	65	65	178	88	200	203	77	75	77	69	65	72	128	85	124	63	151	63	75	68	94	49	49	50	46	45	43	39	37	39	39	38	157	44	41	39	33	36	33	22	22	22	25	25	24	22	23	0	0	
112	85	36	39	31	24	23	22	29	29	29	54	81	50	57	57	51	42	44	40	25	23	25	102	155	152	164	161	60	83	78	57	71	68	178	90	101	115	34	38	151	154	115	39	66	68	66	92	112	67	62	51	157	104	111	111	118	116	113	93	205	212	223	77	202	205	195	176	138	135	153	62	62	55	131	125	114	58	46	60	57	132	195	78	81	83	130	110	111	68	204	186	55	59	63	169	97	68	68	89	100	47	49	48	44	41	42	41	38	37	44	52	50	44	41	36	37	36	44	22	22	26	26	24	22	24	0	0	
56	50	68	40	35	41	83	69	23	30	29	101	40	41	46	55	50	77	42	40	40	27	76	125	153	63	154	72	65	88	42	47	124	130	75	76	168	150	157	139	158	167	69	80	73	53	59	52	102	63	56	68	83	152	192	154	159	106	156	170	88	113	123	131	132	93	168	167	176	173	163	168	70	89	101	128	158	162	125	148	166	114	126	127	104	114	158	71	74	201	205	197	86	56	58	162	167	70	102	49	49	49	51	49	47	42	39	39	44	41	38	90	87	78	38	34	32	30	29	28	21	23	24	28	26	24	0	0	
115	45	38	42	26	81	85	32	26	29	31	103	37	43	49	50	44	40	43	37	39	37	38	138	153	76	76	68	59	87	53	54	59	61	131	83	81	153	51	54	119	74	75	48	38	39	54	84	66	74	75	55	117	105	121	144	130	138	124	137	133	87	86	152	106	133	135	133	111	121	77	74	71	55	150	150	154	165	63	59	185	169	109	155	139	117	127	78	183	212	209	95	94	86	84	71	187	70	82	104	55	51	52	49	45	46	38	42	42	107	108	34	49	47	72	32	28	28	23	22	29	32	26	29	24	19	0	0	
114	100	33	39	33	41	41	39	29	34	32	52	47	46	53	54	48	37	41	36	36	37	41	65	68	66	69	113	116	51	51	135	65	163	60	65	111	98	100	122	114	79	129	65	31	38	106	132	52	48	35	91	139	70	120	74	108	95	75	106	72	80	75	158	63	126	132	107	64	63	139	78	76	77	152	152	148	80	117	78	87	85	120	63	67	66	74	80	79	101	99	97	89	89	121	125	83	124	51	52	53	52	52	52	45	42	40	40	115	36	42	41	33	39	38	40	28	26	25	22	105	101	31	33	32	26	0	0	
56	54	65	44	38	41	41	38	37	36	33	105	43	41	47	56	50	68	42	36	51	37	41	135	76	72	102	55	60	60	50	137	140	64	60	87	78	45	64	45	54	54	90	118	100	30	34	35	37	97	32	44	48	53	60	62	60	86	102	101	59	62	90	72	68	93	77	69	69	72	55	64	70	68	70	74	107	71	58	74	68	80	129	85	178	74	71	72	223	224	100	97	177	85	81	95	121	92	105	56	56	57	53	51	50	42	40	39	50	40	46	33	35	28	34	42	34	24	24	26	106	41	115	117	99	34	0	0	
113	51	64	48	32	35	35	36	33	35	31	42	41	40	48	48	45	37	44	36	38	105	49	50	51	65	92	75	53	77	81	70	177	66	53	75	72	56	47	46	51	53	55	128	124	102	139	46	75	46	62	48	85	80	96	91	72	71	93	84	83	46	121	46	68	63	80	57	46	51	94	62	73	69	65	72	97	70	60	39	114	193	183	66	66	75	185	71	228	219	209	94	93	93	187	175	57	55	60	61	61	57	53	48	48	62	38	114	35	30	33	41	31	34	88	40	36	45	23	27	111	48	53	55	41	36	0	0	
116	109	31	40	31	38	38	37	31	32	28	48	48	71	52	51	49	31	102	39	93	105	118	63	62	65	47	62	48	77	84	180	223	193	99	43	38	40	98	38	36	60	62	60	141	57	156	33	36	40	102	36	37	77	48	55	58	66	61	137	56	57	168	162	180	156	49	60	41	148	163	70	69	69	77	80	111	156	109	35	61	173	69	81	87	92	207	73	217	109	110	107	95	93	95	211	130	53	57	58	56	62	56	82	41	41	50	115	33	33	29	78	87	81	94	29	34	29	29	28	105	124	58	61	53	40	0	0	
56	55	69	47	41	44	38	36	34	30	29	36	44	40	48	53	50	59	47	41	44	54	53	54	60	62	53	41	116	42	44	179	241	230	66	58	35	31	36	44	45	49	46	48	51	56	53	67	42	42	44	123	128	45	41	44	51	67	69	76	163	172	163	190	181	176	176	163	157	194	213	210	78	78	199	189	70	186	182	156	193	101	98	91	195	211	219	73	76	78	106	105	104	97	98	100	144	57	58	62	59	57	47	45	60	34	121	127	31	29	32	41	50	44	39	48	49	81	27	27	55	62	54	62	58	54	0	0	
51	52	63	48	32	30	29	30	32	30	28	30	83	34	102	108	44	50	47	44	47	49	54	57	56	66	66	57	49	48	50	135	82	91	140	52	55	43	40	42	113	39	38	92	65	65	116	122	84	48	141	186	155	164	47	48	60	62	67	188	164	182	181	221	211	88	83	158	178	207	224	221	201	78	75	75	61	169	61	172	191	173	80	199	208	103	105	158	122	153	109	106	104	101	103	102	143	59	58	57	56	53	77	39	39	34	63	52	49	24	30	32	36	37	39	39	40	40	27	84	134	65	55	57	48	54	0	0	
59	56	35	38	32	43	50	37	33	35	101	41	40	31	47	50	44	28	95	91	47	48	45	54	57	64	135	50	50	50	52	128	112	125	157	158	58	135	147	115	40	73	48	74	51	52	47	98	110	124	155	143	138	131	46	47	50	58	144	81	83	87	82	232	219	91	83	81	75	83	79	146	164	129	143	98	161	88	91	99	94	90	154	88	220	235	106	165	165	198	228	227	108	104	107	181	120	103	56	55	55	48	47	73	31	31	28	53	70	60	105	33	31	39	38	40	49	50	72	107	168	153	52	50	51	132	0	0	
55	53	74	39	37	53	30	34	97	95	90	86	43	34	38	74	68	68	49	45	51	56	48	48	51	53	55	58	58	55	58	159	141	133	88	88	160	65	61	144	49	50	124	42	39	67	70	64	49	119	194	85	85	124	56	53	50	102	69	64	82	213	87	113	113	107	79	77	75	168	145	133	165	149	146	206	84	77	182	229	214	91	86	90	108	245	106	196	207	217	109	110	111	106	105	148	104	98	96	50	51	50	40	37	37	31	26	26	27	119	150	126	123	37	31	35	42	44	43	50	181	70	70	158	57	55	0	0	
58	50	44	71	94	38	96	39	39	37	43	46	49	26	26	26	33	40	113	46	141	159	51	49	44	75	109	64	53	49	51	71	68	168	71	73	126	67	89	94	51	50	48	40	43	130	49	145	126	60	63	64	67	87	94	138	127	44	103	93	101	141	93	234	113	112	179	77	78	75	80	73	75	165	71	207	214	82	87	105	111	107	194	197	225	121	117	115	238	233	224	113	112	115	104	118	108	52	50	47	46	45	46	38	36	38	30	31	33	60	61	49	34	34	32	40	125	39	34	104	201	80	83	189	166	138	0	0	
101	103	38	35	41	32	33	34	46	45	45	38	45	55	31	36	35	120	136	127	59	149	59	48	47	43	53	59	59	52	52	58	68	70	67	99	116	122	55	91	91	55	55	55	44	47	46	61	61	58	123	144	139	58	55	63	54	53	49	61	59	57	88	91	226	106	97	98	195	81	83	179	167	64	76	235	238	212	210	212	111	112	111	244	247	255	254	250	115	114	110	186	106	113	163	115	67	107	52	47	47	43	43	41	39	36	33	30	90	29	100	54	58	39	43	126	134	48	63	58	204	206	79	187	74	76	0	0	
51	53	75	32	38	35	44	46	44	43	40	39	48	52	61	85	31	100	61	62	58	73	72	110	117	126	125	60	62	51	48	55	56	88	113	98	56	94	60	170	50	49	56	147	53	85	90	67	67	63	63	71	177	172	135	132	133	120	46	118	55	51	57	162	109	163	84	127	96	208	217	220	233	189	71	97	108	245	251	100	100	111	115	252	119	120	119	119	116	116	111	179	163	111	141	124	58	56	60	46	41	45	44	44	43	39	38	37	39	35	34	46	41	45	124	122	107	44	36	140	102	99	100	93	153	84	0	0	
42	48	65	59	45	40	41	40	39	40	38	41	43	26	30	96	39	34	36	83	75	76	62	64	65	149	131	153	67	62	85	58	52	56	70	62	72	56	61	64	152	126	50	58	66	57	133	52	134	59	148	189	229	216	72	72	58	64	55	134	56	56	54	164	176	130	105	91	219	236	231	225	238	226	163	65	177	117	119	105	99	165	111	119	121	126	127	126	121	123	214	96	94	93	74	74	129	155	57	53	46	45	44	40	40	39	33	31	32	32	27	36	33	94	107	58	81	68	30	160	204	100	96	168	78	119	0	0	
99	36	31	33	41	34	34	35	37	36	38	41	35	31	34	101	108	49	45	43	80	70	82	55	58	57	62	67	64	127	45	125	59	87	156	129	47	51	62	165	62	135	149	140	55	55	60	105	65	68	58	68	167	135	125	79	60	62	65	150	59	175	71	70	192	220	85	211	103	109	110	115	117	112	77	65	72	170	162	192	148	174	105	123	126	125	126	125	124	120	117	116	230	85	81	69	68	183	64	62	63	48	48	48	113	45	40	37	36	37	34	29	33	47	44	52	60	56	76	76	183	190	170	154	120	141	0	0	
44	37	48	28	35	29	33	35	32	33	40	39	55	37	49	50	47	50	112	43	104	38	41	114	64	64	63	70	74	69	46	47	122	52	146	181	126	133	148	75	67	172	148	152	156	55	49	60	70	211	69	97	120	155	113	68	111	70	67	159	69	66	65	78	85	240	101	94	90	190	111	120	121	114	155	101	65	175	166	170	170	201	219	241	125	123	126	120	120	119	114	112	108	94	93	88	72	162	68	59	58	55	49	48	124	112	43	44	37	34	37	38	40	41	74	49	58	122	35	155	136	139	146	100	69	112	0	0	
100	35	48	35	42	53	51	32	31	33	39	32	35	107	116	144	59	140	61	106	110	43	47	47	125	63	57	61	62	61	93	60	66	67	71	70	76	51	53	142	70	70	70	95	66	107	89	90	60	72	74	89	81	94	80	87	111	71	63	64	168	128	115	90	99	95	97	171	165	100	194	119	120	112	149	89	112	66	75	93	100	230	110	110	108	117	123	117	114	114	118	114	106	187	83	81	79	141	149	135	64	60	59	52	52	50	45	45	114	42	43	40	42	43	121	55	59	52	35	120	43	78	61	119	59	70	0	0	
