0	0	0	0	0	0	0	0	0	0	0	0	0	0	0	0	0	0	0	0	0	0	0	0	0	0	0	0	0	0	0	0	0	0	0	0	0	0	0	0	0	0	0	0	0	0	0	0	0	0	0	0	0	0	0	0	0	0	0	0	0	0	0	0	0	0	0	0	0	0	0	0	0	0	0	0	0	0	0	0	0	0	0	0	0	0	0	0	0	0	0	0	0	0	0	0	0	0	0	0	0	0	0	0	0	0	0	0	0	0	0	0	0	0	0	0	0	0	0	0	0	0	0	0	0	0	0	0	
136	136	136	136	136	136	136	136	136	136	136	136	136	136	136	136	136	136	136	136	136	136	136	134	134	134	132	130	131	129	130	128	128	127	125	125	123	124	122	122	121	120	119	118	118	118	118	118	118	118	118	118	118	118	118	118	118	118	118	118	118	118	118	118	118	118	118	118	118	118	118	118	118	118	118	118	118	118	118	118	118	118	118	118	118	118	118	120	120	122	122	124	124	123	125	125	127	127	130	129	131	131	132	133	134	134	136	136	136	136	136	136	136	136	136	136	136	136	136	136	136	136	136	136	136	136	0	0	
140	140	140	140	140	140	140	140	140	140	140	140	140	140	140	140	140	140	140	140	140	140	140	138	138	137	135	133	133	130	130	128	128	127	125	124	122	122	119	119	117	116	115	114	114	114	114	114	114	114	114	114	114	114	114	114	114	114	114	114	114	114	114	114	114	114	114	114	114	114	114	114	114	114	114	114	114	114	114	114	114	114	114	114	114	114	114	116	116	119	119	121	121	122	125	125	127	127	130	130	132	133	135	135	137	138	140	140	140	140	140	140	140	140	140	140	140	140	140	140	140	140	140	140	140	140	0	0	
69	69	69	69	69	69	69	69	69	69	69	69	69	69	69	69	69	69	69	69	69	69	69	68	68	67	67	65	65	65	65	64	64	63	63	62	61	61	60	60	59	59	58	58	58	58	58	58	58	58	58	58	58	58	58	58	58	58	58	58	58	58	58	58	58	58	58	58	58	58	58	58	58	58	58	58	58	58	58	58	58	58	58	58	58	58	58	59	59	59	60	61	61	61	62	62	63	63	64	64	65	65	66	66	67	67	68	68	69	69	69	69	69	69	69	69	69	69	69	69	69	69	69	69	69	69	0	0	
69	70	70	70	70	70	70	70	70	70	70	70	70	70	70	70	70	70	70	70	70	70	70	69	69	68	67	67	66	65	65	64	64	63	62	62	61	61	60	60	58	58	58	57	57	57	57	57	57	57	57	57	57	57	57	57	57	57	57	57	57	57	57	57	57	57	57	57	57	57	57	57	57	57	57	57	57	57	57	57	57	57	57	57	57	57	57	57	58	58	59	60	60	60	62	62	63	63	64	64	66	66	66	67	68	68	70	70	70	70	70	70	70	70	70	70	70	70	70	70	70	70	70	70	70	70	0	0	
70	70	70	70	70	70	70	70	70	70	70	70	70	70	70	70	70	70	70	70	70	70	70	69	69	68	67	66	66	65	65	64	64	63	63	62	61	61	60	59	59	58	58	58	57	57	57	57	57	57	57	57	57	57	57	57	57	57	57	57	57	57	57	57	57	57	57	57	57	57	57	57	57	57	57	57	57	57	57	57	57	57	57	57	57	57	57	58	58	59	59	60	61	61	61	62	63	63	65	65	65	66	66	67	68	68	69	70	70	70	70	70	70	70	70	70	70	70	70	70	70	70	70	70	70	70	0	0	
71	71	71	71	71	71	71	71	71	71	71	71	71	71	71	71	71	71	71	71	71	71	71	70	69	69	68	66	66	65	65	64	64	63	62	62	60	60	60	59	58	58	56	56	56	56	56	56	56	56	56	56	56	56	56	56	56	56	56	56	56	56	56	56	56	56	56	56	56	56	56	56	56	56	56	56	56	56	56	56	56	56	56	56	56	56	56	57	57	58	59	60	60	60	61	61	63	63	64	65	65	66	67	68	68	69	70	70	71	71	71	71	71	71	71	71	71	71	71	71	71	71	71	71	71	71	0	0	
71	71	71	71	71	71	71	71	71	71	71	71	71	71	71	71	71	71	71	71	71	71	71	70	70	69	68	67	66	66	66	64	64	63	62	62	61	60	59	59	57	57	57	56	56	56	56	56	56	56	56	56	56	56	56	56	56	56	56	56	56	56	56	56	56	56	56	56	56	56	56	56	56	56	56	56	56	56	56	56	56	56	56	56	56	56	56	57	57	58	58	60	60	60	62	62	63	63	64	64	66	66	67	68	68	68	71	71	71	71	71	71	71	71	71	71	71	71	71	71	71	71	71	71	71	71	0	0	
71	71	72	72	72	72	72	72	72	72	72	72	72	72	72	72	72	72	72	72	72	72	72	70	70	70	68	67	67	65	65	64	64	63	63	61	61	61	58	58	58	57	56	56	55	55	55	55	55	55	55	55	55	55	55	55	55	55	55	55	55	55	55	55	55	55	55	55	55	55	55	55	55	55	55	55	55	55	55	55	55	55	55	55	55	55	55	56	56	58	58	59	60	60	61	62	62	62	65	65	65	67	67	68	70	70	71	72	72	72	72	72	72	72	72	72	72	72	72	72	72	72	72	72	72	72	0	0	
72	72	72	72	72	72	72	72	72	72	72	72	72	72	72	72	72	72	72	72	72	72	72	71	70	70	69	66	66	66	65	64	64	63	62	62	60	60	59	58	57	57	55	55	55	55	55	55	55	55	55	55	55	55	55	55	55	55	55	55	55	55	55	55	55	55	55	55	55	55	55	55	55	55	55	55	55	55	55	55	55	55	55	55	55	55	55	57	57	57	58	59	59	60	61	61	63	63	64	65	66	66	68	68	69	70	71	71	72	72	72	72	72	72	72	72	72	72	72	72	72	72	72	72	72	72	0	0	
72	72	72	72	72	72	72	72	72	72	72	72	72	72	72	72	72	72	72	72	72	72	72	71	71	70	69	68	67	66	66	64	64	63	62	61	61	60	59	59	57	56	56	55	55	55	55	55	55	55	55	55	55	55	55	55	55	55	55	55	55	55	55	55	55	55	55	55	55	55	55	55	55	55	55	55	55	55	55	55	55	55	55	55	55	55	55	56	56	57	57	60	60	60	62	62	62	63	64	64	66	66	67	69	69	69	72	72	72	72	72	72	72	72	72	72	72	72	72	72	72	72	72	72	72	72	0	0	
73	73	73	73	73	73	73	73	73	73	73	73	73	73	73	73	73	73	73	73	73	73	73	71	71	71	69	68	68	65	65	64	64	63	62	61	60	60	58	57	57	56	55	55	54	54	54	54	54	54	54	54	54	54	54	54	54	54	54	54	54	54	54	54	54	54	54	54	54	54	54	54	54	54	54	54	54	54	54	54	54	54	54	54	54	54	54	55	55	57	57	58	60	60	61	62	62	62	65	65	66	67	68	68	71	71	72	73	73	73	73	73	73	73	73	73	73	73	73	73	73	73	73	73	73	73	0	0	
73	73	73	73	73	73	73	73	73	73	73	73	73	73	73	73	73	73	73	73	73	73	73	72	71	71	70	67	67	66	65	64	64	63	62	62	60	60	59	57	56	56	54	54	54	54	54	54	54	54	54	54	54	54	54	54	54	54	54	54	54	54	54	54	54	54	54	54	54	54	54	54	54	54	54	54	54	54	54	54	54	54	54	54	54	54	54	56	56	56	57	58	58	60	61	61	63	63	64	65	66	66	69	69	70	71	72	72	73	73	73	73	73	73	73	73	73	73	73	73	73	73	73	73	73	73	0	0	
73	74	74	74	74	74	74	74	74	74	74	74	74	74	74	74	74	74	74	74	74	74	74	73	73	72	70	69	68	67	67	64	64	63	61	61	60	59	58	58	55	55	54	53	53	53	53	53	53	53	53	53	53	53	53	53	53	53	53	53	53	53	53	53	53	53	53	53	53	53	53	53	53	53	53	53	53	53	53	53	53	53	53	53	53	53	53	54	55	56	56	59	59	59	61	61	62	63	64	64	67	67	68	70	71	71	74	74	74	74	74	74	74	74	74	74	74	74	74	74	74	74	74	74	74	74	0	0	
74	74	74	74	74	74	74	74	74	74	74	74	74	74	74	74	74	74	74	74	74	74	74	72	72	72	69	68	68	66	66	65	64	63	62	61	60	60	57	57	56	55	54	54	53	53	53	53	53	53	53	53	53	53	53	53	53	53	53	53	53	53	53	53	53	53	53	53	53	53	53	53	53	53	53	53	53	53	53	53	53	53	53	53	53	53	53	54	54	57	57	58	59	59	60	62	62	62	65	65	66	68	68	69	72	72	73	74	74	74	74	74	74	74	74	74	74	74	74	74	74	74	74	74	74	74	0	0	
74	74	74	74	74	74	74	74	74	74	74	74	74	74	74	74	74	74	74	74	74	74	74	73	72	72	71	67	67	66	66	65	65	63	62	62	59	59	58	57	56	56	53	53	53	52	52	52	52	52	52	52	52	52	52	52	52	52	52	52	52	52	52	52	52	52	52	52	52	52	52	52	52	52	52	52	52	52	52	52	52	52	52	52	52	52	52	55	55	56	57	58	58	59	60	60	63	63	64	66	67	67	69	70	71	72	73	73	74	74	74	74	74	74	74	74	74	74	74	74	74	74	74	74	74	74	0	0	
75	75	75	75	75	75	75	75	75	75	75	75	75	75	75	75	75	75	75	75	75	75	75	74	74	72	71	70	68	67	67	64	64	63	61	61	60	59	58	57	54	54	53	52	52	52	52	52	52	52	52	52	52	52	52	52	52	52	52	52	52	52	52	52	52	52	52	52	52	52	52	52	52	52	52	52	52	52	52	52	52	52	52	52	52	52	52	53	54	55	56	58	58	58	61	61	62	63	64	65	68	68	69	71	72	72	75	75	75	75	75	75	75	75	75	75	75	75	75	75	75	75	75	75	75	75	0	0	
75	75	75	75	75	75	75	75	75	75	75	75	75	75	75	75	75	75	75	75	75	75	75	73	73	73	70	69	69	66	66	65	64	63	62	60	59	59	57	56	55	54	53	53	51	51	51	51	51	51	51	51	51	51	51	51	51	51	51	51	51	51	51	51	51	51	51	51	51	51	51	51	51	51	51	51	51	51	51	51	51	51	51	51	51	51	51	53	53	56	56	57	58	58	60	61	62	62	65	66	67	68	69	69	73	73	74	75	75	75	75	75	75	75	75	75	75	75	75	75	75	75	75	75	75	75	0	0	
76	76	76	76	76	76	76	76	76	76	76	76	76	76	76	76	76	76	76	76	76	76	76	75	74	73	72	68	68	67	66	65	65	63	62	62	58	58	57	56	55	54	51	51	51	51	51	51	51	51	51	51	51	51	51	51	51	51	51	51	51	51	51	51	51	51	51	51	51	51	51	51	51	51	51	51	51	51	51	51	51	51	51	51	51	51	51	53	53	54	56	57	57	58	59	60	63	63	64	66	67	67	70	71	72	73	74	75	76	76	76	76	76	76	76	76	76	76	76	76	76	76	76	76	76	76	0	0	
76	76	76	76	76	76	76	76	76	76	76	76	76	76	76	76	76	76	76	76	76	76	76	75	75	73	72	71	68	67	67	64	64	63	61	60	59	58	57	57	54	53	52	50	50	50	50	50	50	50	50	50	50	50	50	50	50	50	50	50	50	50	50	50	50	50	50	50	50	50	50	50	50	50	50	50	50	50	50	50	50	50	50	50	50	50	50	52	53	54	54	58	58	58	61	61	62	63	64	65	68	68	69	71	72	72	76	76	76	76	76	76	76	76	76	76	76	76	76	76	76	76	76	76	76	76	0	0	
77	77	77	77	77	77	77	77	77	77	77	77	77	77	77	77	77	77	77	77	77	77	77	74	74	74	71	69	70	66	66	65	64	63	62	60	59	59	55	55	54	52	51	51	49	49	49	49	49	49	49	49	49	49	49	49	49	49	49	49	49	49	49	49	49	49	49	49	49	49	49	49	49	49	49	49	49	49	49	49	49	49	49	49	49	49	49	51	51	55	55	56	58	58	59	61	62	62	66	66	67	69	70	71	74	74	76	77	77	77	77	77	77	77	77	77	77	77	77	77	77	77	77	77	77	77	0	0	
77	77	77	77	77	77	77	77	77	77	77	77	77	77	77	77	77	77	77	77	77	77	77	76	74	74	73	68	69	67	66	65	65	63	62	61	58	58	56	55	54	54	50	50	50	49	49	49	49	49	49	49	49	49	49	49	49	49	49	49	49	49	49	49	49	49	49	49	49	49	49	49	49	49	49	49	49	49	49	49	49	49	49	49	49	49	49	52	52	53	55	56	57	58	59	59	63	63	65	66	67	68	71	72	73	74	75	76	77	77	77	77	77	77	77	77	77	77	77	77	77	77	77	77	77	77	0	0	
77	78	78	78	78	78	78	78	78	78	78	78	78	78	78	78	78	78	78	78	78	78	78	77	77	75	74	72	69	68	68	64	64	63	60	60	59	58	56	56	52	52	51	48	48	48	48	48	48	48	48	48	48	48	48	48	48	48	48	48	48	48	48	48	48	48	48	48	48	48	48	48	48	48	48	48	48	48	48	48	48	48	48	48	48	48	48	50	51	52	53	57	57	57	60	60	61	63	65	65	69	69	70	73	74	74	78	78	78	78	78	78	78	78	78	78	78	78	78	78	78	78	78	78	78	78	0	0	
78	78	78	78	78	78	78	78	78	78	78	78	78	78	78	78	78	78	78	78	78	78	78	75	75	75	72	70	71	67	67	65	64	63	62	60	59	59	54	54	53	52	50	50	49	49	49	49	49	49	49	49	49	49	49	49	49	49	49	49	49	49	49	49	49	49	49	49	49	49	49	49	49	49	49	49	49	49	49	49	49	49	49	49	49	49	49	50	50	54	54	55	58	58	59	61	62	62	66	66	67	69	71	71	75	75	76	78	78	78	78	78	78	78	78	78	78	78	78	78	78	78	78	78	78	78	0	0	
79	79	79	79	79	79	79	79	79	79	79	79	79	79	79	79	79	79	79	79	79	79	79	78	76	76	74	69	69	68	67	65	65	63	62	61	57	57	55	53	52	52	48	48	48	48	48	48	48	48	48	48	48	48	48	48	48	48	48	48	48	48	48	48	48	48	48	48	48	48	48	48	48	48	48	48	48	48	48	48	48	48	48	48	48	48	48	51	51	52	54	55	55	57	59	59	63	63	65	67	68	68	73	73	74	75	77	77	79	79	79	79	79	79	79	79	79	79	79	79	79	79	79	79	79	79	0	0	
79	79	79	79	79	79	79	79	79	79	79	79	79	79	79	79	79	79	79	79	79	79	79	78	78	76	74	72	70	68	68	64	64	63	60	60	58	57	55	55	51	51	50	48	48	48	48	48	48	48	48	48	48	48	48	48	48	48	48	48	48	48	48	48	48	48	48	48	48	48	48	48	48	48	48	48	48	48	48	48	48	48	48	48	48	48	48	49	51	52	52	57	57	57	60	60	62	63	65	65	69	69	71	74	75	75	79	79	79	79	79	79	79	79	79	79	79	79	79	79	79	79	79	79	79	79	0	0	
79	79	80	80	80	80	80	80	80	80	80	80	80	80	80	80	80	80	80	80	80	80	80	77	77	77	73	71	72	67	67	65	64	63	62	59	58	58	53	53	52	50	48	48	47	47	47	47	47	47	47	47	47	47	47	47	47	47	47	47	47	47	47	47	47	47	47	47	47	47	47	47	47	47	47	47	47	47	47	47	47	47	47	47	47	47	47	48	48	53	53	54	57	57	58	61	62	62	66	66	68	70	72	72	77	77	78	80	80	80	80	80	80	80	80	80	80	80	80	80	80	80	80	80	80	80	0	0	
81	81	81	81	81	81	81	81	81	81	81	81	81	81	81	81	81	81	81	81	81	81	81	79	77	77	75	70	70	68	67	65	65	63	62	61	57	57	55	53	51	51	47	47	47	47	47	47	47	47	47	47	47	47	47	47	47	47	47	47	47	47	47	47	47	47	47	47	47	47	47	47	47	47	47	47	47	47	47	47	47	47	47	47	47	47	47	50	50	51	53	55	55	57	58	59	63	63	65	67	68	68	73	74	75	77	78	79	81	81	81	81	81	81	81	81	81	81	81	81	81	81	81	81	81	81	0	0	
81	81	81	81	81	81	81	81	81	81	81	81	81	81	81	81	81	81	81	81	81	81	81	79	79	77	75	73	70	69	68	64	64	63	60	60	59	57	55	54	50	50	48	46	46	46	46	46	46	46	46	46	46	46	46	46	46	46	46	46	46	46	46	46	46	46	46	46	46	46	46	46	46	46	46	46	46	46	46	46	46	46	46	46	46	46	46	48	49	51	51	56	56	57	60	60	62	63	65	65	69	70	71	74	75	75	80	80	80	81	81	81	81	81	81	81	81	81	81	81	81	81	81	81	81	81	0	0	
81	81	81	81	81	81	81	81	81	81	81	81	81	81	81	81	81	81	81	81	81	81	81	78	78	77	74	72	72	67	67	65	64	63	61	59	58	58	53	52	51	49	47	47	45	45	45	45	45	45	45	45	45	45	45	45	45	45	45	45	45	45	45	45	45	45	45	45	45	45	45	45	45	45	45	45	45	45	45	45	45	45	45	45	45	45	46	48	47	52	52	54	56	56	58	60	62	62	66	67	68	70	72	73	77	77	79	81	81	81	81	81	81	81	81	81	81	81	81	81	81	81	81	81	81	81	0	0	
82	82	82	82	82	82	82	82	82	82	82	82	82	82	82	82	82	82	82	82	82	82	82	80	78	78	76	70	70	68	67	65	65	63	61	61	57	57	54	52	50	50	46	45	45	45	45	45	45	45	45	45	45	45	45	45	45	45	45	45	45	45	45	45	45	45	45	45	45	45	45	45	45	45	45	45	45	45	45	45	45	45	45	45	45	45	45	49	49	50	52	54	54	57	58	59	63	63	65	67	68	69	74	74	76	77	79	80	82	82	82	82	82	82	82	82	82	82	82	82	82	82	82	82	82	82	0	0	
82	82	82	82	82	82	82	82	82	82	82	82	82	82	82	82	82	82	82	82	82	82	82	81	80	78	76	74	71	69	69	64	64	64	59	59	58	57	54	54	49	48	47	44	44	44	44	44	44	44	44	44	44	44	44	44	44	44	44	44	44	44	44	44	44	44	44	44	44	44	44	44	44	44	44	44	44	44	44	44	44	44	44	44	44	44	44	46	48	50	50	56	56	56	59	60	61	63	65	65	70	70	72	75	77	77	82	82	82	82	82	82	82	82	82	82	82	82	82	82	82	82	82	82	82	82	0	0	
82	82	83	83	83	83	83	83	83	83	83	83	83	83	83	83	83	83	83	83	83	83	83	79	79	79	75	72	73	67	67	65	64	63	62	59	57	58	52	51	50	48	47	46	44	44	44	44	44	44	44	44	44	44	44	44	44	44	44	44	44	44	44	44	44	44	44	44	44	44	44	44	44	44	44	44	44	44	44	44	44	44	44	44	44	44	45	47	46	51	51	53	56	56	58	61	62	62	67	67	68	71	73	73	78	78	80	83	83	83	83	83	83	83	83	83	83	83	83	83	83	83	83	83	83	83	0	0	
82	82	82	82	82	82	82	82	82	82	82	82	82	82	82	82	82	82	82	82	82	82	82	81	78	78	76	70	70	69	67	65	65	63	61	61	56	56	54	51	50	50	45	45	45	44	44	44	44	44	44	44	44	44	44	44	44	44	44	44	44	44	44	44	44	44	44	44	44	44	44	44	44	44	44	44	44	44	44	44	44	44	44	44	44	44	44	49	48	50	52	54	54	56	58	58	63	63	65	67	68	69	74	75	76	78	80	80	82	82	82	82	82	82	82	82	82	82	82	82	82	82	82	82	82	82	0	0	
83	83	83	83	83	83	83	83	83	83	83	83	83	83	83	83	83	83	83	83	83	83	83	82	81	79	77	75	71	69	69	64	64	63	59	59	58	56	54	53	48	48	46	43	43	43	43	43	43	43	43	43	43	43	43	43	43	43	43	43	43	43	43	43	43	43	43	43	43	43	43	43	43	43	43	43	43	43	43	43	43	43	43	43	43	43	43	46	47	49	49	55	55	56	59	60	61	63	65	66	70	71	73	76	78	78	83	83	83	83	83	83	83	83	83	83	83	83	83	83	83	83	83	83	83	83	0	0	
84	84	83	83	83	83	83	83	83	83	83	83	83	83	83	83	83	83	83	83	83	83	83	80	80	79	75	73	73	67	67	66	64	63	61	59	57	57	51	51	50	47	45	45	43	43	43	43	43	43	43	43	43	43	43	43	43	43	43	43	43	43	43	43	43	43	43	43	43	43	43	43	43	43	43	43	43	43	43	43	43	43	43	43	43	43	43	46	46	51	51	53	56	56	58	60	62	62	67	67	69	71	73	73	79	79	81	83	83	83	83	83	83	83	83	83	83	83	83	83	83	83	83	83	83	83	0	0	
84	84	84	84	84	84	84	84	84	84	84	84	84	84	84	84	84	84	84	84	84	84	84	83	80	80	78	71	72	69	68	66	66	63	61	61	56	56	53	50	49	48	43	43	43	42	42	42	42	42	42	42	42	42	42	42	42	42	42	42	42	42	42	42	42	42	42	42	42	42	42	42	42	42	42	42	42	42	42	42	42	42	42	42	42	42	42	47	47	49	51	53	53	56	57	58	63	63	65	68	70	70	76	76	78	80	82	82	84	84	84	84	84	84	84	84	84	84	84	84	84	84	84	84	84	84	0	0	
84	85	85	85	85	85	85	85	85	85	85	85	85	85	85	85	85	85	85	85	85	85	85	83	83	80	78	76	72	70	70	64	64	64	59	59	57	56	53	53	48	47	45	42	42	42	42	42	42	42	42	42	42	42	42	42	42	42	42	42	42	42	42	42	42	42	42	42	42	42	42	42	42	42	42	42	42	42	42	42	42	42	42	42	42	42	42	45	47	48	49	55	55	55	59	59	61	63	65	65	71	72	73	77	78	78	84	84	84	85	85	85	85	85	85	85	85	85	85	85	85	85	85	85	85	85	0	0	
85	85	85	85	85	85	85	85	85	85	85	85	85	85	85	85	85	85	85	85	85	85	85	82	81	81	76	74	74	68	68	66	64	63	61	58	56	56	50	50	48	46	44	43	41	41	41	41	41	41	41	41	41	41	41	41	41	41	41	41	41	41	41	41	41	41	41	41	41	41	41	41	41	41	41	41	41	41	41	41	41	41	41	41	41	41	41	44	43	50	50	52	54	55	57	60	61	61	67	68	69	72	74	75	81	81	83	85	85	85	85	85	85	85	85	85	85	85	85	85	85	85	85	85	85	85	0	0	
86	86	86	86	86	86	86	86	86	86	86	86	86	86	86	86	86	86	86	86	86	86	86	83	81	81	79	72	72	70	68	66	66	63	61	60	55	55	53	50	48	47	42	41	41	41	41	41	41	41	41	41	41	41	41	41	41	41	41	41	41	41	41	41	41	41	41	41	41	41	41	41	41	41	41	41	41	41	41	41	41	41	41	41	41	41	41	46	46	48	50	52	52	55	57	57	63	63	65	68	70	70	76	77	79	81	83	83	86	86	86	86	86	86	86	86	86	86	86	86	86	86	86	86	86	86	0	0	
86	86	86	86	86	86	86	86	86	86	86	86	86	86	86	86	86	86	86	86	86	86	86	84	84	81	79	77	73	70	70	64	64	63	59	58	56	54	52	52	45	45	43	40	40	40	40	40	40	40	40	40	40	40	40	40	40	40	40	40	40	40	40	40	40	40	40	40	40	40	40	40	40	40	40	40	40	40	40	40	40	40	40	40	40	40	40	43	45	47	47	53	53	53	59	59	61	63	65	66	72	72	74	78	80	80	86	86	86	86	86	86	86	86	86	86	86	86	86	86	86	86	86	86	86	86	0	0	
86	86	87	87	87	87	87	87	87	87	87	87	87	87	87	87	87	87	87	87	87	87	87	82	82	82	77	75	75	68	68	66	64	63	61	58	56	56	50	50	48	45	43	42	40	40	40	40	40	40	40	40	40	40	40	40	40	40	40	40	40	40	40	40	40	40	40	40	40	40	40	40	40	40	40	40	40	40	40	40	40	40	40	40	40	40	40	43	42	49	49	51	54	54	56	59	61	61	68	68	70	73	75	75	82	82	84	87	87	87	87	87	87	87	87	87	87	87	87	87	87	87	87	87	87	87	0	0	
87	87	87	87	87	87	87	87	87	87	87	87	87	87	87	87	87	87	87	87	87	87	87	85	82	82	79	72	73	70	68	66	66	63	61	60	54	54	52	49	47	47	41	40	40	40	40	40	40	40	40	40	40	40	40	40	40	40	40	40	40	40	40	40	40	40	40	40	40	40	40	40	40	40	40	40	40	40	40	40	40	40	40	40	40	40	40	45	45	47	49	51	52	54	56	56	63	63	65	68	70	70	77	77	79	82	84	84	87	87	87	87	87	87	87	87	87	87	87	87	87	87	87	87	87	87	0	0	
88	88	88	88	88	88	88	88	88	88	88	88	88	88	88	88	88	88	88	88	88	88	88	85	85	82	80	77	73	71	71	64	64	63	58	58	56	54	51	51	44	44	42	39	39	39	39	39	39	39	39	39	39	39	39	39	39	39	39	39	39	39	39	39	39	39	39	39	39	39	39	39	39	39	39	39	39	39	39	39	39	39	39	39	39	39	39	42	44	46	46	53	53	53	58	59	61	63	66	66	72	73	75	78	80	80	87	88	88	88	88	88	88	88	88	88	88	88	88	88	88	88	88	88	88	88	0	0	
88	88	88	88	88	88	88	88	88	88	88	88	88	88	88	88	88	88	88	88	88	88	88	83	83	83	77	75	75	68	68	66	64	63	61	57	55	56	49	49	47	44	41	41	39	39	39	39	39	39	39	39	39	39	39	39	39	39	39	39	39	39	39	39	39	39	39	39	39	39	39	39	39	39	39	39	39	39	39	39	39	39	39	39	39	39	39	42	42	48	48	51	53	53	56	59	61	61	68	68	70	73	75	76	82	82	85	88	88	88	88	88	88	88	88	88	88	88	88	88	88	88	88	88	88	88	0	0	
89	89	89	89	89	89	89	89	89	89	89	89	89	89	89	89	89	89	89	89	89	89	89	87	84	83	81	73	73	71	69	66	66	63	61	60	53	53	51	48	46	45	39	38	38	38	38	38	38	38	38	38	38	38	38	38	38	38	38	38	38	38	38	38	38	38	38	38	38	38	38	38	38	38	38	38	38	38	38	38	38	38	38	38	38	38	38	44	43	46	48	50	51	53	56	56	63	63	66	69	71	71	78	79	81	83	86	86	89	89	89	89	89	89	89	89	89	89	89	89	89	89	89	89	89	89	0	0	
89	89	89	89	89	89	89	89	89	89	89	89	89	89	89	89	89	89	89	89	89	89	89	86	86	83	81	78	73	71	71	64	64	63	58	58	56	54	51	51	44	43	41	38	38	38	38	38	38	38	38	38	38	38	38	38	38	38	38	38	38	38	38	38	38	38	38	38	38	38	38	38	38	38	38	38	38	38	38	38	38	38	38	38	38	38	38	41	43	45	46	53	53	53	58	59	61	63	66	66	73	73	75	79	81	81	88	89	89	89	89	89	89	89	89	89	89	89	89	89	89	89	89	89	89	89	0	0	
90	90	90	90	90	90	90	90	90	90	90	90	90	90	90	90	90	90	90	90	90	90	90	85	85	84	79	76	76	69	69	66	64	63	61	57	55	55	48	47	45	42	40	39	37	37	37	37	37	37	37	37	37	37	37	37	37	37	37	37	37	37	37	37	37	37	37	37	37	37	37	37	37	37	37	37	37	37	37	37	37	37	37	37	37	37	37	40	40	47	47	50	53	53	56	59	61	61	68	69	71	74	76	77	84	84	87	90	90	90	90	90	90	90	90	90	90	90	90	90	90	90	90	90	90	90	0	0	
90	90	90	90	90	90	90	90	90	90	90	90	90	90	90	90	90	90	90	90	90	90	90	87	84	84	81	73	74	71	69	66	66	63	61	60	53	53	50	47	45	44	38	37	37	37	37	37	37	37	37	37	37	37	37	37	37	37	37	37	37	37	37	37	37	37	37	37	37	37	37	37	37	37	37	37	37	37	37	37	37	37	37	37	37	37	37	43	42	45	48	50	50	53	56	56	63	63	66	69	71	72	79	79	82	84	87	87	90	90	90	90	90	90	90	90	90	90	90	90	90	90	90	90	90	90	0	0	
90	91	91	91	91	91	91	91	91	91	91	91	91	91	91	91	91	91	91	91	91	91	91	88	88	85	82	79	75	72	72	64	64	63	58	57	55	53	50	50	42	42	40	36	36	36	36	36	36	36	36	36	36	36	36	36	36	36	36	36	36	36	36	36	36	36	36	36	36	36	36	36	36	36	36	36	36	36	36	36	36	36	36	36	36	36	36	39	41	44	44	52	52	52	58	59	61	63	66	66	73	74	76	81	83	83	90	91	91	91	91	91	91	91	91	91	91	91	91	91	91	91	91	91	91	91	0	0	
91	91	91	91	91	91	91	91	91	91	91	91	91	91	91	91	91	91	91	91	91	91	91	86	86	86	79	77	77	69	69	66	64	63	61	57	55	55	47	47	45	41	39	38	36	36	36	36	36	36	36	36	36	36	36	36	36	36	36	36	36	36	36	36	36	36	36	36	36	36	36	36	36	36	36	36	36	36	36	36	36	36	36	36	36	36	36	39	39	47	47	49	52	52	55	59	61	61	68	69	71	75	77	78	85	85	88	91	91	91	91	91	91	91	91	91	91	91	91	91	91	91	91	91	91	91	0	0	
91	91	91	91	91	91	91	91	91	91	91	91	91	91	91	91	91	91	91	91	91	91	91	88	85	85	82	74	74	72	69	66	66	63	61	60	53	53	50	47	44	44	37	36	36	36	36	36	36	36	36	36	36	36	36	36	36	36	36	36	36	36	36	36	36	36	36	36	36	36	36	36	36	36	36	36	36	36	36	36	36	36	36	36	36	36	36	42	41	44	47	49	50	53	55	56	63	63	66	69	71	72	79	80	82	85	88	88	91	91	91	91	91	91	91	91	91	91	91	91	91	91	91	91	91	91	0	0	
92	92	92	92	92	92	92	92	92	92	92	92	92	92	92	92	92	92	92	92	92	92	92	89	89	86	83	80	75	72	72	64	64	63	58	57	55	52	49	49	41	41	39	35	35	35	35	35	35	35	35	35	35	35	35	35	35	35	35	35	35	35	35	35	35	35	35	35	35	35	35	35	35	35	35	35	35	35	35	35	35	35	35	35	35	35	35	38	40	43	43	51	52	52	58	58	61	63	66	66	73	74	77	82	84	83	91	92	92	92	92	92	92	92	92	92	92	92	92	92	92	92	92	92	92	92	0	0	
92	92	92	92	92	92	92	92	92	92	92	92	92	92	92	92	92	92	92	92	92	92	92	87	86	86	80	77	77	69	69	67	64	63	61	56	54	54	47	46	44	40	38	37	35	35	35	35	35	35	35	35	35	35	35	35	35	35	35	35	35	35	35	35	35	35	35	35	35	35	35	35	35	35	35	35	35	35	35	35	35	35	35	35	35	35	35	38	38	46	46	49	52	52	55	59	61	61	68	69	71	75	77	78	86	86	89	92	92	92	92	92	92	92	92	92	92	92	92	92	92	92	92	92	92	92	0	0	
93	93	93	93	93	93	93	93	93	93	93	93	93	93	93	93	93	93	93	93	93	93	93	90	87	87	84	75	75	72	69	67	66	63	60	60	52	52	49	45	43	42	35	34	34	34	34	34	34	34	34	34	34	34	34	34	34	34	34	34	34	34	34	34	34	34	34	34	34	34	34	34	34	34	34	34	34	34	34	34	34	34	34	34	34	34	34	40	40	42	45	48	48	52	55	55	63	63	66	70	72	72	81	82	84	86	89	90	93	93	93	93	93	93	93	93	93	93	93	93	93	93	93	93	93	93	0	0	
93	93	93	93	93	93	93	93	93	93	93	93	93	93	93	93	93	93	93	93	93	93	93	90	90	87	84	81	75	72	72	64	64	64	58	57	55	52	49	48	41	40	38	34	34	34	34	34	34	34	34	34	34	34	34	34	34	34	34	34	34	34	34	34	34	34	34	34	34	34	34	34	34	34	34	34	34	34	34	34	34	34	34	34	34	34	34	37	40	42	42	51	51	51	58	58	60	63	66	66	74	74	77	83	85	85	93	93	93	93	93	93	93	93	93	93	93	93	93	93	93	93	93	93	93	93	0	0	
94	94	94	94	94	94	94	94	94	94	94	94	94	94	94	94	94	94	94	94	94	94	94	89	88	88	81	78	78	70	70	67	64	63	60	56	54	54	45	45	43	39	36	36	33	33	33	33	33	33	33	33	33	33	33	33	33	33	33	33	33	33	33	33	33	33	33	33	33	33	33	33	33	33	33	33	33	33	33	33	33	33	33	33	33	33	33	37	36	44	44	47	51	52	54	58	61	61	69	69	72	75	78	79	87	87	90	94	94	94	94	94	94	94	94	94	94	94	94	94	94	94	94	94	94	94	0	0	
94	94	94	94	94	94	94	94	94	94	94	94	94	94	94	94	94	94	94	94	94	94	94	92	88	88	84	75	75	72	69	67	66	63	60	59	52	52	48	44	42	41	33	33	33	32	32	32	32	32	32	32	32	32	32	32	32	32	32	32	32	32	32	32	32	32	32	32	32	32	32	32	32	32	32	32	32	32	32	32	32	32	32	32	32	32	33	39	39	42	44	47	48	52	54	55	63	63	66	70	72	73	81	82	85	88	91	91	94	94	94	94	94	94	94	94	94	94	94	94	94	94	94	94	94	94	0	0	
94	95	95	95	95	95	95	95	95	95	95	95	95	95	95	95	95	95	95	95	95	95	95	92	92	88	85	82	76	73	73	64	64	63	57	56	54	51	48	48	39	39	36	32	32	32	32	32	32	32	32	32	32	32	32	32	32	32	32	32	32	32	32	32	32	32	32	32	32	32	32	32	32	32	32	32	32	32	32	32	32	32	32	32	32	32	32	35	38	41	41	50	50	51	57	58	60	63	66	67	75	75	78	84	86	86	94	95	95	95	95	95	95	95	95	95	95	95	95	95	95	95	95	95	95	95	0	0	
95	95	95	95	95	95	95	95	95	95	95	95	95	95	95	95	95	95	95	95	95	95	95	90	90	89	82	79	79	70	70	67	64	63	60	56	53	53	45	44	42	38	35	35	31	31	31	31	31	31	31	31	31	31	31	31	31	31	31	31	31	31	31	31	31	31	31	31	31	31	31	31	31	31	31	31	31	31	31	31	31	31	31	31	31	31	32	35	35	43	44	46	51	51	54	58	60	61	69	70	72	76	79	80	88	89	92	95	95	95	95	95	95	95	95	95	95	95	95	95	95	95	95	95	95	95	0	0	
95	95	95	95	95	95	95	95	95	95	95	95	95	95	95	95	95	95	95	95	95	95	95	92	89	89	85	76	76	73	70	67	67	63	60	59	51	51	48	44	41	41	32	32	32	31	31	31	31	31	31	31	31	31	31	31	31	31	31	31	31	31	31	31	31	31	31	31	31	31	31	31	31	31	31	31	31	31	31	31	31	31	31	31	31	31	32	39	38	41	44	47	47	51	54	55	63	63	66	70	72	73	82	83	85	89	92	92	95	95	95	95	95	95	95	95	95	95	95	95	95	95	95	95	95	95	0	0	
96	96	96	96	96	96	96	96	96	96	96	96	96	96	96	96	96	96	96	96	96	96	96	93	93	89	85	82	77	73	73	64	64	63	57	56	54	51	47	47	38	38	35	31	31	31	31	31	31	31	31	31	31	31	31	31	31	31	31	31	31	31	31	31	31	31	31	31	31	31	31	31	31	31	31	31	31	31	31	31	31	31	31	31	31	31	31	34	37	40	41	49	50	50	57	57	60	63	66	67	75	76	79	84	87	87	96	96	96	96	96	96	96	96	96	96	96	96	96	96	96	96	96	96	96	96	0	0	
96	96	96	96	96	96	96	96	96	96	96	96	96	96	96	96	96	96	96	96	96	96	96	90	90	90	82	79	79	70	70	67	64	63	60	55	53	53	44	43	41	37	34	34	30	30	30	30	30	30	30	30	30	30	30	30	30	30	30	30	30	30	30	30	30	30	30	30	30	30	30	30	30	30	30	30	30	30	30	30	30	30	30	30	30	30	31	34	34	43	43	46	50	50	54	58	60	61	69	70	72	77	79	80	89	89	93	96	96	96	96	96	96	96	96	96	96	96	96	96	96	96	96	96	96	96	0	0	
97	97	97	97	97	97	97	97	97	97	97	97	97	97	97	97	97	97	97	97	97	97	97	94	90	90	86	77	77	74	70	67	67	63	60	59	50	50	47	42	40	39	31	30	30	30	30	30	30	30	30	30	30	30	30	30	30	30	30	30	30	30	30	30	30	30	30	30	30	30	30	30	30	30	30	30	30	30	30	30	30	30	30	30	30	30	30	37	37	40	43	46	46	50	53	54	63	63	66	71	73	74	83	84	86	90	93	94	97	97	97	97	97	97	97	97	97	97	97	97	97	97	97	97	97	97	0	0	
97	97	97	97	97	97	97	97	97	97	97	97	97	97	97	97	97	97	97	97	97	97	98	94	94	90	86	83	77	74	74	64	64	63	57	56	53	50	47	46	37	37	34	30	30	30	30	30	30	30	30	30	30	30	30	30	30	30	30	30	30	30	30	30	30	30	30	30	30	30	30	30	30	30	30	30	30	30	30	30	30	30	30	30	30	30	30	33	36	39	40	49	49	49	57	57	60	63	66	67	76	76	79	85	87	87	97	97	97	97	97	97	97	97	97	97	97	97	97	97	97	97	97	97	97	97	0	0	
98	98	98	98	98	98	98	98	98	98	98	98	98	98	98	98	98	98	98	98	98	98	98	91	91	91	83	80	80	71	70	67	64	63	60	55	53	53	43	43	40	36	33	33	29	29	29	29	29	29	29	29	29	29	29	29	29	29	29	29	29	29	29	29	29	29	29	29	29	29	29	29	29	29	29	29	29	29	29	29	29	29	29	29	29	29	30	33	33	42	42	45	50	50	53	58	60	60	69	70	72	77	80	81	90	90	93	98	98	98	98	98	98	98	98	98	98	98	98	98	98	98	98	98	98	98	0	0	
98	98	98	98	98	98	98	98	98	98	98	98	98	98	98	98	98	98	98	98	98	98	98	95	91	91	87	77	77	74	70	67	67	63	59	59	50	50	46	42	39	39	30	29	29	28	28	28	28	28	28	28	28	28	28	28	28	28	28	28	28	28	28	28	28	28	28	28	28	28	28	28	28	28	28	28	28	28	28	28	28	28	28	28	28	28	29	36	36	39	42	46	46	50	53	54	63	63	66	71	73	74	83	84	87	91	94	95	98	98	98	98	98	98	98	98	98	98	98	98	98	98	98	98	98	98	0	0	
98	99	99	99	99	99	99	99	99	99	99	99	99	99	99	99	99	99	99	99	99	99	99	95	95	91	87	84	77	74	74	64	64	63	56	56	53	50	46	45	36	36	33	28	28	28	28	28	28	28	28	28	28	28	28	28	28	28	28	28	28	28	28	28	28	28	28	28	28	28	28	28	28	28	28	28	28	28	28	28	28	28	28	28	28	28	28	32	35	38	39	48	49	49	56	57	60	63	66	67	76	77	80	86	88	88	98	98	98	99	99	99	99	99	99	99	99	99	99	99	99	99	99	99	99	99	0	0	
99	99	100	100	100	100	100	100	100	100	100	100	100	100	100	100	100	100	100	100	100	100	100	93	92	92	84	81	81	71	71	68	64	63	60	55	52	52	42	41	39	35	32	31	27	27	27	27	27	27	27	27	27	27	27	27	27	27	27	27	27	27	27	27	27	27	27	27	27	27	27	27	27	27	27	27	27	27	27	27	27	27	27	27	27	27	28	31	31	41	41	44	49	49	53	58	60	60	70	70	73	78	81	82	91	91	95	100	100	100	100	100	100	100	100	100	100	100	100	100	100	100	100	100	100	100	0	0	
100	100	100	100	100	100	100	100	100	100	100	100	100	100	100	100	100	100	100	100	100	100	100	96	92	92	88	77	77	74	71	67	67	63	59	59	50	50	46	41	38	37	28	28	28	27	27	27	27	27	27	27	27	27	27	27	27	27	27	27	27	27	27	27	27	27	27	27	27	27	27	27	27	27	27	27	27	27	27	27	27	27	27	27	27	27	27	35	35	38	42	45	45	50	53	54	63	63	66	71	74	74	84	85	88	92	95	96	100	100	100	100	100	100	100	100	100	100	100	100	100	100	100	100	100	100	0	0	
101	101	101	101	101	101	101	101	101	101	101	101	101	101	101	101	101	101	101	101	101	101	101	97	97	92	88	85	78	74	74	64	64	63	56	55	52	49	45	45	35	34	31	26	26	26	26	26	26	26	26	26	26	26	26	26	26	26	26	26	26	26	26	26	26	26	26	26	26	26	26	26	26	26	26	26	26	26	26	26	26	26	26	26	26	26	26	30	33	37	37	48	48	48	56	57	59	63	66	67	77	77	81	87	90	90	100	100	100	101	101	101	101	101	101	101	101	101	101	101	101	101	101	101	101	101	0	0	
101	101	101	101	101	101	101	101	101	101	101	101	101	101	101	101	101	101	101	101	101	101	101	94	93	93	85	81	81	71	71	68	64	63	60	55	52	52	42	41	38	33	30	30	26	26	26	26	26	26	26	26	26	26	26	26	26	26	26	26	26	26	26	26	26	26	26	26	26	26	26	26	26	26	26	26	26	26	26	26	26	26	26	26	26	26	26	30	30	40	41	44	49	49	53	58	60	60	70	70	73	78	81	83	93	93	96	101	101	101	101	101	101	101	101	101	101	101	101	101	101	101	101	101	101	101	0	0	
102	102	102	102	102	102	102	102	102	102	102	102	102	102	102	102	102	102	102	102	102	102	102	98	94	94	90	78	78	75	71	67	67	63	59	59	49	49	45	40	37	36	26	26	26	25	25	25	25	25	25	25	25	25	25	25	25	25	25	25	25	25	25	25	25	25	25	25	25	25	25	25	25	25	25	25	25	25	25	25	25	25	25	25	25	25	25	33	33	37	40	44	44	49	52	53	63	63	66	71	74	75	85	86	89	94	97	98	102	102	102	102	102	102	102	102	102	102	102	102	102	102	102	102	102	102	0	0	
102	102	102	102	102	102	102	102	102	102	102	102	102	102	102	102	102	102	102	102	102	102	102	98	98	94	89	157	79	75	75	64	64	63	56	55	52	49	45	44	34	33	30	25	25	25	25	25	25	25	25	25	25	25	25	25	25	25	25	25	25	25	25	25	25	25	25	25	25	25	25	25	25	25	25	25	25	25	25	25	25	25	25	25	25	25	25	29	33	36	37	47	48	48	56	57	59	63	66	67	77	78	81	88	91	91	101	101	101	102	102	102	102	102	102	102	102	102	102	102	102	102	102	102	102	102	0	0	
102	102	102	102	102	102	102	102	102	102	102	102	102	102	102	102	102	102	102	102	102	102	102	95	94	94	85	81	82	71	71	68	64	63	60	55	52	52	41	40	37	32	29	29	25	25	25	25	25	25	25	25	25	25	25	25	25	25	25	25	25	25	25	25	25	25	25	25	25	25	25	25	25	25	25	25	25	25	25	25	25	25	25	25	25	25	25	29	29	40	40	44	48	48	52	58	60	60	70	70	73	78	82	83	94	94	97	102	102	102	102	102	102	102	102	102	102	102	102	102	102	102	102	102	102	102	0	0	
103	103	103	103	103	103	103	103	103	103	103	103	103	103	103	103	103	103	103	103	103	103	103	99	95	95	90	78	79	75	71	67	67	63	59	58	48	48	44	39	36	35	25	25	25	24	24	24	24	24	24	24	24	24	24	24	24	24	24	24	24	24	24	24	24	24	24	24	24	24	24	24	24	24	24	24	24	24	24	24	24	24	24	24	24	24	24	32	32	36	40	44	44	48	52	53	63	63	67	71	74	75	86	87	90	94	98	99	103	103	103	103	103	103	103	103	103	103	103	103	103	103	103	103	103	103	0	0	
103	103	103	103	103	103	103	103	103	103	103	103	103	103	103	103	103	103	103	103	103	103	103	99	99	94	90	157	79	75	75	64	64	64	56	55	52	49	44	44	33	32	29	24	24	24	24	24	24	24	24	24	24	24	24	24	24	24	24	24	24	24	24	24	24	24	24	24	24	24	24	24	24	24	24	24	24	24	24	24	24	24	24	24	24	24	24	28	32	35	35	47	48	48	56	57	60	63	67	67	77	78	82	88	91	91	102	102	102	103	103	103	103	103	103	103	103	103	103	103	103	103	103	103	103	103	0	0	
103	103	104	104	104	104	104	104	104	104	104	104	104	104	104	104	104	104	104	104	104	104	104	96	96	96	87	82	83	72	71	68	64	63	60	54	51	51	40	39	36	31	28	27	23	23	23	23	23	23	23	23	23	23	23	23	23	23	23	23	23	23	23	23	23	23	23	23	23	23	23	23	23	23	23	23	23	23	23	23	23	23	23	23	23	23	23	28	27	38	38	42	48	48	52	57	60	60	70	71	74	79	83	84	95	95	99	104	104	104	104	104	104	104	104	104	104	104	104	104	104	104	104	104	104	104	0	0	
104	104	104	104	104	104	104	104	104	104	104	104	104	104	104	104	104	104	104	104	104	104	104	100	96	95	91	78	79	75	71	68	67	63	59	59	48	48	44	39	36	35	25	24	24	23	23	23	23	23	23	23	23	23	23	23	23	23	23	23	23	23	23	23	23	23	23	23	23	23	23	23	23	23	23	23	23	23	23	23	23	23	23	23	23	23	23	32	32	35	39	43	43	48	52	53	63	63	67	72	75	75	87	88	91	95	99	99	104	104	104	104	104	104	104	104	104	104	104	104	104	104	104	104	104	104	0	0	
105	105	105	105	105	105	105	105	105	105	105	105	105	105	105	105	105	105	105	105	105	105	105	101	101	96	91	160	80	76	76	64	64	63	55	55	51	48	44	43	32	31	28	22	22	22	22	22	22	22	22	22	22	22	22	22	22	22	22	22	22	22	22	22	22	22	22	22	22	22	22	22	22	22	22	22	22	22	22	22	22	22	22	22	22	22	23	27	30	34	34	46	47	47	55	56	59	63	67	68	78	79	83	90	93	93	104	104	104	105	105	105	105	105	105	105	105	105	105	105	105	105	105	105	105	105	0	0	
105	105	105	105	105	105	105	105	105	105	105	105	105	105	105	105	105	105	105	105	105	105	105	97	97	96	87	83	84	72	72	68	63	63	59	54	51	51	39	38	35	30	27	26	22	22	22	22	22	22	22	22	22	22	22	22	22	22	22	22	22	22	22	22	22	22	22	22	22	22	22	22	22	22	22	22	22	22	22	22	22	22	22	22	22	22	23	27	27	38	38	42	48	48	52	57	60	60	71	71	75	80	84	85	96	96	100	105	105	105	105	105	105	105	105	105	105	105	105	105	105	105	105	105	105	105	0	0	
106	106	106	106	106	106	106	106	106	106	106	106	106	106	106	106	106	106	106	106	106	106	106	102	97	97	93	80	80	76	73	68	68	63	59	58	47	47	43	37	34	33	23	22	22	21	21	21	21	21	21	21	21	21	21	21	21	21	21	21	21	21	21	21	21	21	21	21	21	21	21	21	21	21	21	21	21	21	21	21	21	21	21	21	21	21	21	31	30	34	38	42	42	47	51	52	63	63	67	73	76	77	88	89	92	97	101	101	106	106	106	106	106	106	106	106	106	106	106	106	106	106	106	106	106	106	0	0	
106	106	106	106	106	106	106	106	106	106	106	106	106	106	106	106	106	106	106	106	106	106	107	102	102	97	92	160	81	77	77	64	64	63	55	54	51	48	43	42	31	30	27	21	21	21	21	21	21	21	21	21	21	21	21	21	21	21	21	21	21	21	21	21	21	21	21	21	21	21	21	21	21	21	21	21	21	21	21	21	21	21	21	21	21	21	21	26	30	33	34	46	46	46	55	56	59	63	67	68	79	80	84	91	94	94	105	106	106	106	106	106	106	106	106	106	106	106	106	106	106	106	106	106	106	106	0	0	
106	106	106	106	106	106	106	106	106	106	106	106	106	106	106	106	106	106	106	106	106	106	106	98	98	97	88	84	84	73	73	68	63	63	59	54	50	50	39	38	35	29	26	25	21	21	21	21	21	21	21	21	21	21	21	21	21	21	21	21	21	21	21	21	21	21	21	21	21	21	21	21	21	21	21	21	21	21	21	21	21	21	21	21	21	21	22	26	25	37	37	41	47	47	51	57	60	60	71	72	75	81	84	86	97	97	101	106	106	106	106	106	106	106	106	106	106	106	106	106	106	106	106	106	106	106	0	0	
107	107	107	107	107	107	107	107	107	107	107	107	107	107	107	107	107	107	107	107	107	107	107	103	98	98	93	80	81	76	73	68	68	63	58	57	46	47	42	36	33	32	21	21	21	20	20	20	20	20	20	20	20	20	20	20	20	20	20	20	20	20	20	20	20	20	20	20	20	20	20	20	20	20	20	20	20	20	20	20	20	20	20	20	20	20	20	30	29	33	37	41	42	46	51	51	63	63	67	73	76	77	89	90	93	97	102	102	107	107	107	107	107	107	107	107	107	107	107	107	107	107	107	107	107	107	0	0	
107	107	107	107	107	107	107	107	107	107	107	107	107	107	107	107	107	107	107	107	107	107	108	103	103	97	93	162	81	77	77	64	64	63	54	53	50	47	42	41	30	29	25	20	20	20	20	20	20	20	20	20	20	20	20	20	20	20	20	20	20	20	20	20	20	20	20	20	20	20	20	20	20	20	20	20	20	20	20	20	20	20	20	20	20	20	20	25	28	32	33	45	45	45	54	55	59	63	67	68	79	80	84	91	94	94	106	107	107	107	107	107	107	107	107	107	107	107	107	107	107	107	107	107	107	107	0	0	
107	107	108	108	108	108	108	108	108	108	108	108	108	108	108	108	108	108	108	108	108	108	108	100	99	99	89	85	85	73	73	69	63	63	59	52	49	49	37	36	33	28	24	23	19	19	19	19	19	19	19	19	19	19	19	19	19	19	19	19	19	19	19	19	19	19	19	19	19	19	19	19	19	19	19	19	19	19	19	19	19	19	19	19	19	19	19	24	23	36	36	40	46	46	50	56	59	59	72	72	76	82	85	87	98	98	103	108	108	108	108	108	108	108	108	108	108	108	108	108	108	108	108	108	108	108	0	0	
108	108	108	108	108	108	108	108	108	108	108	108	108	108	108	108	108	108	108	108	108	108	108	104	99	98	94	81	81	77	73	69	68	63	58	57	46	46	41	35	32	31	20	19	19	18	18	18	18	18	18	18	18	18	18	18	18	18	18	18	18	18	18	18	18	18	18	18	18	18	18	18	18	18	18	18	18	18	18	18	18	18	18	18	18	18	19	28	28	32	36	40	41	46	50	51	63	63	67	73	76	77	89	91	94	98	103	103	108	108	108	108	108	108	108	108	108	108	108	108	108	108	108	108	108	108	0	0	
109	109	109	109	109	109	109	109	109	109	109	109	109	109	109	109	109	109	109	109	109	109	110	105	105	99	94	163	82	78	78	64	64	63	54	53	50	46	41	40	28	27	24	17	17	17	17	17	17	17	17	17	17	17	17	17	17	17	17	17	17	17	17	17	17	17	17	17	17	17	17	17	17	17	17	17	17	17	17	17	17	17	17	17	17	17	18	23	27	31	31	44	44	45	54	55	58	63	67	68	80	81	85	93	96	96	108	109	109	109	109	109	109	109	109	109	109	109	109	109	109	109	109	109	109	109	0	0	
109	109	109	109	109	109	109	109	109	109	109	109	109	109	109	109	109	109	109	109	109	109	109	101	100	100	90	85	86	73	73	69	63	63	58	52	49	49	36	36	32	27	23	22	17	17	17	17	17	17	17	17	17	17	17	17	17	17	17	17	17	17	17	17	17	17	17	17	17	17	17	17	17	17	17	17	17	17	17	17	17	17	17	17	17	17	18	23	23	35	35	39	45	45	50	55	59	59	72	73	76	82	86	87	99	99	104	109	109	109	109	109	109	109	109	109	109	109	109	109	109	109	109	109	109	109	0	0	
110	110	110	110	110	110	110	110	110	110	110	110	110	110	110	110	110	110	110	110	110	110	110	106	100	100	95	81	82	77	74	69	68	63	58	57	45	45	40	34	31	30	18	17	17	16	16	16	16	16	16	16	16	16	16	16	16	16	16	16	16	16	16	16	16	16	16	16	16	16	16	16	16	16	16	16	16	16	16	16	16	16	16	16	16	16	17	27	26	30	35	39	40	45	49	50	63	63	67	74	77	78	90	92	95	100	105	105	110	110	110	110	110	110	110	110	110	110	110	110	110	110	110	110	110	110	0	0	
110	110	110	110	110	110	110	110	110	110	110	110	110	110	110	110	110	110	110	110	110	110	111	106	105	100	95	163	82	78	78	64	64	63	54	53	49	46	41	40	28	27	23	17	17	17	17	17	17	17	17	17	17	17	17	17	17	17	17	17	17	17	17	17	17	17	17	17	17	17	17	17	17	17	17	17	17	17	17	17	17	17	17	17	17	17	17	22	26	30	30	44	44	44	54	54	58	63	67	68	80	81	85	93	96	96	109	110	110	110	110	110	110	110	110	110	110	110	110	110	110	110	110	110	110	110	0	0	
110	110	110	110	110	110	110	110	110	110	110	110	110	110	110	110	110	110	110	110	110	110	110	101	101	100	90	86	86	74	74	69	63	63	58	52	48	49	36	35	32	26	22	21	16	16	16	16	16	16	16	16	16	16	16	16	16	16	16	16	16	16	16	16	16	16	16	16	16	16	16	16	16	16	16	16	16	16	16	16	16	16	16	16	16	16	17	22	21	34	34	39	45	45	49	55	59	59	72	73	76	82	86	88	100	100	104	110	110	110	110	110	110	110	110	110	110	110	110	110	110	110	110	110	110	110	0	0	
111	111	111	111	111	111	111	111	111	111	111	111	111	111	111	111	111	111	111	111	111	111	111	107	101	101	96	82	82	77	74	69	68	63	58	57	45	45	40	34	30	29	17	16	16	16	16	16	16	16	16	16	16	16	16	16	16	16	16	16	16	16	16	16	16	16	16	16	16	16	16	16	16	16	16	16	16	16	16	16	16	16	16	16	16	16	16	26	26	30	34	39	39	45	49	50	63	63	67	74	77	78	91	92	96	101	105	106	111	111	111	111	111	111	111	111	111	111	111	111	111	111	111	111	111	111	0	0	
111	111	111	111	111	111	111	111	111	111	111	111	111	111	111	111	111	111	111	111	111	111	112	107	106	101	95	165	83	78	78	64	64	63	54	53	49	45	40	39	27	26	22	15	15	15	15	15	15	15	15	15	15	15	15	15	15	15	15	15	15	15	15	15	15	15	15	15	15	15	15	15	15	15	15	15	15	15	15	15	15	15	15	15	15	15	16	21	25	29	30	43	44	44	54	54	58	63	67	68	81	82	86	94	97	97	110	111	111	111	111	111	111	111	111	111	111	111	111	111	111	111	111	111	111	111	0	0	
111	111	112	112	112	112	112	112	112	112	112	112	112	112	112	112	112	112	112	112	112	112	112	103	103	102	91	87	87	74	74	69	63	63	58	52	48	48	35	34	30	24	20	19	15	15	15	15	15	15	15	15	15	15	15	15	15	15	15	15	15	15	15	15	15	15	15	15	15	15	15	15	15	15	15	15	15	15	15	15	15	15	15	15	15	15	15	20	20	33	34	38	44	44	49	55	59	59	72	73	77	83	87	88	102	102	106	112	112	112	112	112	112	112	112	112	112	112	112	112	112	112	112	112	112	112	0	0	
112	112	112	112	112	112	112	112	112	112	112	112	112	112	112	112	112	112	112	112	112	112	112	108	102	102	97	82	83	78	74	69	68	63	58	57	44	44	39	33	29	29	16	15	15	15	15	15	15	15	15	15	15	15	15	15	15	15	15	15	15	15	15	15	15	15	15	15	15	15	15	15	15	15	15	15	15	15	15	15	15	15	15	15	15	15	15	25	25	29	34	38	39	44	49	50	63	63	67	74	77	78	91	93	96	102	106	107	112	112	112	112	112	112	112	112	112	112	112	112	112	112	112	112	112	112	0	0	
112	112	112	112	112	112	112	112	112	112	112	112	112	112	112	112	112	112	112	112	112	112	113	108	107	102	97	165	83	78	78	64	64	63	54	53	49	45	40	39	26	25	21	14	14	14	14	14	14	14	14	14	14	14	14	14	14	14	14	14	14	14	14	14	14	14	14	14	14	14	14	14	14	14	14	14	14	14	14	14	14	14	14	14	14	14	15	20	24	29	29	43	43	43	54	54	58	63	67	68	81	82	86	94	98	98	111	112	112	112	112	112	112	112	112	112	112	112	112	112	112	112	112	112	112	112	0	0	
113	113	113	113	113	113	113	113	113	113	113	113	113	113	113	113	113	113	113	113	113	113	114	104	103	103	92	87	87	74	74	69	63	63	58	51	48	48	34	33	29	23	19	18	14	14	14	14	14	14	14	14	14	14	14	14	14	14	14	14	14	14	14	14	14	14	14	14	14	14	14	14	14	14	14	14	14	14	14	14	14	14	14	14	14	14	14	19	19	32	33	38	44	44	49	55	59	59	72	73	77	83	88	89	102	102	108	113	113	113	113	113	113	113	113	113	113	113	113	113	113	113	113	113	113	113	0	0	
113	113	113	113	113	113	113	113	113	113	113	113	113	113	113	113	113	113	113	113	113	113	114	109	103	103	97	82	83	78	74	69	68	63	58	57	44	44	39	32	29	28	15	14	14	13	13	13	13	13	13	13	13	13	13	13	13	13	13	13	13	13	13	13	13	13	13	13	13	13	13	13	13	13	13	13	13	13	13	13	13	13	13	13	13	13	14	24	24	28	33	38	39	44	49	50	63	63	68	74	78	79	92	94	97	102	108	108	113	113	113	113	113	113	113	113	113	113	113	113	113	113	113	113	113	113	0	0	
113	115	115	115	115	115	115	115	115	115	115	115	115	115	115	115	115	115	115	115	115	115	115	110	109	103	98	166	84	79	79	64	64	63	53	52	48	44	39	38	24	23	19	13	13	13	13	13	13	13	13	13	13	13	13	13	13	13	13	13	13	13	13	13	13	13	13	13	13	13	13	13	13	13	13	13	13	13	13	13	13	13	13	13	13	13	13	18	23	27	27	42	43	43	53	54	58	63	68	68	82	83	87	96	99	99	114	114	114	115	115	115	115	115	115	115	115	115	115	115	115	115	115	115	115	115	0	0	
114	114	114	114	114	114	114	114	114	114	114	114	114	114	114	114	114	114	114	114	114	114	115	105	104	104	93	88	88	74	74	69	63	63	58	51	47	48	34	33	29	23	19	18	13	13	13	13	13	13	13	13	13	13	13	13	13	13	13	13	13	13	13	13	13	13	13	13	13	13	13	13	13	13	13	13	13	13	13	13	13	13	13	13	13	13	13	18	18	32	32	37	44	44	48	55	59	59	73	73	77	83	88	90	103	103	108	114	114	114	114	114	114	114	114	114	114	114	114	114	114	114	114	114	114	114	0	0	
115	115	115	115	115	115	115	115	115	115	115	115	115	115	115	115	115	115	115	115	115	115	116	111	104	104	99	83	84	79	74	69	69	62	57	57	43	43	38	31	27	26	13	12	12	11	11	11	11	11	11	11	11	11	11	11	11	11	11	11	11	11	11	11	11	11	11	11	11	11	11	11	11	11	11	11	11	11	11	11	11	11	11	11	11	11	12	23	22	27	32	37	37	43	48	49	62	63	68	75	78	79	93	95	99	104	109	110	115	115	115	115	115	115	115	115	115	115	115	115	115	115	115	115	115	115	0	0	
116	115	115	115	115	115	115	115	115	115	115	115	115	115	115	115	115	115	115	115	115	115	116	111	110	104	98	168	84	79	79	64	64	63	53	52	48	44	38	37	24	23	18	11	11	11	11	11	11	11	11	11	11	11	11	11	11	11	11	11	11	11	11	11	11	11	11	11	11	11	11	11	11	11	11	11	11	11	11	11	11	11	11	11	11	11	12	17	22	27	27	42	42	43	53	54	58	63	68	69	82	83	88	96	100	100	114	115	115	115	115	115	115	115	115	115	115	115	115	115	115	115	115	115	115	115	0	0	
115	115	116	116	116	116	116	116	116	116	116	116	116	116	116	116	116	116	116	116	116	116	117	107	106	106	94	89	89	75	75	70	63	63	58	51	47	47	33	32	28	21	17	16	10	10	10	10	10	10	10	10	10	10	10	10	10	10	10	10	10	10	10	10	10	10	10	10	10	10	10	10	10	10	10	10	10	10	10	10	10	10	10	10	10	10	11	17	16	31	31	36	43	43	48	55	58	59	73	74	78	85	89	91	105	105	110	116	116	116	116	116	116	116	116	116	116	116	116	116	116	116	116	116	116	116	0	0	
117	117	117	117	117	117	117	117	117	117	117	117	117	117	117	117	117	117	117	117	117	117	117	112	106	105	100	84	84	79	75	70	69	62	57	56	43	43	38	31	27	26	12	11	11	10	10	10	10	10	10	10	10	10	10	10	10	10	10	10	10	10	10	10	10	10	10	10	10	10	10	10	10	10	10	10	10	10	10	10	10	10	10	10	10	10	11	22	22	26	31	36	37	43	48	49	62	62	68	75	79	80	94	95	99	105	110	111	117	117	117	117	117	117	117	117	117	117	117	117	117	117	117	117	117	117	0	0	
117	117	117	117	117	117	117	117	117	117	117	117	117	117	117	117	117	117	117	117	117	117	118	113	112	105	100	170	85	80	80	65	64	63	52	51	47	43	37	36	22	21	17	9	9	9	9	9	9	9	9	9	9	9	9	9	9	9	9	9	9	9	9	9	9	9	9	9	9	9	9	9	9	9	9	9	9	9	9	9	9	9	9	9	9	9	10	15	20	25	26	41	41	42	52	53	57	63	68	69	83	84	89	98	102	102	116	117	117	117	117	117	117	117	117	117	117	117	117	117	117	117	117	117	117	117	0	0	
118	118	118	118	118	118	118	118	118	118	118	118	118	118	118	118	118	118	118	118	118	118	118	108	107	107	94	89	90	75	75	70	63	63	58	50	46	46	32	31	27	20	16	15	9	9	9	9	9	9	9	9	9	9	9	9	9	9	9	9	9	9	9	9	9	9	9	9	9	9	9	9	9	9	9	9	9	9	9	9	9	9	9	9	9	9	10	16	15	30	30	35	42	42	47	54	58	59	73	74	78	85	90	91	105	106	111	118	118	118	118	118	118	118	118	118	118	118	118	118	118	118	118	118	118	118	0	0	
118	118	118	118	118	118	118	118	118	118	118	118	118	118	118	118	118	118	118	118	118	118	119	113	107	106	101	85	85	80	75	70	69	62	57	56	42	42	37	29	25	24	10	9	9	8	8	8	8	8	8	8	8	8	8	8	8	8	8	8	8	8	8	8	8	8	8	8	8	8	8	8	8	8	8	8	8	8	8	8	8	8	8	8	8	8	9	20	20	25	30	35	36	42	47	48	62	62	68	76	79	81	95	96	100	106	112	112	118	118	118	118	118	118	118	118	118	118	118	118	118	118	118	118	118	118	0	0	
118	119	119	119	119	119	119	119	119	119	119	119	119	119	119	119	119	119	119	119	119	119	119	114	113	106	100	170	86	81	80	65	64	63	52	51	47	42	37	36	21	20	16	8	8	8	8	8	8	8	8	8	8	8	8	8	8	8	8	8	8	8	8	8	8	8	8	8	8	8	8	8	8	8	8	8	8	8	8	8	8	8	8	8	8	8	9	14	19	24	25	40	41	41	52	53	57	63	68	69	83	84	89	98	102	102	117	118	118	119	119	119	119	119	119	119	119	119	119	119	119	119	119	119	119	119	0	0	
119	119	119	119	119	119	119	119	119	119	119	119	119	119	119	119	119	119	119	119	119	119	119	109	108	107	95	90	90	76	75	70	63	63	58	50	46	46	32	30	26	19	15	14	8	8	8	8	8	8	8	8	8	8	8	8	8	8	8	8	8	8	8	8	8	8	8	8	8	8	8	8	8	8	8	8	8	8	8	8	8	8	8	8	8	8	9	15	14	29	30	35	42	42	47	54	58	58	73	74	78	86	90	92	106	106	112	119	119	119	119	119	119	119	119	119	119	119	119	119	119	119	119	119	119	119	0	0	
119	119	119	119	119	119	119	119	119	119	119	119	119	119	119	119	119	119	119	119	119	119	120	114	108	107	102	85	85	80	75	70	69	62	57	56	42	42	36	28	24	23	9	8	8	7	7	7	7	7	7	7	7	7	7	7	7	7	7	7	7	7	7	7	7	7	7	7	7	7	7	7	7	7	7	7	7	7	7	7	7	7	7	7	7	7	8	19	19	24	29	35	36	42	47	48	62	62	68	76	80	81	96	97	101	107	113	113	119	119	119	119	119	119	119	119	119	119	119	119	119	119	119	119	119	119	0	0	
120	120	120	120	120	120	120	120	120	120	120	120	120	120	120	120	120	120	120	120	120	120	120	115	114	107	101	171	86	81	81	65	64	64	52	51	47	42	36	35	20	19	15	7	7	7	7	7	7	7	7	7	7	7	7	7	7	7	7	7	7	7	7	7	7	7	7	7	7	7	7	7	7	7	7	7	7	7	7	7	7	7	7	7	7	7	8	13	18	23	24	40	41	41	52	53	57	63	68	69	83	85	90	99	103	103	118	119	119	120	120	120	120	120	120	120	120	120	120	120	120	120	120	120	120	120	0	0	
120	120	120	120	120	120	120	120	120	120	120	120	120	120	120	120	120	120	120	120	120	120	121	110	109	109	97	91	91	76	76	70	63	63	57	49	45	45	30	28	25	18	13	12	6	6	6	6	6	6	6	6	6	6	6	6	6	6	6	6	6	6	6	6	6	6	6	6	6	6	6	6	6	6	6	6	6	6	6	6	6	6	6	6	6	6	7	13	12	27	28	34	41	41	46	54	58	58	74	75	79	86	91	93	108	108	113	120	120	120	120	120	120	120	120	120	120	120	120	120	120	120	120	120	120	120	0	0	
121	121	121	121	121	121	121	121	121	121	121	121	121	121	121	121	121	121	121	121	121	121	121	115	109	108	103	85	86	81	76	70	69	63	57	56	42	42	36	27	23	22	8	7	7	6	6	6	6	6	6	6	6	6	6	6	6	6	6	6	6	6	6	6	6	6	6	6	6	6	6	6	6	6	6	6	6	6	6	6	6	6	6	6	6	6	7	19	18	23	28	34	35	42	47	48	63	63	68	76	80	81	97	98	102	108	114	114	121	121	121	121	121	121	121	121	121	121	121	121	121	121	121	121	121	121	0	0	
121	121	121	121	121	121	121	121	121	121	121	121	121	121	121	121	121	121	121	121	121	121	121	116	115	108	102	171	86	81	81	65	64	64	52	50	47	42	36	34	19	18	14	6	6	6	6	6	6	6	6	6	6	6	6	6	6	6	6	6	6	6	6	6	6	6	6	6	6	6	6	6	6	6	6	6	6	6	6	6	6	6	6	6	6	6	6	12	17	22	23	40	40	41	52	53	57	63	68	69	84	85	90	100	104	104	119	120	120	121	121	121	121	121	121	121	121	121	121	121	121	121	121	121	121	121	0	0	
122	122	122	122	122	122	122	122	122	122	122	122	122	122	122	122	122	122	122	122	122	122	122	111	110	110	97	91	92	76	76	70	63	63	57	49	45	45	29	28	24	17	12	11	5	5	5	5	5	5	5	5	5	5	5	5	5	5	5	5	5	5	5	5	5	5	5	5	5	5	5	5	5	5	5	5	5	5	5	5	5	5	5	5	5	5	6	12	11	27	27	33	41	41	46	54	58	58	74	75	79	87	92	204	109	109	115	122	122	122	122	122	122	122	122	122	122	122	122	122	122	122	122	122	122	122	0	0	
122	122	122	122	122	122	122	122	122	122	122	122	122	122	122	122	122	122	122	122	122	122	122	116	110	109	103	86	86	81	76	70	69	63	57	56	41	41	35	27	23	21	7	6	6	5	5	5	5	5	5	5	5	5	5	5	5	5	5	5	5	5	5	5	5	5	5	5	5	5	5	5	5	5	5	5	5	5	5	5	5	5	5	5	5	5	5	17	17	22	28	33	34	41	47	48	63	63	68	76	81	82	97	99	103	109	115	116	122	122	122	122	122	122	122	122	122	122	122	122	122	122	122	122	122	122	0	0	
122	123	123	123	123	123	123	123	123	123	123	123	123	123	123	123	123	123	123	123	123	123	124	118	117	110	104	173	87	82	81	65	64	64	52	51	46	41	35	34	18	17	12	4	4	4	4	4	4	4	4	4	4	4	4	4	4	4	4	4	4	4	4	4	4	4	4	4	4	4	4	4	4	4	4	4	4	4	4	4	4	4	4	4	4	4	5	10	16	21	21	39	39	40	52	53	57	63	68	69	85	86	91	102	106	106	122	123	123	123	123	123	123	123	123	123	123	123	123	123	123	123	123	123	123	123	0	0	
123	123	123	123	123	123	123	123	123	123	123	123	123	123	123	123	123	123	123	123	123	123	123	112	111	111	97	92	92	76	76	70	63	63	57	50	45	45	29	28	23	16	11	10	4	4	4	4	4	4	4	4	4	4	4	4	4	4	4	4	4	4	4	4	4	4	4	4	4	4	4	4	4	4	4	4	4	4	4	4	4	4	4	4	4	4	5	11	10	27	27	33	40	40	46	54	58	58	74	75	79	87	92	94	110	110	116	123	123	123	123	123	123	123	123	123	123	123	123	123	123	123	123	123	123	123	0	0	
124	124	124	124	124	124	124	124	124	124	124	124	124	124	124	124	124	124	124	124	124	124	124	118	111	111	105	86	87	81	76	70	69	63	57	56	40	40	34	26	22	20	5	4	4	3	3	3	3	3	3	3	3	3	3	3	3	3	3	3	3	3	3	3	3	3	3	3	3	3	3	3	3	3	3	3	3	3	3	3	3	3	3	3	3	3	3	16	15	21	26	32	33	40	46	47	63	63	69	76	81	82	98	100	104	111	117	117	124	124	124	124	124	124	124	124	124	124	124	124	124	124	124	124	124	124	0	0	
124	124	124	124	124	124	124	124	124	124	124	124	124	124	124	124	124	124	124	124	124	124	124	118	118	111	104	173	87	82	81	65	64	64	51	50	46	40	34	51	17	16	11	3	3	3	3	3	3	3	3	3	3	3	3	3	3	3	3	3	3	3	3	3	3	3	3	3	3	3	3	3	3	3	3	3	3	3	3	3	3	3	3	3	3	3	3	10	15	20	21	38	39	39	51	52	57	63	69	70	85	86	92	102	106	106	123	123	123	124	124	124	124	124	124	124	124	124	124	124	124	124	124	124	124	124	0	0	
124	124	125	125	125	125	125	125	125	125	125	125	125	125	125	125	125	125	125	125	125	125	125	113	113	112	99	92	93	77	76	71	63	63	57	49	44	44	27	26	22	14	9	8	2	2	2	2	2	2	2	2	2	2	2	2	2	2	2	2	2	2	2	2	2	2	2	2	2	2	2	2	2	2	2	2	2	2	2	2	2	2	2	2	2	2	3	9	8	25	25	31	39	40	45	53	58	58	75	76	80	88	93	207	111	111	118	125	125	125	125	125	125	125	125	125	125	125	125	125	125	125	125	125	125	125	0	0	
125	125	125	125	125	125	125	125	125	125	125	125	125	125	125	125	125	125	125	125	125	125	125	119	112	112	106	86	87	81	76	70	70	63	57	56	40	40	34	25	21	20	4	2	3	2	2	2	2	2	2	2	2	2	2	2	2	2	2	2	2	2	2	2	2	2	2	2	2	2	2	2	2	2	2	2	2	2	2	2	2	2	2	2	2	2	2	15	15	20	26	32	33	40	46	47	63	63	69	77	81	82	99	101	105	111	118	118	125	125	125	125	125	125	125	125	125	125	125	125	125	125	125	125	125	125	0	0	
126	126	126	126	126	126	126	126	126	126	126	126	126	126	126	126	126	126	126	126	126	126	126	120	120	112	106	176	88	82	82	65	64	64	51	50	45	40	33	49	16	15	10	1	1	1	1	1	1	1	1	1	1	1	1	1	1	1	1	1	1	1	1	1	1	1	1	1	1	1	1	1	1	1	1	1	1	1	1	1	1	1	1	1	1	1	2	8	13	19	19	37	38	38	51	52	57	62	69	70	86	87	93	103	108	108	124	125	125	126	126	126	126	126	126	126	126	126	126	126	126	126	126	126	126	126	0	0	
126	126	126	126	126	126	126	126	126	126	126	126	126	126	126	126	126	126	126	126	126	126	126	115	114	114	100	94	94	77	77	71	63	63	57	49	44	44	27	25	21	13	9	7	1	1	1	1	1	1	1	1	1	1	1	1	1	1	1	1	1	1	1	1	1	1	1	1	1	1	1	1	1	1	1	1	1	1	1	1	1	1	1	1	1	1	2	8	7	24	25	31	39	39	45	53	58	58	75	76	81	88	94	209	113	113	118	126	126	126	126	126	126	126	126	126	126	126	126	126	126	126	126	126	126	126	0	0	
127	127	127	127	127	127	127	127	127	127	127	127	127	127	127	127	127	127	127	127	127	127	127	121	114	113	107	88	88	82	77	71	70	62	57	55	39	39	33	24	19	18	3	1	1	0	0	0	0	0	0	0	0	0	0	0	0	0	0	0	0	0	0	0	0	0	0	0	0	0	0	0	0	0	0	0	0	0	0	0	0	0	0	0	0	0	1	14	13	19	25	31	32	39	45	46	62	62	69	77	82	83	100	102	107	113	119	120	127	127	127	127	127	127	127	127	127	127	127	127	127	127	127	127	127	127	0	0	
127	127	127	127	127	127	127	127	127	127	127	127	127	127	127	127	127	127	127	127	127	127	127	121	121	113	107	176	89	83	83	65	64	63	50	49	45	39	33	32	15	14	9	0	0	0	0	0	0	0	0	0	0	0	0	0	0	0	0	0	0	0	0	0	0	0	0	0	0	0	0	0	0	0	0	0	0	0	0	0	0	0	0	0	0	0	1	7	12	18	18	37	38	38	50	51	56	62	69	70	87	88	93	104	109	109	125	126	126	127	127	127	127	127	127	127	127	127	127	127	127	127	127	127	127	127	0	0	
