0	0	0	0	0	0	0	0	0	0	0	0	0	0	0	0	0	0	0	0	0	0	0	0	0	0	0	0	0	0	0	0	0	0	0	0	0	0	0	0	0	0	0	0	0	0	0	0	0	0	0	0	0	0	0	0	0	0	0	0	0	0	0	0	0	0	0	0	0	0	0	0	0	0	0	0	0	0	0	0	0	0	0	0	0	0	0	0	0	0	0	0	0	0	0	0	0	0	0	0	0	0	0	0	0	0	0	0	0	0	0	0	0	0	0	0	0	0	0	0	0	0	0	0	0	0	0	0	
136	136	136	136	136	136	136	136	136	136	136	136	136	136	136	136	136	136	136	136	136	136	136	134	134	134	132	130	131	129	130	128	128	127	125	125	123	124	122	122	121	120	119	118	118	118	118	118	118	118	118	118	118	118	118	118	118	118	118	118	118	118	118	118	118	118	118	118	118	118	118	118	118	118	118	118	118	118	118	118	118	118	118	118	118	118	118	120	120	122	122	124	124	123	125	125	127	127	130	129	131	131	132	133	134	134	136	136	136	136	136	136	136	136	136	136	136	136	136	136	136	136	136	136	136	136	0	0	
140	140	140	140	140	140	140	140	140	140	140	140	140	140	140	140	140	140	140	140	140	140	140	138	138	137	135	133	133	130	130	128	128	127	125	124	122	122	119	119	117	116	115	114	114	114	114	114	114	114	114	114	114	114	114	114	114	114	114	114	114	114	114	114	114	114	114	114	114	114	114	114	114	114	114	114	114	114	114	114	114	114	114	114	114	114	114	116	116	119	119	121	121	122	125	125	127	127	130	130	132	133	135	135	137	138	140	140	140	140	140	140	140	140	140	140	140	140	140	140	140	140	140	140	140	140	0	0	
58	58	58	60	60	60	61	61	62	62	63	63	64	64	64	66	66	66	66	67	67	69	69	69	69	69	69	69	69	69	69	69	69	69	69	69	69	69	69	69	69	69	69	69	69	69	69	69	69	69	69	69	69	69	69	69	69	69	69	69	69	69	69	69	69	69	68	67	67	67	66	66	65	65	65	64	63	63	61	61	61	60	60	59	59	58	58	58	58	58	58	58	58	58	58	58	58	58	58	58	58	58	58	58	58	58	58	58	58	58	58	58	58	58	58	58	58	58	58	58	58	58	58	58	58	58	0	0	
58	57	58	58	60	60	60	61	61	61	63	63	63	65	65	65	66	67	67	69	69	69	70	70	70	70	70	70	70	70	70	70	70	70	70	70	70	70	70	70	70	70	70	70	70	70	70	70	70	70	70	70	70	70	70	70	70	70	70	70	70	70	70	70	70	70	69	68	68	68	66	66	66	65	64	64	63	62	62	60	60	60	59	59	59	57	57	57	57	57	57	57	57	57	57	57	57	57	57	57	57	57	57	57	57	57	57	57	57	57	57	57	57	57	57	57	57	57	57	57	57	57	57	57	57	57	0	0	
57	57	58	59	59	60	60	60	62	62	62	63	63	64	65	65	65	67	67	68	69	69	69	70	70	70	70	70	70	70	70	70	70	70	70	70	70	70	70	70	70	70	70	70	70	70	70	70	70	70	70	70	70	70	70	70	70	70	70	70	70	70	70	70	70	70	69	69	67	67	67	66	66	65	64	64	64	62	61	61	61	60	60	58	58	57	57	57	57	57	57	57	57	57	57	57	57	57	57	57	57	57	57	57	57	57	57	57	57	57	57	57	57	57	57	57	57	57	57	57	57	57	57	57	57	57	0	0	
56	56	57	58	59	59	60	60	61	62	63	63	64	64	64	66	66	67	68	69	68	71	71	71	71	71	71	71	71	71	71	71	71	71	71	71	71	71	71	71	71	71	71	71	71	71	71	71	71	71	71	71	71	71	71	71	71	71	71	71	71	71	71	71	71	71	69	69	69	68	67	67	66	65	65	64	63	62	60	60	60	59	59	58	57	57	57	56	56	56	56	56	56	56	56	56	56	56	56	56	56	56	56	56	56	56	56	56	56	56	56	56	56	56	56	56	56	56	56	56	56	56	56	56	56	56	0	0	
56	56	57	57	59	59	60	60	61	61	63	63	63	65	65	66	66	67	67	69	69	70	71	71	71	71	71	71	71	71	71	71	71	71	71	71	71	71	71	71	71	71	71	71	71	71	71	71	71	71	71	71	71	71	71	71	71	71	71	71	71	71	71	71	71	71	70	69	68	68	66	66	66	65	65	64	63	62	62	60	60	59	58	58	58	56	56	56	56	56	56	56	56	56	56	56	56	56	56	56	56	56	56	56	56	56	56	56	56	56	56	56	56	56	56	56	56	56	56	56	56	56	56	56	56	56	0	0	
56	56	57	57	57	58	59	59	61	61	62	63	63	64	65	66	66	68	68	69	70	71	71	72	72	72	72	72	72	72	72	72	72	72	72	72	72	72	72	72	72	72	72	72	72	72	72	72	72	72	72	72	72	72	72	72	72	72	72	72	72	72	72	72	72	72	71	71	69	69	68	67	66	66	65	64	64	61	61	61	60	59	59	57	56	56	55	55	55	55	55	55	55	55	55	55	55	55	55	55	55	55	55	55	55	55	55	55	55	55	55	55	55	55	55	55	55	55	55	55	55	55	55	55	55	55	0	0	
55	55	56	58	58	58	60	60	61	62	62	62	64	64	64	67	67	68	69	69	69	72	72	72	72	72	72	72	72	72	72	72	72	72	72	72	72	72	72	72	72	72	72	72	72	72	72	72	72	72	72	72	72	72	72	72	72	72	72	72	72	72	72	72	72	72	70	70	69	69	68	68	66	66	65	64	63	62	60	60	60	58	58	57	56	55	56	55	55	55	55	55	55	55	55	55	55	55	55	55	55	55	55	55	55	55	55	55	55	55	55	55	55	55	55	55	55	55	55	55	55	55	55	55	55	55	0	0	
55	55	56	56	58	58	59	60	61	61	63	63	63	65	65	66	67	68	68	70	70	71	72	72	72	72	72	72	72	72	72	72	72	72	72	72	72	72	72	72	72	72	72	72	72	72	72	72	72	72	72	72	72	72	72	72	72	72	72	72	72	72	72	72	72	72	71	70	69	69	67	67	67	65	65	64	63	62	62	60	60	59	58	57	57	54	55	55	55	55	55	55	55	55	55	55	55	55	55	55	55	55	55	55	55	55	55	55	55	55	55	55	55	55	55	55	55	55	55	55	55	55	55	55	55	55	0	0	
54	54	56	57	57	58	59	59	61	61	62	63	63	64	65	66	66	69	69	70	71	72	72	73	73	73	73	73	73	73	73	73	73	73	73	73	73	73	73	73	73	73	73	73	73	73	73	73	73	73	73	73	73	73	73	73	73	73	73	73	73	73	73	73	73	73	72	72	69	69	68	67	67	66	65	64	64	61	60	60	59	58	58	56	56	54	54	54	54	54	54	54	54	54	54	54	54	54	54	54	54	54	54	54	54	54	54	54	54	54	54	54	54	54	54	54	54	54	54	54	54	54	54	54	54	54	0	0	
54	54	55	57	57	57	60	60	60	61	62	62	64	65	65	67	67	68	69	71	71	73	73	73	73	73	73	73	73	73	73	73	73	73	73	73	73	73	73	73	73	73	73	73	73	73	73	73	73	73	73	73	73	73	73	73	73	73	73	73	73	73	73	73	73	73	71	71	70	69	68	68	67	66	66	64	63	62	60	60	59	57	57	56	55	54	54	54	54	54	54	54	54	54	54	54	54	54	54	54	54	54	54	54	54	54	54	54	54	54	54	54	54	54	54	54	54	54	54	54	54	54	54	54	54	54	0	0	
54	53	54	55	57	57	58	59	60	60	63	63	63	66	66	67	68	69	69	72	72	73	74	74	74	74	74	74	74	74	74	74	74	74	74	74	74	74	74	74	74	74	74	74	74	74	74	74	74	74	74	74	74	74	74	74	74	74	74	74	74	74	74	74	74	74	73	72	71	71	68	68	67	66	65	65	63	62	61	59	59	58	57	56	56	52	52	52	53	53	53	53	53	53	53	53	53	53	53	53	53	53	53	53	53	53	53	53	53	53	53	53	53	53	53	53	53	53	53	53	53	53	53	53	53	53	0	0	
53	53	55	56	56	57	58	58	61	61	62	63	63	64	66	67	67	70	70	71	72	73	73	74	74	74	74	74	74	74	74	74	74	74	74	74	74	74	74	74	74	74	74	74	74	74	74	74	74	74	74	74	74	74	74	74	74	74	74	74	74	74	74	74	74	74	73	73	70	70	69	68	67	67	65	64	64	61	60	60	59	58	58	55	55	54	53	53	53	53	53	53	53	53	53	53	53	53	53	53	53	53	53	53	53	53	53	53	53	53	53	53	53	53	53	53	53	53	53	53	53	53	53	53	53	53	0	0	
52	53	54	57	57	57	59	59	60	61	62	62	64	65	65	68	68	69	70	71	71	74	74	74	74	74	74	74	74	74	74	74	74	74	74	74	74	74	74	74	74	74	74	74	74	74	74	74	74	74	74	74	74	74	74	74	74	74	74	74	74	74	74	74	74	74	72	72	71	70	69	69	67	66	66	64	63	62	59	59	59	57	57	56	55	53	53	52	52	52	52	52	52	52	52	52	52	52	52	52	52	52	52	52	52	52	52	52	52	52	52	52	52	52	52	52	52	52	52	52	52	52	52	52	52	52	0	0	
52	52	53	54	57	57	58	59	60	60	63	63	64	66	66	67	68	69	69	73	73	74	75	75	75	75	75	75	75	75	75	75	75	75	75	75	75	75	75	75	75	75	75	75	75	75	75	75	75	75	75	75	75	75	75	75	75	75	75	75	75	75	75	75	75	75	74	72	71	71	68	68	68	66	66	65	63	62	61	59	58	58	56	55	55	51	51	51	52	52	52	52	52	52	52	52	52	52	52	52	52	52	52	52	52	52	52	52	52	52	52	52	52	52	52	52	52	52	52	52	52	52	52	52	52	52	0	0	
52	52	54	55	55	57	58	58	60	61	62	63	64	65	66	67	67	70	70	72	73	74	74	75	75	75	75	75	75	75	75	75	75	75	75	75	75	75	75	75	75	75	75	75	75	75	75	75	75	75	75	75	75	75	75	75	75	75	75	75	75	75	75	75	75	75	74	74	70	70	69	68	68	67	65	64	64	60	59	59	58	57	57	54	54	52	51	51	51	51	51	51	51	51	51	51	51	51	51	51	51	51	51	51	51	51	51	51	51	51	51	51	51	51	51	51	51	51	51	51	51	51	51	51	51	51	0	0	
51	51	52	55	56	56	58	58	59	61	62	62	64	65	65	69	69	70	71	72	72	76	76	76	76	76	76	76	76	76	76	76	76	76	76	76	76	76	76	76	76	76	76	76	76	76	76	76	76	76	76	76	76	76	76	76	76	76	76	76	76	76	76	76	76	76	74	73	72	71	70	70	68	67	67	64	63	62	58	58	58	56	56	55	53	51	52	51	51	51	51	51	51	51	51	51	51	51	51	51	51	51	51	51	51	51	51	51	51	51	51	51	51	51	51	51	51	51	51	51	51	51	51	51	51	51	0	0	
50	51	52	53	56	56	57	58	59	59	63	63	64	66	66	67	69	70	70	74	74	75	76	76	76	76	76	76	76	76	76	76	76	76	76	76	76	76	76	76	76	76	76	76	76	76	76	76	76	76	76	76	76	76	76	76	76	76	76	76	76	76	76	76	76	76	75	73	72	72	69	69	68	66	66	65	63	62	61	58	58	57	55	54	54	50	50	50	50	50	50	50	50	50	50	50	50	50	50	50	50	50	50	50	50	50	50	50	50	50	50	50	50	50	50	50	50	50	50	50	50	50	50	50	50	50	0	0	
49	50	52	53	54	55	57	57	60	60	62	63	64	65	67	68	68	72	72	73	74	76	76	77	77	77	77	77	77	77	77	77	77	77	77	77	77	77	77	77	77	77	77	77	77	77	77	77	77	77	77	77	77	77	77	77	77	77	77	77	77	77	77	77	77	77	75	75	72	72	70	69	69	68	66	65	64	60	59	59	57	56	56	52	52	50	49	49	49	49	49	49	49	49	49	49	49	49	49	49	49	49	49	49	49	49	49	49	49	49	49	49	49	49	49	49	49	49	49	49	49	49	49	49	49	49	0	0	
49	50	51	54	55	55	58	58	59	60	62	62	64	65	66	69	69	70	72	73	73	77	77	77	77	77	77	77	77	77	77	77	77	77	77	77	77	77	77	77	77	77	77	77	77	77	77	77	77	77	77	77	77	77	77	77	77	77	77	77	77	77	77	77	77	77	74	74	73	72	70	70	68	67	67	64	63	62	58	58	58	55	55	54	52	50	51	49	49	49	49	49	49	49	49	49	49	49	49	49	49	49	49	49	49	49	49	49	49	49	49	49	49	49	49	49	49	49	49	49	49	49	49	49	49	49	0	0	
49	49	50	51	54	54	56	58	59	59	63	63	64	67	67	68	69	71	71	75	75	77	78	78	78	78	78	78	78	78	78	78	78	78	78	78	78	78	78	78	78	78	78	78	78	78	78	78	78	78	78	78	78	78	78	78	78	78	78	78	78	78	78	78	78	78	77	75	74	74	69	69	69	67	66	65	63	61	60	57	57	56	54	53	52	48	48	48	48	48	48	48	48	48	48	48	48	48	48	48	48	48	48	48	48	48	48	48	48	48	48	48	48	48	48	48	48	48	48	48	48	48	48	48	48	48	0	0	
48	49	52	53	53	54	56	56	60	60	61	63	64	65	67	68	68	73	73	74	75	76	77	78	78	78	78	78	78	78	78	78	78	78	78	78	78	78	78	78	78	78	78	78	78	78	78	78	78	78	78	78	78	78	78	78	78	78	78	78	78	78	78	78	78	78	76	76	73	73	71	69	69	68	66	65	64	60	59	59	57	56	55	52	51	50	49	49	49	49	49	49	49	49	49	49	49	49	49	49	49	49	49	49	49	49	49	49	49	49	49	49	49	49	49	49	49	49	49	49	49	49	49	49	49	49	0	0	
48	48	49	53	53	53	57	57	59	60	62	62	64	65	66	70	70	71	73	75	75	79	79	79	79	79	79	79	79	79	79	79	79	79	79	79	79	79	79	79	79	79	79	79	79	79	79	79	79	79	79	79	79	79	79	79	79	79	79	79	79	79	79	79	79	79	76	76	74	73	71	71	69	68	67	64	63	62	57	57	57	54	53	52	50	49	49	48	48	48	48	48	48	48	48	48	48	48	48	48	48	48	48	48	48	48	48	48	48	48	48	48	48	48	48	48	48	48	48	48	48	48	48	48	48	48	0	0	
48	48	49	51	54	54	55	57	59	59	63	63	64	67	67	68	70	71	71	76	76	78	79	79	79	79	79	79	79	79	79	79	79	79	79	79	79	79	79	79	79	79	79	79	79	79	79	79	79	79	79	79	79	79	79	79	79	79	79	79	79	79	79	79	79	79	78	76	74	74	70	70	69	67	66	65	63	61	60	57	57	55	53	52	51	47	47	47	48	48	48	48	48	48	48	48	48	48	48	48	48	48	48	48	48	48	48	48	48	48	48	48	48	48	48	48	48	48	48	48	48	48	48	48	48	48	0	0	
48	48	50	51	51	53	55	55	60	60	61	63	64	65	67	69	69	74	74	75	77	78	79	80	80	80	80	80	80	80	80	80	80	80	80	80	80	80	80	80	80	80	80	80	80	80	80	80	80	80	80	80	80	80	80	80	80	80	80	80	80	80	80	80	80	80	78	78	74	74	72	70	70	68	66	65	64	60	58	58	56	55	54	50	49	48	47	47	47	47	47	47	47	47	47	47	47	47	47	47	47	47	47	47	47	47	47	47	47	47	47	47	47	47	47	47	47	47	47	47	47	47	47	47	47	47	0	0	
47	47	48	52	53	53	57	57	58	60	62	62	64	65	66	70	70	72	74	75	75	80	80	80	81	81	81	81	81	81	81	81	81	81	81	81	81	81	81	81	81	81	81	81	81	81	81	81	81	81	81	81	81	81	81	81	81	81	81	81	81	81	81	81	81	80	77	77	75	74	72	72	69	68	67	64	63	62	57	57	56	53	53	51	49	48	48	47	47	47	47	47	47	47	47	47	47	47	47	47	47	47	47	47	47	47	47	47	47	47	47	47	47	47	47	47	47	47	47	47	47	47	47	47	47	47	0	0	
46	47	48	50	53	53	55	57	58	58	63	63	64	67	67	68	70	72	72	77	77	79	81	81	81	81	81	81	81	81	81	81	81	81	81	81	81	81	81	81	81	81	81	81	81	81	81	81	81	81	81	81	81	81	81	81	81	81	81	81	81	81	81	81	81	80	79	77	75	75	70	70	70	67	66	65	63	62	60	57	56	55	52	51	51	46	46	46	46	46	46	46	46	46	46	46	46	46	46	46	46	46	46	46	46	46	46	46	46	46	46	46	46	46	46	46	46	46	46	46	46	46	46	46	46	46	0	0	
45	46	49	50	51	53	55	55	59	59	61	63	64	65	67	69	69	74	74	76	78	79	80	81	81	81	81	81	81	81	81	81	81	81	81	81	81	81	81	81	81	81	81	81	81	81	81	81	81	81	81	81	81	81	81	81	81	81	81	81	81	81	81	81	81	81	79	79	74	74	72	71	70	69	66	65	64	59	58	58	56	54	54	49	49	47	45	45	45	45	45	45	45	45	45	45	45	45	45	45	45	45	45	45	45	45	45	45	45	45	45	45	45	45	45	45	45	45	45	45	45	45	45	45	45	45	0	0	
45	46	47	51	52	52	57	57	58	60	62	62	64	66	66	70	70	73	75	76	76	81	81	81	82	82	82	82	82	82	82	82	82	82	82	82	82	82	82	82	82	82	82	82	82	82	82	82	82	82	82	82	82	82	82	82	82	82	82	82	82	82	82	82	82	81	78	78	76	74	72	72	70	68	68	64	63	61	57	57	56	52	52	50	48	46	47	45	45	45	45	45	45	45	45	45	45	45	45	45	45	45	45	45	45	45	45	45	45	45	45	45	45	45	45	45	45	45	45	45	45	45	45	45	45	45	0	0	
45	45	47	48	52	52	54	56	58	58	63	63	64	67	67	69	71	73	73	79	79	80	82	82	82	82	82	82	82	82	82	82	82	82	82	82	82	82	82	82	82	82	82	82	82	82	82	82	82	82	82	82	82	82	82	82	82	82	82	82	82	82	82	82	82	82	80	78	76	76	71	71	70	67	67	65	63	61	60	56	56	54	51	50	49	44	44	44	44	44	44	44	44	44	44	44	44	44	44	44	44	44	44	44	44	44	44	44	44	44	44	44	44	44	44	44	44	44	44	44	44	44	44	44	44	44	0	0	
44	45	48	49	50	52	54	54	59	59	61	63	64	65	68	69	69	76	75	77	79	80	81	83	83	83	83	83	83	83	83	83	83	83	83	83	83	83	83	83	83	83	83	83	83	83	83	83	83	83	83	83	83	83	83	83	83	83	83	83	83	83	83	83	83	82	80	80	75	75	73	71	70	69	66	65	65	59	58	58	56	54	53	48	48	46	44	44	44	44	44	44	44	44	44	44	44	44	44	44	44	44	44	44	44	44	44	44	44	44	44	44	44	44	44	44	44	44	44	44	44	44	44	44	44	44	0	0	
44	45	46	51	51	51	57	57	58	60	61	61	64	65	66	70	71	73	75	77	77	82	82	82	82	82	82	82	82	82	82	82	82	82	82	82	82	82	82	82	82	82	82	82	82	82	82	82	82	82	82	82	82	82	82	82	82	82	82	82	82	82	82	82	82	82	78	78	77	75	73	73	70	68	68	64	63	62	56	56	56	52	51	50	48	46	46	44	44	44	44	44	44	44	44	44	44	44	44	44	44	44	44	44	44	44	44	44	44	44	44	44	44	44	44	44	44	44	44	44	44	44	44	44	44	44	0	0	
43	44	46	48	51	51	54	56	57	57	63	63	64	67	68	69	71	74	73	80	79	81	83	83	83	83	83	83	83	83	83	83	83	83	83	83	83	83	83	83	83	83	83	83	83	83	83	83	83	83	83	83	83	83	83	83	83	83	83	83	83	83	83	83	83	83	81	79	77	77	71	71	71	67	67	65	63	61	59	56	55	53	50	49	48	43	43	43	43	43	43	43	43	43	43	43	43	43	43	43	43	43	43	43	43	43	43	43	43	43	43	43	43	43	43	43	43	43	43	43	43	43	43	43	43	43	0	0	
43	43	47	49	50	51	54	54	59	59	61	63	64	65	68	70	70	76	76	78	79	81	81	83	83	83	83	83	83	83	83	83	83	83	83	83	83	83	83	83	83	83	83	83	83	83	83	83	83	83	83	83	83	83	83	83	83	83	83	83	83	83	83	83	83	83	81	81	76	76	74	72	71	69	67	65	65	59	58	57	55	53	53	47	47	45	43	43	43	43	43	43	43	43	43	43	43	43	43	43	43	43	43	43	43	43	43	43	43	43	43	43	43	43	43	43	43	43	43	43	43	43	43	43	43	43	0	0	
42	42	44	50	51	50	56	56	57	59	61	61	65	66	66	72	72	74	76	79	78	84	84	84	84	84	84	84	84	84	84	84	84	84	84	84	84	84	84	84	84	84	84	84	84	84	84	84	84	84	84	84	84	84	84	84	84	84	84	84	84	84	84	84	84	84	80	80	78	76	74	74	71	69	69	64	63	61	56	55	55	51	50	49	46	44	44	42	42	42	42	42	42	42	42	42	42	42	42	42	42	42	42	42	42	42	42	42	42	42	42	42	42	42	42	42	42	42	42	42	42	42	42	42	42	42	0	0	
42	43	45	46	51	51	53	56	57	57	63	63	64	68	68	70	73	75	74	81	81	83	85	85	85	85	85	85	85	85	85	85	85	85	85	85	85	85	85	85	85	85	85	85	85	85	85	85	85	85	85	85	85	85	85	85	85	85	85	85	85	85	85	85	85	84	83	80	78	78	73	73	72	68	67	66	63	61	59	55	55	53	50	48	48	42	42	42	42	42	42	42	42	42	42	42	42	42	42	42	42	42	42	42	42	42	42	42	42	42	42	42	42	42	42	42	42	42	42	42	42	42	42	42	42	42	0	0	
41	42	46	48	49	50	52	52	58	59	61	63	64	66	68	70	71	77	77	79	81	83	83	85	85	85	85	85	85	85	85	85	85	85	85	85	85	85	85	85	85	85	85	85	85	85	85	85	85	85	85	85	85	85	85	85	85	85	85	85	85	85	85	85	85	85	83	83	77	76	75	73	72	70	67	65	65	59	56	56	54	52	52	46	45	43	41	41	41	41	41	41	41	41	41	41	41	41	41	41	41	41	41	41	41	41	41	41	41	41	41	41	41	41	41	41	41	41	41	41	41	41	41	41	41	41	0	0	
41	41	43	49	50	50	55	55	57	59	61	61	64	66	67	73	73	75	77	79	79	85	85	85	86	86	86	86	86	86	86	86	86	86	86	86	86	86	86	86	86	86	86	86	86	86	86	86	86	86	86	86	86	86	86	86	86	86	86	86	86	86	86	86	86	85	81	81	79	77	75	75	72	70	69	64	63	61	55	55	54	50	50	48	45	43	43	41	41	41	41	41	41	41	41	41	41	41	41	41	41	41	41	41	41	41	41	41	41	41	41	41	41	41	41	41	41	41	41	41	41	41	41	41	41	41	0	0	
41	41	43	45	50	50	52	54	56	56	63	63	64	68	68	71	73	75	75	82	82	84	86	86	86	86	86	86	86	86	86	86	86	86	86	86	86	86	86	86	86	86	86	86	86	86	86	86	86	86	86	86	86	86	86	86	86	86	86	86	86	86	86	86	86	86	84	81	79	79	73	73	73	68	68	66	63	61	58	54	53	52	49	47	47	40	40	40	40	40	40	40	40	40	40	40	40	40	40	40	40	40	40	40	40	40	40	40	40	40	40	40	40	40	40	40	40	40	40	40	40	40	40	40	40	40	0	0	
40	40	45	47	47	50	52	52	58	58	61	63	64	66	69	71	71	78	77	80	82	84	84	87	87	87	87	87	87	87	87	87	87	87	87	87	87	87	87	87	87	87	87	87	87	87	87	87	87	87	87	87	87	87	87	87	87	87	87	87	87	87	87	87	87	86	84	84	77	77	75	74	73	71	67	65	65	58	56	56	53	51	51	45	44	42	40	40	40	40	40	40	40	40	40	40	40	40	40	40	40	40	40	40	40	40	40	40	40	40	40	40	40	40	40	40	40	40	40	40	40	40	40	40	40	40	0	0	
40	40	42	48	49	49	54	54	56	59	61	61	64	66	66	73	73	75	77	80	80	86	86	86	87	87	87	87	87	87	87	87	87	87	87	87	87	87	87	87	87	87	87	87	87	87	87	87	87	87	87	87	87	87	87	87	87	87	87	87	87	87	87	87	87	86	82	82	80	77	75	75	72	70	70	64	63	61	54	54	53	49	49	47	44	42	42	40	40	40	40	40	40	40	40	40	40	40	40	40	40	40	40	40	40	40	40	40	40	40	40	40	40	40	40	40	40	40	40	40	40	40	40	40	40	40	0	0	
39	40	42	44	49	49	52	53	56	56	63	63	64	68	69	71	74	76	76	83	83	86	88	88	88	88	88	88	88	88	88	88	88	88	88	88	88	88	88	88	88	88	88	88	88	88	88	88	88	88	88	88	88	88	88	88	88	88	88	88	88	88	88	88	88	88	85	82	80	80	74	74	73	68	68	66	63	60	58	53	53	51	48	46	46	39	39	39	39	39	39	39	39	39	39	39	39	39	39	39	39	39	39	39	39	39	39	39	39	39	39	39	39	39	39	39	39	39	39	39	39	39	39	39	39	39	0	0	
39	39	44	46	46	49	52	51	58	58	61	63	64	66	69	71	71	78	78	81	83	85	86	88	88	88	88	88	88	88	88	88	88	88	88	88	88	88	88	88	88	88	88	88	88	88	88	88	88	88	88	88	88	88	88	88	88	88	88	88	88	88	88	88	88	87	85	85	78	78	76	74	73	71	67	65	65	58	56	56	53	51	50	44	43	41	39	39	39	39	39	39	39	39	39	39	39	39	39	39	39	39	39	39	39	39	39	39	39	39	39	39	39	39	39	39	39	39	39	39	39	39	39	39	39	39	0	0	
38	38	41	47	48	48	54	53	56	58	61	61	64	66	67	74	74	76	79	81	81	89	89	89	89	89	89	89	89	89	89	89	89	89	89	89	89	89	89	89	89	89	89	89	89	89	89	89	89	89	89	89	89	89	89	89	89	89	89	89	89	89	89	89	89	89	84	83	81	79	76	76	73	71	70	64	63	61	53	53	53	48	48	46	43	40	40	38	38	38	38	38	38	38	38	38	38	38	38	38	38	38	38	38	38	38	38	38	38	38	38	38	38	38	38	38	38	38	38	38	38	38	38	38	38	38	0	0	
38	39	41	43	49	49	51	53	55	56	63	63	64	69	69	71	74	76	76	84	84	86	89	89	89	89	89	89	89	89	89	89	89	89	89	89	89	89	89	89	89	89	89	89	89	89	89	89	89	89	89	89	89	89	89	89	89	89	89	89	89	89	89	89	89	89	86	83	81	81	74	74	73	69	68	66	63	60	58	53	53	51	47	45	45	38	38	38	38	38	38	38	38	38	38	38	38	38	38	38	38	38	38	38	38	38	38	38	38	38	38	38	38	38	38	38	38	38	38	38	38	38	38	38	38	38	0	0	
37	37	42	45	45	48	50	50	58	58	60	63	64	66	69	72	72	80	80	83	84	87	87	90	90	90	90	90	90	90	90	90	90	90	90	90	90	90	90	90	90	90	90	90	90	90	90	90	90	90	90	90	90	90	90	90	90	90	90	90	90	90	90	90	90	89	87	87	79	79	77	75	74	71	68	66	65	58	55	55	52	50	49	42	42	39	37	37	37	37	37	37	37	37	37	37	37	37	37	37	37	37	37	37	37	37	37	37	37	37	37	37	37	37	37	37	37	37	37	37	37	37	37	37	37	37	0	0	
37	37	40	46	47	47	53	53	56	58	61	61	64	66	67	74	74	77	79	82	82	89	90	90	90	90	90	90	90	90	90	90	90	90	90	90	90	90	90	90	90	90	90	90	90	90	90	90	90	90	90	90	90	90	90	90	90	90	90	90	90	90	90	90	90	90	84	84	82	79	77	77	73	71	70	64	63	61	53	53	53	48	47	45	42	39	39	37	37	37	37	37	37	37	37	37	37	37	37	37	37	37	37	37	37	37	37	37	37	37	37	37	37	37	37	37	37	37	37	37	37	37	37	37	37	37	0	0	
37	37	39	41	48	47	50	53	55	55	63	63	64	69	69	72	75	77	77	86	86	88	91	91	91	91	91	91	91	91	91	91	91	91	91	91	91	91	91	91	91	91	91	91	91	91	91	91	91	91	91	91	91	91	91	91	91	91	91	91	91	91	91	91	91	91	88	85	82	82	75	75	74	69	68	66	63	60	58	52	52	50	46	44	43	35	35	35	36	36	36	36	36	36	36	36	36	36	36	36	36	36	36	36	36	36	36	36	36	36	36	36	36	36	36	36	36	36	36	36	36	36	36	36	36	36	0	0	
36	36	41	43	44	47	50	50	58	58	60	63	64	66	70	72	72	80	80	83	86	88	88	91	91	91	91	91	91	91	91	91	91	91	91	91	91	91	91	91	91	91	91	91	91	91	91	91	91	91	91	91	91	91	91	91	91	91	91	91	91	91	91	91	91	91	88	88	80	80	77	75	74	72	68	66	65	58	55	55	52	49	49	41	41	38	36	36	36	36	36	36	36	36	36	36	36	36	36	36	36	36	36	36	36	36	36	36	36	36	36	36	36	36	36	36	36	36	36	36	36	36	36	36	36	36	0	0	
36	36	38	46	47	47	53	53	55	58	61	61	64	66	67	74	75	77	80	83	83	90	91	91	91	91	91	91	91	91	91	91	91	91	91	91	91	91	91	91	91	91	91	91	91	91	91	91	91	91	91	91	91	91	91	91	91	91	91	91	91	91	91	91	91	91	85	85	83	79	77	77	73	71	70	64	63	61	53	52	52	47	47	44	41	38	38	36	36	36	36	36	36	36	36	36	36	36	36	36	36	36	36	36	36	36	36	36	36	36	36	36	36	36	36	36	36	36	36	36	36	36	36	36	36	36	0	0	
35	36	38	40	47	47	50	52	55	55	63	63	64	69	69	72	75	78	78	87	86	89	92	92	92	92	92	92	92	92	92	92	92	92	92	92	92	92	92	92	92	92	92	92	92	92	92	92	92	92	92	92	92	92	92	92	92	92	92	92	92	92	92	92	92	92	89	86	83	83	75	75	74	69	68	66	63	60	58	52	51	49	45	43	42	34	34	34	35	35	35	35	35	35	35	35	35	35	35	35	35	35	35	35	35	35	35	35	35	35	35	35	35	35	35	35	35	35	35	35	35	35	35	35	35	35	0	0	
35	35	40	43	43	47	50	50	57	58	60	63	64	66	70	72	73	81	81	84	86	89	89	92	92	92	92	92	92	92	92	92	92	92	92	92	92	92	92	92	92	92	92	92	92	92	92	92	92	92	92	92	92	92	92	92	92	92	92	92	92	92	92	92	92	91	89	88	81	81	78	75	74	72	68	66	65	57	55	55	51	48	48	40	40	37	35	35	35	35	35	35	35	35	35	35	35	35	35	35	35	35	35	35	35	35	35	35	35	35	35	35	35	35	35	35	35	35	35	35	35	35	35	35	35	35	0	0	
34	34	37	44	45	45	52	52	55	57	60	60	65	67	67	75	75	79	82	85	84	92	93	93	93	93	93	93	93	93	93	93	93	93	93	93	93	93	93	93	93	93	93	93	93	93	93	93	93	93	93	93	93	93	93	93	93	93	93	93	93	93	93	93	93	93	87	87	84	82	79	79	74	71	71	64	63	60	52	52	51	45	45	42	39	36	36	34	34	34	34	34	34	34	34	34	34	34	34	34	34	34	34	34	34	34	34	34	34	34	34	34	34	34	34	34	34	34	34	34	34	34	34	34	34	34	0	0	
34	35	37	39	46	46	49	52	55	55	63	63	64	69	70	72	76	79	79	88	87	90	93	93	93	93	93	93	93	93	93	93	93	93	93	93	93	93	93	93	93	93	93	93	93	93	93	93	93	93	93	93	93	93	93	93	93	93	93	93	93	93	93	93	93	93	90	87	84	84	76	76	75	69	69	66	63	60	58	52	51	48	44	42	42	33	33	33	34	34	34	34	34	34	34	34	34	34	34	34	34	34	34	34	34	34	34	34	34	34	34	34	34	34	34	34	34	34	34	34	34	34	34	34	34	34	0	0	
33	33	39	41	42	45	49	49	57	57	60	63	64	66	70	73	73	83	83	86	88	91	91	94	94	94	94	94	94	94	94	94	94	94	94	94	94	94	94	94	94	94	94	94	94	94	94	94	94	94	94	94	94	94	94	94	94	94	94	94	94	94	94	94	94	93	91	90	83	82	79	76	75	73	68	66	65	57	54	54	50	47	47	39	39	35	33	33	33	33	33	33	33	33	33	33	33	33	33	33	33	33	33	33	33	33	33	33	33	33	33	33	33	33	33	33	33	33	33	33	33	33	33	33	33	33	0	0	
32	33	36	43	44	44	52	52	54	57	60	60	65	67	68	76	76	79	83	86	86	94	94	94	94	94	94	94	94	94	94	94	94	94	94	94	94	94	94	94	94	94	94	94	94	94	94	94	94	94	94	94	94	94	94	94	94	94	94	94	94	94	94	94	94	94	88	88	85	82	79	79	74	72	71	64	63	60	52	51	51	44	44	41	38	35	35	32	32	32	32	32	32	32	32	32	32	32	32	32	32	32	32	32	32	32	32	32	32	32	32	32	32	32	32	32	32	32	32	32	32	32	32	32	32	32	0	0	
33	33	36	38	45	45	48	51	54	54	63	63	64	70	70	73	77	80	80	90	89	92	95	95	95	95	95	95	95	95	95	95	95	95	95	95	95	95	95	95	95	95	95	95	95	95	95	95	95	95	95	95	95	95	95	95	95	95	95	95	95	95	95	95	95	95	92	88	86	85	77	77	76	70	69	67	63	60	57	51	50	48	43	41	40	31	31	31	32	32	32	32	32	32	32	32	32	32	32	32	32	32	32	32	32	32	32	32	32	32	32	32	32	32	32	32	32	32	32	32	32	32	32	32	32	32	0	0	
32	32	38	40	41	45	48	48	56	57	59	63	64	66	71	73	74	83	83	86	89	92	92	95	95	95	95	95	95	95	95	95	95	95	95	95	95	95	95	95	95	95	95	95	95	95	95	95	95	95	95	95	95	95	95	95	95	95	95	95	95	95	95	95	95	95	92	91	83	83	80	77	76	73	68	66	65	57	54	54	50	47	46	38	37	34	31	31	31	31	31	31	31	31	31	31	31	31	31	31	31	31	31	31	31	31	31	31	31	31	31	31	31	31	31	31	31	31	31	31	31	31	31	31	31	31	0	0	
31	32	35	43	44	44	51	51	54	57	60	60	65	67	68	76	76	80	83	87	86	95	95	95	95	95	95	95	95	95	95	95	95	95	95	95	95	95	95	95	95	95	95	95	95	95	95	95	95	95	95	95	95	95	95	95	95	95	95	95	95	95	95	95	95	95	89	89	86	83	80	80	75	72	71	64	63	60	51	51	50	44	43	41	37	34	34	31	31	31	31	31	31	31	31	31	31	31	31	31	31	31	31	31	31	31	31	31	31	31	31	31	31	31	31	31	31	31	31	31	31	31	31	31	31	31	0	0	
31	32	34	37	44	44	47	51	53	54	63	63	64	70	70	73	77	80	80	90	90	93	96	96	96	96	96	96	96	96	96	96	96	96	96	96	96	96	96	96	96	96	96	96	96	96	96	96	96	96	96	96	96	96	96	96	96	96	96	96	96	96	96	96	96	96	93	89	86	86	77	77	76	70	69	67	63	59	56	50	50	47	42	39	39	30	30	30	31	31	31	31	31	31	31	31	31	31	31	31	31	31	31	31	31	31	31	31	31	31	31	31	31	31	31	31	31	31	31	31	31	31	31	31	31	31	0	0	
31	31	37	40	41	44	47	47	56	56	59	63	64	67	71	74	74	84	84	87	90	93	93	96	96	96	96	96	96	96	96	96	96	96	96	96	96	96	96	96	96	96	96	96	96	96	96	96	96	96	96	96	96	96	96	96	96	96	96	96	96	96	96	96	96	96	93	92	84	83	80	77	76	73	68	66	65	56	53	53	49	46	46	37	36	33	30	30	30	30	30	30	30	30	30	30	30	30	30	30	30	30	30	30	30	30	30	30	30	30	30	30	30	30	30	30	30	30	30	30	30	30	30	30	30	30	0	0	
30	30	33	42	43	43	50	50	53	56	59	60	65	67	68	77	77	81	84	88	87	97	97	97	97	97	97	97	97	97	97	97	97	97	97	97	97	97	97	97	97	97	97	97	97	97	97	97	97	97	97	97	97	97	97	97	97	97	97	97	97	97	97	97	97	97	90	90	87	84	81	81	76	73	72	64	63	60	50	50	49	43	42	40	35	32	33	30	30	30	30	30	30	30	30	30	30	30	30	30	30	30	30	30	30	30	30	30	30	30	30	30	30	30	30	30	30	30	30	30	30	30	30	30	30	30	0	0	
30	31	33	36	44	44	47	50	53	53	63	63	64	70	71	73	78	81	81	91	91	94	97	97	97	97	97	97	97	97	97	97	97	97	97	97	97	97	97	97	97	97	97	97	97	97	97	97	97	97	97	97	97	97	97	97	97	97	97	97	97	97	97	97	97	97	94	90	87	87	78	78	77	70	69	67	63	59	56	50	49	46	42	39	39	29	29	29	30	30	30	30	30	30	30	30	30	30	30	30	30	30	30	30	30	30	30	30	30	30	30	30	30	30	30	30	30	30	30	30	30	30	30	30	30	30	0	0	
29	30	36	39	40	43	47	47	56	56	59	63	64	67	71	74	74	84	84	88	91	94	94	98	98	98	98	98	98	98	98	98	98	98	98	98	98	98	98	98	98	98	98	98	98	98	98	98	98	98	98	98	98	98	98	98	98	98	98	98	98	98	98	98	98	97	94	93	84	84	81	78	77	74	69	66	66	56	53	53	49	46	45	36	36	32	29	29	29	29	29	29	29	29	29	29	29	29	29	29	29	29	29	29	29	29	29	29	29	29	29	29	29	29	29	29	29	29	29	29	29	29	29	29	29	29	0	0	
28	29	32	41	42	42	50	50	53	56	60	60	65	68	68	77	77	81	85	88	88	98	98	98	98	98	98	98	98	98	98	98	98	98	98	98	98	98	98	98	98	98	98	98	98	98	98	98	98	98	98	98	98	98	98	98	98	98	98	98	98	98	98	98	98	98	91	91	88	84	81	81	76	73	72	64	63	60	50	50	49	42	42	39	35	31	31	28	28	28	28	28	28	28	28	28	28	28	28	28	28	28	28	28	28	28	28	28	28	28	28	28	28	28	28	28	28	28	28	28	28	28	28	28	28	28	0	0	
28	29	32	35	43	43	47	50	53	53	63	63	64	70	71	74	78	82	82	92	92	95	99	99	99	99	99	99	99	99	99	99	99	99	99	99	99	99	99	99	99	99	99	99	99	99	99	99	99	99	99	99	99	99	99	99	99	99	99	99	99	99	99	99	99	98	95	91	88	88	78	78	77	70	70	67	63	59	56	49	49	46	41	38	38	28	28	28	28	28	28	28	28	28	28	28	28	28	28	28	28	28	28	28	28	28	28	28	28	28	28	28	28	28	28	28	28	28	28	28	28	28	28	28	28	28	0	0	
28	29	35	37	38	42	46	46	55	56	59	63	64	67	72	75	75	86	86	89	92	95	96	100	100	100	100	100	100	100	100	100	100	100	100	100	100	100	100	100	100	100	100	100	100	100	100	100	100	100	100	100	100	100	100	100	100	100	100	100	100	100	100	100	100	99	95	95	86	85	82	78	77	74	69	66	66	56	53	52	48	45	44	35	34	31	27	27	27	27	27	27	27	27	27	27	27	27	27	27	27	27	27	27	27	27	27	27	27	27	27	27	27	27	27	27	27	27	27	27	27	27	27	27	27	27	0	0	
27	28	31	40	41	41	50	50	52	56	59	60	65	68	68	78	78	82	86	89	89	99	99	99	100	100	100	100	100	100	100	100	100	100	100	100	100	100	100	100	100	100	100	100	100	100	100	100	100	100	100	100	100	100	100	100	100	100	100	100	100	100	100	100	100	99	92	92	89	85	82	82	76	73	73	64	63	60	50	49	49	42	41	38	34	30	30	27	27	27	27	27	27	27	27	27	27	27	27	27	27	27	27	27	27	27	27	27	27	27	27	27	27	27	27	27	27	27	27	27	27	27	27	27	27	27	0	0	
26	27	30	34	42	41	45	49	52	53	63	63	64	71	71	75	79	83	82	94	93	97	101	101	101	101	101	101	101	101	101	101	101	101	101	101	101	101	101	101	101	101	101	101	101	101	101	101	101	101	101	101	101	101	101	101	101	101	101	101	101	101	101	101	101	100	97	92	89	89	79	79	78	71	70	67	63	59	56	49	48	45	39	36	36	25	26	26	26	26	26	26	26	26	26	26	26	26	26	26	26	26	26	26	26	26	26	26	26	26	26	26	26	26	26	26	26	26	26	26	26	26	26	26	26	26	0	0	
26	27	33	37	38	42	45	45	55	56	59	63	64	67	72	75	75	86	86	90	93	96	97	101	101	101	101	101	101	101	101	101	101	101	101	101	101	101	101	101	101	101	101	101	101	101	101	101	101	101	101	101	101	101	101	101	101	101	101	101	101	101	101	101	101	100	97	96	86	86	82	79	78	74	69	66	66	56	52	52	48	44	44	33	33	29	26	26	26	26	26	26	26	26	26	26	26	26	26	26	26	26	26	26	26	26	26	26	26	26	26	26	26	26	26	26	26	26	26	26	26	26	26	26	26	26	0	0	
25	26	29	39	40	40	49	49	52	56	59	60	65	68	68	79	79	83	87	91	90	101	101	101	102	102	102	102	102	102	102	102	102	102	102	102	102	102	102	102	102	102	102	102	102	102	102	102	102	102	102	102	102	102	102	102	102	102	102	102	102	102	102	102	102	101	94	94	90	86	83	83	77	74	73	64	63	60	49	48	48	40	40	36	32	28	28	25	25	25	25	25	25	25	25	25	25	25	25	25	25	25	25	25	25	25	25	25	25	25	25	25	25	25	25	25	25	25	25	25	25	25	25	25	25	25	0	0	
25	27	30	33	42	41	45	49	52	52	63	63	64	71	71	75	79	83	83	95	95	98	102	102	102	102	102	102	102	102	102	102	102	102	102	102	102	102	102	102	102	102	102	102	102	102	102	102	102	102	102	102	102	102	102	102	102	102	102	102	102	102	102	102	102	101	98	94	90	90	79	79	78	71	70	67	63	59	56	48	48	44	39	36	35	25	25	25	25	25	25	25	25	25	25	25	25	25	25	25	25	25	25	25	25	25	25	25	25	25	25	25	25	25	25	25	25	25	25	25	25	25	25	25	25	25	0	0	
25	26	32	36	37	41	45	45	56	56	59	63	64	67	72	75	76	87	87	91	94	98	98	102	102	102	102	102	102	102	102	102	102	102	102	102	102	102	102	102	102	102	102	102	102	102	102	102	102	102	102	102	102	102	102	102	102	102	102	102	102	102	102	102	102	101	97	97	87	87	83	79	78	75	69	66	66	56	52	52	47	44	43	32	32	28	25	25	25	25	25	25	25	25	25	25	25	25	25	25	25	25	25	25	25	25	25	25	25	25	25	25	25	25	25	25	25	25	25	25	25	25	25	25	25	25	0	0	
24	25	28	38	39	39	48	48	52	56	59	60	65	68	69	79	79	84	87	92	91	102	102	102	103	103	103	103	103	103	103	103	103	103	103	103	103	103	103	103	103	103	103	103	103	103	103	103	103	103	103	103	103	103	103	103	103	103	103	103	103	103	103	103	103	102	95	95	91	87	83	83	77	74	73	64	63	59	48	48	48	40	39	36	31	27	27	24	24	24	24	24	24	24	24	24	24	24	24	24	24	24	24	24	24	24	24	24	24	24	24	24	24	24	24	24	24	24	24	24	24	24	24	24	24	24	0	0	
24	25	29	32	41	40	45	48	52	52	63	63	64	71	71	75	79	84	84	96	95	99	103	103	103	103	103	103	103	103	103	103	103	103	103	103	103	103	103	103	103	103	103	103	103	103	103	103	103	103	103	103	103	103	103	103	103	103	103	103	103	103	103	103	103	102	99	94	91	91	79	80	78	71	70	67	63	59	55	48	48	44	38	35	35	23	24	24	24	24	24	24	24	24	24	24	24	24	24	24	24	24	24	24	24	24	24	24	24	24	24	24	24	24	24	24	24	24	24	24	24	24	24	24	24	24	0	0	
24	25	31	34	35	40	44	44	55	55	59	63	64	67	73	76	76	89	88	93	96	99	100	104	104	104	104	104	104	104	104	104	104	104	104	104	104	104	104	104	104	104	104	104	104	104	104	104	104	104	104	104	104	104	104	104	104	104	104	104	104	104	104	104	104	103	99	99	88	88	84	80	79	76	70	67	66	55	51	51	47	43	42	31	31	27	23	23	23	23	23	23	23	23	23	23	23	23	23	23	23	23	23	23	23	23	23	23	23	23	23	23	23	23	23	23	23	23	23	23	23	23	23	23	23	23	0	0	
23	24	27	38	39	39	49	48	52	56	59	59	65	68	69	79	79	84	88	92	92	103	103	103	104	104	104	104	104	104	104	104	104	104	104	104	104	104	104	104	104	104	104	104	104	104	104	104	104	104	104	104	104	104	104	104	104	104	104	104	104	104	104	104	104	103	96	95	92	88	84	84	78	74	74	64	63	59	48	48	47	39	38	35	31	27	27	23	23	23	23	23	23	23	23	23	23	23	23	23	23	23	23	23	23	23	23	23	23	23	23	23	23	23	23	23	23	23	23	23	23	23	23	23	23	23	0	0	
22	24	27	31	40	39	44	48	51	51	63	63	64	72	72	76	80	85	85	97	97	101	105	105	105	105	105	105	105	105	105	105	105	105	105	105	105	105	105	105	105	105	105	105	105	105	105	105	105	105	105	105	105	105	105	105	105	105	105	105	105	105	105	105	105	104	100	96	92	92	80	80	79	72	71	67	63	59	43	48	47	43	37	34	33	22	22	22	22	22	22	22	22	22	22	22	22	22	22	22	22	22	22	22	22	22	22	22	22	22	22	22	22	22	22	22	22	22	22	22	22	22	22	22	22	22	0	0	
22	23	30	34	35	39	44	43	55	55	59	63	64	68	73	77	77	89	89	94	97	100	101	105	105	105	105	105	105	105	105	105	105	105	105	105	105	105	105	105	105	105	105	105	105	105	105	105	105	105	105	105	105	105	105	105	105	105	105	105	105	105	105	105	105	104	100	100	89	89	85	81	80	76	70	67	66	55	51	51	46	42	42	30	30	26	22	22	22	22	22	22	22	22	22	22	22	22	22	22	22	22	22	22	22	22	22	22	22	22	22	22	22	22	22	22	22	22	22	22	22	22	22	22	22	22	0	0	
21	22	25	37	38	38	48	47	51	55	59	59	65	69	69	80	81	85	90	94	94	105	105	105	106	106	106	106	106	106	106	106	106	106	106	106	106	106	106	106	106	106	106	106	106	106	106	106	106	106	106	106	106	106	106	106	106	106	106	106	106	106	106	106	106	105	97	97	93	89	85	85	79	75	75	64	63	59	47	47	46	38	37	34	29	24	25	21	21	21	21	21	21	21	21	21	21	21	21	21	21	21	21	21	21	21	21	21	21	21	21	21	21	21	21	21	21	21	21	21	21	21	21	21	21	21	0	0	
21	23	26	30	39	39	43	47	51	51	63	63	64	72	73	76	81	86	85	99	98	102	106	106	106	106	106	106	106	106	106	106	106	106	106	106	106	106	106	106	106	106	106	106	106	106	106	106	106	106	106	106	106	106	106	106	106	106	106	106	106	106	106	106	106	106	102	97	93	93	81	81	80	72	71	68	63	58	43	47	46	43	37	33	33	20	21	21	21	21	21	21	21	21	21	21	21	21	21	21	21	21	21	21	21	21	21	21	21	21	21	21	21	21	21	21	21	21	21	21	21	21	21	21	21	21	0	0	
21	22	29	33	34	39	43	43	54	54	58	63	64	67	74	77	78	90	90	94	98	101	102	106	106	106	106	106	106	106	106	106	106	106	106	106	106	106	106	106	106	106	106	106	106	106	106	106	106	106	106	106	106	106	106	106	106	106	106	106	106	106	106	106	106	105	101	101	90	90	86	82	80	77	71	67	67	54	51	50	45	42	41	29	29	25	21	21	21	21	21	21	21	21	21	21	21	21	21	21	21	21	21	21	21	21	21	21	21	21	21	21	21	21	21	21	21	21	21	21	21	21	21	21	21	21	0	0	
20	21	24	36	37	37	47	47	50	54	59	59	65	69	70	81	81	86	90	95	94	106	107	107	107	107	107	107	107	107	107	107	107	107	107	107	107	107	107	107	107	107	107	107	107	107	107	107	107	107	107	107	107	107	107	107	107	107	107	107	107	107	107	107	107	107	98	98	94	90	86	86	79	76	75	64	63	58	46	46	46	37	36	33	28	23	24	20	20	20	20	20	20	20	20	20	20	20	20	20	20	20	20	20	20	20	20	20	20	20	20	20	20	20	20	20	20	20	20	20	20	20	20	20	20	20	0	0	
20	21	25	28	38	38	42	46	50	50	63	63	64	72	73	77	82	86	86	99	99	103	107	107	107	107	107	107	107	107	107	107	107	107	107	107	107	107	107	107	107	107	107	107	107	107	107	107	107	107	107	107	107	107	107	107	107	107	107	107	107	107	107	107	107	107	102	97	94	94	82	82	81	72	71	68	63	58	38	46	45	42	35	32	31	19	19	19	20	20	20	20	20	20	20	20	20	20	20	20	20	20	20	20	20	20	20	20	20	20	20	20	20	20	20	20	20	20	20	20	20	20	20	20	20	20	0	0	
20	20	28	31	33	37	42	41	53	53	58	63	64	68	74	78	78	91	91	96	99	103	104	108	108	108	108	108	108	108	108	108	108	108	108	108	108	108	108	108	108	108	108	108	108	108	108	108	108	108	108	108	108	108	108	108	108	108	108	108	108	108	108	108	108	107	103	103	91	91	86	83	81	78	71	67	67	53	49	49	44	40	39	28	27	23	19	19	19	19	19	19	19	19	19	19	19	19	19	19	19	19	19	19	19	19	19	19	19	19	19	19	19	19	19	19	19	19	19	19	19	19	19	19	19	19	0	0	
18	19	23	35	36	36	46	46	50	54	58	58	65	69	70	81	82	86	91	95	95	107	108	108	108	108	108	108	108	108	108	108	108	108	108	108	108	108	108	108	108	108	108	108	108	108	108	108	108	108	108	108	108	108	108	108	108	108	108	108	108	108	108	108	108	108	99	98	95	91	86	86	80	76	75	64	63	58	46	46	45	36	36	32	27	22	22	18	18	18	18	18	18	18	18	18	18	18	18	18	18	18	18	18	18	18	18	18	18	18	18	18	18	18	18	18	18	18	18	18	18	18	18	18	18	18	0	0	
17	19	23	27	37	37	41	45	49	49	63	63	64	73	74	77	82	87	87	101	100	105	109	109	109	109	109	109	109	109	109	109	109	109	109	109	109	109	109	109	109	109	109	109	109	109	109	109	109	109	109	109	109	109	109	109	109	109	109	109	109	109	109	109	109	109	104	99	95	95	82	83	81	73	72	68	63	58	33	45	45	40	34	30	30	17	17	17	17	17	17	17	17	17	17	17	17	17	17	17	17	17	17	17	17	17	17	17	17	17	17	17	17	17	17	17	17	17	17	17	17	17	17	17	17	17	0	0	
18	18	27	30	32	36	41	41	53	53	58	63	64	68	74	78	78	92	92	96	100	104	105	109	109	109	109	109	109	109	109	109	109	109	109	109	109	109	109	109	109	109	109	109	109	109	109	109	109	109	109	109	109	109	109	109	109	109	109	109	109	109	109	109	109	108	104	103	92	92	87	83	81	78	71	67	67	53	49	49	44	40	39	27	26	21	17	17	17	17	17	17	17	17	17	17	17	17	17	17	17	17	17	17	17	17	17	17	17	17	17	17	17	17	17	17	17	17	17	17	17	17	17	17	17	17	0	0	
16	17	21	33	35	34	45	45	49	53	58	58	65	69	70	82	82	87	92	97	97	109	110	110	110	110	110	110	110	110	110	110	110	110	110	110	110	110	110	110	110	110	110	110	110	110	110	110	110	110	110	110	110	110	110	110	110	110	110	110	110	110	110	110	110	110	100	100	96	92	87	88	80	77	76	64	63	58	45	45	44	35	34	30	25	20	21	16	16	16	16	16	16	16	16	16	16	16	16	16	16	16	16	16	16	16	16	16	16	16	16	16	16	16	16	16	16	16	16	16	16	16	16	16	16	16	0	0	
16	18	22	26	36	36	41	45	49	49	63	63	64	73	74	78	83	88	87	102	101	105	110	110	110	110	110	110	110	110	110	110	110	110	110	110	110	110	110	110	110	110	110	110	110	110	110	110	110	110	110	110	110	110	110	110	110	110	110	110	110	110	110	110	110	110	105	100	96	96	83	83	81	73	72	68	63	58	34	45	44	40	33	30	29	16	16	16	17	17	17	17	17	17	17	17	17	17	17	17	17	17	17	17	17	17	17	17	17	17	17	17	17	17	17	17	17	17	17	17	17	17	17	17	17	17	0	0	
16	17	26	30	31	36	41	40	53	53	58	63	64	68	75	78	79	93	92	97	101	105	105	110	110	110	110	110	110	110	110	110	110	110	110	110	110	110	110	110	110	110	110	110	110	110	110	110	110	110	110	110	110	110	110	110	110	110	110	110	110	110	110	110	110	109	105	104	92	92	87	83	82	78	71	67	67	53	49	49	44	39	38	26	25	21	16	16	16	16	16	16	16	16	16	16	16	16	16	16	16	16	16	16	16	16	16	16	16	16	16	16	16	16	16	16	16	16	16	16	16	16	16	16	16	16	0	0	
16	17	20	33	34	34	45	45	49	53	58	58	65	69	70	82	83	88	93	98	97	110	110	110	111	111	111	111	111	111	111	111	111	111	111	111	111	111	111	111	111	111	111	111	111	111	111	111	111	111	111	111	111	111	111	111	111	111	111	111	111	111	111	111	111	110	101	101	97	92	88	88	81	77	76	64	63	58	45	45	44	35	34	30	24	20	20	16	16	16	16	16	16	16	16	16	16	16	16	16	16	16	16	16	16	16	16	16	16	16	16	16	16	16	16	16	16	16	16	16	16	16	16	16	16	16	0	0	
16	17	21	25	36	35	40	45	49	49	63	63	64	73	74	78	83	88	88	103	102	106	111	111	111	111	111	111	111	111	111	111	111	111	111	111	111	111	111	111	111	111	111	111	111	111	111	111	111	111	111	111	111	111	111	111	111	111	111	111	111	111	111	111	111	111	106	101	96	96	83	83	82	73	72	68	63	58	30	45	44	40	33	29	28	15	15	15	15	15	15	15	15	15	15	15	15	15	15	15	15	15	15	15	15	15	15	15	15	15	15	15	15	15	15	15	15	15	15	15	15	15	15	15	15	15	0	0	
15	16	24	28	30	35	40	40	53	53	58	63	64	68	75	79	79	93	93	98	102	107	107	112	112	112	112	112	112	112	112	112	112	112	112	112	112	112	112	112	112	112	112	112	112	112	112	112	112	112	112	112	112	112	112	112	112	112	112	112	112	112	112	112	112	111	106	106	93	93	88	84	82	78	71	67	67	53	48	48	43	39	38	24	24	19	15	15	15	15	15	15	15	15	15	15	15	15	15	15	15	15	15	15	15	15	15	15	15	15	15	15	15	15	15	15	15	15	15	15	15	15	15	15	15	15	7	7	
15	15	19	32	34	33	45	44	49	53	58	58	65	69	70	83	83	88	93	98	98	111	112	112	112	112	112	112	112	112	112	112	112	112	112	112	112	112	112	112	112	112	112	112	112	112	112	112	112	112	112	112	112	112	112	112	112	112	112	112	112	112	112	112	112	112	102	102	98	93	88	89	81	77	76	64	63	58	44	44	43	34	33	29	23	18	19	15	15	15	15	15	15	15	15	15	15	15	15	15	15	15	15	15	15	15	15	15	15	15	15	15	15	15	15	15	15	15	15	15	15	15	15	15	15	15	0	0	
14	16	20	225	35	35	40	44	48	49	63	63	64	73	74	78	84	89	88	104	103	107	112	112	112	112	112	112	112	112	112	112	112	112	112	112	112	112	112	112	112	112	112	112	112	112	112	112	112	112	112	112	112	112	112	112	112	112	112	112	112	112	112	112	112	112	107	102	97	97	84	84	82	73	72	68	63	58	29	44	43	39	32	28	28	14	14	14	14	14	14	14	14	14	14	14	14	14	14	14	14	14	14	14	14	14	14	14	14	14	14	14	14	14	14	14	14	14	14	14	14	14	14	14	14	14	7	0	
14	14	23	27	29	34	39	39	52	53	58	63	64	68	75	79	80	94	94	99	103	108	109	113	113	113	113	113	113	113	113	113	113	113	113	113	113	113	113	113	113	113	113	113	113	113	113	113	113	113	113	113	113	113	113	113	113	113	113	113	113	113	113	113	113	112	107	107	94	94	89	84	83	79	71	67	67	52	48	48	42	38	37	23	23	18	14	14	14	14	14	14	14	14	14	14	14	14	14	14	14	14	14	14	14	14	14	14	14	14	14	14	14	14	14	14	14	14	14	14	14	14	14	14	14	14	7	7	
13	14	18	31	33	33	44	44	48	53	58	58	65	69	70	83	84	89	94	99	99	112	113	113	113	113	113	113	113	113	113	113	113	113	113	113	113	113	113	113	113	113	113	113	113	113	113	113	113	113	113	113	113	113	113	113	113	113	113	113	113	113	113	113	113	113	103	103	98	94	89	89	81	77	76	64	63	58	44	44	43	33	32	28	22	17	18	13	13	13	13	13	13	13	13	13	13	13	13	13	13	13	13	13	13	13	13	13	13	13	13	13	13	13	13	13	13	13	13	13	13	13	13	13	13	13	0	0	
13	14	18	230	34	34	39	44	48	48	63	63	64	74	74	79	85	90	90	105	105	109	115	115	115	115	115	115	115	115	115	115	115	115	115	115	115	115	115	115	115	115	115	115	115	115	115	115	115	115	115	115	115	115	115	115	115	115	115	115	115	115	115	115	115	114	109	103	99	99	85	85	83	74	73	69	63	57	26	44	43	38	31	27	26	12	12	12	13	13	13	13	13	13	13	13	13	13	13	13	13	13	13	13	13	13	13	13	13	13	13	13	13	13	13	13	13	13	13	13	13	13	13	13	13	13	6	0	
13	14	23	27	28	34	39	39	52	52	57	63	64	68	75	79	80	95	95	100	104	109	109	114	114	114	114	114	114	114	114	114	114	114	114	114	114	114	114	114	114	114	114	114	114	114	114	114	114	114	114	114	114	114	114	114	114	114	114	114	114	114	114	114	114	113	108	108	95	94	89	84	83	79	72	68	67	52	48	48	42	37	36	23	22	17	13	13	13	13	13	13	13	13	13	13	13	13	13	13	13	13	13	13	13	13	13	13	13	13	13	13	13	13	13	13	13	13	13	13	13	13	13	13	13	13	6	6	
11	12	17	30	32	32	44	44	48	52	57	58	65	70	71	84	85	90	95	101	100	114	115	115	115	115	115	115	115	115	115	115	115	115	115	115	115	115	115	115	115	115	115	115	115	115	115	115	115	115	115	115	115	115	115	115	115	115	115	115	115	115	115	115	115	115	104	104	100	95	90	90	82	78	77	64	63	58	43	43	42	32	31	27	21	15	16	11	11	11	11	11	11	11	11	11	11	11	11	11	11	11	11	11	11	11	11	11	11	11	11	11	11	11	11	11	11	11	11	11	11	11	11	11	11	11	0	0	
11	13	18	22	33	33	38	43	48	48	62	63	64	74	75	79	85	90	90	106	105	110	115	115	115	115	115	115	115	115	115	115	115	115	115	115	115	115	115	115	115	115	115	115	115	115	115	115	115	115	115	115	115	115	115	115	115	115	115	115	115	115	115	115	115	115	110	104	100	99	85	85	83	74	73	68	62	57	21	43	42	38	30	26	25	11	11	11	11	11	11	11	11	11	11	11	11	11	11	11	11	11	11	11	11	11	11	11	11	11	11	11	11	11	11	11	11	11	11	11	11	11	11	11	11	11	6	0	
11	12	21	25	27	33	38	38	51	52	57	63	64	68	76	80	81	96	96	102	106	111	111	116	116	116	116	116	116	116	116	116	116	116	116	116	116	116	116	116	116	116	116	116	116	116	116	116	116	116	116	116	116	116	116	116	116	116	116	116	116	116	116	116	116	115	110	110	96	96	91	86	84	80	72	68	67	52	47	47	41	36	35	21	20	15	10	10	10	10	10	10	10	10	10	10	10	10	10	10	10	10	10	10	10	10	10	10	10	10	10	10	10	10	10	10	10	10	10	10	10	10	10	10	10	10	5	5	
10	11	16	30	31	31	43	43	47	52	57	57	66	70	71	85	85	90	96	102	101	116	116	116	117	117	117	117	117	117	117	117	117	117	117	117	117	117	117	117	117	117	117	117	117	117	117	117	117	117	117	117	117	117	117	117	117	117	117	117	117	117	117	117	117	116	106	105	101	96	91	91	83	78	77	64	63	58	43	43	42	32	31	26	20	14	15	10	10	10	10	10	10	10	10	10	10	10	10	10	10	10	10	10	10	10	10	10	10	10	10	10	10	10	10	10	10	10	10	10	10	10	10	10	10	10	0	0	
9	11	16	237	32	32	37	43	47	47	62	62	64	74	75	80	86	91	91	108	107	112	117	117	117	117	117	117	117	117	117	117	117	117	117	117	117	117	117	117	117	117	117	117	117	117	117	117	117	117	117	117	117	117	117	117	117	117	117	117	117	117	117	117	117	117	112	105	101	100	86	86	84	74	73	69	62	57	17	42	41	37	29	24	24	8	9	9	9	9	9	9	9	9	9	9	9	9	9	9	9	9	9	9	9	9	9	9	9	9	9	9	9	9	9	9	9	9	9	9	9	9	9	9	9	9	5	0	
9	10	20	25	26	32	37	37	51	52	57	63	64	69	76	81	81	97	97	102	107	112	112	118	118	118	118	118	118	118	118	118	118	118	118	118	118	118	118	118	118	118	118	118	118	118	118	118	118	118	118	118	118	118	118	118	118	118	118	118	118	118	118	118	118	116	111	111	97	96	91	86	84	80	72	68	67	51	47	47	41	36	35	20	19	14	9	9	9	9	9	9	9	9	9	9	9	9	9	9	9	9	9	9	9	9	9	9	9	9	9	9	9	9	9	9	9	9	9	9	9	9	9	9	9	9	5	5	
8	9	14	28	30	30	42	42	46	52	57	57	66	70	71	85	86	91	97	103	102	117	118	118	118	118	118	118	118	118	118	118	118	118	118	118	118	118	118	118	118	118	118	118	118	118	118	118	118	118	118	118	118	118	118	118	118	118	118	118	118	118	118	118	118	118	107	106	102	96	91	91	83	79	78	64	63	57	42	42	41	31	29	25	18	13	13	8	8	8	8	8	8	8	8	8	8	8	8	8	8	8	8	8	8	8	8	8	8	8	8	8	8	8	8	8	8	8	8	8	8	8	8	8	8	8	0	0	
8	10	15	238	32	32	37	42	46	47	62	62	64	75	76	80	87	92	92	109	108	113	119	119	119	119	119	119	119	119	119	119	119	119	119	119	119	119	119	119	119	119	119	119	119	119	119	119	119	119	119	119	119	119	119	119	119	119	119	119	119	119	119	119	119	118	113	106	102	101	87	87	85	75	73	69	62	57	17	42	41	36	28	24	23	7	8	8	8	8	8	8	8	8	8	8	8	8	8	8	8	8	8	8	8	8	8	8	8	8	8	8	8	8	8	8	8	8	8	8	8	8	8	8	8	8	4	0	
8	9	19	24	25	32	37	37	51	51	56	63	64	69	77	81	82	97	97	103	108	112	113	119	119	119	119	119	119	119	119	119	119	119	119	119	119	119	119	119	119	119	119	119	119	119	119	119	119	119	119	119	119	119	119	119	119	119	119	119	119	119	119	119	119	117	112	112	97	97	92	87	85	81	72	68	67	51	47	46	40	35	34	19	18	13	8	8	8	8	8	8	8	8	8	8	8	8	8	8	8	8	8	8	8	8	8	8	8	8	8	8	8	8	8	8	8	8	8	8	8	8	8	8	8	8	4	4	
7	8	13	27	29	29	42	42	46	51	57	57	66	70	71	86	86	92	98	103	103	118	119	119	119	119	119	119	119	119	119	119	119	119	119	119	119	119	119	119	119	119	119	119	119	119	119	119	119	119	119	119	119	119	119	119	119	119	119	119	119	119	119	119	119	119	108	107	103	97	92	92	83	79	78	64	63	57	42	42	41	30	29	24	17	11	12	7	7	7	7	7	7	7	7	7	7	7	7	7	7	7	7	7	7	7	7	7	7	7	7	7	7	7	7	7	7	7	7	7	7	7	7	7	7	7	0	0	
7	9	14	242	31	31	37	42	46	47	62	62	64	75	76	80	87	93	93	109	109	114	120	120	120	120	120	120	120	120	120	120	120	120	120	120	120	120	120	120	120	120	120	120	120	120	120	120	120	120	120	120	120	120	120	120	120	120	120	120	120	120	120	120	120	119	114	107	103	102	87	87	85	75	74	69	62	56	13	41	41	35	27	23	22	6	7	7	7	7	7	7	7	7	7	7	7	7	7	7	7	7	7	7	7	7	7	7	7	7	7	7	7	7	7	7	7	7	7	7	7	7	7	7	7	7	4	0	
7	8	18	22	24	30	36	36	50	51	56	63	64	69	77	82	82	99	99	104	109	114	115	120	120	120	120	120	120	120	120	120	120	120	120	120	120	120	120	120	120	120	120	120	120	120	120	120	120	120	120	120	120	120	120	120	120	120	120	120	120	120	120	120	120	119	114	113	99	99	93	87	85	81	73	68	68	51	46	46	39	34	33	18	17	11	6	6	6	6	6	6	6	6	6	6	6	6	6	6	6	6	6	6	6	6	6	6	6	6	6	6	6	6	6	6	6	6	6	6	6	6	6	6	6	6	3	3	
6	7	12	26	28	28	42	42	46	51	57	57	66	70	71	86	87	93	99	105	104	119	120	120	121	121	121	121	121	121	121	121	121	121	121	121	121	121	121	121	121	121	121	121	121	121	121	121	121	121	121	121	121	121	121	121	121	121	121	121	121	121	121	121	121	120	109	108	104	99	93	93	84	79	78	64	63	57	42	41	41	29	27	23	16	11	11	6	6	6	6	6	6	6	6	6	6	6	6	6	6	6	6	6	6	6	6	6	6	6	6	6	6	6	6	6	6	6	6	6	6	6	6	6	6	6	0	0	
6	8	13	242	30	30	36	42	46	46	63	63	64	75	76	81	87	93	93	110	110	115	121	121	121	121	121	121	121	121	121	121	121	121	121	121	121	121	121	121	121	121	121	121	121	121	121	121	121	121	121	121	121	121	121	121	121	121	121	121	121	121	121	121	121	120	115	108	103	103	87	87	85	75	74	69	63	57	12	41	40	35	26	22	21	5	5	5	6	6	6	6	6	6	6	6	6	6	6	6	6	6	6	6	6	6	6	6	6	6	6	6	6	6	6	6	6	6	6	6	6	6	6	6	6	6	3	0	
5	6	17	22	23	29	35	35	50	51	56	63	64	69	77	82	83	100	100	106	110	116	116	122	122	122	122	122	122	122	122	122	122	122	122	122	122	122	122	122	122	122	122	122	122	122	122	122	122	122	122	122	122	122	122	122	122	122	122	122	122	122	122	122	122	121	115	115	100	99	94	88	86	81	73	68	68	51	46	45	39	34	33	17	16	10	5	5	5	5	5	5	5	5	5	5	5	5	5	5	5	5	5	5	5	5	5	5	5	5	5	5	5	5	5	5	5	5	5	5	5	5	5	5	5	5	3	3	
5	6	11	26	27	27	41	41	46	51	57	57	66	70	72	87	87	93	100	106	105	121	121	121	122	122	122	122	122	122	122	122	122	122	122	122	122	122	122	122	122	122	122	122	122	122	122	122	122	122	122	122	122	122	122	122	122	122	122	122	122	122	122	122	122	121	110	109	104	99	93	93	84	79	78	64	63	57	41	41	40	28	27	22	15	10	10	5	5	5	5	5	5	5	5	5	5	5	5	5	5	5	5	5	5	5	5	5	5	5	5	5	5	5	5	5	5	5	5	5	5	5	5	5	5	5	0	0	
5	6	11	247	29	29	35	41	46	46	63	63	64	75	76	81	88	94	94	112	112	117	123	123	123	123	123	123	123	123	123	123	123	123	123	123	123	123	123	123	123	123	123	123	123	123	123	123	123	123	123	123	123	123	123	123	123	123	123	123	123	123	123	123	123	123	117	110	105	105	88	88	87	75	74	69	63	57	9	40	39	34	26	21	20	3	4	4	4	4	4	4	4	4	4	4	4	4	4	4	4	4	4	4	4	4	4	4	4	4	4	4	4	4	4	4	4	4	4	4	4	4	4	4	4	4	2	0	
4	5	16	21	22	29	35	35	51	51	57	63	64	69	77	82	83	100	100	106	111	116	117	123	123	123	123	123	123	123	123	123	123	123	123	123	123	123	123	123	123	123	123	123	123	123	123	123	123	123	123	123	123	123	123	123	123	123	123	123	123	123	123	123	123	122	116	116	100	100	94	88	86	81	73	68	68	51	46	46	39	33	32	16	15	9	4	4	4	4	4	4	4	4	4	4	4	4	4	4	4	4	4	4	4	4	4	4	4	4	4	4	4	4	4	4	4	4	4	4	4	4	4	4	4	4	2	2	
3	4	9	25	26	26	40	40	45	51	57	57	66	71	72	87	88	94	101	107	106	123	123	123	124	124	124	124	124	124	124	124	124	124	124	124	124	124	124	124	124	124	124	124	124	124	124	124	124	124	124	124	124	124	124	124	124	124	124	124	124	124	124	124	124	123	111	111	106	100	94	94	85	80	79	64	63	57	40	40	39	27	26	21	14	7	8	3	3	3	3	3	3	3	3	3	3	3	3	3	3	3	3	3	3	3	3	3	3	3	3	3	3	3	3	3	3	3	3	3	3	3	3	3	3	3	0	0	
3	5	10	251	28	28	34	40	45	46	63	63	64	75	76	81	88	95	95	113	112	118	124	124	124	124	124	124	124	124	124	124	124	124	124	124	124	124	124	124	124	124	124	124	124	124	124	124	124	124	124	124	124	124	124	124	124	124	124	124	124	124	124	124	124	123	117	111	106	105	88	88	87	75	74	69	63	56	4	40	39	33	25	20	19	2	2	2	3	3	3	3	3	3	3	3	3	3	3	3	3	3	3	3	3	3	3	3	3	3	3	3	3	3	3	3	3	3	3	3	3	3	3	3	3	3	2	0	
3	4	14	19	21	27	34	34	50	50	56	63	64	69	78	83	83	101	101	107	112	118	119	125	125	125	125	125	125	125	125	125	125	125	125	125	125	125	125	125	125	125	125	125	125	125	125	125	125	125	125	125	125	125	125	125	125	125	125	125	125	125	125	125	125	124	118	118	101	101	95	89	87	82	74	69	68	50	45	45	38	32	31	14	14	7	2	2	2	2	2	2	2	2	2	2	2	2	2	2	2	2	2	2	2	2	2	2	2	2	2	2	2	2	2	2	2	2	2	2	2	2	2	2	2	2	1	1	
1	2	8	24	26	26	40	40	45	51	57	57	66	71	72	88	88	95	102	108	107	124	125	125	125	125	125	125	125	125	125	125	125	125	125	125	125	125	125	125	125	125	125	125	125	125	125	125	125	125	125	125	125	125	125	125	125	125	125	125	125	125	125	125	125	125	112	112	107	101	95	95	86	81	80	64	63	57	40	40	39	26	25	20	13	7	7	2	2	2	2	2	2	2	2	2	2	2	2	2	2	2	2	2	2	2	2	2	2	2	2	2	2	2	2	2	2	2	2	2	2	2	2	2	2	2	0	0	
1	3	8	254	27	27	33	40	45	45	63	62	64	76	77	82	89	96	95	114	114	119	126	126	126	126	126	126	126	126	126	126	126	126	126	126	126	126	126	126	126	126	126	126	126	126	126	126	126	126	126	126	126	126	126	126	126	126	126	126	126	126	126	126	126	125	119	112	107	107	89	89	87	76	75	70	63	56	1	39	38	32	23	18	18	0	0	0	1	1	1	1	1	1	1	1	1	1	1	1	1	1	1	1	1	1	1	1	1	1	1	1	1	1	1	1	1	1	1	1	1	1	1	1	1	1	1	0	
1	2	13	18	20	27	33	33	50	50	56	62	64	69	78	84	84	102	102	109	114	119	120	126	126	126	126	126	126	126	126	126	126	126	126	126	126	126	126	126	126	126	126	126	126	126	126	126	126	126	126	126	126	126	126	126	126	126	126	126	126	126	126	126	126	125	119	119	102	102	96	89	88	82	74	69	68	50	44	44	37	31	0	13	13	7	1	1	1	1	1	1	1	1	1	1	1	1	1	1	1	1	1	1	1	1	1	1	1	1	1	1	1	1	1	1	1	1	1	1	1	1	1	1	1	1	1	1	
0	2	6	23	24	24	39	39	45	50	56	56	66	71	72	89	89	96	102	109	108	125	126	126	127	127	127	127	127	127	127	127	127	127	127	127	127	127	127	127	127	127	127	127	127	127	127	127	127	127	127	127	127	127	127	127	127	127	127	127	127	127	127	127	127	126	114	113	108	102	96	96	86	81	80	64	63	57	39	39	38	25	24	19	12	6	6	0	0	0	0	0	0	0	0	0	0	0	0	0	0	0	0	0	0	0	0	0	0	0	0	0	0	0	0	0	0	0	0	0	0	0	0	0	0	0	0	0	
0	3	8	255	26	26	32	39	44	44	62	62	64	76	77	83	90	96	96	116	115	120	127	127	127	127	127	127	127	127	127	127	127	127	127	127	127	127	127	127	127	127	127	127	127	127	127	127	127	127	127	127	127	127	127	127	127	127	127	127	127	127	127	127	127	126	121	113	108	108	90	90	88	76	75	70	62	56	0	38	37	32	22	17	17	0	0	0	0	0	0	0	0	0	0	0	0	0	0	0	0	0	0	0	0	0	0	0	0	0	0	0	0	0	0	0	0	0	0	0	0	0	0	0	0	0	0	0	
