0	0	0	0	0	0	0	0	0	0	0	0	0	0	0	0	0	0	0	0	0	0	0	0	0	0	0	0	0	0	0	0	0	0	0	0	0	0	0	0	0	0	0	0	0	0	0	0	0	0	0	0	0	0	0	0	0	0	0	0	0	0	0	0	0	0	0	0	0	0	0	0	0	0	0	0	0	0	0	0	0	0	0	0	0	0	0	0	0	0	0	0	0	0	0	0	0	0	0	0	0	0	0	0	0	0	0	0	0	0	0	0	0	0	0	0	0	0	0	0	0	0	0	0	0	0	0	0	
136	136	136	136	136	136	136	136	136	136	136	136	136	136	136	136	136	136	136	136	136	136	136	134	134	134	132	130	131	129	130	128	128	127	125	125	123	124	122	122	121	120	119	118	118	118	118	118	118	118	118	118	118	118	118	118	118	118	118	118	118	118	118	118	118	118	118	118	118	118	118	118	118	118	118	118	118	118	118	118	118	118	118	118	118	118	118	120	120	122	122	124	124	123	125	125	127	127	130	129	131	131	132	133	134	134	136	136	136	136	136	136	136	136	136	136	136	136	136	136	136	136	136	136	136	136	0	0	
140	140	140	140	140	140	140	140	140	140	140	140	140	140	140	140	140	140	140	140	140	140	140	138	138	137	135	133	133	130	130	128	128	127	125	124	122	122	119	119	117	116	115	114	114	114	114	114	114	114	114	114	114	114	114	114	114	114	114	114	114	114	114	114	114	114	114	114	114	114	114	114	114	114	114	114	114	114	114	114	114	114	114	114	114	114	114	116	116	119	119	121	121	122	125	125	127	127	130	130	132	133	135	135	137	138	140	140	140	140	140	140	140	140	140	140	140	140	140	140	140	140	140	140	140	140	0	0	
58	58	58	58	58	58	58	58	58	58	58	58	58	58	58	58	58	58	58	58	58	58	58	58	58	58	58	58	58	58	58	58	58	58	58	58	58	58	58	58	58	58	58	58	58	59	59	60	60	60	60	62	62	63	64	64	64	65	65	66	67	67	67	68	69	69	69	69	69	69	69	69	69	69	69	69	69	69	69	69	69	69	69	69	69	69	69	69	69	69	69	69	69	69	69	69	69	69	69	69	69	69	69	69	69	69	69	69	68	68	67	67	67	66	65	65	65	64	64	63	62	61	61	60	60	60	0	0	
58	57	57	57	57	57	57	57	57	57	57	57	57	57	57	57	57	57	57	57	57	57	57	57	57	57	57	57	57	57	57	57	57	57	57	57	57	57	57	57	57	57	57	57	57	57	58	59	59	60	60	61	62	63	63	65	65	65	66	67	67	67	68	68	70	70	70	70	70	70	70	70	70	70	70	70	70	70	70	70	70	70	70	70	70	70	70	70	70	70	70	70	70	70	70	70	70	70	70	70	70	70	70	70	70	70	70	70	69	69	68	68	67	67	66	65	65	64	64	63	63	61	61	60	59	59	0	0	
57	57	57	57	57	57	57	57	57	57	57	57	57	57	57	57	57	57	57	57	57	57	57	57	57	57	57	57	57	57	57	57	57	57	57	57	57	57	57	57	57	57	57	57	57	58	58	60	59	60	60	61	61	64	64	64	65	65	65	67	67	67	69	69	69	70	70	70	70	70	70	70	70	70	70	70	70	70	70	70	70	70	70	70	70	70	70	70	70	70	70	70	70	70	70	70	70	70	70	70	70	70	70	70	70	70	70	70	69	69	67	67	67	66	66	65	65	64	64	62	62	61	61	60	60	59	0	0	
56	56	56	56	56	56	56	56	56	56	56	56	56	56	56	56	56	56	56	56	56	56	56	56	56	56	56	56	56	56	56	56	56	56	56	56	56	56	56	56	56	56	56	56	56	57	57	58	59	59	59	61	62	63	64	64	64	66	66	67	68	68	68	70	71	70	71	71	71	71	71	71	71	71	71	71	71	71	71	71	71	71	71	71	71	71	71	71	71	71	71	71	71	71	71	71	71	71	71	71	71	71	71	71	71	71	71	71	69	69	69	68	67	67	66	65	65	64	64	63	62	61	61	59	59	59	0	0	
57	56	56	56	56	56	56	56	56	56	56	56	56	56	56	56	56	56	56	56	56	56	56	56	56	56	56	56	56	56	56	56	56	56	56	56	56	56	56	56	56	56	56	56	56	57	57	58	58	60	60	61	62	63	63	65	65	65	66	67	67	68	69	69	71	71	71	71	71	71	71	71	71	71	71	71	71	71	71	71	71	71	71	71	71	71	71	71	71	71	71	71	71	71	71	71	71	71	71	71	71	71	71	71	71	71	71	71	70	69	69	69	68	67	67	65	65	64	64	63	63	60	60	59	58	58	0	0	
57	57	55	55	55	55	55	55	55	55	55	55	55	55	55	55	55	55	55	55	55	55	55	55	55	55	55	55	55	55	55	55	55	55	55	55	55	55	55	55	55	55	55	55	55	56	56	58	58	59	60	60	61	64	64	64	65	66	66	68	68	68	70	71	71	72	72	72	72	72	72	72	72	72	72	72	72	72	72	72	72	72	72	72	72	72	72	72	72	72	72	72	72	72	72	72	72	72	72	72	72	72	72	72	72	72	72	72	71	71	69	69	68	67	66	66	65	64	64	62	62	61	60	59	59	58	0	0	
55	55	55	55	55	55	55	55	55	55	55	55	55	55	55	55	55	55	55	55	55	55	55	55	55	55	55	55	55	55	55	55	55	55	55	55	55	55	55	55	55	55	55	55	55	57	57	57	58	59	59	61	61	62	64	64	64	66	66	67	69	69	69	72	72	72	72	72	72	72	72	72	72	72	72	72	72	72	72	72	72	72	72	72	72	72	72	72	72	72	72	72	72	72	72	72	72	72	72	72	72	72	72	72	72	72	72	72	70	70	69	69	68	68	66	66	66	64	64	63	62	61	61	58	58	58	0	0	
56	55	55	55	55	55	55	55	55	55	55	55	55	55	55	55	55	55	55	55	55	55	55	55	55	55	55	55	55	55	55	55	55	55	55	55	55	55	55	55	55	55	55	55	55	56	57	57	57	60	60	60	62	63	63	65	65	66	66	67	67	69	69	70	72	72	72	72	72	72	72	72	72	72	72	72	72	72	72	72	72	72	72	72	72	72	72	72	72	72	72	72	72	72	72	72	72	72	72	72	72	72	72	72	72	72	72	72	71	70	70	69	68	67	67	65	65	64	64	63	63	60	60	59	58	58	0	0	
55	55	54	54	54	54	54	54	54	54	54	54	54	54	54	54	54	54	54	54	54	54	54	54	54	54	54	54	54	54	54	54	54	54	54	54	54	54	54	54	54	54	54	54	54	55	55	58	57	58	59	60	60	64	64	65	65	66	66	69	69	69	71	72	72	73	73	73	73	73	73	73	73	73	73	73	73	73	73	73	73	73	73	73	73	73	73	73	73	73	73	73	73	73	73	73	73	73	73	73	73	73	73	73	73	73	73	73	72	72	69	69	69	67	67	66	65	64	64	61	61	60	60	59	58	57	0	0	
54	54	54	54	54	54	54	54	54	54	54	54	54	54	54	54	54	54	54	54	54	54	54	54	54	54	54	54	54	54	54	54	54	54	54	54	54	54	54	54	54	54	54	54	54	56	56	57	57	58	58	61	61	62	64	65	65	67	67	68	69	69	70	73	73	73	73	73	73	73	73	73	73	73	73	73	73	73	73	73	73	73	73	73	73	73	73	73	73	73	73	73	73	73	73	73	73	73	73	73	73	73	73	73	73	73	73	73	71	71	70	69	69	68	67	66	66	64	64	62	61	60	60	58	57	57	0	0	
54	53	53	53	53	53	53	53	53	53	53	53	53	53	53	53	53	53	53	53	53	53	53	53	53	53	53	53	53	53	53	53	53	53	53	53	53	53	53	53	53	53	53	53	53	54	55	56	56	59	59	60	61	62	62	66	66	66	67	68	68	70	71	72	74	74	74	74	74	74	74	74	74	74	74	74	74	74	74	74	74	74	74	74	74	74	74	74	74	74	74	74	74	74	74	74	74	74	74	74	74	74	74	74	74	74	74	74	73	72	71	71	69	68	68	66	66	65	64	62	62	59	59	58	57	57	0	0	
54	54	53	53	53	53	53	53	53	53	53	53	53	53	53	53	53	53	53	53	53	53	53	53	53	53	53	53	53	53	53	53	53	53	53	53	53	53	53	53	53	53	53	53	53	54	54	57	57	58	59	60	60	64	64	65	66	66	66	69	69	70	72	73	73	74	74	74	74	74	74	74	74	74	74	74	74	74	74	74	74	74	74	74	74	74	74	74	74	74	74	74	74	74	74	74	74	74	74	74	74	74	74	74	74	74	74	74	73	73	70	70	70	68	67	67	66	65	65	61	61	60	59	58	58	57	0	0	
52	52	52	52	52	52	52	52	52	52	52	52	52	52	52	52	52	52	52	52	52	52	52	52	52	52	52	52	52	52	52	52	52	52	52	52	52	52	52	52	52	52	52	52	52	55	55	56	57	58	58	61	61	62	64	65	65	67	67	68	70	70	71	74	74	74	74	74	74	74	74	74	74	74	74	74	74	74	74	74	74	74	74	74	74	74	74	74	74	74	74	74	74	74	74	74	74	74	74	74	74	74	74	74	74	74	74	74	72	72	71	70	70	69	67	66	66	64	64	62	61	60	60	57	57	57	0	0	
53	52	52	52	52	52	52	52	52	52	52	52	52	52	52	52	52	52	52	52	52	52	52	52	52	52	52	52	52	52	52	52	52	52	52	52	52	52	52	52	52	52	52	52	52	53	54	56	55	58	58	59	61	62	62	66	66	67	68	69	69	71	72	73	75	75	75	75	75	75	75	75	75	75	75	75	75	75	75	75	75	75	75	75	75	75	75	75	75	75	75	75	75	75	75	75	75	75	75	75	75	75	75	75	75	75	75	75	74	73	72	71	70	69	69	66	66	65	64	62	62	59	59	58	56	56	0	0	
53	53	51	51	51	51	51	51	51	51	51	51	51	51	51	51	51	51	51	51	51	51	51	51	51	51	51	51	51	51	51	51	51	51	51	51	51	51	51	51	51	51	51	51	51	53	53	56	56	57	58	59	60	64	64	65	66	67	67	70	70	70	73	74	74	75	75	75	75	75	75	75	75	75	75	75	75	75	75	75	75	75	75	75	75	75	75	75	75	75	75	75	75	75	75	75	75	75	75	75	75	75	75	75	75	75	75	75	74	74	71	71	70	68	68	67	66	65	65	61	61	60	58	57	57	56	0	0	
51	51	51	51	51	51	51	51	51	51	51	51	51	51	51	51	51	51	51	51	51	51	51	51	51	51	51	51	51	51	51	51	51	51	51	51	51	51	51	51	51	51	51	51	51	53	53	55	56	57	57	60	60	62	64	65	65	68	68	69	71	71	72	76	76	76	76	76	76	76	76	76	76	76	76	76	76	76	76	76	76	76	76	76	76	76	76	76	76	76	76	76	76	76	76	76	76	76	76	76	76	76	76	76	76	76	76	76	74	74	73	71	70	70	68	67	67	64	64	62	61	60	59	56	56	56	0	0	
52	50	50	50	50	50	50	50	50	50	50	50	50	50	50	50	50	50	50	50	50	50	50	50	50	50	50	50	50	50	50	50	50	50	50	50	50	50	50	50	50	50	50	50	50	52	53	54	54	58	58	59	61	62	62	66	66	67	68	69	69	71	72	73	76	76	76	76	76	76	76	76	76	76	76	76	76	76	76	76	76	76	76	76	76	76	76	76	76	76	76	76	76	76	76	76	76	76	76	76	76	76	76	76	76	76	76	76	75	74	72	72	70	69	69	66	66	65	64	62	62	59	58	57	56	56	0	0	
51	51	49	49	49	49	49	49	49	49	49	49	49	49	49	49	49	49	49	49	49	49	49	49	49	49	49	49	49	49	49	49	49	49	49	49	49	49	49	49	49	49	49	49	49	51	51	55	55	56	57	59	59	64	64	65	66	67	67	71	71	72	74	76	76	77	77	77	77	77	77	77	77	77	77	77	77	77	77	77	77	77	77	77	77	77	77	77	77	77	77	77	77	77	77	77	77	77	77	77	77	77	77	77	77	77	77	77	76	75	72	72	72	69	69	68	66	65	65	60	60	59	58	56	56	55	0	0	
49	49	49	49	49	49	49	49	49	49	49	49	49	49	49	49	49	49	49	49	49	49	49	49	49	49	49	49	49	49	49	49	49	49	49	49	49	49	49	49	49	49	49	49	49	52	52	53	55	56	56	60	60	62	64	65	65	68	68	70	72	72	73	76	77	77	77	77	77	77	77	77	77	77	77	77	77	77	77	77	77	77	77	77	77	77	77	77	77	77	77	77	77	77	77	77	77	77	77	77	77	77	77	77	77	77	77	77	75	75	74	72	71	70	68	67	67	64	64	62	60	59	59	55	55	55	0	0	
51	48	48	48	48	48	48	48	48	48	48	48	48	48	48	48	48	48	48	48	48	48	48	48	48	48	48	48	48	48	48	48	48	48	48	48	48	48	48	48	48	48	48	48	48	50	52	53	53	57	57	58	60	62	62	67	67	68	69	70	71	73	74	75	78	78	78	78	78	78	78	78	78	78	78	78	78	78	78	78	78	78	78	78	78	78	78	78	78	78	78	78	78	78	78	78	78	78	78	78	78	78	78	78	78	78	78	78	77	75	74	74	72	71	70	67	67	65	64	62	62	58	58	56	53	53	0	0	
50	50	49	49	49	49	49	49	49	49	49	49	49	49	49	49	49	49	49	49	49	49	49	49	49	49	49	49	49	49	49	49	49	49	49	49	49	49	49	49	49	49	49	49	49	50	50	54	54	56	57	58	59	64	64	65	67	68	68	72	72	73	75	76	77	78	78	78	78	78	78	78	78	78	78	78	78	78	78	78	78	78	78	78	78	78	78	78	78	78	78	78	78	78	78	78	78	78	78	78	78	78	78	78	78	78	78	78	77	76	73	73	73	69	69	68	67	65	65	60	60	59	58	56	56	54	0	0	
48	48	48	48	48	48	48	48	48	48	48	48	48	48	48	48	48	48	48	48	48	48	48	48	48	48	48	48	48	48	48	48	48	48	48	48	48	48	48	48	48	48	48	48	48	51	51	52	53	55	55	60	60	62	64	65	65	69	69	71	73	73	75	78	79	79	79	79	79	79	79	79	79	79	79	79	79	79	79	79	79	79	79	79	79	79	79	79	79	79	79	79	79	79	79	79	79	79	79	79	79	79	79	79	79	79	79	79	76	76	75	73	73	71	69	68	68	64	64	62	60	59	58	54	54	54	0	0	
49	48	48	48	48	48	48	48	48	48	48	48	48	48	48	48	48	48	48	48	48	48	48	48	48	48	48	48	48	48	48	48	48	48	48	48	48	48	48	48	48	48	48	48	48	49	51	52	52	57	57	58	60	62	62	67	67	68	69	71	71	74	75	76	79	79	79	79	79	79	79	79	79	79	79	79	79	79	79	79	79	79	79	79	79	79	79	79	79	79	79	79	79	79	79	79	79	79	79	79	79	79	79	79	79	79	79	79	78	76	75	74	73	71	71	67	67	65	64	62	62	58	57	56	53	53	0	0	
49	49	47	47	47	47	47	47	47	47	47	47	47	47	47	47	47	47	47	47	47	47	47	47	47	47	47	47	47	47	47	47	47	47	47	47	47	47	47	47	47	47	47	47	47	48	48	53	53	55	56	58	58	64	64	65	67	68	68	73	73	74	77	78	79	80	80	80	80	80	80	80	80	80	80	80	80	80	80	80	80	80	80	80	80	80	80	80	80	80	80	80	80	80	80	80	80	80	80	80	80	80	80	80	80	80	80	80	79	78	74	74	74	70	70	68	67	65	65	60	60	59	57	55	55	53	0	0	
47	47	47	47	47	47	47	47	47	47	47	47	47	47	47	47	47	47	47	47	47	47	47	47	47	47	47	47	47	47	47	47	47	47	47	47	47	47	47	47	47	47	47	47	47	50	50	51	53	54	54	60	60	62	64	65	65	70	70	71	74	74	75	80	80	80	81	81	81	81	81	81	81	81	81	81	81	81	81	81	81	81	81	81	81	81	81	81	81	81	81	81	81	81	81	81	81	81	81	81	81	81	81	81	81	81	81	80	78	77	76	74	73	72	70	68	68	64	64	62	60	59	58	54	53	53	0	0	
48	46	46	46	46	46	46	46	46	46	46	46	46	46	46	46	46	46	46	46	46	46	46	46	46	46	46	46	46	46	46	46	46	46	46	46	46	46	46	46	46	46	46	46	46	48	50	51	51	56	56	58	60	62	62	67	67	68	70	71	72	74	76	77	81	81	81	81	81	81	81	81	81	81	81	81	81	81	81	81	81	81	81	81	81	81	81	81	81	81	81	81	81	81	81	81	81	81	81	81	81	81	81	81	81	81	81	80	79	77	76	75	73	72	71	67	67	65	64	62	62	57	57	55	52	52	0	0	
47	47	45	45	45	45	45	45	45	45	45	45	45	45	45	45	45	45	45	45	45	45	45	45	45	45	45	45	45	45	45	45	45	45	45	45	45	45	45	45	45	45	45	45	46	47	48	52	52	54	56	57	58	64	64	65	67	68	68	74	74	74	78	79	80	81	81	81	81	81	81	81	81	81	81	81	81	81	81	81	81	81	81	81	81	81	81	81	81	81	81	81	81	81	81	81	81	81	81	81	81	81	81	81	81	81	81	81	80	79	75	74	74	70	70	69	67	65	65	60	60	58	56	55	54	52	0	0	
45	45	45	45	45	45	45	45	45	45	45	45	45	45	45	45	45	45	45	45	45	45	45	45	45	45	45	45	45	45	45	45	45	45	45	45	45	45	45	45	45	45	45	45	45	49	49	50	52	54	54	59	60	62	64	65	65	70	70	72	74	75	76	81	82	81	82	82	82	82	82	82	82	82	82	82	82	82	82	82	82	82	82	82	82	82	82	82	82	82	82	82	82	82	82	82	82	82	82	82	82	82	82	82	82	82	82	81	79	78	77	74	74	72	70	68	68	64	64	62	60	58	58	53	52	52	0	0	
47	44	44	44	44	44	44	44	44	44	44	44	44	44	44	44	44	44	44	44	44	44	44	44	44	44	44	44	44	44	44	44	44	44	44	44	44	44	44	44	44	44	44	44	44	46	48	50	50	56	56	57	60	62	62	67	67	69	70	72	73	75	77	79	83	83	83	82	82	82	82	82	82	82	82	82	82	82	82	82	82	82	82	82	82	82	82	82	82	82	82	82	82	82	82	82	82	82	82	82	82	82	82	82	82	82	82	82	81	78	77	77	74	72	72	67	67	65	64	62	62	57	56	54	51	51	0	0	
46	46	44	44	44	44	44	44	44	44	44	44	44	44	44	44	44	44	44	44	44	44	44	44	44	44	44	44	44	44	44	44	44	44	44	44	44	44	44	44	44	44	44	44	45	46	46	52	51	54	56	57	58	64	64	65	67	69	69	75	75	75	79	80	81	83	83	83	83	83	83	83	83	83	83	83	83	83	83	83	83	83	83	83	83	83	83	83	83	83	83	83	83	83	83	83	83	83	83	83	83	83	83	83	83	83	83	82	81	80	76	75	75	71	70	69	67	65	66	60	60	58	56	54	54	51	0	0	
44	44	44	44	44	44	44	44	44	44	44	44	44	44	44	44	44	44	44	44	44	44	44	44	44	44	44	44	44	44	44	44	44	44	44	44	44	44	44	44	44	44	44	44	44	48	48	50	51	53	53	59	60	61	64	65	65	70	70	72	75	75	77	82	82	82	82	82	82	82	82	82	82	82	82	82	82	82	82	82	82	82	82	82	82	82	82	82	82	82	82	82	82	82	82	82	82	82	82	82	82	82	82	82	82	82	82	82	79	79	77	75	75	73	70	68	68	64	64	62	60	58	58	52	52	52	0	0	
45	43	43	43	43	43	43	43	43	43	43	43	43	43	43	43	43	43	43	43	43	43	43	43	43	43	43	43	43	43	43	43	43	43	43	43	43	43	43	43	43	43	43	43	43	45	48	49	49	55	55	57	60	62	62	67	67	69	71	73	73	76	78	80	84	84	84	83	83	83	83	83	83	83	83	83	83	83	83	83	83	83	83	83	83	83	83	83	83	83	83	83	83	83	83	83	83	83	83	83	83	83	83	83	83	83	83	83	82	79	78	77	75	73	73	67	67	66	64	62	61	56	56	54	51	51	0	0	
45	45	43	43	43	43	43	43	43	43	43	43	43	43	43	43	43	43	43	43	43	43	43	43	43	43	43	43	43	43	43	43	43	43	43	43	43	43	43	43	43	43	43	43	43	46	46	51	51	53	55	57	57	64	64	66	67	69	69	75	75	75	79	81	82	83	83	83	83	83	83	83	83	83	83	83	83	83	83	83	83	83	83	83	83	83	83	83	83	83	83	83	83	83	83	83	83	83	83	83	83	83	83	83	83	83	83	83	82	81	76	76	75	71	71	69	67	65	65	60	60	58	56	54	53	51	0	0	
42	42	42	42	42	42	42	42	42	42	42	42	42	42	42	42	42	42	42	42	42	42	42	42	42	42	42	42	42	42	42	42	42	42	42	42	42	42	42	42	42	42	42	42	42	47	47	49	50	52	52	58	59	61	64	66	66	71	71	73	76	76	78	84	84	84	84	84	84	84	84	84	84	84	84	84	84	84	84	84	84	84	84	84	84	84	84	84	84	84	84	84	84	84	84	84	84	84	84	84	84	84	84	84	84	84	84	84	81	81	79	76	76	74	71	69	69	64	64	62	59	57	57	51	51	51	0	0	
44	42	42	42	42	42	42	42	42	42	42	42	42	42	42	42	42	42	42	42	42	42	42	42	42	42	42	42	42	42	42	42	42	42	42	42	42	42	42	42	42	42	42	42	42	44	47	49	49	55	55	57	59	61	62	68	68	70	72	74	74	77	79	80	85	85	85	85	85	85	85	85	85	85	85	85	85	85	85	85	85	85	85	85	85	85	85	85	85	85	85	85	85	85	85	85	85	85	85	85	85	85	85	85	85	85	85	84	83	81	79	78	76	74	74	68	68	66	64	62	62	56	56	54	50	50	0	0	
43	43	41	41	41	41	41	41	41	41	41	41	41	41	41	41	41	41	41	41	41	41	41	41	41	41	41	41	41	41	41	41	41	41	41	41	41	41	41	41	41	41	41	41	41	43	44	50	50	52	54	56	57	64	64	66	68	70	70	76	76	77	81	83	84	85	85	85	85	85	85	85	85	85	85	85	85	85	85	85	85	85	85	85	85	85	85	85	85	85	85	85	85	85	85	85	85	85	85	85	85	85	85	85	85	85	85	85	83	83	77	77	76	72	72	70	68	66	66	59	59	57	54	53	52	50	0	0	
41	41	41	41	41	41	41	41	41	41	41	41	41	41	41	41	41	41	41	41	41	41	41	41	41	41	41	41	41	41	41	41	41	41	41	41	41	41	41	41	41	41	41	41	41	46	46	48	50	52	52	58	59	61	64	66	66	72	72	74	77	77	79	85	86	85	86	86	86	86	86	86	86	86	86	86	86	86	86	86	86	86	86	86	86	86	86	86	86	86	86	86	86	86	86	86	86	86	86	86	86	86	86	86	86	86	86	85	82	82	80	77	76	75	72	70	70	64	64	61	59	57	56	51	50	50	0	0	
43	40	40	40	40	40	40	40	40	40	40	40	40	40	40	40	40	40	40	40	40	40	40	40	40	40	40	40	40	40	40	40	40	40	40	40	40	40	40	40	40	40	40	40	40	42	45	47	47	53	53	56	59	61	61	68	68	70	72	74	75	78	80	82	87	87	87	86	86	86	86	86	86	86	86	86	86	86	86	86	86	86	86	86	86	86	86	86	86	86	86	86	86	86	86	86	86	86	86	86	86	86	86	86	86	86	86	86	84	82	80	79	76	75	74	68	68	66	64	61	61	54	54	53	49	49	0	0	
42	42	40	40	40	40	40	40	40	40	40	40	40	40	40	40	40	40	40	40	40	40	40	40	40	40	40	40	40	40	40	40	40	40	40	40	40	40	40	40	40	40	40	40	40	42	42	50	49	51	53	56	56	64	64	66	68	70	70	77	77	77	82	84	85	87	87	87	87	87	87	87	87	87	87	87	87	87	87	87	87	87	87	87	87	87	87	87	87	87	87	87	87	87	87	87	87	87	87	87	87	87	87	87	87	87	87	86	84	84	78	77	77	73	73	71	68	66	66	59	59	56	54	52	51	49	0	0	
40	40	40	40	40	40	40	40	40	40	40	40	40	40	40	40	40	40	40	40	40	40	40	40	40	40	40	40	40	40	40	40	40	40	40	40	40	40	40	40	40	40	40	40	40	44	45	47	49	51	51	58	59	61	64	66	66	73	72	75	77	78	80	86	86	86	87	87	87	87	87	87	87	87	87	87	87	87	87	87	87	87	87	87	87	87	87	87	87	87	87	87	87	87	87	87	87	87	87	87	87	87	87	87	87	87	87	86	83	82	80	77	77	75	73	70	70	64	64	61	59	56	56	50	50	50	0	0	
41	39	39	39	39	39	39	39	39	39	39	39	39	39	39	39	39	39	39	39	39	39	39	39	39	39	39	39	39	39	39	39	39	39	39	39	39	39	39	39	39	39	39	39	39	42	44	46	46	53	53	55	59	61	61	68	68	71	73	75	76	78	81	83	88	88	88	88	88	88	88	88	88	88	88	88	88	88	88	88	88	88	88	88	88	88	88	88	88	88	88	88	88	88	88	88	88	88	88	88	88	88	88	88	88	88	88	88	86	83	81	80	77	75	75	68	68	66	64	61	61	54	54	51	48	48	0	0	
41	41	39	39	39	39	39	39	39	39	39	39	39	39	39	39	39	39	39	39	39	39	39	39	39	39	39	39	39	39	39	39	39	39	39	39	39	39	39	39	39	39	39	39	39	42	42	49	48	51	53	55	56	64	64	66	68	70	70	77	78	78	83	85	86	88	88	88	88	88	88	88	88	88	88	88	88	88	88	88	88	88	88	88	88	88	88	88	88	88	88	88	88	88	88	88	88	88	88	88	88	88	88	88	88	88	88	87	85	85	79	78	78	73	73	71	68	66	66	59	58	56	53	51	51	48	0	0	
38	38	38	38	38	38	38	38	38	38	38	38	38	38	38	38	38	38	38	38	38	38	38	38	38	38	38	38	38	38	38	38	38	38	38	38	38	38	38	38	38	38	38	38	38	43	43	46	48	50	50	58	58	61	64	66	66	73	73	76	79	79	81	88	89	89	89	89	89	89	89	89	89	89	89	89	89	89	89	89	89	89	89	89	89	89	89	89	89	89	89	89	89	89	89	89	89	89	89	89	89	89	89	89	89	89	89	89	85	84	82	79	78	76	73	71	71	64	64	61	58	56	56	49	48	48	0	0	
41	38	38	38	38	38	38	38	38	38	38	38	38	38	38	38	38	38	38	38	38	38	38	38	38	38	38	38	38	38	38	38	38	38	38	38	38	38	38	38	38	38	38	38	38	41	43	46	45	53	53	55	59	61	61	69	69	71	73	76	76	79	81	83	89	89	89	89	89	89	89	89	89	89	89	89	89	89	89	89	89	89	89	89	89	89	89	89	89	89	89	89	89	89	89	89	89	89	89	89	89	89	89	89	89	89	89	89	87	83	81	81	78	76	76	69	69	66	64	61	61	54	53	51	48	48	0	0	
39	39	37	37	37	37	37	37	37	37	37	37	37	37	37	37	37	37	37	37	37	37	37	37	37	37	37	37	37	37	37	37	37	37	37	37	37	37	37	37	37	37	37	37	37	40	40	48	47	50	52	55	56	64	64	66	69	71	71	79	79	79	84	87	87	90	90	90	90	90	90	90	90	90	90	90	90	90	90	90	90	90	90	90	90	90	90	90	90	90	90	90	90	90	90	90	90	90	90	90	90	90	90	90	90	90	90	89	87	87	80	79	79	74	74	71	69	66	66	59	58	56	53	50	50	47	0	0	
37	37	37	37	37	37	37	37	37	37	37	37	37	37	37	37	37	37	37	37	37	37	37	37	37	37	37	37	37	37	37	37	37	37	37	37	37	37	37	37	37	37	37	37	37	42	42	45	47	50	50	57	58	61	64	66	66	74	74	76	79	79	82	89	90	89	90	90	90	90	90	90	90	90	90	90	90	90	90	90	90	90	90	90	90	90	90	90	90	90	90	90	90	90	90	90	90	90	90	90	90	90	90	90	90	90	90	90	85	85	82	79	79	76	74	71	71	64	64	61	58	56	55	48	48	48	0	0	
39	36	36	36	36	36	36	36	36	36	36	36	36	36	36	36	36	36	36	36	36	36	36	36	36	36	36	36	36	36	36	36	36	36	36	36	36	36	36	36	36	36	36	36	36	38	42	44	44	52	52	54	59	61	61	69	69	71	74	77	77	81	83	85	91	91	91	91	91	91	91	91	91	91	91	91	91	91	91	91	91	91	91	91	91	91	91	91	91	91	91	91	91	91	91	91	91	91	91	91	91	91	91	91	91	91	91	91	89	85	83	82	79	77	77	69	69	66	64	61	61	53	53	50	47	47	0	0	
38	38	36	36	36	36	36	36	36	36	36	36	36	36	36	36	36	36	36	36	36	36	36	36	36	36	36	36	36	36	36	36	36	36	36	36	36	36	36	36	36	36	36	36	36	39	39	47	47	49	52	54	55	64	64	66	69	71	71	79	79	80	86	88	89	91	91	91	91	91	91	91	91	91	91	91	91	91	91	91	91	91	91	91	91	91	91	91	91	91	91	91	91	91	91	91	91	91	91	91	91	91	91	91	91	91	91	91	89	88	81	80	80	75	74	72	69	66	66	59	58	56	52	50	49	47	0	0	
36	36	36	36	36	36	36	36	36	36	36	36	36	36	36	36	36	36	36	36	36	36	36	36	36	36	36	36	36	36	36	36	36	36	36	36	36	36	36	36	36	36	36	36	36	41	41	44	47	49	49	57	58	60	64	66	66	74	74	76	79	80	82	90	91	90	91	91	91	91	91	91	91	91	91	91	91	91	91	91	91	91	91	91	91	91	91	91	91	91	91	91	91	91	91	91	91	91	91	91	91	91	91	91	91	91	91	91	86	86	84	79	79	77	74	71	71	64	64	61	58	56	55	48	47	47	0	0	
37	35	35	35	35	35	35	35	35	35	35	35	35	35	35	35	35	35	35	35	35	35	35	35	35	35	35	35	35	35	35	35	35	35	35	35	35	35	35	35	35	35	35	35	35	38	41	43	43	51	51	54	58	61	61	69	69	72	74	77	78	82	84	86	93	92	92	92	92	92	92	92	92	92	92	92	92	92	92	92	92	92	92	92	92	92	92	92	92	92	92	92	92	92	92	92	92	92	92	92	92	92	92	92	92	92	92	92	90	86	84	83	80	77	77	69	69	66	64	61	61	53	52	50	46	46	0	0	
37	37	35	35	35	35	35	35	35	35	35	35	35	35	35	35	35	35	35	35	35	35	35	35	35	35	35	35	35	35	35	35	35	35	35	35	35	35	35	35	35	35	35	35	35	38	38	46	46	49	51	54	55	64	64	66	69	71	71	80	80	81	86	88	89	92	92	92	92	92	92	92	92	92	92	92	92	92	92	92	92	92	92	92	92	92	92	92	92	92	92	92	92	92	92	92	92	92	92	92	92	92	92	92	92	92	92	91	89	89	82	81	81	75	74	72	69	66	66	58	58	56	52	49	48	46	0	0	
34	34	34	34	34	34	34	34	34	34	34	34	34	34	34	34	34	34	34	34	34	34	34	34	34	34	34	34	34	34	34	34	34	34	34	34	34	34	34	34	34	34	34	34	34	40	40	42	45	48	48	57	57	60	64	67	67	75	75	78	81	82	84	92	93	92	93	93	93	93	93	93	93	93	93	93	93	93	93	93	93	93	93	93	93	93	93	93	93	93	93	93	93	93	93	93	93	93	93	93	93	93	93	93	93	93	93	93	88	88	85	81	81	78	75	72	72	64	64	61	57	55	54	46	45	45	0	0	
37	34	34	34	34	34	34	34	34	34	34	34	34	34	34	34	34	34	34	34	34	34	34	34	34	34	34	34	34	34	34	34	34	34	34	34	34	34	34	34	34	34	34	34	34	37	40	43	42	51	51	54	58	61	61	69	69	72	75	78	78	83	85	87	94	93	93	93	93	93	93	93	93	93	93	93	93	93	93	93	93	93	93	93	93	93	93	93	93	93	93	93	93	93	93	93	93	93	93	93	93	93	93	93	93	93	93	93	91	87	85	84	81	78	78	69	69	67	64	61	61	53	52	49	45	45	0	0	
36	36	33	33	33	33	33	33	33	33	33	33	33	33	33	33	33	33	33	33	33	33	33	33	33	33	33	33	33	33	33	33	33	33	33	33	33	33	33	33	33	33	33	33	33	36	37	45	44	48	51	54	54	64	64	67	69	72	72	81	81	82	88	90	91	94	94	94	94	94	94	94	94	94	94	94	94	94	94	94	94	94	94	94	94	94	94	94	94	94	94	94	94	94	94	94	94	94	94	94	94	94	94	94	94	94	94	93	91	91	83	82	82	75	75	72	69	67	67	58	58	55	51	49	48	44	0	0	
32	32	32	32	32	32	32	32	32	32	32	32	32	32	32	32	32	32	32	32	32	32	32	32	32	32	32	32	32	32	32	32	32	32	32	32	32	32	32	32	32	32	32	32	33	39	39	42	44	47	47	56	57	60	64	67	67	75	75	78	82	83	85	93	94	93	94	94	94	94	94	94	94	94	94	94	94	94	94	94	94	94	94	94	94	94	94	94	94	94	94	94	94	94	94	94	94	94	94	94	94	94	94	94	94	94	94	94	89	89	86	82	82	79	75	72	72	64	64	61	57	55	54	46	45	45	0	0	
36	32	32	32	32	32	32	32	32	32	32	32	32	32	32	32	32	32	32	32	32	32	32	32	32	32	32	32	32	32	32	32	32	32	32	32	32	32	32	32	32	32	32	32	32	35	39	42	41	50	50	53	58	61	61	70	70	72	75	78	79	84	86	89	96	95	95	95	95	95	95	95	95	95	95	95	95	95	95	95	95	95	95	95	95	95	95	95	95	95	95	95	95	95	95	95	95	95	95	95	95	95	95	95	95	95	95	95	92	89	86	86	82	79	78	70	70	67	64	61	61	52	51	49	44	44	0	0	
35	35	31	31	31	31	31	31	31	31	31	31	31	31	31	31	31	31	31	31	31	31	31	31	31	31	31	31	31	31	31	31	31	31	31	31	31	31	31	31	31	31	31	31	32	35	35	44	44	47	50	53	54	64	64	67	70	72	73	82	82	83	89	91	92	95	95	95	95	95	95	95	95	95	95	95	95	95	95	95	95	95	95	95	95	95	95	95	95	95	95	95	95	95	95	95	95	95	95	95	95	95	95	95	95	95	95	95	92	92	84	83	83	76	76	73	70	67	67	58	57	55	50	48	47	43	0	0	
31	31	31	31	31	31	31	31	31	31	31	31	31	31	31	31	31	31	31	31	31	31	31	31	31	31	31	31	31	31	31	31	31	31	31	31	31	31	31	31	31	31	31	31	32	38	38	41	44	47	47	56	57	60	64	67	67	75	75	78	83	83	86	94	95	94	95	95	95	95	95	95	95	95	95	95	95	95	95	95	95	95	95	95	95	95	95	95	95	95	95	95	95	95	95	95	95	95	95	95	95	95	95	95	95	95	95	95	90	90	87	83	82	79	75	72	72	64	64	61	57	54	54	45	44	44	0	0	
34	31	31	31	31	31	31	31	31	31	31	31	31	31	31	31	31	31	31	31	31	31	31	31	31	31	31	31	31	31	31	31	31	31	31	31	31	31	31	31	31	31	31	31	31	34	38	41	41	49	49	53	57	61	61	70	70	73	76	79	80	84	87	90	97	96	96	96	96	96	96	96	96	96	96	96	96	96	96	96	96	96	96	96	96	96	96	96	96	96	96	96	96	96	96	96	96	96	96	96	96	96	96	96	96	96	96	96	93	90	87	86	82	79	79	70	70	67	64	61	60	51	51	48	43	43	0	0	
34	34	30	30	30	30	30	30	30	30	30	30	30	30	30	30	30	30	30	30	30	30	30	30	30	30	30	30	30	30	30	30	30	30	30	30	30	30	30	30	30	30	30	30	31	34	34	44	43	46	50	53	54	64	64	67	70	73	73	82	83	83	90	93	94	96	96	96	96	96	96	96	96	96	96	96	96	96	96	96	96	96	96	96	96	96	96	96	96	96	96	96	96	96	96	96	96	96	96	96	96	96	96	96	96	96	96	96	93	93	84	84	83	77	76	73	70	67	67	57	57	54	50	47	47	43	0	0	
30	30	30	30	30	30	30	30	30	30	30	30	30	30	30	30	30	30	30	30	30	30	30	30	30	30	30	30	30	30	30	30	30	30	30	30	30	30	30	30	30	30	30	30	30	36	37	40	43	46	46	56	56	60	64	67	67	76	76	79	84	84	87	96	97	97	97	97	97	97	97	97	97	97	97	97	97	97	97	97	97	97	97	97	97	97	97	97	97	97	97	97	97	97	97	97	97	97	97	97	97	97	97	97	97	97	97	97	92	91	88	84	83	80	76	73	73	64	64	61	56	53	53	44	43	43	0	0	
33	30	30	30	30	30	30	30	30	30	30	30	30	30	30	30	30	30	30	30	30	30	30	30	30	30	30	30	30	30	30	30	30	30	30	30	30	30	30	30	30	30	30	30	30	33	37	40	40	49	49	52	57	60	61	70	70	73	76	80	80	85	87	90	98	98	98	97	97	97	97	97	97	97	97	97	97	97	97	97	97	97	97	97	97	97	97	97	97	97	97	97	97	97	97	97	97	97	97	97	97	97	97	97	97	97	97	97	95	90	88	87	83	80	79	70	70	67	64	61	60	51	50	47	43	43	0	0	
33	33	29	29	29	29	29	29	29	29	29	29	29	29	29	29	29	29	29	29	29	29	29	29	29	29	29	29	29	29	29	29	29	29	29	29	29	29	29	29	29	29	29	29	30	33	33	43	43	46	49	52	53	64	64	67	70	73	73	83	83	84	91	94	95	98	98	98	98	98	98	98	98	98	98	98	98	98	98	98	98	98	98	98	98	98	98	98	98	98	98	98	98	98	98	98	98	98	98	98	98	98	98	98	98	98	98	97	94	94	85	84	84	77	77	74	70	67	67	57	57	54	50	47	46	42	0	0	
28	28	28	28	28	28	28	28	28	28	28	28	28	28	28	28	28	28	28	28	28	28	28	28	28	28	28	28	28	28	28	28	28	28	28	28	28	28	28	28	28	28	28	28	29	36	36	39	42	45	46	55	56	60	64	67	67	76	77	80	84	85	88	97	98	98	98	98	98	98	98	98	98	98	98	98	98	98	98	98	98	98	98	98	98	98	98	98	98	98	98	98	98	98	98	98	98	98	98	98	98	98	98	98	98	98	98	98	93	92	89	84	84	80	76	73	73	64	64	60	56	53	53	44	43	42	0	0	
32	28	28	28	28	28	28	28	28	28	28	28	28	28	28	28	28	28	28	28	28	28	28	28	28	28	28	28	28	28	28	28	28	28	28	28	28	28	28	28	28	28	28	28	28	32	36	39	39	48	49	52	57	60	61	70	70	73	77	80	81	86	89	92	99	99	99	99	99	99	99	99	99	99	99	99	99	99	99	99	99	99	99	99	99	99	99	99	99	99	99	99	99	99	99	99	99	99	99	99	99	99	99	99	99	99	99	98	96	91	88	88	84	80	80	70	70	67	64	60	60	50	50	47	42	41	0	0	
31	31	27	27	27	27	27	27	27	27	27	27	27	27	27	27	27	27	27	27	27	27	27	27	27	27	27	27	27	27	27	27	27	27	27	27	27	27	27	27	27	27	27	27	28	31	31	42	41	45	49	52	53	64	64	67	71	74	74	84	85	85	92	95	96	100	100	100	100	100	100	100	100	100	100	100	100	100	100	100	100	100	100	100	100	100	100	100	100	100	100	100	100	100	100	100	100	100	100	100	100	100	100	100	100	100	100	99	96	95	86	86	85	78	77	74	71	67	67	57	56	53	49	46	45	41	0	0	
27	27	27	27	27	27	27	27	27	27	27	27	27	27	27	27	27	27	27	27	27	27	27	27	27	27	27	27	27	27	27	27	27	27	27	27	27	27	27	27	27	27	27	27	27	35	35	38	41	45	45	55	56	59	64	67	67	77	77	80	85	86	89	98	99	99	100	100	100	100	100	100	100	100	100	100	100	100	100	100	100	100	100	100	100	100	100	100	100	100	100	100	100	100	100	100	100	100	100	100	100	100	100	100	100	100	100	99	94	93	90	85	85	81	77	74	74	64	64	60	56	53	53	43	42	42	0	0	
30	26	26	26	26	26	26	26	26	26	26	26	26	26	26	26	26	26	26	26	26	26	26	26	26	26	26	26	26	26	26	26	26	26	26	26	26	26	26	26	26	26	26	26	26	30	34	38	37	48	48	52	57	60	60	71	71	74	78	81	82	87	90	93	101	101	101	101	101	101	101	101	101	101	101	101	101	101	101	101	101	101	101	101	101	101	101	101	101	101	101	101	101	101	101	101	101	101	101	101	101	101	101	101	101	101	101	100	98	93	90	89	85	81	81	71	71	67	64	60	60	50	49	46	40	40	0	0	
30	30	26	26	26	26	26	26	26	26	26	26	26	26	26	26	26	26	26	26	26	26	26	26	26	26	26	26	26	26	26	26	26	26	26	26	26	26	26	26	26	26	26	26	26	30	30	41	41	44	48	52	53	64	64	67	71	74	74	85	85	86	93	96	97	101	101	101	101	101	101	101	101	101	101	101	101	101	101	101	101	101	101	101	101	101	101	101	101	101	101	101	101	101	101	101	101	101	101	101	101	101	101	101	101	101	101	100	97	97	87	86	86	78	78	74	71	67	67	57	56	53	49	46	45	40	0	0	
25	25	25	25	25	25	25	25	25	25	25	25	25	25	25	25	25	25	25	25	25	25	25	25	25	25	25	25	25	25	25	25	25	25	25	25	25	25	25	25	25	25	25	25	25	33	33	37	40	43	44	55	56	59	64	67	67	78	78	82	86	87	90	100	101	101	102	102	102	102	102	102	102	102	102	102	102	102	102	102	102	102	102	102	102	102	102	102	102	102	102	102	102	102	102	102	102	102	102	102	102	102	102	102	102	102	102	101	96	95	92	86	86	82	78	74	74	64	64	60	56	53	52	42	41	41	0	0	
29	25	25	25	25	25	25	25	25	25	25	25	25	25	25	25	25	25	25	25	25	25	25	25	25	25	25	25	25	25	25	25	25	25	25	25	25	25	25	25	25	25	25	25	25	29	33	37	37	47	47	51	57	60	60	71	71	74	78	82	82	88	91	94	102	102	102	102	102	102	102	102	102	102	102	102	102	102	102	102	102	102	102	102	102	102	102	102	102	102	102	102	102	102	102	102	102	102	102	102	102	102	102	102	102	102	102	101	99	94	91	90	85	82	82	71	71	67	64	60	60	50	49	46	40	40	0	0	
29	29	25	25	25	25	25	25	25	25	25	25	25	25	25	25	25	25	25	25	25	25	25	25	25	25	25	25	25	25	25	25	25	25	25	25	25	25	25	25	25	25	25	25	25	29	29	40	40	44	48	51	52	64	64	67	70	74	74	85	86	86	94	97	98	102	102	102	102	102	102	102	102	102	102	102	102	102	102	102	102	102	102	102	102	102	102	102	102	102	102	102	102	102	102	102	102	102	102	102	102	102	102	102	102	102	102	101	98	97	88	87	87	78	78	74	71	67	67	57	56	53	48	45	44	40	0	0	
24	24	24	24	24	24	24	24	24	24	24	24	24	24	24	24	24	24	24	24	24	24	24	24	24	24	24	24	24	24	24	24	24	24	24	24	24	24	24	24	24	24	24	24	24	32	32	36	39	43	43	55	56	60	64	68	68	78	78	82	87	88	91	101	102	102	103	103	103	103	103	103	103	103	103	103	103	103	103	103	103	103	103	103	103	103	103	103	103	103	103	103	103	103	103	103	103	103	103	103	103	103	103	103	103	103	103	102	96	96	92	87	86	83	78	75	75	64	64	60	56	52	52	41	40	40	0	0	
28	24	24	24	24	24	24	24	24	24	24	24	24	24	24	24	24	24	24	24	24	24	24	24	24	24	24	24	24	24	24	24	24	24	24	24	24	24	24	24	24	24	24	24	24	28	32	36	35	47	47	51	57	60	60	71	71	75	78	82	83	88	92	95	104	103	103	103	103	103	103	103	103	103	103	103	103	103	103	103	103	103	103	103	103	103	103	103	103	103	103	103	103	103	103	103	103	103	103	103	103	103	103	103	103	103	103	102	99	95	92	91	86	82	82	71	71	67	64	60	60	49	49	45	39	39	0	0	
28	28	23	23	23	23	23	23	23	23	23	23	23	23	23	23	23	23	23	23	23	23	23	23	23	23	23	23	23	23	23	23	23	23	23	23	23	23	23	23	23	23	23	23	23	27	27	39	38	43	47	51	52	64	64	68	71	75	75	87	87	88	96	99	100	104	104	104	104	104	104	104	104	104	104	104	104	104	104	104	104	104	104	104	104	104	104	104	104	104	104	104	104	104	104	104	104	104	104	104	104	104	104	104	104	104	104	103	100	99	89	88	88	79	79	75	71	68	68	56	56	53	47	44	43	38	0	0	
23	23	23	23	23	23	23	23	23	23	23	23	23	23	23	23	23	23	23	23	23	23	23	23	23	23	23	23	23	23	23	23	23	23	23	23	23	23	23	23	23	23	23	23	23	32	32	35	38	42	43	55	56	59	64	68	68	79	78	83	88	88	92	102	103	103	104	104	104	104	104	104	104	104	104	104	104	104	104	104	104	104	104	104	104	104	104	104	104	104	104	104	104	104	104	104	104	104	104	104	104	104	104	104	104	104	104	103	97	96	93	88	87	83	79	75	75	64	64	60	56	52	52	41	39	40	0	0	
26	22	22	22	22	22	22	22	22	22	22	22	22	22	22	22	22	22	22	22	22	22	22	22	22	22	22	22	22	22	22	22	22	22	22	22	22	22	22	22	22	22	22	22	23	27	31	35	34	46	46	50	56	60	60	72	71	75	79	83	83	90	93	97	106	105	105	105	105	105	105	105	105	105	105	105	105	105	105	105	105	105	105	105	105	105	105	105	105	105	105	105	105	105	105	105	105	105	105	105	105	105	105	105	105	105	105	104	101	96	93	92	87	83	83	71	72	68	65	60	60	49	48	44	38	38	0	0	
26	26	22	22	22	22	22	22	22	22	22	22	22	22	22	22	22	22	22	22	22	22	22	22	22	22	22	22	22	22	22	22	22	22	22	22	22	22	22	22	22	22	22	22	23	27	27	39	38	42	46	51	51	64	64	68	71	75	75	87	88	89	97	100	101	105	105	105	105	105	105	105	105	105	105	105	105	105	105	105	105	105	105	105	105	105	105	105	105	105	105	105	105	105	105	105	105	105	105	105	105	105	105	105	105	105	105	104	101	100	90	89	89	79	79	75	72	68	68	56	56	52	47	44	42	38	0	0	
21	21	21	21	21	21	21	21	21	21	21	21	21	21	21	21	21	21	21	21	21	21	21	21	21	21	21	21	21	21	21	21	21	21	21	21	21	21	21	21	21	21	21	21	21	30	30	34	37	41	41	54	55	59	64	68	68	79	79	84	89	90	93	104	106	105	106	106	106	106	106	106	106	106	106	106	106	106	106	106	106	106	106	106	106	106	106	106	106	106	106	106	106	106	106	106	106	106	106	106	106	106	106	106	106	106	106	105	99	98	95	89	88	84	79	75	76	64	64	60	55	51	51	40	38	38	0	0	
25	21	21	21	21	21	21	21	21	21	21	21	21	21	21	21	21	21	21	21	21	21	21	21	21	21	21	21	21	21	21	21	21	21	21	21	21	21	21	21	21	21	21	21	21	26	30	34	34	46	46	50	56	60	60	73	72	76	80	84	84	91	94	98	107	107	107	106	106	106	106	106	106	106	106	106	106	106	106	106	106	106	106	106	106	106	106	106	106	106	106	106	106	106	106	106	106	106	106	106	106	106	106	106	106	106	106	106	103	98	94	93	88	84	84	72	72	68	65	60	60	48	47	44	37	37	0	0	
25	25	21	21	21	21	21	21	21	21	21	21	21	21	21	21	21	21	21	21	21	21	21	21	21	21	21	21	21	21	21	21	21	21	21	21	21	21	21	21	21	21	21	21	22	26	26	38	38	42	46	50	51	64	64	68	72	76	76	88	89	89	98	101	102	106	106	106	106	106	106	106	106	106	106	106	106	106	106	106	106	106	106	106	106	106	106	106	106	106	106	106	106	106	106	106	106	106	106	106	106	106	106	106	106	106	106	105	102	101	91	90	89	80	80	76	73	68	69	56	55	52	46	43	42	37	0	0	
20	20	20	20	20	20	20	20	20	20	20	20	20	20	20	20	20	20	20	20	20	20	20	20	20	20	20	20	20	20	20	20	20	20	20	20	20	20	20	20	20	20	20	20	20	29	29	33	36	41	41	54	55	59	64	69	68	80	80	84	90	90	94	105	107	106	107	107	107	107	107	107	107	107	107	107	107	107	107	107	107	107	107	107	107	107	107	107	107	107	107	107	107	107	107	107	107	107	107	107	107	107	107	107	107	107	107	107	100	99	95	90	89	85	80	76	76	64	64	59	55	51	50	39	38	38	0	0	
24	20	20	20	20	20	20	20	20	20	20	20	20	20	20	20	20	20	20	20	20	20	20	20	20	20	20	20	20	20	20	20	20	20	20	20	20	20	20	20	20	20	20	20	20	24	29	33	33	45	45	49	55	60	60	73	72	77	80	85	85	91	95	38	108	108	108	107	107	107	107	107	107	107	107	107	107	107	107	107	107	107	107	107	107	107	107	107	107	107	107	107	107	107	107	107	107	107	107	107	107	107	107	107	107	107	107	107	103	98	95	94	89	85	84	72	72	68	65	60	59	47	47	43	36	36	0	0	
24	24	19	19	19	19	19	19	19	19	19	19	19	19	19	19	19	19	19	19	19	19	19	19	19	19	19	19	19	19	19	19	19	19	19	19	19	19	19	19	19	19	19	19	19	24	24	37	36	40	44	49	50	64	64	69	72	76	76	89	90	90	99	103	104	108	108	108	108	108	108	108	108	108	108	108	108	108	108	108	108	108	108	108	108	108	108	108	108	108	108	108	108	108	108	108	108	108	108	108	108	108	108	108	108	108	108	107	104	103	92	91	90	81	81	77	73	69	69	55	54	51	45	42	40	36	0	0	
18	18	18	18	18	18	18	18	18	18	18	18	18	18	18	18	18	18	18	18	18	18	18	18	18	18	18	18	18	18	18	18	18	18	18	18	18	18	18	18	18	18	18	18	19	28	28	32	36	40	40	53	54	59	64	68	68	81	81	85	90	91	95	106	108	107	108	108	108	108	108	108	108	108	108	108	108	108	108	108	108	108	108	108	108	108	108	108	108	108	108	108	108	108	108	108	108	108	108	108	108	108	108	108	108	108	108	108	101	100	96	90	90	86	81	76	77	64	64	59	54	50	50	38	37	37	0	0	
22	17	17	17	17	17	17	17	17	17	17	17	17	17	17	17	17	17	17	17	17	17	17	17	17	17	17	17	17	17	17	17	17	17	17	17	17	17	17	17	17	17	17	17	18	22	27	31	31	44	44	48	55	60	60	73	73	77	81	86	86	93	96	33	110	110	110	109	109	109	109	109	109	109	109	109	109	109	109	109	109	109	109	109	109	109	109	109	109	109	109	109	109	109	109	109	109	109	109	109	109	109	109	109	109	109	109	109	105	100	96	95	90	85	85	72	73	68	65	59	59	46	45	42	35	35	0	0	
22	22	17	17	17	17	17	17	17	17	17	17	17	17	17	17	17	17	17	17	17	17	17	17	17	17	17	17	17	17	17	17	17	17	17	17	17	17	17	17	17	17	17	17	18	23	23	36	35	40	44	48	49	64	64	69	72	77	77	90	90	91	100	104	105	109	109	109	109	109	109	109	109	109	109	109	109	109	109	109	109	109	109	109	109	109	109	109	109	109	109	109	109	109	109	109	109	109	109	109	109	109	109	109	109	109	109	108	105	104	93	92	91	81	81	77	73	68	69	54	54	50	45	41	40	35	0	0	
16	16	16	16	16	16	16	16	16	16	16	16	16	16	16	16	16	16	16	16	16	16	16	16	16	16	16	16	16	16	16	16	16	16	16	16	16	16	16	16	16	16	16	16	17	26	26	31	34	39	39	53	54	58	64	69	68	81	81	86	92	92	96	108	110	109	110	110	110	110	110	110	110	110	110	110	110	110	110	110	110	110	110	110	110	110	110	110	110	110	110	110	110	110	110	110	110	110	110	110	110	110	110	110	110	110	110	110	102	102	98	92	91	87	81	77	77	64	64	59	53	50	49	37	35	35	0	0	
21	17	17	17	17	17	17	17	17	17	17	17	17	17	17	17	17	17	17	17	17	17	17	17	17	17	17	17	17	17	17	17	17	17	17	17	17	17	17	17	17	17	17	17	17	22	27	31	30	44	44	48	55	59	59	74	73	77	81	86	86	93	97	101	111	111	111	110	110	110	110	110	110	110	110	110	110	110	110	110	110	110	110	110	110	110	110	110	110	110	110	110	110	110	110	110	110	110	110	110	110	110	110	110	110	110	110	110	106	101	97	96	91	86	86	73	73	68	65	59	59	46	45	41	34	34	0	0	
21	21	16	16	16	16	16	16	16	16	16	16	16	16	16	16	16	16	16	16	16	16	16	16	16	16	16	16	16	16	16	16	16	16	16	16	16	16	16	16	16	16	16	16	17	22	22	35	35	39	44	48	49	64	64	69	73	77	77	91	91	92	101	104	106	110	110	110	110	110	110	110	110	110	110	110	110	110	110	110	110	110	110	110	110	110	110	110	110	110	110	110	110	110	110	110	110	110	110	110	110	110	110	110	110	110	110	109	106	105	93	92	92	82	81	77	74	69	69	54	54	50	45	41	39	34	0	0	
16	16	16	16	16	16	16	16	16	16	16	16	16	16	16	16	16	16	16	16	16	16	16	16	16	16	16	16	16	16	16	16	16	16	16	16	16	16	16	16	16	16	16	16	16	26	26	30	34	39	39	52	54	58	64	69	68	82	82	86	92	93	97	109	110	110	111	111	111	111	111	111	111	111	111	111	111	111	111	111	111	111	111	111	111	111	111	111	111	111	111	111	111	111	111	111	111	111	111	111	111	111	111	111	111	111	111	110	103	102	98	92	92	87	82	77	77	64	64	59	54	50	49	36	35	35	0	0	
20	15	15	15	15	15	15	15	15	15	15	15	15	15	15	15	15	15	15	15	15	15	15	15	15	15	15	15	15	15	15	15	15	15	15	15	15	15	15	15	15	15	15	15	16	20	26	30	30	43	43	48	55	59	59	74	73	78	82	86	87	94	98	30	112	112	112	111	111	111	111	111	111	111	111	111	111	111	111	111	111	111	111	111	111	111	111	111	111	111	111	111	111	111	111	111	111	111	111	111	111	111	111	111	111	111	111	111	107	102	97	97	91	87	86	73	73	68	65	59	59	46	45	41	34	34	0	0	
20	20	15	15	15	15	15	15	15	15	15	15	15	15	15	15	15	15	15	15	15	15	15	15	15	15	15	15	15	15	15	15	15	15	15	15	15	15	15	15	15	15	15	15	15	20	20	34	34	38	43	48	49	64	64	69	73	77	77	92	92	93	102	106	108	112	112	112	112	112	112	112	112	112	112	112	112	112	112	112	112	112	112	112	112	112	112	112	112	112	112	112	112	112	112	112	112	112	112	112	112	112	112	112	112	112	112	111	107	107	94	93	93	83	82	78	74	69	69	54	54	50	44	40	38	33	0	0	
15	15	15	15	15	15	15	15	15	15	15	15	15	15	15	15	15	15	15	15	15	15	15	15	15	15	15	15	15	15	15	15	15	15	15	15	15	15	15	15	15	15	15	15	15	25	25	29	33	38	38	52	53	58	64	69	68	82	82	87	93	93	98	110	112	111	112	112	112	112	112	112	112	112	112	112	112	112	112	112	112	112	112	112	112	112	112	112	112	112	112	112	112	112	112	112	112	112	112	112	112	112	112	112	112	112	112	112	104	103	99	93	92	88	82	77	78	64	64	59	54	49	49	36	34	34	0	0	
19	14	14	14	14	14	14	14	14	14	14	14	14	14	14	14	14	14	14	14	14	14	14	14	14	14	14	14	14	14	14	14	14	14	14	14	14	14	14	14	14	14	14	14	15	19	25	29	29	43	43	47	55	59	59	73	73	78	82	87	87	94	98	29	113	113	113	112	112	112	112	112	112	112	112	112	112	112	112	112	112	112	112	112	112	112	112	112	112	112	112	112	112	112	112	112	112	112	112	112	112	112	112	112	112	112	112	112	108	103	98	98	92	87	87	73	73	68	65	59	59	45	44	40	33	33	0	0	
18	18	14	14	14	14	14	14	14	14	14	14	14	14	14	14	14	14	14	14	14	14	14	14	14	14	14	14	14	14	14	14	14	14	14	14	14	14	14	14	14	14	14	14	14	19	19	33	33	38	42	47	48	64	64	69	73	78	78	92	93	94	103	108	109	113	113	113	113	113	113	113	113	113	113	113	113	113	113	113	113	113	113	113	113	113	113	113	113	113	113	113	113	113	113	113	113	113	113	113	113	113	113	113	113	113	113	112	109	108	95	94	94	83	83	78	74	69	69	54	54	49	43	39	38	32	0	0	
13	13	13	13	13	13	13	13	13	13	13	13	13	13	13	13	13	13	13	13	13	13	13	13	13	13	13	13	13	13	13	13	13	13	13	13	13	13	13	13	13	13	13	13	14	24	24	28	32	38	38	52	53	58	64	69	69	82	82	88	93	94	98	111	113	112	113	113	113	113	113	113	113	113	113	113	113	113	113	113	113	113	113	113	113	113	113	113	113	113	113	113	113	113	113	113	113	113	113	113	113	113	113	113	113	113	113	113	105	104	100	93	93	88	82	78	78	64	64	59	53	49	48	35	34	34	0	0	
18	13	13	13	13	13	13	13	13	13	13	13	13	13	13	13	13	13	13	13	13	13	13	13	13	13	13	13	13	13	13	13	13	13	13	13	13	13	13	13	13	13	13	13	13	18	23	28	27	42	42	47	54	59	59	74	74	78	83	88	88	96	100	26	116	115	115	115	115	115	115	115	115	115	115	115	115	115	115	115	115	115	115	115	115	115	115	115	115	115	115	115	115	115	115	115	115	115	115	115	115	115	115	115	115	115	115	114	110	104	100	99	93	88	88	73	74	69	65	59	59	45	44	40	32	32	0	0	
18	18	13	13	13	13	13	13	13	13	13	13	13	13	13	13	13	13	13	13	13	13	13	13	13	13	13	13	13	13	13	13	13	13	13	13	13	13	13	13	13	13	13	13	13	18	18	33	32	37	42	47	48	64	64	69	73	78	78	93	93	94	104	108	110	114	114	114	114	114	114	114	114	114	114	114	114	114	114	114	114	114	114	114	114	114	114	114	114	114	114	114	114	114	114	114	114	114	114	114	114	114	114	114	114	114	114	113	110	109	96	95	94	83	83	78	74	69	69	54	54	49	43	39	37	32	0	0	
11	11	11	11	11	11	11	11	11	11	11	11	11	11	11	11	11	11	11	11	11	11	11	11	11	11	11	11	11	11	11	11	11	11	11	11	11	11	11	11	11	11	11	11	12	22	23	27	31	36	36	51	53	58	64	69	69	83	83	88	95	96	100	113	115	114	115	115	115	115	115	115	115	115	115	115	115	115	115	115	115	115	115	115	115	115	115	115	115	115	115	115	115	115	115	115	115	115	115	115	115	115	115	115	115	115	115	115	107	106	102	95	94	89	83	78	79	64	64	59	53	49	48	34	33	33	0	0	
16	11	11	11	11	11	11	11	11	11	11	11	11	11	11	11	11	11	11	11	11	11	11	11	11	11	11	11	11	11	11	11	11	11	11	11	11	11	11	11	11	11	11	11	12	17	23	27	27	42	42	47	54	59	59	74	74	79	83	88	89	96	101	21	116	116	116	115	115	115	115	115	115	115	115	115	115	115	115	115	115	115	115	115	115	115	115	115	115	115	115	115	115	115	115	115	115	115	115	115	115	115	115	115	115	115	115	115	111	105	100	99	93	88	88	73	74	69	65	59	59	44	43	39	31	31	0	0	
16	16	10	10	10	10	10	10	10	10	10	10	10	10	10	10	10	10	10	10	10	10	10	10	10	10	10	10	10	10	10	10	10	10	10	10	10	10	10	10	10	10	10	10	11	16	17	32	31	36	41	46	47	64	64	69	74	79	79	94	95	96	106	110	112	116	116	116	116	116	116	116	116	116	116	116	116	116	116	116	116	116	116	116	116	116	116	116	116	116	116	116	116	116	116	116	116	116	116	116	116	116	116	116	116	116	116	115	112	111	97	96	96	84	84	79	75	70	70	54	53	49	42	38	36	31	0	0	
10	10	10	10	10	10	10	10	10	10	10	10	10	10	10	10	10	10	10	10	10	10	10	10	10	10	10	10	10	10	10	10	10	10	10	10	10	10	10	10	10	10	10	10	11	22	22	27	31	36	36	51	52	58	65	70	69	84	84	89	95	96	101	115	116	116	117	117	117	117	117	117	117	117	117	117	117	117	117	117	117	117	117	117	117	117	117	117	117	117	117	117	117	117	117	117	117	117	117	117	117	117	117	117	117	117	117	116	108	107	103	95	95	90	84	79	79	65	65	59	53	48	47	34	32	32	0	0	
15	9	9	9	9	9	9	9	9	9	9	9	9	9	9	9	9	9	9	9	9	9	9	9	9	9	9	9	9	9	9	9	9	9	9	9	9	9	9	9	9	9	9	9	10	15	21	26	26	41	41	46	53	59	59	75	74	79	84	89	90	98	102	17	118	118	118	117	117	117	117	117	117	117	117	117	117	117	117	117	117	117	117	117	117	117	117	117	117	117	117	117	117	117	117	117	117	117	117	117	117	117	117	117	117	117	117	117	113	107	102	101	94	90	89	74	74	69	65	59	58	44	43	39	30	30	0	0	
15	15	9	9	9	9	9	9	9	9	9	9	9	9	9	9	9	9	9	9	9	9	9	9	9	9	9	9	9	9	9	9	9	9	9	9	9	9	9	9	9	9	9	9	10	15	16	31	31	36	41	46	47	64	64	70	74	79	79	95	95	96	107	111	113	118	118	118	118	118	118	118	118	118	118	118	118	118	118	118	118	118	118	118	118	118	118	118	118	118	118	118	118	118	118	118	118	118	118	118	118	118	118	118	118	118	118	116	113	112	98	97	96	85	84	79	75	70	70	53	53	48	42	37	36	30	0	0	
8	8	8	8	8	8	8	8	8	8	8	8	8	8	8	8	8	8	8	8	8	8	8	8	8	8	8	8	8	8	8	8	8	8	8	8	8	8	8	8	8	8	8	8	9	20	20	25	30	35	35	51	52	57	65	70	69	84	84	90	96	97	102	116	118	117	118	118	118	118	118	118	118	118	118	118	118	118	118	118	118	118	118	118	118	118	118	118	118	118	118	118	118	118	118	118	118	118	118	118	118	118	118	118	118	118	118	118	109	108	104	96	95	90	84	79	80	65	65	59	52	48	47	33	31	31	0	0	
14	8	8	8	8	8	8	8	8	8	8	8	8	8	8	8	8	8	8	8	8	8	8	8	8	8	8	8	8	8	8	8	8	8	8	8	8	8	8	8	8	8	8	8	9	14	20	25	25	40	40	45	53	59	59	75	75	80	85	90	90	98	103	17	120	119	119	119	119	119	119	119	119	119	119	119	119	119	119	119	119	119	119	119	119	119	119	119	119	119	119	119	119	119	119	119	119	119	119	119	119	119	119	119	119	119	119	118	114	108	103	102	95	90	90	74	75	69	65	59	58	43	42	38	30	29	0	0	
14	14	8	8	8	8	8	8	8	8	8	8	8	8	8	8	8	8	8	8	8	8	8	8	8	8	8	8	8	8	8	8	8	8	8	8	8	8	8	8	8	8	8	8	9	14	15	31	30	35	40	45	47	64	64	70	74	79	79	95	96	97	108	112	114	119	119	119	119	119	119	119	119	119	119	119	119	119	119	119	119	119	119	119	119	119	119	119	119	119	119	119	119	119	119	119	119	119	119	119	119	119	119	119	119	119	119	117	113	112	98	97	97	85	85	80	75	70	70	53	53	48	41	37	35	29	0	0	
7	7	7	7	7	7	7	7	7	7	7	7	7	7	7	7	7	7	7	7	7	7	7	7	7	7	7	7	7	7	7	7	7	7	7	7	7	7	7	7	7	7	7	7	8	19	19	24	29	34	35	50	52	57	65	70	70	84	85	90	97	98	102	117	119	118	119	119	119	119	119	119	119	119	119	119	119	119	119	119	119	119	119	119	119	119	119	119	119	119	119	119	119	119	119	119	119	119	119	119	119	119	119	119	119	119	119	119	110	109	105	97	96	91	84	79	80	65	65	59	52	47	46	32	30	30	0	0	
13	7	7	7	7	7	7	7	7	7	7	7	7	7	7	7	7	7	7	7	7	7	7	7	7	7	7	7	7	7	7	7	7	7	7	7	7	7	7	7	7	7	7	7	8	13	19	24	24	40	40	45	53	59	59	75	75	80	85	91	91	99	104	13	121	120	120	120	120	120	120	120	120	120	120	120	120	120	120	120	120	120	120	120	120	120	120	120	120	120	120	120	120	120	120	120	120	120	120	120	120	120	120	120	120	120	120	119	115	108	104	103	96	90	90	74	75	69	65	59	58	43	42	37	29	28	0	0	
13	13	6	6	6	6	6	6	6	6	6	6	6	6	6	6	6	6	6	6	6	6	6	6	6	6	6	6	6	6	6	6	6	6	6	6	6	6	6	6	6	6	6	6	7	13	13	29	28	34	40	45	46	64	64	70	75	80	80	97	97	98	109	113	115	120	120	120	120	120	120	120	120	120	120	120	120	120	120	120	120	120	120	120	120	120	120	120	120	120	120	120	120	120	120	120	120	120	120	120	120	120	120	120	120	120	120	119	115	114	100	99	98	86	85	80	76	70	70	53	52	48	41	36	34	27	0	0	
6	6	6	6	6	6	6	6	6	6	6	6	6	6	6	6	6	6	6	6	6	6	6	6	6	6	6	6	6	6	6	6	6	6	6	6	6	6	6	6	6	6	6	6	7	18	18	23	28	34	34	50	51	57	65	70	70	85	85	91	98	99	104	118	120	119	121	121	121	121	121	121	121	121	121	121	121	121	121	121	121	121	121	121	121	121	121	121	121	121	121	121	121	121	121	121	121	121	121	121	121	121	121	121	121	121	121	120	111	110	106	98	98	92	85	80	80	65	65	59	52	47	46	31	29	29	0	0	
12	6	6	6	6	6	6	6	6	6	6	6	6	6	6	6	6	6	6	6	6	6	6	6	6	6	6	6	6	6	6	6	6	6	6	6	6	6	6	6	6	6	6	6	6	12	18	24	23	40	40	45	53	58	59	76	75	80	85	91	92	100	105	12	122	121	121	121	121	121	121	121	121	121	121	121	121	121	121	121	121	121	121	121	121	121	121	121	121	121	121	121	121	121	121	121	121	121	121	121	121	121	121	121	121	121	121	120	116	109	105	104	97	91	91	75	75	70	65	59	58	43	42	37	28	27	0	0	
11	11	5	5	5	5	5	5	5	5	5	5	5	5	5	5	5	5	5	5	5	5	5	5	5	5	5	5	5	5	5	5	5	5	5	5	5	5	5	5	5	5	5	5	6	12	12	28	28	34	39	45	46	64	64	70	75	80	80	98	98	99	110	115	117	122	122	122	122	122	122	122	122	122	122	122	122	122	122	122	122	122	122	122	122	122	122	122	122	122	122	122	122	122	122	122	122	122	122	122	122	122	122	122	122	122	122	121	116	115	101	100	99	86	86	80	76	70	70	53	52	47	40	35	34	27	0	0	
5	5	5	5	5	5	5	5	5	5	5	5	5	5	5	5	5	5	5	5	5	5	5	5	5	5	5	5	5	5	5	5	5	5	5	5	5	5	5	5	5	5	5	5	5	17	17	23	27	33	33	50	52	57	65	70	70	85	85	91	99	100	105	120	121	121	122	122	122	122	122	122	122	122	122	122	122	122	122	122	122	122	122	122	122	122	122	122	122	122	122	122	122	122	122	122	122	122	122	122	122	122	122	122	122	122	122	121	112	111	106	99	98	92	85	80	80	65	65	59	52	47	46	31	29	29	0	0	
11	4	4	4	4	4	4	4	4	4	4	4	4	4	4	4	4	4	4	4	4	4	4	4	4	4	4	4	4	4	4	4	4	4	4	4	4	4	4	4	4	4	4	4	5	10	17	22	22	39	39	44	53	59	59	76	75	81	86	92	93	102	106	9	124	124	124	123	123	123	123	123	123	123	123	123	123	123	123	123	123	123	123	123	123	123	123	123	123	123	123	123	123	123	123	123	123	123	123	123	123	123	123	123	123	123	123	123	118	111	106	105	98	92	92	75	75	70	65	59	58	42	41	36	27	27	0	0	
10	10	4	4	4	4	4	4	4	4	4	4	4	4	4	4	4	4	4	4	4	4	4	4	4	4	4	4	4	4	4	4	4	4	4	4	4	4	4	4	4	4	4	4	5	11	11	28	27	33	39	44	46	64	64	70	74	80	80	98	98	100	111	116	117	123	123	123	123	123	123	123	123	123	123	123	123	123	123	123	123	123	123	123	123	123	123	123	123	123	123	123	123	123	123	123	123	123	123	123	123	123	123	123	123	123	123	122	118	116	101	100	100	86	86	80	75	70	70	53	52	47	40	35	33	27	0	0	
3	3	3	3	3	3	3	3	3	3	3	3	3	3	3	3	3	3	3	3	3	3	3	3	3	3	3	3	3	3	3	3	3	3	3	3	3	3	3	3	3	3	3	3	3	15	16	21	26	32	32	50	51	57	65	70	70	86	86	93	100	101	106	122	123	123	124	124	124	124	124	124	124	124	124	124	124	124	124	124	124	124	124	124	124	124	124	124	124	124	124	124	124	124	124	124	124	124	124	124	124	124	124	124	124	124	124	123	114	113	108	100	99	93	86	81	81	65	65	58	51	46	45	29	28	28	0	0	
9	3	3	3	3	3	3	3	3	3	3	3	3	3	3	3	3	3	3	3	3	3	3	3	3	3	3	3	3	3	3	3	3	3	3	3	3	3	3	3	3	3	3	3	3	9	16	21	21	38	38	44	53	59	59	76	75	81	86	92	93	102	107	4	125	124	124	124	124	124	124	124	124	124	124	124	124	124	124	124	124	124	124	124	124	124	124	124	124	124	124	124	124	124	124	124	124	124	124	124	124	124	124	124	124	124	124	123	119	112	107	106	98	92	92	75	75	69	65	58	58	42	41	35	26	26	0	0	
9	9	2	2	2	2	2	2	2	2	2	2	2	2	2	2	2	2	2	2	2	2	2	2	2	2	2	2	2	2	2	2	2	2	2	2	2	2	2	2	2	2	2	1	3	9	9	26	25	32	38	44	45	64	64	70	75	81	81	99	100	101	112	117	119	125	125	125	125	125	125	125	125	125	125	125	125	125	125	125	125	125	125	125	125	125	125	125	125	125	125	125	125	125	125	125	125	125	125	125	125	125	125	125	125	125	125	124	119	118	103	102	101	87	87	81	76	70	70	52	51	47	39	33	32	25	0	0	
2	2	2	2	2	2	2	2	2	2	2	2	2	2	2	2	2	2	2	2	2	2	2	2	2	2	2	2	2	2	2	2	2	2	2	2	2	2	2	2	2	2	2	1	2	15	15	20	25	31	31	50	51	57	65	70	70	87	86	93	101	102	107	123	124	124	125	125	125	125	125	125	125	125	125	125	125	125	125	125	125	125	125	125	125	125	125	125	125	125	125	125	125	125	125	125	125	125	125	125	125	125	125	125	125	125	125	125	115	114	109	101	100	94	87	81	81	65	65	58	51	46	45	28	26	27	0	0	
7	1	1	1	1	1	1	1	1	1	1	1	1	1	1	1	1	1	1	1	1	1	1	1	1	1	1	1	1	1	1	1	1	1	1	1	1	1	1	1	1	1	1	1	2	7	14	20	20	37	37	43	52	58	58	76	76	82	87	93	94	103	109	1	127	126	126	126	126	126	126	126	126	126	126	126	126	126	126	126	126	126	126	126	126	126	126	126	126	126	126	126	126	126	126	126	126	126	126	126	126	126	126	126	126	126	126	125	121	113	108	107	100	94	93	75	76	70	65	58	58	41	40	35	24	24	0	0	
7	7	1	1	1	1	1	1	1	1	1	1	1	1	1	1	1	1	1	1	1	1	1	1	1	1	1	1	1	1	1	1	1	1	1	1	1	1	1	1	1	1	1	1	2	8	8	25	25	31	37	44	45	64	64	70	75	81	82	100	100	102	114	118	120	126	126	126	126	126	126	126	126	126	126	126	126	126	126	126	126	126	126	126	126	126	126	126	126	126	126	126	126	126	126	126	126	126	126	126	126	126	126	126	126	126	126	125	120	119	104	102	102	88	87	81	76	70	70	52	51	46	38	33	255	24	0	0	
0	0	0	0	0	0	0	0	0	0	0	0	0	0	0	0	0	0	0	0	0	0	0	0	0	0	0	0	0	0	0	0	0	0	0	0	0	0	0	0	0	0	0	0	1	13	13	19	24	30	30	49	50	57	65	71	70	88	88	94	101	102	108	124	125	125	127	127	127	127	127	127	127	127	127	127	127	127	127	127	127	127	127	127	127	127	127	127	127	127	127	127	127	127	127	127	127	127	127	127	127	127	127	127	127	127	127	126	116	115	110	101	101	95	88	82	82	65	65	58	51	45	44	27	26	26	0	0	
6	0	0	0	0	0	0	0	0	0	0	0	0	0	0	0	0	0	0	0	0	0	0	0	0	0	0	0	0	0	0	0	0	0	0	0	0	0	0	0	0	0	0	0	1	6	13	19	18	37	37	43	52	58	58	77	76	82	88	94	95	104	109	0	127	127	127	127	127	127	127	127	127	127	127	127	127	127	127	127	127	127	127	127	127	127	127	127	127	127	127	127	127	127	127	127	127	127	127	127	127	127	127	127	127	127	127	126	122	115	109	108	101	95	94	76	76	70	65	58	58	40	39	34	24	24	0	0	
