0	0	2	5	10	10	10	14	12	17	17	22	22	24	29	29	31	31	36	33	38	38	43	128	123	123	123	118	114	116	111	114	109	109	107	102	102	97	99	95	95	92	90	87	85	85	90	90	95	92	99	97	102	102	109	109	114	114	116	114	121	121	121	123	128	128	214	209	209	204	207	202	202	202	200	197	195	193	185	183	185	185	181	181	176	176	171	171	176	176	181	181	185	185	183	188	188	193	193	200	197	202	202	204	207	209	38	43	43	41	38	36	36	36	31	31	29	29	24	24	17	17	14	14	10	7	10	5	
0	0	2	3	8	10	8	13	13	17	18	22	22	23	26	26	31	31	35	35	40	40	43	128	125	125	123	120	116	116	111	111	108	108	107	103	102	98	98	93	93	90	88	87	85	85	88	90	93	93	97	97	102	103	108	108	111	111	115	116	120	120	120	125	128	128	214	211	209	206	206	202	202	201	197	196	194	193	188	184	183	183	179	179	174	174	171	171	174	174	179	179	183	183	184	189	189	193	193	197	197	201	202	206	206	209	40	43	43	41	40	35	35	35	31	30	26	26	23	23	18	18	13	12	10	8	8	3	
0	0	0	3	7	9	9	12	12	15	17	21	21	22	26	26	31	31	34	34	40	40	43	128	125	125	123	118	114	116	111	111	107	107	106	102	100	97	97	94	92	88	88	85	85	85	88	88	94	92	97	95	100	102	107	107	111	111	114	114	119	119	119	125	126	128	214	211	209	205	205	202	202	200	197	195	193	192	186	183	183	183	180	178	174	174	173	171	174	174	178	180	183	183	183	188	188	192	192	197	197	200	202	204	205	209	38	43	43	40	40	34	34	34	31	29	26	26	22	22	17	17	12	12	9	7	7	3	
0	0	0	3	7	9	9	12	12	15	17	21	21	22	26	26	31	31	34	34	40	40	43	128	125	125	123	118	114	116	111	111	107	107	106	102	100	97	97	94	92	88	88	85	85	85	88	88	94	92	97	95	100	102	107	107	111	111	114	114	119	119	119	125	126	128	214	211	209	205	205	202	202	200	197	195	193	192	186	183	183	183	180	178	174	174	173	171	174	174	178	180	183	183	183	188	188	192	192	197	197	200	202	204	205	209	38	43	43	40	40	34	34	34	31	29	26	26	22	22	17	17	12	12	9	7	7	3	
0	0	0	3	7	9	9	12	12	15	17	21	21	22	26	26	31	31	34	34	40	40	43	128	125	125	123	118	114	116	111	111	107	107	106	102	100	97	97	94	92	88	88	85	85	85	88	88	94	92	97	95	100	102	107	107	111	111	114	114	119	119	119	125	126	128	214	211	209	205	205	202	202	200	197	195	193	192	186	183	183	183	180	178	174	174	173	171	174	174	178	180	183	183	183	188	188	192	192	197	197	200	202	204	205	209	38	43	43	40	40	34	34	34	31	29	26	26	22	22	17	17	12	12	9	7	7	3	
0	0	1	4	7	8	9	13	13	16	16	21	21	22	26	26	30	30	34	35	39	38	43	128	124	123	123	118	114	115	111	111	107	107	106	101	101	98	98	94	93	90	89	86	85	85	89	89	93	93	97	97	101	102	107	107	111	111	114	114	118	119	120	123	214	127	214	209	209	206	205	201	201	200	197	196	193	192	187	184	183	183	179	178	175	175	171	171	175	175	179	179	183	183	184	187	188	192	192	196	197	200	201	204	206	209	38	43	43	39	38	35	34	33	30	29	26	26	22	22	17	16	13	12	9	8	8	4	
0	0	0	4	6	8	8	13	13	15	16	20	20	22	25	25	29	29	34	34	38	38	42	128	123	123	122	118	113	114	110	110	107	107	105	101	100	98	98	93	91	89	89	85	85	85	89	89	93	91	96	96	100	101	107	107	110	110	113	113	118	119	119	123	127	214	213	209	208	205	205	200	200	199	196	195	193	191	186	184	184	182	179	177	175	174	172	171	175	175	177	179	182	184	184	187	187	191	191	195	196	199	200	204	205	208	208	42	42	38	38	34	34	33	29	28	25	25	22	22	16	16	13	13	8	6	6	4	
0	0	0	4	6	8	8	13	13	15	16	20	20	22	25	25	29	29	34	34	38	38	42	128	123	123	122	118	113	114	110	110	107	107	105	101	100	98	98	93	91	89	89	85	85	85	89	89	93	91	96	96	100	101	107	107	110	110	113	113	118	119	119	123	127	214	213	209	208	205	205	200	200	199	196	195	193	191	186	184	184	182	179	177	175	174	172	171	175	175	177	179	182	184	184	187	187	191	191	195	196	199	200	204	205	208	208	42	42	38	38	34	34	33	29	28	25	25	22	22	16	16	13	13	8	6	6	4	
0	0	0	4	6	8	8	13	13	15	16	20	20	22	25	25	29	29	34	34	38	38	42	128	123	123	122	118	113	114	110	110	107	107	105	101	100	98	98	93	91	89	89	85	85	85	89	89	93	91	96	96	100	101	107	107	110	110	113	113	118	119	119	123	127	214	213	209	208	205	205	200	200	199	196	195	193	191	186	184	184	182	179	177	175	174	172	171	175	175	177	179	182	184	184	187	187	191	191	195	196	199	200	204	205	208	208	42	42	38	38	34	34	33	29	28	25	25	22	22	16	16	13	13	8	6	6	4	
0	0	0	4	7	9	9	14	14	16	17	21	21	22	26	26	29	31	36	36	39	38	43	128	124	123	123	119	114	114	111	111	107	107	106	102	101	99	99	94	92	90	89	85	85	85	89	90	92	92	97	97	101	102	107	107	111	111	114	114	119	119	121	123	214	127	214	209	209	207	205	202	202	200	197	196	193	192	187	185	183	183	178	178	175	173	172	171	175	175	178	178	183	183	185	188	188	192	192	196	197	200	200	205	207	209	38	43	43	39	38	36	34	34	29	29	26	26	22	22	17	17	14	12	9	7	7	4	
0	0	1	5	8	9	9	13	13	16	17	21	21	22	26	26	30	30	34	34	39	39	42	128	124	124	123	118	114	115	111	111	107	107	106	102	101	98	98	94	93	90	90	86	85	85	90	90	94	93	97	97	101	102	107	107	111	111	114	114	118	119	120	124	127	214	213	210	209	205	205	201	201	200	197	196	193	192	187	184	184	183	180	179	176	175	172	171	176	176	179	180	183	184	184	188	189	192	192	196	197	200	201	204	206	209	209	42	42	39	39	35	34	33	30	29	26	26	22	22	17	17	13	13	9	8	8	5	
0	0	1	5	8	9	9	13	13	16	17	21	21	22	26	26	30	30	34	34	39	39	42	128	124	124	123	118	114	115	111	111	107	107	106	102	101	98	98	94	93	90	90	86	85	85	90	90	94	93	97	97	101	102	107	107	111	111	114	114	118	119	120	124	127	214	213	210	209	205	205	201	201	200	197	196	193	192	187	184	184	183	180	179	176	175	172	171	176	176	179	180	183	184	184	188	189	192	192	196	197	200	201	204	206	209	209	42	42	39	39	35	34	33	30	29	26	26	22	22	17	17	13	13	9	8	8	5	
0	0	1	5	8	9	9	13	13	16	17	21	21	22	26	26	30	30	34	34	39	39	42	128	124	124	123	118	114	115	111	111	107	107	106	102	101	98	98	94	93	90	90	86	85	85	90	90	94	93	97	97	101	102	107	107	111	111	114	114	118	119	120	124	127	214	213	210	209	205	205	201	201	200	197	196	193	192	187	184	184	183	180	179	176	175	172	171	176	176	179	180	183	184	184	188	189	192	192	196	197	200	201	204	206	209	209	42	42	39	39	35	34	33	30	29	26	26	22	22	17	17	13	13	9	8	8	5	
0	0	1	5	8	9	9	13	13	16	17	21	21	22	26	26	30	30	34	34	39	39	42	128	124	124	123	118	114	115	111	111	107	107	106	102	101	98	98	94	93	90	90	86	85	85	90	90	94	93	97	97	101	102	107	107	111	111	114	114	118	119	120	124	127	214	213	210	209	205	205	201	201	200	197	196	193	192	187	184	184	183	180	179	176	175	172	171	176	176	179	180	183	184	184	188	189	192	192	196	197	200	201	204	206	209	209	42	42	39	39	35	34	33	30	29	26	26	22	22	17	17	13	13	9	8	8	5	
0	0	1	5	9	10	10	14	14	17	18	22	22	22	26	27	30	31	35	35	40	39	43	128	125	124	124	119	115	115	111	111	107	107	107	103	102	99	99	95	94	91	90	86	85	85	90	91	94	94	98	98	102	103	107	107	111	111	115	115	119	119	121	124	214	127	214	210	210	206	205	202	202	201	197	196	193	193	188	185	184	184	180	180	176	176	172	171	177	176	180	180	184	184	185	189	190	193	193	196	197	201	201	205	207	210	39	43	43	40	39	36	34	34	30	30	26	26	22	22	18	18	14	13	10	9	9	5	
0	0	1	4	8	9	9	13	13	16	17	21	21	23	26	27	30	30	34	34	39	39	42	128	124	124	123	118	115	115	111	111	107	107	106	102	101	98	98	94	93	90	89	86	85	85	89	89	94	93	97	97	101	102	107	107	111	111	115	115	118	119	120	124	127	214	213	210	209	205	205	201	201	201	197	196	193	192	187	184	184	183	180	179	175	174	172	171	175	175	179	180	183	184	184	188	189	192	192	196	197	201	201	204	206	209	209	42	42	40	39	35	34	33	30	30	26	26	22	22	17	17	13	13	9	8	8	4	
0	0	1	4	8	9	9	13	13	16	17	21	21	23	26	27	30	30	34	34	39	39	42	128	124	124	123	118	115	115	111	111	107	107	106	102	101	98	98	94	93	90	89	86	85	85	89	89	94	93	97	97	101	102	107	107	111	111	115	115	118	119	120	124	127	214	213	210	209	205	205	201	201	201	197	196	193	192	187	184	184	183	180	179	175	174	172	171	175	175	179	180	183	184	184	188	189	192	192	196	197	201	201	204	206	209	209	42	42	40	39	35	34	33	30	30	26	26	22	22	17	17	13	13	9	8	8	4	
0	0	1	4	8	9	9	13	13	16	17	21	21	23	26	27	30	30	34	34	39	39	42	128	124	124	123	118	115	115	111	111	107	107	106	102	101	98	98	94	93	90	89	86	85	85	89	89	94	93	97	97	101	102	107	107	111	111	115	115	118	119	120	124	127	214	213	210	209	205	205	201	201	201	197	196	193	192	187	184	184	183	180	179	175	174	172	171	175	175	179	180	183	184	184	188	189	192	192	196	197	201	201	204	206	209	209	42	42	40	39	35	34	33	30	30	26	26	22	22	17	17	13	13	9	8	8	4	
0	0	1	4	8	10	10	13	13	17	17	22	22	23	26	27	30	31	35	34	40	39	43	128	124	124	124	119	115	115	111	111	107	107	107	102	102	98	98	95	94	91	89	86	85	85	89	90	94	94	97	97	102	102	107	107	111	111	115	115	119	119	120	124	213	127	214	210	210	205	205	202	202	201	197	197	193	193	188	184	184	183	180	179	175	175	172	171	176	175	180	180	183	184	184	188	189	193	193	197	197	201	201	205	206	210	38	43	43	40	39	35	34	34	30	30	26	26	22	22	17	17	14	13	10	9	9	4	
0	0	1	4	8	9	9	14	14	16	16	22	22	23	27	27	30	31	36	35	39	39	43	128	124	124	124	119	114	115	112	112	107	107	107	101	101	99	99	94	93	91	89	86	85	85	89	90	93	92	97	98	101	102	107	107	112	112	114	114	119	120	121	124	213	127	214	210	210	206	206	202	201	200	198	196	193	193	187	185	184	183	179	179	175	175	172	171	176	175	179	179	183	184	185	187	189	193	193	197	198	200	201	205	207	210	38	43	43	39	39	36	35	34	30	29	27	27	22	22	17	16	14	13	9	7	8	4	
0	0	1	4	7	8	8	13	13	16	17	21	21	23	26	27	30	30	35	35	39	39	42	128	124	124	123	119	114	115	111	111	107	107	106	102	101	98	98	93	92	90	89	86	85	85	89	89	93	92	97	97	101	102	107	107	111	111	114	114	119	120	121	124	127	214	213	210	209	206	206	201	201	200	197	196	193	192	187	184	184	183	179	178	175	175	172	171	175	175	178	179	183	184	184	188	188	192	192	197	197	200	201	205	207	209	209	42	42	39	39	36	35	34	30	29	26	26	22	22	17	17	14	13	9	7	7	4	
0	0	1	4	7	8	8	13	13	16	17	21	21	23	26	27	30	30	35	35	39	39	42	128	124	124	123	119	114	115	111	111	107	107	106	102	101	98	98	93	92	90	89	86	85	85	89	89	93	92	97	97	101	102	107	107	111	111	114	114	119	120	121	124	127	214	213	210	209	206	206	201	201	200	197	196	193	192	187	184	184	183	179	178	175	175	172	171	175	175	178	179	183	184	184	188	188	192	192	197	197	200	201	205	207	209	209	42	42	39	39	36	35	34	30	29	26	26	22	22	17	17	14	13	9	7	7	4	
0	0	1	4	7	8	8	13	13	16	17	21	21	23	26	27	30	30	35	35	39	39	42	128	124	124	123	119	114	115	111	111	107	107	106	102	101	98	98	93	92	90	89	86	85	85	89	89	93	92	97	97	101	102	107	107	111	111	114	114	119	120	121	124	127	214	213	210	209	206	206	201	201	200	197	196	193	192	187	184	184	183	179	178	175	175	172	171	175	175	178	179	183	184	184	188	188	192	192	197	197	200	201	205	207	209	209	42	42	39	39	36	35	34	30	29	26	26	22	22	17	17	14	13	9	7	7	4	
0	0	1	4	7	8	8	13	13	17	17	21	21	22	26	26	30	30	35	35	39	39	42	128	124	124	124	119	115	115	111	111	107	107	106	102	101	98	98	93	93	89	89	86	85	85	89	89	93	93	97	97	102	102	107	107	111	111	115	115	119	120	120	124	213	213	213	210	210	206	206	201	201	200	197	195	193	192	188	184	184	183	179	178	175	175	172	171	175	175	179	179	183	184	184	188	189	192	192	196	197	200	201	205	206	210	209	42	42	39	39	35	35	34	30	30	26	26	22	22	17	17	13	13	9	8	8	4	
0	0	1	4	7	8	8	13	13	16	17	21	21	22	25	26	30	30	34	34	39	39	42	128	124	124	123	119	114	115	110	110	107	107	106	102	101	98	98	93	93	89	89	86	85	85	89	89	93	93	97	97	101	102	107	107	110	110	114	114	119	119	120	124	127	214	213	210	209	205	205	201	201	199	196	195	193	192	187	184	184	183	179	178	175	174	172	171	175	175	179	179	183	184	184	188	189	192	192	196	196	199	201	205	206	209	209	42	42	39	39	35	34	34	30	29	25	25	22	22	17	17	13	13	9	8	8	4	
0	0	1	4	7	8	8	13	13	16	17	21	21	22	25	26	30	30	34	34	39	39	42	128	124	124	123	119	114	115	110	110	107	107	106	102	101	98	98	93	93	89	89	86	85	85	89	89	93	93	97	97	101	102	107	107	110	110	114	114	119	119	120	124	127	214	213	210	209	205	205	201	201	199	196	195	193	192	187	184	184	183	179	178	175	174	172	171	175	175	179	179	183	184	184	188	189	192	192	196	196	199	201	205	206	209	209	42	42	39	39	35	34	34	30	29	25	25	22	22	17	17	13	13	9	8	8	4	
0	0	1	4	7	8	8	13	13	16	17	21	21	22	25	26	30	30	34	34	39	39	42	128	124	124	123	119	114	115	110	110	107	107	106	102	101	98	98	93	93	89	89	86	85	85	89	89	93	93	97	97	101	102	107	107	110	110	114	114	119	119	120	124	127	214	213	210	209	205	205	201	201	199	196	195	193	192	187	184	184	183	179	178	175	174	172	171	175	175	179	179	183	184	184	188	189	192	192	196	196	199	201	205	206	209	209	42	42	39	39	35	34	34	30	29	25	25	22	22	17	17	13	13	9	8	8	4	
0	0	1	4	7	9	9	14	14	17	17	21	21	22	26	26	30	31	35	35	39	39	42	128	124	124	123	119	114	115	111	111	107	107	106	102	102	99	99	94	92	89	89	86	85	85	89	89	93	92	97	97	102	103	107	107	111	111	114	114	119	119	120	124	213	213	213	210	209	206	205	202	202	200	197	196	193	192	188	185	184	183	179	178	175	175	172	171	175	175	178	179	183	184	185	188	189	192	192	197	197	200	201	205	206	209	209	42	42	39	39	35	34	34	30	29	26	26	22	22	17	17	14	13	9	7	7	4	
0	0	1	5	8	9	9	14	14	17	17	22	22	23	26	27	30	31	35	35	39	38	42	128	124	123	123	119	114	115	112	111	108	107	107	102	101	99	99	94	93	90	90	86	85	86	90	90	93	93	98	98	101	103	107	108	111	111	114	114	119	120	120	123	213	213	213	209	209	206	206	202	202	200	197	196	193	193	188	185	185	184	179	179	176	175	172	172	176	176	179	179	184	185	185	188	189	193	193	196	198	200	201	205	206	209	209	42	42	40	38	35	35	34	30	29	26	26	23	23	18	17	14	13	10	8	8	5	
0	0	1	4	7	8	8	14	13	17	17	21	21	22	26	26	30	30	35	35	39	39	42	128	124	124	123	119	114	115	111	111	107	107	106	102	101	98	99	93	93	90	89	86	85	86	89	89	93	93	98	98	102	103	107	107	111	111	114	114	119	120	120	124	213	213	213	210	209	206	206	201	201	199	197	196	193	192	188	184	184	184	179	178	175	175	172	172	176	175	179	179	184	184	184	188	189	192	192	196	197	199	201	205	206	209	209	42	42	40	39	35	35	34	30	29	26	26	22	22	18	17	14	13	9	8	8	4	
0	0	1	4	7	8	8	14	13	17	17	21	21	22	26	26	30	30	35	35	39	39	42	128	124	124	123	119	114	115	111	111	107	107	106	102	101	98	99	93	93	90	89	86	85	86	89	89	93	93	98	98	102	103	107	107	111	111	114	114	119	120	120	124	213	213	213	210	209	206	206	201	201	199	197	196	193	192	188	184	184	184	179	178	175	175	172	172	176	175	179	179	184	184	184	188	189	192	192	196	197	199	201	205	206	209	209	42	42	40	39	35	35	34	30	29	26	26	22	22	18	17	14	13	9	8	8	4	
0	0	1	4	7	8	8	14	13	17	17	21	21	22	26	26	30	30	35	35	39	39	42	128	124	124	123	119	114	115	111	111	107	107	106	102	101	98	99	93	93	90	89	86	85	86	89	89	93	93	98	98	102	103	107	107	111	111	114	114	119	120	120	124	213	213	213	210	209	206	206	201	201	199	197	196	193	192	188	184	184	184	179	178	175	175	172	172	176	175	179	179	184	184	184	188	189	192	192	196	197	199	201	205	206	209	209	42	42	40	39	35	35	34	30	29	26	26	22	22	18	17	14	13	9	8	8	4	
0	0	1	5	8	9	9	14	14	17	18	22	22	23	25	27	29	30	35	35	39	38	42	128	124	123	123	119	114	114	111	110	107	107	107	103	102	99	99	94	93	90	90	86	85	86	90	90	93	93	98	98	102	103	107	107	110	110	114	114	119	120	120	123	213	213	213	209	209	206	206	201	201	200	196	196	193	193	189	185	185	184	179	179	176	175	172	172	176	176	179	179	184	185	185	189	190	193	193	196	197	200	200	205	206	209	209	42	42	40	38	35	35	34	29	29	25	25	22	23	18	18	14	14	10	8	8	5	
0	0	1	5	8	9	9	14	14	16	17	22	22	23	26	27	30	31	35	35	39	39	42	128	124	124	123	119	115	115	112	111	108	107	107	102	101	99	99	94	93	91	90	86	85	86	90	90	94	93	98	98	101	102	107	108	111	111	115	115	119	120	120	124	213	213	213	210	209	206	206	202	202	201	197	197	193	193	188	185	184	184	180	179	176	175	172	172	176	176	179	180	184	184	185	188	189	193	193	197	198	201	201	205	206	209	209	42	42	40	39	35	35	34	30	30	26	26	23	23	17	17	14	13	9	8	8	5	
0	0	1	5	8	9	9	14	14	17	17	21	21	23	26	26	30	31	35	34	39	39	42	128	124	124	123	119	115	115	111	111	107	107	106	102	102	99	99	94	93	91	90	86	85	85	90	90	94	93	98	98	102	102	107	107	111	111	115	115	119	119	120	124	213	213	213	210	209	205	205	202	202	200	197	196	193	192	188	185	184	184	180	179	176	175	171	171	176	176	179	180	184	184	185	188	189	192	192	196	197	200	201	205	206	209	209	42	42	40	39	35	34	34	30	30	26	26	22	22	17	17	14	13	9	8	8	5	
0	0	1	5	8	9	9	14	14	17	17	21	21	23	26	26	30	31	35	34	39	39	42	128	124	124	123	119	115	115	111	111	107	107	106	102	102	99	99	94	93	91	90	86	85	85	90	90	94	93	98	98	102	102	107	107	111	111	115	115	119	119	120	124	213	213	213	210	209	205	205	202	202	200	197	196	193	192	188	185	184	184	180	179	176	175	171	171	176	176	179	180	184	184	185	188	189	192	192	196	197	200	201	205	206	209	209	42	42	40	39	35	34	34	30	30	26	26	22	22	17	17	14	13	9	8	8	5	
0	0	1	5	8	9	9	14	14	17	17	21	21	23	26	26	30	31	35	34	39	39	42	128	124	124	123	119	115	115	111	111	107	107	106	102	102	99	99	94	93	91	90	86	85	85	90	90	94	93	98	98	102	102	107	107	111	111	115	115	119	119	120	124	213	213	213	210	209	205	205	202	202	200	197	196	193	192	188	185	184	184	180	179	176	175	171	171	176	176	179	180	184	184	185	188	189	192	192	196	197	200	201	205	206	209	209	42	42	40	39	35	34	34	30	30	26	26	22	22	17	17	14	13	9	8	8	5	
0	0	1	4	8	10	9	13	13	17	17	22	22	22	26	27	30	31	35	35	39	39	43	128	124	124	123	119	115	115	111	111	107	107	107	102	101	98	98	94	94	90	89	86	85	85	89	90	94	93	97	97	102	103	107	107	111	111	115	115	119	119	120	124	213	214	214	210	209	206	205	202	202	200	197	196	193	193	188	184	184	183	180	179	175	175	171	171	176	175	180	180	183	184	184	188	189	193	193	197	197	200	201	205	206	209	209	43	43	40	39	35	34	34	30	30	26	26	22	22	18	17	14	13	10	8	9	4	
0	0	0	4	8	9	9	13	12	17	17	21	21	22	26	26	31	31	35	34	39	39	43	128	124	124	123	119	115	116	111	111	107	107	106	102	101	97	98	94	93	90	89	85	85	85	89	89	94	93	97	97	102	103	107	107	111	111	115	115	119	119	120	124	213	214	214	210	209	205	205	202	202	201	197	196	193	192	188	183	183	183	180	179	175	175	171	171	176	175	179	180	183	183	183	188	189	192	192	196	197	201	202	205	206	209	209	43	43	39	39	35	34	34	31	30	26	26	22	22	17	17	13	12	10	8	8	4	
0	0	0	4	8	9	9	13	12	17	17	21	21	22	26	26	31	31	35	34	39	39	43	128	124	124	123	119	115	116	111	111	107	107	106	102	101	97	98	94	93	90	89	85	85	85	89	89	94	93	97	97	102	103	107	107	111	111	115	115	119	119	120	124	213	214	214	210	209	205	205	202	202	201	197	196	193	192	188	183	183	183	180	179	175	175	171	171	176	175	179	180	183	183	183	188	189	192	192	196	197	201	202	205	206	209	209	43	43	39	39	35	34	34	31	30	26	26	22	22	17	17	13	12	10	8	8	4	
0	0	0	4	8	9	9	13	12	17	17	21	21	22	26	26	31	31	35	34	39	39	43	128	124	124	123	119	115	116	111	111	107	107	106	102	101	97	98	94	93	90	89	85	85	85	89	89	94	93	97	97	102	103	107	107	111	111	115	115	119	119	120	124	213	214	214	210	209	205	205	202	202	201	197	196	193	192	188	183	183	183	180	179	175	175	171	171	176	175	179	180	183	183	183	188	189	192	192	196	197	201	202	205	206	209	209	43	43	39	39	35	34	34	31	30	26	26	22	22	17	17	13	12	10	8	8	4	
0	0	1	4	8	9	9	13	13	17	17	22	22	22	26	27	30	31	35	35	39	39	43	128	124	124	123	119	115	115	111	111	107	107	107	102	101	98	98	94	93	90	89	86	85	85	89	90	94	93	97	97	102	103	107	107	111	111	115	115	119	119	120	124	213	214	214	210	209	206	205	202	202	201	197	196	193	193	188	184	184	183	180	179	175	175	171	171	176	175	179	180	183	184	184	188	189	193	193	197	197	201	201	205	206	209	209	43	43	40	39	35	34	34	30	30	26	26	22	22	17	17	13	13	10	8	8	4	
0	0	0	4	8	9	8	13	13	16	17	21	21	22	26	26	30	30	35	34	39	38	43	128	124	123	123	119	115	115	111	111	107	107	106	102	101	98	98	93	93	90	89	85	85	85	89	89	93	93	97	97	101	102	107	107	111	111	115	115	119	119	120	123	213	214	214	209	209	205	205	201	201	200	197	196	193	192	187	184	184	183	179	179	175	175	171	171	176	175	179	179	183	184	184	188	189	192	192	196	197	200	201	205	206	209	209	43	43	39	38	35	34	34	30	30	26	26	22	22	17	17	13	13	9	8	8	4	
0	0	0	4	8	9	8	13	13	16	17	21	21	22	26	26	30	30	35	34	39	38	43	128	124	123	123	119	115	115	111	111	107	107	106	102	101	98	98	93	93	90	89	85	85	85	89	89	93	93	97	97	101	102	107	107	111	111	115	115	119	119	120	123	213	214	214	209	209	205	205	201	201	200	197	196	193	192	187	184	184	183	179	179	175	175	171	171	176	175	179	179	183	184	184	188	189	192	192	196	197	200	201	205	206	209	209	43	43	39	38	35	34	34	30	30	26	26	22	22	17	17	13	13	9	8	8	4	
0	0	0	4	8	9	8	13	13	16	17	21	21	22	26	26	30	30	35	34	39	38	43	128	124	123	123	119	115	115	111	111	107	107	106	102	101	98	98	93	93	90	89	85	85	85	89	89	93	93	97	97	101	102	107	107	111	111	115	115	119	119	120	123	213	214	214	209	209	205	205	201	201	200	197	196	193	192	187	184	184	183	179	179	175	175	171	171	176	175	179	179	183	184	184	188	189	192	192	196	197	200	201	205	206	209	209	43	43	39	38	35	34	34	30	30	26	26	22	22	17	17	13	13	9	8	8	4	
0	0	1	4	8	9	9	13	13	17	17	21	21	22	26	26	30	30	35	34	39	38	43	128	124	123	123	119	114	115	111	111	107	107	106	102	101	98	98	94	93	90	89	86	85	85	89	90	94	93	97	97	102	102	107	107	111	111	115	114	119	119	120	123	213	214	214	209	209	205	205	201	202	200	197	196	193	192	188	184	184	183	180	179	175	175	171	171	176	175	179	180	183	184	184	188	189	192	192	197	197	200	201	205	206	209	209	43	43	39	38	35	34	34	30	30	26	26	22	22	17	17	14	13	9	8	8	4	
0	0	1	4	8	9	9	13	13	17	18	22	22	22	26	27	30	30	35	35	39	39	43	128	124	124	123	119	115	115	111	111	107	107	107	103	101	98	98	94	94	90	89	86	85	85	89	90	94	94	98	98	102	103	107	107	111	111	115	115	119	119	120	124	213	214	214	210	209	206	205	201	202	200	197	196	193	193	188	184	184	184	180	179	175	175	171	171	176	175	180	180	184	184	184	189	189	193	193	196	197	200	201	205	206	209	209	43	43	39	39	35	34	34	30	30	26	26	22	22	18	18	14	13	9	9	9	4	
0	0	1	4	8	9	9	13	13	17	17	21	21	22	26	26	30	30	34	34	39	39	43	128	124	124	123	119	115	115	111	111	107	107	106	102	101	98	98	94	94	90	89	86	85	85	89	90	94	94	97	97	102	103	107	107	111	111	115	115	119	119	120	124	213	214	214	210	209	205	205	201	202	200	197	196	193	192	188	184	184	183	180	179	175	175	171	171	176	175	180	180	183	184	184	188	189	192	192	196	197	200	201	205	206	209	209	43	43	40	39	35	34	34	30	30	26	26	22	22	18	17	14	13	9	9	9	4	
0	0	1	4	8	9	9	13	13	17	17	21	21	22	26	26	30	30	34	34	39	39	43	128	124	124	123	119	115	115	111	111	107	107	106	102	101	98	98	94	94	90	89	86	85	85	89	90	94	94	97	97	102	103	107	107	111	111	115	115	119	119	120	124	213	214	214	210	209	205	205	201	202	200	197	196	193	192	188	184	184	183	180	179	175	175	171	171	176	175	180	180	183	184	184	188	189	192	192	196	197	200	201	205	206	209	209	43	43	40	39	35	34	34	30	30	26	26	22	22	18	17	14	13	9	9	9	4	
0	0	1	4	8	9	9	13	13	17	17	21	21	22	26	26	30	30	34	34	39	39	43	128	124	124	123	119	115	115	111	111	107	107	106	102	101	98	98	94	94	90	89	86	85	85	89	90	94	94	97	97	102	103	107	107	111	111	115	115	119	119	120	124	213	214	214	210	209	205	205	201	202	200	197	196	193	192	188	184	184	183	180	179	175	175	171	171	176	175	180	180	183	184	184	188	189	192	192	196	197	200	201	205	206	209	209	43	43	40	39	35	34	34	30	30	26	26	22	22	18	17	14	13	9	9	9	4	
0	0	1	4	8	10	9	13	13	17	18	22	22	22	25	27	30	30	34	35	39	39	43	128	124	124	123	119	115	115	111	111	107	107	107	103	101	98	98	94	94	90	89	86	85	85	89	90	94	94	98	98	102	103	107	107	111	110	115	115	119	119	120	124	213	214	214	210	209	206	205	201	202	200	196	196	193	193	188	184	184	184	180	179	175	175	171	171	176	175	180	180	184	184	184	189	189	193	193	196	197	200	201	205	206	209	209	43	43	39	39	35	34	34	30	30	25	26	22	22	18	18	14	13	10	9	9	4	
0	0	1	4	8	9	9	13	13	17	17	22	22	23	26	27	30	31	35	35	39	39	43	128	124	124	124	119	115	115	111	111	107	107	107	102	101	98	98	94	93	90	89	86	85	85	89	90	93	93	97	97	102	103	107	107	111	111	115	115	119	120	121	124	213	213	214	210	210	206	206	202	202	200	197	196	193	193	188	184	184	183	179	179	175	175	171	171	176	175	179	179	183	184	184	188	189	193	193	197	197	200	201	205	207	210	209	43	43	40	39	36	35	34	30	30	26	26	22	22	18	17	14	13	9	8	8	4	
0	0	1	4	8	9	9	13	13	17	17	21	21	22	26	26	30	30	35	35	39	39	43	128	124	124	123	119	115	115	111	111	107	107	106	102	101	98	98	94	93	90	89	86	85	85	89	90	93	93	97	98	102	103	107	107	111	111	115	115	119	120	120	124	213	214	214	210	209	206	206	201	201	200	197	196	193	192	188	184	184	183	179	179	175	175	171	171	176	175	179	179	183	184	184	188	189	192	192	196	197	200	201	205	206	209	209	43	43	39	39	35	35	34	30	30	26	26	22	22	18	17	14	13	9	8	8	4	
0	0	1	4	8	9	9	13	13	17	17	21	21	22	26	26	30	30	35	35	39	39	43	128	124	124	123	119	115	115	111	111	107	107	106	102	101	98	98	94	93	90	89	86	85	85	89	90	93	93	97	98	102	103	107	107	111	111	115	115	119	120	120	124	213	214	214	210	209	206	206	201	201	200	197	196	193	192	188	184	184	183	179	179	175	175	171	171	176	175	179	179	183	184	184	188	189	192	192	196	197	200	201	205	206	209	209	43	43	39	39	35	35	34	30	30	26	26	22	22	18	17	14	13	9	8	8	4	
0	0	1	4	8	9	9	13	13	17	17	21	21	22	26	26	30	30	35	35	39	39	43	128	124	124	123	119	115	115	111	111	107	107	106	102	101	98	98	94	93	90	89	86	85	85	89	90	93	93	97	98	102	103	107	107	111	111	115	115	119	120	120	124	213	214	214	210	209	206	206	201	201	200	197	196	193	192	188	184	184	183	179	179	175	175	171	171	176	175	179	179	183	184	184	188	189	192	192	196	197	200	201	205	206	209	209	43	43	39	39	35	35	34	30	30	26	26	22	22	18	17	14	13	9	8	8	4	
0	0	1	4	8	9	9	14	14	17	17	21	22	23	26	27	30	31	35	35	40	39	43	128	125	124	124	119	115	115	111	111	107	107	106	102	101	99	99	94	93	90	89	86	85	86	90	90	94	93	98	98	102	103	107	107	111	111	115	115	119	119	120	124	213	213	214	210	210	206	206	202	202	200	197	196	193	192	188	185	184	184	180	179	175	175	171	172	176	175	179	180	184	184	185	188	189	192	193	197	197	200	201	205	206	210	210	43	43	40	39	35	34	34	30	30	26	26	22	22	18	17	14	13	10	8	8	4	
0	0	1	4	8	9	9	13	13	17	17	21	22	23	26	27	30	31	35	35	40	39	43	128	125	124	124	119	115	115	111	111	107	107	106	102	101	98	98	94	93	90	89	86	85	85	90	90	93	93	97	97	102	103	107	107	111	111	115	115	119	120	120	124	213	213	214	210	210	206	206	202	202	200	197	196	193	192	188	184	184	183	179	179	175	175	171	171	176	175	179	179	183	184	184	188	189	192	193	197	197	200	201	205	206	210	210	43	43	40	39	35	35	34	30	30	26	26	22	22	18	17	14	13	9	8	8	4	
0	0	1	4	7	9	9	13	13	17	17	21	21	22	26	26	30	30	35	35	39	39	43	128	124	124	123	119	115	115	111	111	107	107	106	102	101	98	98	94	93	90	89	86	85	85	89	90	93	93	97	98	102	103	107	107	111	111	114	115	119	120	120	124	213	214	214	210	209	206	206	201	201	200	197	196	193	192	188	184	184	183	179	178	175	175	171	171	176	175	179	179	183	184	184	188	189	192	192	196	197	200	201	205	206	209	210	43	43	40	39	35	35	34	30	29	26	26	22	22	18	17	14	13	9	8	8	4	
0	0	1	4	7	9	9	13	13	17	17	21	21	22	26	26	30	30	35	35	39	39	43	128	124	124	123	119	115	115	111	111	107	107	106	102	101	98	98	94	93	90	89	86	85	85	89	90	93	93	97	98	102	103	107	107	111	111	114	115	119	120	120	124	213	214	214	210	209	206	206	201	201	200	197	196	193	192	188	184	184	183	179	178	175	175	171	171	176	175	179	179	183	184	184	188	189	192	192	196	197	200	201	205	206	209	210	43	43	40	39	35	35	34	30	29	26	26	22	22	18	17	14	13	9	8	8	4	
0	0	1	4	8	9	9	13	13	17	17	21	22	23	26	27	30	31	35	35	40	39	43	128	124	124	124	119	115	115	111	111	107	107	106	102	101	98	98	94	93	90	89	86	85	85	90	90	94	93	97	98	102	103	107	107	111	111	115	115	119	120	120	124	213	214	214	210	210	206	206	202	202	200	197	196	193	192	188	184	184	183	180	179	175	175	171	171	176	175	179	180	183	184	184	188	189	192	193	196	197	200	201	205	206	210	210	43	43	40	39	35	35	34	30	30	26	26	22	22	18	17	14	13	9	8	8	4	
0	0	1	4	8	9	9	13	13	17	17	21	21	22	26	26	30	31	35	35	39	39	43	128	124	124	123	119	115	115	111	111	107	107	106	102	101	98	98	94	93	90	89	86	85	85	89	89	94	93	97	97	102	103	107	107	111	111	115	115	119	119	120	124	213	213	214	210	209	206	205	202	202	200	197	196	193	192	188	184	184	183	180	179	175	175	171	171	176	175	179	180	183	184	184	188	189	192	192	196	197	200	201	205	206	209	209	43	43	39	39	35	34	34	30	30	26	26	22	22	18	17	13	13	9	8	8	4	
0	0	1	4	8	9	9	13	13	16	17	21	21	22	26	26	30	30	34	34	39	39	42	128	124	124	123	119	115	115	111	111	107	107	106	102	101	98	98	94	93	90	89	86	85	85	89	89	94	93	97	97	101	102	107	107	111	111	114	115	119	119	120	124	213	214	213	210	209	205	205	201	201	200	197	196	193	192	188	184	184	183	180	179	175	174	171	171	175	175	179	180	183	184	184	188	189	192	192	196	197	200	201	205	206	209	209	42	42	39	39	35	34	34	30	29	26	26	22	22	17	17	13	13	9	8	8	4	
0	0	1	4	8	9	9	13	13	16	17	21	21	22	26	26	30	30	34	34	39	39	42	128	124	124	123	119	115	115	111	111	107	107	106	102	101	98	98	94	93	90	89	86	85	85	89	89	94	93	97	97	101	102	107	107	111	111	114	115	119	119	120	124	213	214	213	210	209	205	205	201	201	200	197	196	193	192	188	184	184	183	180	179	175	174	171	171	175	175	179	180	183	184	184	188	189	192	192	196	197	200	201	205	206	209	209	42	42	39	39	35	34	34	30	29	26	26	22	22	17	17	13	13	9	8	8	4	
0	0	1	4	8	9	9	13	13	17	17	21	21	22	25	26	30	31	35	34	39	39	43	128	124	124	123	119	115	115	111	111	107	107	106	102	101	98	98	94	93	90	89	86	85	86	89	89	94	93	97	97	102	103	107	107	111	110	115	115	119	119	120	124	213	213	214	210	209	205	205	202	202	200	196	196	193	192	188	184	184	183	180	179	175	175	171	172	176	175	179	180	183	184	184	188	189	192	192	196	197	200	201	205	206	209	209	43	43	39	39	35	34	34	30	30	25	26	22	22	18	17	13	13	9	8	8	4	
0	0	1	4	8	9	9	13	13	17	17	21	21	22	26	26	30	30	35	35	39	39	43	128	124	124	123	119	115	115	111	111	107	107	106	102	101	98	98	94	93	90	89	86	85	85	89	89	93	93	97	98	102	103	107	107	111	111	115	115	119	119	120	124	213	213	214	210	209	206	206	201	201	200	197	196	193	192	188	184	184	183	179	179	175	175	171	171	176	175	179	179	183	184	184	188	189	192	192	196	197	200	201	205	206	209	209	43	43	40	39	35	34	34	30	30	26	26	22	22	18	17	13	13	9	8	8	4	
0	0	1	4	8	9	9	13	13	17	17	21	21	22	26	26	30	30	35	35	39	39	42	128	124	124	123	119	115	115	111	111	107	107	106	102	101	98	98	94	93	90	89	86	85	85	89	90	94	93	97	98	102	102	107	107	111	111	114	115	119	119	120	124	213	214	213	210	209	206	205	201	201	200	197	196	193	192	188	184	184	183	180	179	175	175	171	171	176	175	179	180	183	184	184	188	189	192	192	196	197	200	201	205	206	209	209	42	42	39	39	35	34	34	30	29	26	26	22	22	17	17	14	13	9	8	8	4	
0	0	1	4	8	9	9	13	13	17	17	21	21	22	26	26	30	30	35	35	39	39	42	128	124	124	123	119	115	115	111	111	107	107	106	102	101	98	98	94	93	90	89	86	85	85	89	90	94	93	97	98	102	102	107	107	111	111	114	115	119	119	120	124	213	214	213	210	209	206	205	201	201	200	197	196	193	192	188	184	184	183	180	179	175	175	171	171	176	175	179	180	183	184	184	188	189	192	192	196	197	200	201	205	206	209	209	42	42	39	39	35	34	34	30	29	26	26	22	22	17	17	14	13	9	8	8	4	
0	0	1	4	8	9	9	13	13	17	17	21	21	22	26	26	30	30	35	35	39	39	42	128	124	124	123	119	115	115	111	111	107	107	106	102	101	98	98	94	93	90	89	86	85	85	89	90	94	93	97	98	102	102	107	107	111	111	114	115	119	119	120	124	213	214	213	210	209	206	205	201	201	200	197	196	193	192	188	184	184	183	180	179	175	175	171	171	176	175	179	180	183	184	184	188	189	192	192	196	197	200	201	205	206	209	209	42	42	39	39	35	34	34	30	29	26	26	22	22	17	17	14	13	9	8	8	4	
0	0	1	4	8	9	9	14	14	17	17	21	22	22	26	27	30	30	35	35	39	39	43	128	124	124	123	119	115	115	111	111	107	107	106	102	101	99	99	94	93	90	89	86	85	85	90	90	94	94	98	98	102	103	107	107	111	111	114	115	119	119	120	124	213	213	214	210	209	206	205	201	201	200	197	196	193	192	188	185	184	184	180	179	175	175	171	171	176	175	179	180	184	184	185	188	189	192	193	196	197	200	201	205	206	209	209	43	43	39	39	35	34	34	30	29	26	26	22	22	18	17	14	13	10	9	8	4	
0	0	1	4	8	9	9	13	13	17	18	21	22	22	26	27	30	30	35	35	39	39	43	128	124	124	124	119	115	115	111	111	107	107	106	103	102	98	98	94	93	90	89	86	85	85	89	89	94	93	98	98	102	103	107	107	111	111	115	115	119	119	120	124	213	213	214	210	210	206	206	201	202	200	197	196	193	192	188	184	184	184	180	179	175	175	171	171	176	175	179	180	184	184	184	189	189	192	193	196	197	200	201	205	206	210	210	43	43	40	39	35	34	34	30	30	26	26	22	22	18	18	14	13	9	8	8	4	
0	0	1	4	8	9	9	13	13	17	17	21	21	22	26	26	30	30	35	35	39	39	42	128	124	124	124	119	115	115	111	111	107	107	106	102	102	98	98	94	93	90	89	86	85	85	89	89	94	93	97	98	102	103	107	107	111	111	115	115	119	119	120	124	213	214	213	210	210	206	205	201	202	200	197	196	193	192	188	184	184	183	180	179	175	175	171	171	175	175	179	180	183	184	184	188	189	192	192	196	197	200	201	205	206	210	210	42	42	40	39	35	34	34	30	30	26	26	22	22	18	17	14	13	10	8	8	4	
0	0	1	4	8	9	9	13	13	17	17	21	21	22	26	26	30	30	35	35	39	39	42	128	124	124	124	119	115	115	111	111	107	107	106	102	102	98	98	94	93	90	89	86	85	85	89	89	94	93	97	98	102	103	107	107	111	111	115	115	119	119	120	124	213	214	213	210	210	206	205	201	202	200	197	196	193	192	188	184	184	183	180	179	175	175	171	171	175	175	179	180	183	184	184	188	189	192	192	196	197	200	201	205	206	210	210	42	42	40	39	35	34	34	30	30	26	26	22	22	18	17	14	13	10	8	8	4	
0	0	1	4	8	9	9	13	13	17	17	21	21	22	26	26	30	30	35	35	39	39	42	128	124	124	124	119	115	115	111	111	107	107	106	102	102	98	98	94	93	90	89	86	85	85	89	89	94	93	97	98	102	103	107	107	111	111	115	115	119	119	120	124	213	214	213	210	210	206	205	201	202	200	197	196	193	192	188	184	184	183	180	179	175	175	171	171	175	175	179	180	183	184	184	188	189	192	192	196	197	200	201	205	206	210	210	42	42	40	39	35	34	34	30	30	26	26	22	22	18	17	14	13	10	8	8	4	
0	0	1	4	8	9	9	14	13	17	18	21	22	22	25	26	30	30	35	35	39	39	43	128	124	124	124	119	115	115	111	111	107	107	106	103	102	98	99	94	93	90	89	86	85	85	89	89	94	93	98	98	102	103	107	107	111	110	115	115	119	119	120	124	213	213	214	210	210	206	206	201	201	200	196	196	193	192	188	184	184	184	180	179	175	175	171	171	176	175	179	180	184	184	184	189	189	192	193	196	197	200	201	205	206	210	210	43	43	40	39	35	34	34	30	30	25	26	22	22	18	18	14	13	9	8	8	4	
0	0	1	4	8	9	9	14	13	17	17	21	22	23	26	27	30	31	35	35	39	39	43	128	124	124	123	119	115	115	111	111	107	107	106	102	101	98	99	94	93	90	89	86	85	85	90	90	93	93	98	98	102	103	107	107	111	111	115	115	119	120	120	124	213	213	214	210	209	206	206	202	202	200	197	196	193	192	188	184	184	184	179	179	175	175	171	171	176	175	179	179	184	184	184	188	189	192	193	196	197	200	201	205	206	209	209	43	43	40	39	35	35	34	30	30	26	26	22	22	18	17	14	13	10	8	8	4	
0	0	1	4	8	9	9	14	13	17	17	21	21	22	26	26	30	30	35	35	39	39	43	128	124	124	123	119	114	115	111	111	107	107	106	102	102	98	99	94	93	90	89	86	85	85	90	90	94	93	98	98	102	103	107	107	111	111	115	114	119	119	120	124	213	213	214	210	209	206	206	201	201	200	197	196	193	192	188	184	184	184	180	179	175	175	171	171	176	175	179	179	184	184	184	188	189	192	192	196	197	200	201	205	206	209	209	43	43	40	39	35	34	34	30	30	26	26	22	22	18	17	14	13	9	8	8	4	
0	0	1	4	8	9	9	14	13	17	17	21	21	22	26	26	30	30	35	35	39	39	43	128	124	124	123	119	114	115	111	111	107	107	106	102	102	98	99	94	93	90	89	86	85	85	90	90	94	93	98	98	102	103	107	107	111	111	115	114	119	119	120	124	213	213	214	210	209	206	206	201	201	200	197	196	193	192	188	184	184	184	180	179	175	175	171	171	176	175	179	179	184	184	184	188	189	192	192	196	197	200	201	205	206	209	209	43	43	40	39	35	34	34	30	30	26	26	22	22	18	17	14	13	9	8	8	4	
0	0	1	4	8	9	9	14	13	17	17	21	21	22	26	26	30	30	35	35	39	39	43	128	124	124	123	119	114	115	111	111	107	107	106	102	102	98	99	94	93	90	89	86	85	85	90	90	94	93	98	98	102	103	107	107	111	111	115	114	119	119	120	124	213	213	214	210	209	206	206	201	201	200	197	196	193	192	188	184	184	184	180	179	175	175	171	171	176	175	179	179	184	184	184	188	189	192	192	196	197	200	201	205	206	209	209	43	43	40	39	35	34	34	30	30	26	26	22	22	18	17	14	13	9	8	8	4	
0	0	1	4	8	9	9	13	13	17	17	21	21	22	26	26	30	31	35	35	39	39	42	128	124	124	123	119	115	115	111	111	107	106	106	102	102	98	98	94	93	90	89	86	85	86	90	90	94	93	97	97	102	103	107	107	111	111	115	115	119	119	120	124	213	213	213	210	209	206	206	202	202	200	197	196	193	192	188	184	184	183	180	179	175	175	171	172	176	175	179	179	183	184	184	188	189	192	192	196	197	200	201	205	206	209	209	42	42	39	39	35	34	34	30	30	26	26	22	22	18	17	14	13	9	8	8	4	
0	0	1	4	8	9	9	13	13	17	17	21	21	22	26	27	30	30	35	35	39	39	42	128	124	123	123	119	115	115	111	111	107	106	106	102	101	98	98	94	93	90	89	86	85	85	90	90	94	93	97	97	102	102	107	107	111	111	115	115	119	119	120	124	213	213	213	209	209	206	206	201	202	200	197	196	193	192	188	184	184	183	180	179	175	175	171	171	176	175	179	179	183	184	184	188	189	192	192	196	197	200	201	205	206	209	209	42	42	39	39	35	34	34	30	30	26	26	22	22	17	17	14	13	9	8	8	4	
0	0	1	4	8	9	9	13	13	17	17	21	21	22	26	27	30	30	35	35	39	39	42	128	124	123	123	119	115	115	111	111	107	106	106	102	101	98	98	94	93	90	89	86	85	85	90	90	94	93	97	97	102	102	107	107	111	111	115	115	119	119	120	124	213	213	213	209	209	206	206	201	202	200	197	196	193	192	188	184	184	183	180	179	175	175	171	171	176	175	179	179	183	184	184	188	189	192	192	196	197	200	201	205	206	209	209	42	42	39	39	35	34	34	30	30	26	26	22	22	17	17	14	13	9	8	8	4	
0	0	1	4	8	9	9	13	13	17	17	21	21	22	26	27	30	30	35	35	39	39	42	128	124	123	123	119	115	115	111	111	107	106	106	102	101	98	98	94	93	90	89	86	85	85	90	90	94	93	97	97	102	102	107	107	111	111	115	115	119	119	120	124	213	213	213	209	209	206	206	201	202	200	197	196	193	192	188	184	184	183	180	179	175	175	171	171	176	175	179	179	183	184	184	188	189	192	192	196	197	200	201	205	206	209	209	42	42	39	39	35	34	34	30	30	26	26	22	22	17	17	14	13	9	8	8	4	
0	0	1	4	8	9	9	13	13	17	17	21	21	22	26	27	30	31	35	35	39	39	42	128	124	124	123	119	115	115	111	111	107	106	106	102	102	98	98	94	93	90	89	86	85	86	90	90	94	93	97	98	102	103	107	107	111	111	115	115	119	119	120	124	213	214	213	210	209	206	206	202	202	200	197	196	193	192	188	184	184	183	180	179	175	175	171	172	176	175	179	180	183	184	184	188	189	192	192	196	197	200	201	205	206	209	209	42	42	39	39	35	34	34	30	30	26	26	22	22	18	17	14	13	9	8	8	4	
0	0	1	4	8	9	9	13	13	17	17	21	21	22	26	27	30	31	35	35	39	39	43	128	124	123	123	119	115	115	111	111	107	106	106	102	101	98	98	94	93	90	89	86	85	85	90	90	94	93	97	97	102	103	107	107	111	111	115	115	119	119	120	124	213	214	214	209	209	206	206	202	202	200	197	196	193	192	188	184	184	183	180	179	175	175	171	171	176	175	179	179	183	184	184	188	189	192	192	196	197	200	201	205	206	209	209	43	43	39	39	35	34	34	30	30	26	26	22	22	17	17	13	13	9	8	8	4	
0	0	1	4	8	9	9	13	13	17	17	21	21	22	26	27	30	31	35	35	39	39	43	128	124	123	123	119	115	115	111	111	107	106	106	102	101	98	98	94	93	90	89	86	85	85	90	90	94	93	97	97	102	103	107	107	111	111	115	115	119	119	120	124	213	214	214	209	209	206	206	202	202	200	197	196	193	192	188	184	184	183	180	179	175	175	171	171	176	175	179	179	183	184	184	188	189	192	192	196	197	200	201	205	206	209	209	43	43	39	39	35	34	34	30	30	26	26	22	22	17	17	13	13	9	8	8	4	
0	0	1	4	8	9	9	13	13	17	17	21	21	22	26	27	30	31	35	35	39	39	43	128	124	123	123	119	115	115	111	111	107	106	106	102	101	98	98	94	93	90	89	86	85	85	90	90	94	93	97	97	102	103	107	107	111	111	115	115	119	119	120	124	213	214	214	209	209	206	206	202	202	200	197	196	193	192	188	184	184	183	180	179	175	175	171	171	176	175	179	179	183	184	184	188	189	192	192	196	197	200	201	205	206	209	209	43	43	39	39	35	34	34	30	30	26	26	22	22	17	17	13	13	9	8	8	4	
0	0	1	4	8	9	9	13	13	17	17	21	21	22	26	27	30	31	35	35	39	39	43	128	124	124	123	119	115	115	111	111	107	107	106	102	101	98	98	94	93	90	89	86	85	85	90	90	94	93	97	97	102	103	107	107	111	111	115	115	119	119	120	124	213	214	214	210	209	206	206	202	202	200	197	196	193	192	188	184	184	183	180	179	175	175	171	171	176	175	179	180	183	184	184	188	189	192	192	197	197	200	201	205	206	209	209	43	43	40	39	35	34	34	30	30	26	26	22	22	17	17	14	13	10	8	8	4	
0	0	1	4	8	9	9	13	13	17	17	21	21	22	26	27	30	30	35	35	39	39	43	128	124	124	123	119	115	115	111	111	107	107	106	102	101	98	98	94	93	90	89	86	85	85	90	90	93	93	98	98	102	103	107	107	111	111	115	115	119	120	120	124	213	214	214	210	209	206	206	201	202	200	197	196	193	192	188	184	184	184	179	179	175	175	171	171	176	175	179	179	184	184	184	188	189	192	192	197	197	200	201	205	206	209	209	43	43	40	39	35	35	34	30	30	26	26	22	22	17	17	14	13	9	8	8	4	
0	0	1	4	8	9	9	13	13	17	17	21	21	22	26	27	30	30	35	35	39	39	43	128	124	123	123	119	115	115	111	111	107	106	106	102	101	98	98	94	93	90	89	86	85	85	90	90	94	93	97	97	102	102	107	107	111	111	115	115	119	119	120	124	213	214	214	209	209	206	206	201	202	200	197	196	193	192	188	184	184	183	180	179	175	175	171	171	176	175	179	179	183	184	184	188	189	192	192	197	197	200	201	205	206	209	209	43	43	39	39	35	34	34	30	30	26	26	22	22	17	17	14	13	9	8	8	4	
0	0	1	4	8	9	9	13	13	17	17	21	21	22	26	27	30	30	35	35	39	39	43	128	124	123	123	119	115	115	111	111	107	106	106	102	101	98	98	94	93	90	89	86	85	85	90	90	94	93	97	97	102	102	107	107	111	111	115	115	119	119	120	124	213	214	214	209	209	206	206	201	202	200	197	196	193	192	188	184	184	183	180	179	175	175	171	171	176	175	179	179	183	184	184	188	189	192	192	197	197	200	201	205	206	209	209	43	43	39	39	35	34	34	30	30	26	26	22	22	17	17	14	13	9	8	8	4	
0	0	1	4	8	9	9	13	13	17	17	21	21	22	26	27	30	30	35	35	39	39	43	128	124	123	123	119	115	115	111	111	107	106	106	102	101	98	98	94	93	90	89	86	85	85	90	90	94	93	97	97	102	102	107	107	111	111	115	115	119	119	120	124	213	214	214	209	209	206	206	201	202	200	197	196	193	192	188	184	184	183	180	179	175	175	171	171	176	175	179	179	183	184	184	188	189	192	192	197	197	200	201	205	206	209	209	43	43	39	39	35	34	34	30	30	26	26	22	22	17	17	14	13	9	8	8	4	
0	0	1	4	8	9	9	13	13	17	17	21	21	22	26	27	30	30	35	35	39	39	43	128	124	124	123	119	115	115	111	111	107	107	106	102	101	98	98	94	93	90	89	86	85	85	90	90	94	93	98	98	102	103	107	107	111	111	115	115	119	120	120	124	213	214	214	210	209	206	206	201	202	200	197	196	193	192	188	184	184	184	180	179	175	175	171	171	176	175	179	179	184	184	184	188	189	192	192	197	197	200	201	205	206	209	209	43	43	40	39	35	35	34	30	30	26	26	22	22	17	17	14	13	9	8	8	4	
0	0	1	4	8	9	9	13	13	17	17	21	21	22	26	27	30	31	35	35	39	39	43	128	124	124	124	119	115	115	111	111	107	107	106	102	101	98	98	94	93	90	89	86	85	85	89	90	94	93	98	98	102	103	107	107	111	111	115	115	119	119	120	124	213	214	214	210	210	206	206	202	202	200	197	196	193	192	188	184	184	184	180	179	175	175	171	171	176	175	179	180	184	184	184	188	189	192	192	196	197	200	201	205	206	210	210	43	43	40	39	35	34	34	30	30	26	26	22	22	18	17	14	13	10	8	8	4	
0	0	1	4	8	9	9	13	13	17	17	21	21	22	26	26	30	30	35	35	39	39	43	128	124	124	123	119	115	115	111	111	107	106	106	102	101	98	98	94	93	90	89	86	85	85	89	89	94	93	97	97	102	103	107	107	111	111	115	115	119	119	120	124	213	214	214	210	209	206	206	201	202	200	197	196	193	192	188	184	184	183	180	179	175	175	171	171	176	175	179	179	183	184	184	188	189	192	192	196	197	200	201	205	206	209	209	43	43	39	39	35	34	34	30	30	26	26	22	22	17	17	13	13	9	8	8	4	
0	0	1	4	8	9	9	13	13	17	17	21	21	22	26	26	30	30	35	35	39	39	43	128	124	124	123	119	115	115	111	111	107	106	106	102	101	98	98	94	93	90	89	86	85	85	89	89	94	93	97	97	102	103	107	107	111	111	115	115	119	119	120	124	213	214	214	210	209	206	206	201	202	200	197	196	193	192	188	184	184	183	180	179	175	175	171	171	176	175	179	179	183	184	184	188	189	192	192	196	197	200	201	205	206	209	209	43	43	39	39	35	34	34	30	30	26	26	22	22	17	17	13	13	9	8	8	4	
0	0	1	4	8	9	9	13	13	17	17	21	21	22	26	26	30	30	35	35	39	39	43	128	124	124	123	119	115	115	111	111	107	106	106	102	101	98	98	94	93	90	89	86	85	85	89	89	94	93	97	97	102	103	107	107	111	111	115	115	119	119	120	124	213	214	214	210	209	206	206	201	202	200	197	196	193	192	188	184	184	183	180	179	175	175	171	171	176	175	179	179	183	184	184	188	189	192	192	196	197	200	201	205	206	209	209	43	43	39	39	35	34	34	30	30	26	26	22	22	17	17	13	13	9	8	8	4	
0	0	1	4	8	9	9	13	13	17	17	21	21	22	26	27	30	30	35	35	39	39	43	128	124	124	123	119	115	115	111	111	107	107	106	102	101	98	98	94	93	90	89	86	85	85	89	90	94	93	98	98	102	103	107	107	111	111	115	115	119	119	120	124	213	214	214	210	209	206	206	201	201	200	197	196	193	192	188	184	184	184	180	179	175	175	171	171	176	175	179	180	184	184	184	188	189	192	192	196	197	200	201	205	206	209	209	43	43	39	39	35	34	34	30	30	26	26	22	22	18	17	14	13	9	8	8	4	
0	0	1	4	8	9	9	13	13	17	17	21	21	22	26	26	30	30	35	35	39	39	43	128	124	123	123	119	115	115	111	111	107	106	106	102	101	98	98	94	93	90	89	86	85	85	89	89	93	93	97	97	101	102	107	107	111	111	115	115	119	119	120	124	213	214	214	209	209	206	206	201	201	200	197	196	193	192	188	184	184	183	179	179	175	175	171	171	176	175	179	179	183	184	184	188	189	192	192	196	197	200	201	205	206	209	209	43	43	39	39	35	34	34	30	30	26	26	22	22	17	17	13	13	9	8	8	4	
0	0	1	4	8	9	9	13	13	17	17	21	21	22	26	26	30	30	35	35	39	39	43	128	124	123	123	119	115	115	111	111	107	106	106	102	101	98	98	94	93	90	89	86	85	85	89	89	93	93	97	97	101	102	107	107	111	111	115	115	119	119	120	124	213	214	214	209	209	206	206	201	201	200	197	196	193	192	188	184	184	183	179	179	175	175	171	171	176	175	179	179	183	184	184	188	189	192	192	196	197	200	201	205	206	209	209	43	43	39	39	35	34	34	30	30	26	26	22	22	17	17	13	13	9	8	8	4	
0	0	1	4	8	9	9	13	13	17	17	21	21	22	26	26	30	30	35	35	39	39	43	128	124	123	123	119	115	115	111	111	107	106	106	102	101	98	98	94	93	90	89	86	85	85	89	89	93	93	97	97	101	102	107	107	111	111	115	115	119	119	120	124	213	214	214	209	209	206	206	201	201	200	197	196	193	192	188	184	184	183	179	179	175	175	171	171	176	175	179	179	183	184	184	188	189	192	192	196	197	200	201	205	206	209	209	43	43	39	39	35	34	34	30	30	26	26	22	22	17	17	13	13	9	8	8	4	
0	0	1	4	8	9	9	13	13	17	17	21	21	22	26	26	30	30	35	35	39	39	43	128	124	123	123	119	115	115	111	111	107	106	106	102	101	98	98	94	93	90	89	86	85	85	89	89	93	93	97	97	102	103	107	107	111	111	115	115	119	119	120	124	213	214	214	209	209	206	206	201	201	200	197	196	193	192	188	184	184	183	179	179	175	175	171	171	176	175	179	179	183	184	184	188	189	192	192	196	197	200	201	205	206	209	209	43	43	39	39	35	34	34	30	30	26	26	22	22	18	17	14	13	9	8	8	4	
0	0	1	4	8	9	9	13	13	17	17	21	21	23	26	27	30	31	35	35	39	39	43	128	124	124	123	119	115	115	111	111	107	107	106	102	101	98	98	94	93	90	89	86	85	85	90	90	94	93	98	98	102	103	107	107	111	111	115	115	119	119	120	124	213	214	214	210	209	206	206	202	202	200	197	196	193	192	188	184	184	184	180	179	175	175	171	171	176	175	179	180	184	184	184	188	189	192	192	197	197	200	201	205	206	209	209	43	43	40	39	35	34	34	30	30	26	26	22	22	18	17	14	13	10	8	8	4	
0	0	1	4	8	9	9	13	13	17	17	21	21	22	26	27	30	30	35	35	39	39	43	128	124	124	123	119	115	115	111	111	107	106	106	102	101	98	98	94	93	90	89	86	85	85	90	90	94	93	98	98	102	103	107	107	111	111	115	115	119	119	120	124	213	214	214	210	209	206	206	201	201	200	197	196	193	192	188	184	184	184	180	179	175	175	171	171	176	175	179	179	184	184	184	188	189	192	192	196	197	200	201	205	206	209	209	43	43	40	39	35	34	34	30	30	26	26	22	22	18	17	14	13	9	8	8	4	
0	0	1	4	8	9	9	13	13	17	17	21	21	22	26	27	30	30	35	35	39	39	43	128	124	124	123	119	115	115	111	111	107	106	106	102	101	98	98	94	93	90	89	86	85	85	90	90	94	93	98	98	102	103	107	107	111	111	115	115	119	119	120	124	213	214	214	210	209	206	206	201	201	200	197	196	193	192	188	184	184	184	180	179	175	175	171	171	176	175	179	179	184	184	184	188	189	192	192	196	197	200	201	205	206	209	209	43	43	40	39	35	34	34	30	30	26	26	22	22	18	17	14	13	9	8	8	4	
0	0	1	4	8	9	9	13	13	17	17	21	21	22	26	27	30	30	35	35	39	39	43	128	124	124	123	119	115	115	111	111	107	106	106	102	101	98	98	94	93	90	89	86	85	85	90	90	94	93	98	98	102	103	107	107	111	111	115	115	119	119	120	124	213	214	214	210	209	206	206	201	201	200	197	196	193	192	188	184	184	184	180	179	175	175	171	171	176	175	179	179	184	184	184	188	189	192	192	196	197	200	201	205	206	209	209	43	43	40	39	35	34	34	30	30	26	26	22	22	18	17	14	13	9	8	8	4	
0	0	1	4	8	9	9	13	13	17	17	21	21	22	26	27	30	30	35	35	39	39	43	128	124	124	123	119	115	115	111	111	107	107	106	102	101	98	98	94	93	90	89	86	85	85	89	90	94	94	98	98	102	103	107	107	111	111	115	115	119	119	120	124	213	214	214	210	209	206	205	201	201	200	197	196	193	192	188	184	184	184	180	179	175	175	171	171	176	175	179	180	184	184	184	188	189	192	192	196	197	200	201	205	206	209	209	43	43	39	39	35	34	34	30	30	26	26	22	22	18	17	14	13	10	9	8	4	
0	0	1	4	8	9	9	13	13	17	17	21	21	22	26	27	30	31	35	35	39	39	42	128	124	124	123	119	115	115	111	111	107	106	106	102	101	98	98	94	93	90	89	86	85	85	89	90	94	93	97	97	102	103	107	107	111	111	115	115	119	119	120	124	213	214	213	210	209	206	205	202	202	200	197	196	193	192	188	184	184	183	180	179	175	175	171	171	176	175	179	180	183	184	184	188	189	192	192	196	197	200	201	205	206	209	209	42	42	39	39	35	34	34	30	30	26	26	22	22	18	17	14	13	10	8	8	4	
0	0	1	4	8	9	9	13	13	17	17	21	21	22	26	27	30	31	35	35	39	39	42	128	124	124	123	119	115	115	111	111	107	106	106	102	101	98	98	94	93	90	89	86	85	85	89	90	94	93	97	97	102	103	107	107	111	111	115	115	119	119	120	124	213	214	213	210	209	206	205	202	202	200	197	196	193	192	188	184	184	183	180	179	175	175	171	171	176	175	179	180	183	184	184	188	189	192	192	196	197	200	201	205	206	209	209	42	42	39	39	35	34	34	30	30	26	26	22	22	18	17	14	13	10	8	8	4	
0	0	1	4	8	9	9	13	13	17	17	21	21	22	26	27	30	31	35	35	39	39	42	128	124	124	123	119	115	115	111	111	107	106	106	102	101	98	98	94	93	90	89	86	85	85	89	90	94	93	97	97	102	103	107	107	111	111	115	115	119	119	120	124	213	214	213	210	209	206	205	202	202	200	197	196	193	192	188	184	184	183	180	179	175	175	171	171	176	175	179	180	183	184	184	188	189	192	192	196	197	200	201	205	206	209	209	42	42	39	39	35	34	34	30	30	26	26	22	22	18	17	14	13	10	8	8	4	
0	0	1	4	8	9	9	13	13	17	17	21	21	22	26	27	30	31	35	35	39	39	42	128	124	124	123	119	115	115	111	111	107	106	106	102	101	98	98	94	93	90	89	86	85	85	89	90	94	93	97	97	102	103	107	107	111	111	115	115	119	119	120	124	213	214	213	210	209	206	205	202	202	200	197	196	193	192	188	184	184	183	180	179	175	175	171	171	176	175	179	180	183	184	184	188	189	192	192	196	197	200	201	205	206	209	209	42	42	39	39	35	34	34	30	30	26	26	22	22	18	17	14	13	10	8	8	4	
0	0	1	4	8	9	9	13	13	17	17	21	21	22	26	27	30	31	35	35	39	39	43	128	124	123	123	119	115	115	111	111	107	107	106	102	101	98	98	94	93	90	89	86	85	85	90	90	93	93	97	98	102	103	107	107	111	111	115	115	119	120	120	124	213	214	214	209	209	206	206	202	202	200	197	196	193	192	188	184	184	183	179	179	175	175	171	171	176	175	179	179	183	184	184	188	189	192	192	197	197	200	201	205	206	209	209	43	43	39	39	35	35	34	30	30	26	26	22	22	18	17	14	13	9	8	8	4	
0	0	1	4	8	9	9	13	13	17	17	21	21	22	26	27	30	30	35	35	39	39	42	128	124	123	123	119	115	115	111	111	107	106	106	102	101	98	98	94	93	90	89	86	85	85	90	90	93	93	98	98	102	102	107	107	111	111	114	115	119	120	120	124	213	214	213	209	209	206	206	201	201	200	197	196	193	192	188	184	184	184	179	179	175	175	171	171	176	175	179	179	184	184	184	188	189	192	192	196	197	200	201	205	206	209	209	42	42	39	39	35	35	34	30	29	26	26	22	22	17	17	14	13	9	8	8	4	
0	0	1	4	8	9	9	13	13	17	17	21	21	22	26	27	30	30	35	35	39	39	42	128	124	123	123	119	115	115	111	111	107	106	106	102	101	98	98	94	93	90	89	86	85	85	90	90	93	93	98	98	102	102	107	107	111	111	114	115	119	120	120	124	213	214	213	209	209	206	206	201	201	200	197	196	193	192	188	184	184	184	179	179	175	175	171	171	176	175	179	179	184	184	184	188	189	192	192	196	197	200	201	205	206	209	209	42	42	39	39	35	35	34	30	29	26	26	22	22	17	17	14	13	9	8	8	4	
0	0	1	4	8	9	9	13	13	17	17	21	21	22	26	27	30	30	35	35	39	39	42	128	124	123	123	119	115	115	111	111	107	106	106	102	101	98	98	94	93	90	89	86	85	85	90	90	93	93	98	98	102	102	107	107	111	111	114	115	119	120	120	124	213	214	213	209	209	206	206	201	201	200	197	196	193	192	188	184	184	184	179	179	175	175	171	171	176	175	179	179	184	184	184	188	189	192	192	196	197	200	201	205	206	209	209	42	42	39	39	35	35	34	30	29	26	26	22	22	17	17	14	13	9	8	8	4	
0	0	1	4	8	9	9	13	13	17	17	21	21	22	26	27	30	30	35	35	39	39	43	128	124	124	123	119	115	115	111	111	107	107	106	102	101	98	98	94	93	90	89	86	85	85	89	90	94	93	98	98	102	103	107	107	111	111	115	115	119	120	120	124	213	214	214	210	209	206	206	201	201	200	197	196	193	192	188	184	184	184	180	179	175	175	171	171	176	175	179	179	184	184	184	188	189	192	192	196	197	200	201	205	206	209	209	43	43	39	39	35	35	34	30	30	26	26	22	22	18	17	14	13	10	8	8	4	
0	0	1	4	8	9	9	13	13	17	17	21	21	22	26	27	30	30	35	35	39	39	43	128	124	123	123	119	115	115	111	111	107	106	106	102	101	98	98	94	93	90	89	86	85	85	89	90	93	93	97	97	102	103	107	107	111	110	115	115	119	119	120	124	213	214	214	209	209	206	206	201	201	200	197	196	193	192	188	184	184	183	179	179	175	175	171	171	176	175	179	179	183	184	184	188	189	192	192	196	197	200	201	205	206	209	209	43	43	40	39	35	34	34	30	30	25	26	22	22	18	17	14	13	9	8	8	4	
0	0	1	4	8	9	9	13	13	17	17	21	21	22	26	27	30	30	35	35	39	39	43	128	124	123	123	119	115	115	111	111	107	106	106	102	101	98	98	94	93	90	89	86	85	85	89	90	93	93	97	97	102	103	107	107	111	110	115	115	119	119	120	124	213	214	214	209	209	206	206	201	201	200	197	196	193	192	188	184	184	183	179	179	175	175	171	171	176	175	179	179	183	184	184	188	189	192	192	196	197	200	201	205	206	209	209	43	43	40	39	35	34	34	30	30	25	26	22	22	18	17	14	13	9	8	8	4	
0	0	1	4	8	9	9	13	13	17	17	21	21	22	26	27	30	30	35	35	39	39	43	128	124	123	123	119	115	115	111	111	107	106	106	102	101	98	98	94	93	90	89	86	85	85	89	90	93	93	97	97	102	103	107	107	111	110	115	115	119	119	120	124	213	214	214	209	209	206	206	201	201	200	197	196	193	192	188	184	184	183	179	179	175	175	171	171	176	175	179	179	183	184	184	188	189	192	192	196	197	200	201	205	206	209	209	43	43	40	39	35	34	34	30	30	25	26	22	22	18	17	14	13	9	8	8	4	
0	0	1	4	8	9	9	13	13	17	17	21	21	22	26	26	30	30	35	35	39	39	43	128	124	123	123	119	115	115	111	111	107	106	106	102	102	98	98	94	93	90	89	86	85	85	89	90	94	93	98	98	102	103	107	107	111	110	115	115	119	119	120	124	213	214	214	209	209	206	205	201	201	200	197	196	193	192	188	184	184	184	180	179	175	175	171	171	176	175	179	179	184	184	184	188	189	192	192	196	197	200	201	205	206	209	209	43	43	40	39	35	34	34	30	30	25	26	22	22	18	17	14	13	9	8	8	4	
0	0	1	4	8	9	9	13	13	17	17	21	21	23	26	27	30	30	35	35	39	39	43	128	124	123	123	119	115	115	111	111	107	107	106	102	101	98	98	94	93	90	89	86	85	85	90	90	94	93	98	98	102	103	107	107	111	111	115	115	119	119	120	124	213	214	214	209	209	206	206	201	201	200	197	196	193	192	188	184	184	184	180	179	175	175	171	171	176	175	179	179	184	184	184	188	189	192	192	197	197	200	201	205	206	209	209	43	43	40	39	35	34	34	30	30	26	26	22	22	17	17	14	13	9	8	8	4	
0	0	1	4	8	9	9	13	13	17	17	21	21	22	26	27	30	30	35	35	39	39	43	128	124	123	123	119	114	115	111	111	107	106	106	102	102	98	98	94	93	90	89	86	85	85	90	90	94	93	98	98	102	103	107	107	111	111	115	114	119	119	120	124	213	214	214	209	209	206	206	201	201	200	197	196	193	192	188	184	184	184	180	179	175	175	172	171	176	175	179	179	184	184	184	188	189	192	192	196	197	200	201	205	206	209	209	43	43	39	39	35	34	34	30	30	26	26	22	22	18	17	14	13	9	8	8	4	
0	0	1	4	8	9	9	13	13	17	17	21	21	22	26	27	30	30	35	35	39	39	43	128	124	123	123	119	114	115	111	111	107	106	106	102	102	98	98	94	93	90	89	86	85	85	90	90	94	93	98	98	102	103	107	107	111	111	115	114	119	119	120	124	213	214	214	209	209	206	206	201	201	200	197	196	193	192	188	184	184	184	180	179	175	175	172	171	176	175	179	179	184	184	184	188	189	192	192	196	197	200	201	205	206	209	209	43	43	39	39	35	34	34	30	30	26	26	22	22	18	17	14	13	9	8	8	4	
0	0	1	4	8	9	9	13	13	17	17	21	21	22	26	27	30	30	35	35	39	39	43	128	124	123	123	119	114	115	111	111	107	106	106	102	102	98	98	94	93	90	89	86	85	85	90	90	94	93	98	98	102	103	107	107	111	111	115	114	119	119	120	124	213	214	214	209	209	206	206	201	201	200	197	196	193	192	188	184	184	184	180	179	175	175	172	171	176	175	179	179	184	184	184	188	189	192	192	196	197	200	201	205	206	209	209	43	43	39	39	35	34	34	30	30	26	26	22	22	18	17	14	13	9	8	8	4	
0	0	1	4	8	9	9	13	13	17	17	21	21	22	26	27	30	30	35	35	39	39	42	128	124	124	123	119	115	115	111	111	107	106	106	102	101	98	98	94	93	90	89	86	85	86	89	90	93	93	98	98	102	103	107	107	111	111	115	115	119	119	120	124	213	214	213	210	209	206	206	201	201	200	197	196	193	192	188	184	184	184	179	179	175	175	171	172	176	175	179	179	184	184	184	188	189	192	192	196	197	200	201	205	206	209	209	42	42	39	39	35	34	34	30	30	26	26	22	22	18	17	14	13	9	8	8	4	
0	0	1	4	8	9	9	13	13	17	17	21	21	22	26	26	30	31	35	35	39	39	42	128	124	124	123	119	115	115	111	111	107	106	106	102	101	98	98	94	93	90	89	86	85	86	89	90	93	93	97	97	102	103	107	107	111	111	115	115	119	119	120	124	127	214	213	210	209	206	206	202	202	200	197	196	193	192	188	184	184	183	179	179	175	175	171	172	176	175	179	179	183	184	184	188	189	192	192	196	197	200	201	205	206	209	209	42	42	39	39	35	34	34	30	30	26	26	22	22	18	17	14	13	9	8	8	4	
0	0	1	4	8	9	9	13	13	17	17	21	21	22	26	26	30	31	35	35	39	39	42	128	124	124	123	119	115	115	111	111	107	106	106	102	101	98	98	94	93	90	89	86	85	86	90	90	94	93	97	97	102	103	107	107	111	111	115	115	119	119	120	124	127	214	213	210	209	206	206	202	202	200	197	196	193	192	188	184	184	183	180	179	175	175	171	172	176	175	179	179	183	184	184	188	189	192	192	196	197	200	201	205	206	209	209	42	42	39	39	35	34	34	30	30	26	26	22	22	18	17	14	13	9	8	8	4	
0	0	1	4	8	9	9	13	13	17	17	21	21	22	26	26	30	31	35	35	39	39	42	128	124	124	123	119	115	115	111	111	107	106	106	102	101	98	98	94	93	90	89	86	85	86	90	90	94	93	97	97	102	103	107	107	111	111	115	115	119	119	120	124	127	214	213	210	209	206	206	202	202	200	197	196	193	192	188	184	184	183	180	179	175	175	171	172	176	175	179	179	183	184	184	188	189	192	192	196	197	200	201	205	206	209	209	42	42	39	39	35	34	34	30	30	26	26	22	22	18	17	14	13	9	8	8	4	
0	0	1	4	8	9	9	13	13	17	17	21	21	22	26	26	30	31	35	35	39	39	42	128	124	124	123	119	115	115	111	111	107	106	106	102	101	98	98	94	93	90	89	86	85	86	90	90	94	93	97	97	102	103	107	107	111	111	115	115	119	119	120	124	127	214	213	210	209	206	206	202	202	200	197	196	193	192	188	184	184	183	180	179	175	175	171	172	176	175	179	179	183	184	184	188	189	192	192	196	197	200	201	205	206	209	209	42	42	39	39	35	34	34	30	30	26	26	22	22	18	17	14	13	9	8	8	4	
