217	217	224	207	199	185	194	209	201	216	217	224	228	224	215	240	241	222	214	216	220	235	245	204	211	213	217	228	215	204	196	194	190	191	211	199	169	159	177	178	177	208	221	192	187	179	139	90	185	203	215	228	178	108	181	203	237	237	170	207	163	183	200	159	168	227	206	191	196	145	195	130	132	151	160	212	172	143	148	160	229	150	127	142	177	169	112	118	118	135	162	136	134	149	173	127	139	121	186	136	134	121	146	107	120	151	123	98	114	139	127	154	141	158	127	165	178	146	99	194	117	100	127	147	121	139	164	116	
195	195	207	209	211	211	227	238	227	230	228	228	228	222	219	226	233	219	210	207	211	212	220	216	215	222	223	216	214	227	240	236	244	251	246	246	193	173	193	232	212	180	187	179	184	168	120	81	169	172	196	202	169	117	151	189	189	211	182	210	165	169	179	142	167	212	174	165	160	137	192	124	133	141	162	222	171	152	165	165	227	149	128	141	147	168	125	108	94	141	165	173	139	157	174	141	146	133	178	133	131	146	155	129	154	201	127	99	113	147	121	132	135	130	133	158	183	145	101	175	109	95	127	123	106	137	164	110	
177	177	198	223	221	223	222	224	224	220	222	229	224	212	205	248	248	223	201	184	198	204	198	193	188	190	198	190	166	172	178	165	183	205	206	202	219	233	240	252	225	202	181	151	174	200	142	113	123	123	154	184	194	142	103	105	108	135	161	189	123	124	116	104	152	184	131	140	133	149	194	146	180	145	170	234	168	161	179	186	241	190	162	150	165	196	131	132	121	174	193	181	160	201	176	164	163	149	187	143	163	212	168	150	159	226	152	126	129	176	127	144	202	108	115	124	134	105	101	166	85	86	149	119	119	193	207	127	
160	160	174	194	194	194	189	186	183	189	194	197	193	189	182	246	247	222	196	193	197	206	211	193	165	158	164	158	145	154	153	128	124	126	128	147	152	167	176	148	173	211	183	169	137	193	163	153	142	163	180	209	194	151	123	140	124	146	157	175	127	117	105	100	133	162	123	128	115	117	147	110	118	109	134	189	150	135	151	159	230	160	134	123	113	139	89	87	90	123	158	130	125	189	142	130	127	142	145	114	117	189	140	128	130	208	146	114	117	206	141	156	203	107	107	151	132	114	142	202	97	96	177	121	147	206	167	141	
189	189	196	213	213	206	201	189	187	205	208	195	186	184	177	242	250	238	211	220	213	207	208	210	187	156	157	150	145	161	174	162	168	169	198	159	171	159	140	163	217	210	161	152	120	163	98	79	83	106	135	173	164	133	120	155	140	161	160	187	181	197	171	143	154	206	170	182	154	147	178	109	99	98	114	132	119	117	136	131	171	116	100	94	103	116	71	70	85	113	113	116	122	178	134	116	105	143	127	112	116	192	127	123	118	193	135	114	131	168	121	118	139	81	78	155	147	134	146	164	117	122	190	124	161	222	145	162	
177	177	169	169	166	159	152	149	145	150	163	149	150	157	142	235	237	213	224	232	230	210	220	234	214	165	104	117	140	146	152	147	159	140	120	114	111	102	106	125	213	169	125	121	136	168	104	71	69	60	64	86	98	91	80	78	88	111	122	138	120	115	100	96	115	115	120	124	117	108	130	78	74	76	97	106	96	115	134	123	167	99	96	90	79	69	44	46	57	70	84	102	95	118	99	89	87	117	88	81	91	147	101	105	102	142	99	96	127	129	97	93	107	66	63	181	147	149	193	193	134	150	203	139	163	202	154	175	
147	147	139	132	122	118	115	120	122	120	145	135	147	161	140	215	229	207	208	229	236	231	240	245	229	181	84	99	120	113	110	116	133	128	121	123	129	161	167	198	163	142	131	143	186	154	93	63	93	75	102	108	115	89	106	92	109	117	129	124	98	86	71	71	93	97	92	89	96	92	103	63	55	46	58	58	47	70	84	81	104	74	76	72	82	83	73	67	65	67	89	97	87	133	116	95	100	127	96	80	86	112	95	100	95	118	85	92	117	96	75	76	86	59	57	153	101	110	180	164	103	127	151	118	139	148	133	150	
107	107	103	97	95	90	103	113	125	124	150	130	134	152	121	218	226	200	202	236	248	245	249	250	240	202	84	113	169	163	151	141	137	122	144	150	149	203	208	137	142	159	152	166	182	145	105	58	79	52	97	94	107	80	123	87	107	110	149	138	117	116	94	77	93	114	104	97	100	97	90	51	42	30	40	44	33	49	63	68	85	60	63	59	63	56	48	45	45	61	45	38	41	58	49	40	43	55	76	75	80	85	98	107	105	124	94	111	110	105	83	85	96	73	64	157	102	113	175	129	106	138	131	110	143	142	124	141	
93	93	118	131	129	127	137	153	176	188	185	186	180	165	139	180	147	118	115	155	213	244	245	254	231	222	152	113	132	132	148	169	167	160	138	130	155	173	167	218	157	110	155	198	131	119	88	67	71	65	60	85	94	86	100	91	107	95	130	140	120	104	114	123	98	126	121	91	76	122	99	72	59	47	57	75	57	70	69	95	107	71	87	86	107	85	89	75	86	95	64	85	105	109	66	69	53	54	42	37	29	38	49	55	56	44	49	53	67	71	68	75	77	83	80	92	87	95	88	92	69	69	73	78	83	67	61	80	
75	75	98	120	119	121	124	129	135	129	136	149	156	134	109	113	102	102	92	108	174	213	228	242	232	208	133	76	40	49	63	72	76	83	96	116	143	181	212	151	107	115	199	236	171	131	95	78	85	76	68	86	84	98	88	81	98	101	134	130	125	114	123	139	115	116	128	110	86	133	104	88	64	65	77	102	67	96	84	102	108	77	94	104	129	107	107	87	96	118	81	80	97	121	53	91	89	57	62	54	39	37	61	59	69	37	46	56	79	115	77	90	85	95	92	99	87	93	80	74	58	51	44	39	41	30	28	38	
67	67	81	107	107	109	111	113	113	110	109	112	114	117	112	73	66	68	64	74	127	182	209	220	229	207	140	96	51	36	20	10	43	83	108	96	161	215	178	126	105	134	244	239	178	131	105	100	101	91	86	88	87	121	111	98	113	105	132	143	149	138	137	143	118	130	158	143	99	161	118	107	69	99	110	131	79	134	122	143	137	104	120	129	162	127	139	158	143	120	127	78	75	77	42	87	103	53	115	97	61	30	44	35	38	39	98	144	95	156	89	122	103	123	127	125	94	111	103	80	71	62	30	14	8	6	10	5	
74	74	87	102	103	108	111	113	114	120	114	109	110	114	116	62	64	78	68	63	79	96	126	147	172	175	132	106	64	62	51	41	28	25	31	33	60	93	119	89	111	137	202	192	152	115	104	99	94	96	92	100	92	114	144	112	120	106	137	177	190	179	178	168	127	116	124	109	80	119	100	94	56	99	111	125	83	138	133	148	145	124	122	121	137	106	113	158	103	71	83	80	82	76	59	83	89	53	106	94	67	41	71	44	44	85	115	147	124	165	118	155	120	138	160	143	119	138	133	105	111	86	59	57	42	30	37	37	
77	77	88	102	103	107	112	114	115	119	118	122	123	112	98	56	63	79	69	65	69	71	87	120	149	155	118	89	34	32	20	14	10	21	29	29	46	65	75	69	103	116	148	159	139	99	96	104	110	108	104	102	103	127	135	124	126	117	142	140	151	149	158	148	108	115	112	95	73	92	85	81	51	92	100	115	92	127	131	138	139	142	127	119	109	115	95	77	51	50	169	200	157	91	97	109	91	56	102	73	46	45	81	90	36	85	103	115	99	114	115	147	128	148	165	161	147	169	160	143	138	106	74	79	53	32	39	55	
89	89	90	95	94	96	99	99	100	108	115	134	145	129	110	59	57	59	53	58	54	59	61	79	100	122	112	82	39	41	36	34	34	33	36	36	45	58	53	47	102	114	119	95	92	67	65	80	90	88	85	76	74	102	92	135	136	150	149	132	137	137	152	139	98	97	91	80	60	60	54	53	38	68	80	95	95	117	133	130	122	124	105	92	85	87	60	30	17	7	172	216	186	105	110	152	111	78	139	96	54	70	88	102	43	133	123	102	95	110	124	151	155	169	168	178	181	198	176	172	147	120	94	89	76	47	45	64	
93	93	98	113	116	107	101	96	91	90	93	100	144	109	103	84	87	89	66	59	52	41	29	39	80	107	129	103	58	51	44	40	30	36	53	64	74	101	122	102	90	99	97	92	89	82	80	82	81	79	78	79	71	93	76	95	104	132	127	132	133	133	135	124	106	98	97	82	62	85	65	70	49	95	92	108	96	136	160	158	148	138	127	118	143	133	116	98	62	52	131	145	119	91	77	79	62	65	76	64	46	44	62	90	102	135	161	171	155	165	165	176	182	179	172	148	147	160	165	174	181	159	127	88	37	3	18	9	
94	94	100	119	115	105	109	110	99	86	79	77	94	90	95	71	81	85	72	69	61	47	28	29	70	104	144	126	73	69	49	36	32	40	60	74	81	98	118	117	85	96	98	107	117	117	113	113	117	109	117	107	96	119	89	91	93	117	126	130	135	137	126	108	93	89	96	85	69	102	75	81	48	94	89	106	99	147	167	168	157	149	140	131	150	124	109	92	69	60	87	95	96	102	114	150	127	77	57	70	89	89	92	127	95	92	113	137	144	175	186	183	187	207	201	176	160	159	161	172	178	186	165	101	39	3	24	11	
91	91	103	125	117	113	124	143	143	151	129	114	118	103	109	94	105	101	92	99	83	58	35	31	48	82	105	86	57	55	41	27	13	21	30	44	69	95	115	114	91	99	102	114	129	127	123	121	119	117	123	117	105	101	70	80	99	118	123	131	133	133	128	119	110	103	107	95	77	112	90	95	67	114	111	123	117	157	166	163	156	146	141	139	164	124	104	94	79	68	108	116	98	81	77	83	100	95	82	93	113	112	133	151	116	109	133	156	157	188	209	209	201	189	173	191	175	162	167	178	178	196	197	155	92	54	28	36	
91	91	102	120	117	110	122	152	173	131	116	102	81	70	70	60	53	60	77	92	75	57	42	31	42	48	54	41	36	29	19	11	4	2	15	23	46	95	113	107	96	104	106	117	134	131	131	131	131	135	133	123	111	100	85	83	94	110	127	134	131	129	126	128	128	121	111	97	87	131	111	112	81	142	134	134	126	143	157	154	149	140	140	137	143	110	86	79	73	60	105	106	93	83	85	92	99	111	135	144	111	99	104	113	125	149	183	190	180	198	193	201	190	177	194	207	185	173	176	188	188	190	188	177	125	90	73	57	
93	93	100	119	116	109	113	137	150	92	79	71	58	58	74	51	34	40	69	91	78	56	48	41	40	44	32	29	34	24	16	13	9	4	8	17	41	81	91	85	93	103	105	129	161	154	153	140	138	150	142	129	123	113	121	89	95	108	121	124	129	132	127	124	120	122	111	102	100	150	138	132	103	174	163	149	147	154	152	150	144	142	142	145	161	130	108	89	79	82	119	115	100	91	97	117	130	113	124	184	184	117	92	101	109	139	166	173	170	180	187	213	202	175	192	205	194	190	196	201	192	181	171	175	140	104	92	69	
91	91	103	128	122	114	117	124	103	47	39	33	25	29	37	40	24	31	50	86	75	61	59	56	63	53	34	9	35	26	25	21	22	15	9	8	28	72	89	95	97	108	112	137	192	179	169	152	144	152	139	125	127	131	146	87	103	117	115	123	129	132	128	125	126	124	118	114	100	118	111	112	96	126	122	121	145	154	147	140	137	138	147	157	167	159	127	87	77	88	118	112	93	91	101	119	135	125	125	158	164	141	120	113	114	141	167	181	186	193	232	233	198	182	173	172	184	199	210	208	196	185	179	177	137	102	87	62	
92	92	102	128	121	113	111	116	86	37	31	24	20	20	29	27	20	24	46	77	78	67	61	61	70	57	42	5	40	34	33	27	28	17	12	4	29	68	76	81	97	110	117	132	163	149	135	137	142	129	110	100	98	106	117	93	102	115	122	129	133	132	124	123	124	118	115	110	99	101	101	109	106	123	127	131	157	158	141	140	136	146	161	152	117	124	119	100	77	76	75	91	90	99	141	172	134	135	147	132	130	138	130	108	120	156	178	183	196	219	221	191	169	173	173	156	193	223	216	205	205	202	179	155	118	83	64	49	
96	96	101	131	122	116	107	115	89	45	31	19	15	14	18	29	28	26	41	83	80	72	62	65	76	61	42	5	48	41	40	36	33	22	14	2	24	65	82	79	94	111	117	115	116	102	99	116	123	110	99	86	85	94	91	99	105	115	120	127	130	131	127	121	120	119	117	115	117	123	128	135	138	147	155	160	164	157	150	148	154	171	192	187	130	143	159	169	169	181	127	103	104	159	160	121	131	183	187	150	156	174	161	135	140	168	186	192	206	203	190	186	187	190	198	166	203	218	189	180	210	207	155	121	94	66	40	39	
96	96	101	133	125	118	104	114	89	54	34	16	10	7	7	25	18	16	36	69	77	73	64	64	70	60	42	10	48	46	47	42	40	32	19	4	24	71	90	88	99	115	121	113	105	93	88	94	94	86	93	89	79	95	98	102	111	120	125	127	126	122	119	117	113	105	104	111	118	129	140	148	148	148	144	150	153	152	141	144	137	132	136	152	107	95	81	78	74	67	82	94	120	133	125	147	157	148	142	143	152	168	173	141	125	155	188	195	197	183	183	188	193	194	195	179	166	165	164	160	188	204	156	113	74	40	18	28	
95	95	100	132	124	116	102	109	90	60	34	18	10	6	8	16	12	15	31	69	82	80	73	75	67	54	38	8	46	43	45	41	38	29	21	4	27	74	95	94	97	112	121	114	104	98	87	89	82	75	81	92	89	95	98	104	109	119	123	129	128	123	118	115	117	100	97	112	127	139	147	150	155	159	160	158	163	154	148	167	161	124	110	127	180	177	178	160	112	79	116	190	114	98	142	192	164	140	144	156	159	173	181	122	129	166	189	183	181	183	184	182	182	179	174	152	155	158	152	149	146	162	156	114	74	43	21	37	
92	92	100	134	128	115	101	108	86	55	29	12	6	17	23	12	5	12	32	82	84	90	89	85	67	49	33	15	44	44	45	41	38	32	19	6	27	85	103	102	95	111	121	115	106	108	103	101	89	82	89	104	106	105	108	110	114	119	124	124	125	122	113	117	121	97	92	114	134	160	174	184	196	195	182	167	141	132	135	165	195	140	113	138	127	106	85	95	93	82	110	89	86	115	141	162	145	138	159	177	174	187	201	142	150	170	169	166	178	183	187	183	186	193	188	160	182	178	158	160	151	146	142	115	81	53	38	53	
92	92	101	136	130	116	103	105	87	55	28	9	6	15	21	11	6	11	31	76	84	111	115	122	87	64	42	22	41	42	43	39	36	28	21	12	33	93	115	110	100	115	125	118	106	117	115	99	91	90	90	96	102	103	109	113	118	123	127	125	121	117	126	139	146	105	104	130	160	193	205	219	235	215	182	149	115	106	107	119	155	124	106	144	152	108	92	100	127	155	82	85	120	117	87	109	136	146	168	185	196	214	210	149	144	148	144	151	169	181	187	183	185	194	186	172	184	181	168	173	171	169	165	143	101	75	61	70	
91	91	98	135	130	115	103	109	92	54	28	12	12	21	26	13	10	11	27	100	96	127	142	139	86	56	40	20	37	39	40	38	35	27	19	12	33	86	111	108	97	110	125	120	116	121	123	99	89	94	96	96	102	109	113	115	118	120	124	129	119	114	146	186	180	127	121	144	167	192	202	208	208	185	151	122	110	124	134	120	144	120	113	169	141	123	123	150	139	105	72	99	133	129	142	155	154	157	167	193	225	232	200	132	132	144	149	156	171	178	189	189	191	197	185	175	170	175	183	181	178	170	158	146	104	77	63	67	
84	84	92	124	121	114	106	120	103	68	33	21	26	37	45	17	7	19	36	106	105	163	167	143	107	51	28	19	28	27	31	29	26	20	16	10	27	72	94	91	99	110	136	139	147	131	116	96	96	87	103	119	116	105	109	115	120	124	124	120	114	99	131	147	134	125	129	137	144	149	147	144	150	164	140	122	122	121	91	71	80	65	67	95	93	114	127	131	121	107	146	144	151	133	154	185	168	160	174	206	196	165	142	125	131	160	172	174	185	192	204	208	203	195	192	192	206	204	196	198	197	187	170	157	108	72	42	40	
86	86	93	124	119	114	107	118	104	68	33	18	19	32	40	20	10	20	35	101	105	154	132	102	83	56	38	27	36	36	37	33	32	24	16	9	30	80	99	98	90	107	133	133	137	123	115	103	97	98	107	118	114	113	115	120	123	126	125	122	110	104	145	137	118	125	120	122	134	134	129	132	132	132	149	151	133	121	107	107	122	94	85	131	130	195	198	118	113	151	174	145	140	124	150	187	170	170	195	200	167	148	145	153	167	180	169	163	171	173	179	184	178	176	174	180	187	187	189	193	191	185	172	157	108	77	45	47	
87	87	95	122	118	115	106	117	106	72	37	22	19	34	42	18	12	25	39	105	104	119	105	100	92	64	40	27	44	41	40	37	33	25	18	9	30	85	102	100	94	113	124	124	126	124	117	107	104	105	109	115	116	116	120	122	127	128	126	123	110	119	159	138	124	148	124	118	122	139	134	137	129	127	146	165	141	109	91	98	92	73	81	118	124	112	110	114	127	140	159	139	133	127	157	199	174	169	190	185	159	154	158	152	151	148	148	154	166	194	197	193	182	177	174	173	176	178	192	204	203	192	171	153	104	75	46	47	
86	86	99	122	118	116	107	116	108	75	40	16	7	26	33	20	15	23	40	108	112	103	93	102	96	74	47	29	59	56	52	46	40	31	21	13	36	94	116	107	100	112	108	101	102	111	114	120	123	125	119	112	118	128	130	131	133	134	130	125	114	132	147	116	113	149	158	156	158	154	143	134	125	117	116	122	118	109	100	110	127	119	132	153	152	129	125	152	182	187	171	145	145	133	154	170	174	175	170	173	167	167	172	167	153	145	154	161	160	152	152	145	137	134	136	160	162	163	170	169	166	162	148	132	90	66	45	49	
86	86	101	121	117	116	106	114	108	80	40	17	4	21	26	21	15	27	42	109	119	112	97	102	96	81	56	29	62	59	54	48	42	30	21	14	41	101	129	121	102	104	83	71	71	94	109	121	131	132	127	115	121	132	133	134	135	135	130	124	115	132	139	107	75	102	120	127	129	134	147	149	142	134	134	134	137	125	122	132	145	152	151	149	141	141	137	140	151	179	162	144	148	150	175	188	185	176	163	166	162	158	157	154	148	143	151	165	161	159	152	139	129	123	127	146	148	148	151	142	142	142	130	122	84	61	38	46	
91	91	104	120	113	116	105	113	112	80	41	18	4	18	26	24	17	23	38	108	132	120	99	100	99	96	64	28	64	60	58	51	45	33	22	16	43	111	143	137	110	95	58	49	58	81	107	124	135	137	130	116	121	133	134	136	138	137	131	122	110	127	134	89	48	71	78	74	73	87	136	145	121	119	129	132	123	112	125	127	145	168	172	153	157	150	149	173	186	190	181	151	152	148	173	185	170	163	166	168	160	155	157	154	130	99	90	90	90	89	83	76	70	67	68	98	108	117	125	125	133	129	117	114	76	53	34	44	
88	88	100	116	116	113	105	100	113	82	41	20	4	18	27	24	20	26	37	117	141	133	109	107	113	111	88	23	49	43	44	36	31	24	17	21	66	114	153	162	131	120	66	77	76	85	123	140	142	138	131	116	121	126	130	135	139	134	129	121	114	116	143	97	47	74	77	74	68	81	156	147	121	119	121	129	121	135	153	169	147	190	155	145	150	177	159	154	178	180	177	155	156	173	172	167	169	166	170	171	159	149	148	157	100	66	60	53	47	42	36	28	24	21	21	39	46	47	50	50	50	52	44	57	42	29	23	40	
92	92	101	115	111	104	100	101	121	81	39	19	4	17	24	27	22	25	38	123	140	135	112	107	115	119	95	30	31	31	29	27	25	19	19	26	70	127	168	130	123	156	123	150	122	144	175	152	135	134	129	115	118	124	121	122	125	129	130	123	117	119	151	102	55	76	96	86	77	79	138	129	129	134	119	96	96	95	106	141	150	140	121	99	88	143	148	166	184	200	181	148	152	166	163	161	163	162	171	177	170	170	162	148	92	60	54	46	37	29	24	18	17	16	16	32	37	39	41	42	41	40	36	50	41	32	28	39	
93	93	101	110	108	103	99	96	106	86	42	17	7	20	26	25	22	23	40	127	148	143	117	111	124	132	104	37	10	12	12	12	15	17	27	32	71	127	155	121	164	191	193	227	173	170	165	141	121	121	120	112	108	109	113	120	124	126	125	123	116	126	160	111	62	75	129	117	108	78	118	131	115	112	141	80	97	114	91	120	143	126	176	155	83	158	142	173	171	190	171	137	142	156	158	158	163	161	169	170	161	163	159	147	84	53	45	33	24	22	17	14	13	11	13	20	25	26	26	26	28	28	26	39	42	33	32	47	
94	94	103	112	117	111	110	104	111	71	35	17	11	26	29	30	29	32	43	124	151	150	121	114	131	137	111	48	33	29	29	26	25	27	39	38	79	125	159	174	234	242	242	249	219	198	161	133	107	102	96	93	94	95	105	112	117	118	121	124	122	135	179	127	76	71	151	145	141	70	105	136	149	135	135	91	143	174	127	150	142	109	159	157	81	134	115	159	158	157	148	125	131	150	155	160	165	166	174	178	169	178	181	162	86	55	43	32	20	18	13	13	17	24	27	24	23	24	24	24	26	27	27	49	58	51	48	69	
96	96	117	141	142	127	118	102	98	67	31	18	16	26	30	34	30	33	44	117	155	153	123	116	133	137	112	61	50	45	48	45	38	40	45	46	86	123	145	175	222	236	244	221	187	185	161	137	115	112	108	116	123	132	164	174	150	127	117	123	121	143	188	133	80	75	162	145	149	69	127	138	119	123	142	98	119	146	121	144	123	98	93	88	104	133	121	162	144	119	143	129	132	149	154	161	174	181	183	178	164	174	183	173	86	58	44	33	21	14	13	17	25	32	36	29	26	26	25	25	29	30	31	59	64	56	64	79	
99	99	108	122	134	133	127	108	90	60	32	17	20	29	34	36	31	30	42	121	163	160	130	124	144	147	127	76	75	70	62	54	46	46	46	50	87	125	147	125	207	226	225	217	199	200	208	198	172	162	139	152	154	144	146	130	115	115	118	122	123	151	208	147	92	74	140	133	146	68	140	149	131	135	139	112	105	129	127	153	141	165	160	174	152	140	119	132	127	133	159	141	136	146	151	157	168	170	175	169	157	169	179	174	88	61	49	38	27	20	20	27	36	47	51	37	32	32	29	29	31	34	39	77	74	71	84	97	
104	104	118	132	140	125	113	100	106	75	39	22	13	21	28	17	19	27	36	76	129	153	144	181	201	211	179	93	70	70	69	68	63	60	56	55	69	114	138	111	134	155	148	172	198	198	210	168	142	111	96	86	84	81	132	109	113	123	132	131	128	147	187	132	83	95	173	168	175	72	141	136	129	127	133	133	131	158	167	159	165	180	186	147	137	145	125	147	176	201	184	155	144	152	153	170	167	160	164	161	157	165	168	151	71	58	49	45	39	33	29	29	34	37	39	28	26	27	27	28	30	33	34	80	69	60	69	90	
103	103	113	124	127	112	104	95	112	82	45	28	19	20	26	37	36	26	36	66	117	156	159	164	136	163	204	109	72	70	71	76	83	91	97	104	131	183	143	102	95	119	98	102	114	103	96	79	86	85	94	91	90	83	145	113	123	133	134	133	129	144	177	126	81	109	190	174	168	76	145	125	113	125	136	119	116	124	116	144	123	81	76	71	94	125	121	127	129	150	171	147	139	147	154	170	181	182	179	170	163	168	167	136	65	56	50	49	45	39	33	31	32	33	32	24	22	24	25	27	30	33	34	85	66	60	64	84	
106	106	116	125	125	116	112	105	131	111	66	49	43	31	32	64	64	48	51	77	127	160	181	190	149	161	220	138	114	123	134	134	123	115	125	123	125	127	133	138	112	155	113	104	130	127	133	108	110	104	120	94	103	100	147	107	124	134	133	133	126	147	180	127	83	88	112	106	108	74	152	132	119	115	100	73	62	68	90	137	123	77	77	77	86	127	132	120	112	135	168	138	132	143	156	165	180	188	173	158	150	156	152	124	63	56	51	48	43	36	33	33	32	32	33	26	22	24	26	27	32	33	40	80	62	65	67	80	
101	101	119	130	125	121	115	111	139	123	89	73	76	59	55	78	75	58	62	88	127	160	170	227	226	190	179	156	107	106	106	110	110	116	115	127	141	159	175	182	164	223	180	149	154	152	158	118	116	113	137	107	104	99	145	107	122	134	136	134	126	146	183	123	81	76	80	77	77	68	145	131	113	113	97	70	62	72	91	127	110	81	80	70	95	134	132	125	120	144	164	140	125	139	161	165	181	201	182	161	156	163	156	108	62	55	53	49	43	36	32	31	31	33	33	26	24	26	27	29	30	33	47	76	65	63	67	80	
101	101	120	135	125	122	120	113	142	143	109	87	85	79	86	113	108	89	95	129	162	175	151	166	176	174	135	122	119	121	123	114	111	108	127	136	161	177	160	138	130	132	130	133	150	168	169	120	116	112	134	105	102	103	160	110	121	131	136	134	125	148	181	123	83	77	74	70	67	70	147	141	123	112	91	61	55	69	92	130	107	79	84	72	105	131	119	120	125	144	151	138	129	137	158	167	176	194	180	158	158	164	152	101	61	55	52	49	44	35	34	32	31	32	34	28	25	26	28	29	32	33	60	74	65	63	70	84	
81	81	111	132	119	120	117	111	144	141	158	185	161	144	130	156	152	133	108	112	130	155	139	134	131	119	84	90	102	101	108	127	152	181	172	144	124	115	120	125	134	115	96	93	140	181	147	102	108	107	132	116	119	107	163	110	122	134	136	136	124	151	185	124	81	60	56	60	58	72	143	131	118	115	95	60	53	71	98	150	110	76	77	65	110	141	129	129	130	155	136	136	125	130	152	163	179	211	201	171	174	179	156	90	59	54	51	48	43	34	32	31	30	30	32	28	26	28	30	31	34	36	75	70	71	70	71	81	
98	98	120	136	120	121	117	114	159	160	147	141	114	125	129	148	145	122	102	99	127	152	147	151	141	103	81	115	148	162	176	160	134	122	118	121	120	110	102	100	106	105	97	95	163	150	125	88	101	98	115	109	114	104	153	107	122	134	137	134	125	151	176	121	81	55	49	56	58	72	138	129	120	113	87	54	45	66	95	146	105	81	88	65	116	136	129	132	132	150	131	132	124	128	147	163	175	194	184	164	160	161	156	87	57	54	50	46	41	32	31	30	30	30	31	30	28	30	31	33	36	39	74	68	71	71	71	79	
144	144	139	144	124	126	121	120	155	158	157	157	136	146	140	152	161	127	125	117	144	184	198	195	181	141	100	120	155	139	126	120	117	113	113	112	112	112	114	119	120	116	107	108	149	127	110	74	90	86	107	112	113	107	154	108	122	135	137	133	126	157	166	126	81	42	35	43	52	72	145	133	121	114	85	53	42	61	98	148	98	79	90	65	125	125	127	134	138	138	133	125	126	137	149	165	176	192	177	162	158	153	162	84	57	53	51	46	38	31	31	30	29	29	29	31	28	33	32	35	37	46	78	80	72	76	78	79	
195	195	207	202	175	174	154	153	166	137	133	122	123	123	116	144	152	102	114	122	143	183	192	184	158	116	73	92	127	121	115	115	115	113	116	120	126	127	129	130	131	125	116	113	146	111	95	64	73	73	88	96	105	106	154	110	123	136	139	134	127	161	168	124	81	28	22	31	44	66	143	137	123	116	82	49	35	56	98	146	93	79	90	66	135	131	134	135	144	150	133	122	123	135	147	163	176	192	174	162	154	152	153	77	56	54	53	45	35	31	31	29	27	27	28	31	30	34	35	38	41	57	88	75	80	79	75	77	
131	131	127	146	129	111	108	106	103	109	108	82	95	88	79	112	120	78	89	106	102	119	128	127	115	92	69	84	109	110	111	114	116	121	122	125	127	128	129	127	132	128	117	113	144	101	88	56	65	67	80	86	106	102	154	109	124	137	139	137	128	167	172	124	83	21	18	29	38	65	145	135	125	118	81	48	34	58	101	144	89	79	88	68	140	136	134	134	138	150	140	127	127	139	149	167	183	201	182	167	157	153	150	72	56	53	50	45	36	31	30	27	28	28	28	31	32	36	38	38	41	65	92	75	83	76	79	84	
110	110	106	91	95	100	112	108	98	89	80	48	63	49	41	75	92	59	79	99	82	101	115	121	117	106	92	103	118	119	118	116	118	122	127	127	127	128	130	131	137	131	117	108	132	102	80	52	57	64	86	88	109	104	158	111	125	137	139	140	129	174	171	120	84	14	14	20	34	64	143	135	127	118	78	46	28	57	105	146	88	82	90	72	142	136	132	132	141	144	143	132	132	143	155	172	193	213	190	172	162	156	148	71	55	51	48	43	34	31	29	29	28	28	28	35	33	35	38	39	46	77	95	80	82	71	80	87	
108	108	95	69	72	104	116	105	95	77	62	30	37	22	13	71	88	45	59	104	85	103	119	129	125	119	107	110	116	118	118	118	121	124	124	125	126	127	130	133	135	130	115	102	129	103	103	71	76	76	97	96	111	104	158	110	125	138	143	140	130	179	173	120	85	12	15	18	32	62	148	135	125	121	78	44	27	54	109	148	87	82	90	75	150	141	134	134	138	154	143	132	130	142	154	175	194	219	195	174	162	156	139	65	55	52	49	43	34	32	29	26	28	26	27	33	36	36	38	42	50	89	91	79	80	70	81	86	
117	117	104	76	74	90	91	82	86	69	59	24	25	12	7	68	87	43	60	103	77	102	118	128	126	121	113	115	120	122	120	119	121	123	125	127	128	130	128	127	137	133	116	99	127	101	110	73	78	77	91	88	105	102	153	110	127	139	143	140	129	180	176	119	84	13	18	18	32	60	146	135	125	119	78	46	29	60	111	152	87	83	87	78	158	144	137	143	148	159	148	132	129	142	154	169	194	219	192	169	162	157	127	58	54	52	48	41	34	32	29	28	26	27	27	33	34	36	38	42	60	96	84	76	79	73	89	87	
112	112	116	123	119	97	95	82	95	109	108	73	83	57	55	51	83	68	95	143	93	108	112	118	118	117	115	118	128	128	128	128	128	128	127	129	130	128	127	128	160	154	122	96	95	73	77	59	60	73	73	86	65	96	142	122	143	144	152	125	104	140	155	104	91	35	27	31	40	59	118	114	109	119	88	58	58	81	113	156	89	81	83	83	154	142	138	161	169	157	177	154	144	144	148	168	195	205	180	163	166	162	111	42	40	41	40	37	34	34	30	30	29	27	27	25	24	27	31	39	64	107	80	83	89	89	95	85	
110	110	116	119	112	91	90	77	85	107	104	73	79	56	58	49	80	70	92	139	95	109	112	118	118	117	115	118	128	128	128	128	128	128	127	127	128	128	129	128	159	152	123	97	102	83	81	67	73	92	90	80	67	94	157	127	143	143	151	127	105	142	151	101	89	29	21	30	42	60	103	105	112	119	87	60	59	80	126	148	82	84	84	88	151	142	146	163	169	148	169	152	141	141	149	168	192	201	182	159	158	159	111	43	40	43	40	37	34	33	31	30	29	25	28	26	25	30	33	40	76	96	76	81	91	92	92	82	
111	111	115	117	109	86	93	83	82	102	107	76	82	55	62	55	81	70	91	143	94	108	112	118	118	117	115	118	127	127	127	127	127	126	126	127	128	130	128	127	157	151	121	97	107	90	97	89	90	110	108	77	76	97	161	127	145	144	149	128	108	147	148	97	88	26	19	27	34	55	97	116	122	109	81	60	60	77	121	146	87	95	85	99	151	144	147	167	163	138	164	150	139	143	148	170	195	207	185	162	154	157	109	41	41	42	39	36	35	34	30	31	29	26	26	26	25	30	34	42	97	85	81	80	91	91	90	80	
110	110	114	119	109	86	90	90	83	102	104	77	76	62	64	73	87	72	90	154	98	107	112	118	118	117	115	118	127	127	127	127	127	126	124	125	128	129	129	127	154	147	121	101	122	114	127	127	129	153	155	120	106	94	146	118	148	149	148	127	109	150	146	94	87	22	18	25	34	57	90	102	109	107	82	61	58	76	129	148	89	92	79	99	149	142	147	163	146	130	157	148	139	143	150	172	201	218	193	167	159	153	105	41	42	45	42	38	36	34	32	29	28	28	28	27	29	32	35	52	109	83	83	85	92	93	87	87	
109	109	112	119	114	85	86	85	86	103	108	81	74	60	59	73	86	74	91	149	98	107	112	118	118	117	115	118	127	127	127	127	127	125	123	125	127	128	128	128	152	146	122	101	132	124	140	145	144	147	148	123	100	82	141	119	145	150	147	125	110	151	146	97	88	24	18	24	30	56	89	105	127	134	96	70	66	80	132	140	96	109	107	127	159	145	146	155	142	124	157	147	139	143	155	179	210	217	189	173	167	150	97	42	40	44	41	38	37	33	33	30	29	27	29	27	31	32	36	65	102	89	89	87	91	94	87	94	
108	108	112	120	118	85	75	81	86	110	107	85	73	60	60	59	78	82	89	135	98	107	112	118	118	117	115	118	126	126	126	126	126	125	122	125	127	127	129	129	149	142	120	105	145	143	157	158	141	126	109	91	72	68	145	123	140	143	148	124	107	149	146	95	88	23	14	22	28	57	87	115	149	122	90	73	71	93	145	147	133	184	190	183	160	145	140	144	142	127	157	149	141	145	156	183	209	207	181	171	171	146	89	42	42	46	41	38	37	33	35	30	29	29	27	30	32	35	39	87	99	96	93	91	93	90	86	100	
108	108	114	119	105	84	80	81	77	103	109	88	64	62	50	64	82	81	85	145	98	108	112	118	117	117	115	116	121	122	121	123	122	123	122	124	127	130	127	127	144	137	116	100	92	85	93	110	114	114	94	81	68	66	146	121	143	144	152	127	114	147	147	92	93	20	12	19	26	58	77	102	142	151	118	108	111	132	185	188	147	195	177	189	155	139	127	133	133	122	147	152	148	146	160	182	201	202	180	170	167	156	79	41	43	45	43	40	37	34	34	32	30	28	29	30	40	38	45	91	92	91	89	99	102	93	92	101	
110	110	115	122	105	85	79	77	80	102	104	87	61	62	50	68	81	81	82	149	98	108	115	119	118	118	116	119	122	122	123	123	124	124	122	124	128	129	129	127	146	141	113	88	74	75	90	107	110	136	145	138	96	75	153	128	149	145	154	127	115	152	151	93	93	22	13	19	25	59	82	94	103	124	127	130	139	152	158	180	156	197	177	173	158	143	135	148	139	122	145	150	146	148	162	185	203	210	182	166	159	149	74	42	45	43	41	39	37	37	34	32	29	30	30	32	38	40	51	107	101	93	95	106	103	94	93	100	
108	108	115	124	105	86	76	75	77	97	107	86	59	59	48	68	80	83	80	155	104	109	116	120	119	119	116	119	122	122	123	125	124	124	124	123	125	125	126	129	136	133	112	97	104	127	155	149	126	180	230	180	107	84	134	125	144	141	154	125	113	150	146	94	93	21	14	19	26	57	82	92	94	115	133	130	119	147	177	171	138	129	112	94	143	135	135	148	133	115	141	147	146	147	163	187	206	206	176	162	152	133	69	43	46	43	41	40	37	35	34	31	29	28	30	35	41	42	60	114	97	93	100	107	103	95	95	101	
109	109	116	125	106	89	79	74	75	95	105	91	55	59	44	62	81	83	75	145	107	110	115	121	121	120	118	119	121	120	122	121	123	122	125	123	123	125	125	128	133	126	107	108	171	227	241	168	118	160	177	110	79	90	124	135	152	143	152	124	111	143	143	90	90	16	12	15	24	55	80	86	92	105	130	119	101	109	110	100	89	81	82	67	135	132	138	144	130	111	142	147	144	148	161	189	202	191	168	157	148	127	65	43	46	43	41	40	37	36	35	31	31	30	28	37	41	45	66	110	93	89	99	108	104	99	102	107	
108	108	114	125	104	91	75	68	78	91	99	90	50	59	46	75	89	92	70	142	108	109	114	119	120	117	116	118	121	121	122	121	123	123	121	122	124	126	125	127	134	126	104	104	197	233	235	155	109	145	136	88	73	92	136	198	200	158	150	125	114	143	141	87	89	16	13	13	22	57	80	92	97	89	76	67	59	64	78	71	71	68	86	69	152	141	138	151	141	120	141	150	146	147	162	194	197	186	163	157	145	119	63	45	46	43	41	41	38	36	35	31	30	31	31	38	43	46	81	116	100	89	100	110	103	102	107	109	
108	108	112	125	101	90	72	67	80	94	97	95	51	59	42	72	73	81	70	159	111	105	114	118	119	117	115	118	123	123	122	123	125	125	121	122	125	128	127	126	130	126	105	99	190	227	234	150	102	139	133	74	70	96	134	225	203	162	151	132	119	154	151	89	90	17	11	13	22	54	75	85	101	72	52	50	50	55	76	67	71	68	93	68	150	138	132	141	138	125	145	150	146	149	165	193	202	190	161	152	137	110	59	44	44	45	42	41	39	37	36	33	32	31	31	40	45	51	88	111	98	88	102	117	106	103	106	108	
108	108	106	107	93	96	96	105	116	135	144	141	96	105	89	109	102	99	96	188	113	100	102	107	109	110	108	119	136	138	137	137	136	136	133	133	134	134	134	133	117	109	106	95	144	166	180	125	83	105	124	91	74	93	115	168	168	128	132	127	130	182	183	103	90	14	7	9	16	51	72	77	97	67	49	46	50	63	88	81	85	84	98	88	157	132	132	150	151	132	168	162	141	133	145	180	200	211	185	163	141	80	47	38	40	37	38	37	38	37	35	35	34	35	33	40	44	54	94	109	84	88	105	124	108	105	107	108	
108	108	104	97	93	102	106	133	127	112	116	127	107	114	110	117	119	115	111	193	118	99	103	102	104	104	104	121	145	145	145	143	143	142	140	139	139	141	140	139	103	100	135	123	156	159	139	91	64	68	95	129	130	149	125	131	154	115	104	117	148	215	208	108	101	15	2	9	17	64	75	78	94	68	48	46	48	69	106	108	107	99	100	102	173	147	140	161	163	135	184	173	136	119	127	168	198	214	190	166	139	62	38	34	35	34	33	36	35	35	35	35	36	36	37	37	44	57	101	95	85	95	107	121	106	107	109	103	
108	108	105	102	96	99	85	83	83	93	92	100	92	98	102	106	120	116	106	187	114	94	95	103	106	109	118	122	121	121	120	122	122	122	122	124	125	129	130	129	102	114	173	117	100	85	88	101	136	174	181	169	141	135	155	116	120	132	151	127	143	173	147	99	105	56	40	43	62	124	135	134	148	99	71	63	62	79	98	94	89	91	115	173	183	149	133	144	137	112	165	167	125	97	117	166	197	206	178	163	139	60	40	33	33	33	33	37	35	37	35	35	36	38	37	39	46	70	108	88	98	98	110	114	104	104	103	101	
107	107	108	108	104	105	85	83	82	94	105	106	96	123	120	115	127	106	92	164	101	87	94	107	111	114	123	121	111	110	111	113	115	117	118	119	123	125	128	128	102	113	173	144	159	156	143	139	139	124	122	143	155	159	123	93	108	122	110	133	151	144	141	109	85	82	75	65	68	107	141	143	149	97	74	70	68	80	92	112	144	156	161	160	155	133	127	131	131	111	162	171	120	89	101	164	198	201	174	165	139	62	40	33	35	33	34	35	35	37	35	35	35	36	36	39	45	92	99	94	97	99	107	114	103	100	103	108	
105	105	109	115	109	118	98	96	101	111	148	125	99	143	126	106	110	85	75	160	102	82	90	104	114	122	130	120	97	98	100	102	105	108	111	114	118	123	126	128	108	115	174	149	154	124	112	117	122	127	141	151	144	141	137	93	89	101	102	112	144	129	132	125	102	114	122	94	97	136	142	134	152	114	94	93	95	124	162	149	136	146	145	146	120	104	107	108	102	95	144	156	100	67	74	135	182	199	177	166	135	63	38	33	33	33	36	35	37	37	35	37	37	35	36	39	47	94	86	94	91	97	103	114	103	97	104	120	
106	106	112	120	112	120	106	115	120	136	185	133	86	121	107	76	82	64	55	107	81	78	90	100	114	131	143	127	102	104	107	112	114	119	123	127	131	136	139	140	105	107	160	139	141	115	103	104	105	118	135	148	149	113	96	106	121	155	127	104	106	104	122	134	132	135	147	122	130	137	125	120	142	120	116	109	97	112	108	107	111	95	85	77	94	87	85	93	91	82	121	140	67	29	40	109	163	187	176	160	124	57	39	33	35	34	34	36	35	37	35	35	35	37	37	38	64	89	89	83	90	95	105	108	104	100	109	124	
107	107	113	122	116	128	130	137	160	134	164	123	76	101	101	89	102	74	57	107	90	100	125	110	117	132	138	132	113	114	115	118	122	127	128	133	137	142	144	148	106	113	159	134	138	135	127	130	133	133	132	132	132	127	127	141	132	173	182	113	98	119	203	167	127	124	140	132	127	108	114	111	111	96	90	72	52	69	100	89	81	75	77	87	95	90	85	79	82	75	127	161	60	30	38	103	148	157	166	157	115	63	41	33	35	35	36	35	37	37	35	35	37	35	35	40	96	90	97	81	98	100	105	110	104	104	109	120	
108	108	110	118	112	113	143	131	147	110	131	110	76	100	75	60	54	49	45	80	81	90	133	101	113	133	136	145	130	127	130	133	137	141	142	146	151	154	157	162	112	129	161	125	105	95	90	102	111	110	120	132	127	117	127	122	144	159	152	159	140	139	172	160	132	114	115	120	123	127	108	90	83	55	46	29	34	25	98	92	95	79	100	87	93	82	79	62	54	57	93	119	49	33	28	66	127	137	151	155	124	85	48	33	35	35	36	37	36	34	35	36	37	34	35	49	104	103	91	96	102	116	113	125	109	108	112	125	
108	108	107	108	109	101	117	123	134	119	127	102	66	77	68	43	34	32	38	75	80	88	112	92	99	122	132	138	138	138	138	136	133	132	137	136	135	136	142	149	89	95	111	104	107	108	102	102	106	103	122	133	133	127	130	124	130	144	133	136	100	102	143	142	104	125	131	141	149	110	90	71	64	40	24	17	25	19	112	120	104	93	123	107	105	90	75	69	69	64	90	131	56	28	20	47	93	132	153	153	139	86	44	34	35	35	34	35	36	35	36	34	36	34	37	65	98	96	105	102	106	121	114	129	113	116	116	130	
107	107	104	99	109	102	113	120	103	123	127	117	77	70	61	39	45	59	79	98	94	101	112	100	94	113	132	126	129	133	135	134	135	135	128	130	131	135	141	150	149	169	153	117	106	95	95	115	109	113	127	140	143	137	145	131	117	120	127	111	99	82	89	115	150	138	129	136	146	131	114	108	105	64	35	20	18	36	127	156	108	88	109	83	87	77	69	78	82	82	97	135	66	28	27	47	84	122	183	194	152	85	43	34	33	35	34	36	34	34	35	34	37	35	40	73	92	90	104	122	132	125	109	122	110	114	115	130	
107	107	97	96	146	116	101	126	141	133	124	114	87	72	68	73	76	82	91	81	89	97	99	100	86	99	122	115	119	118	112	107	106	103	105	107	115	133	154	175	173	173	157	136	134	120	124	136	124	130	134	141	141	139	139	123	99	104	120	111	94	77	79	96	94	96	106	119	132	152	133	133	129	133	95	67	64	92	127	137	121	95	105	86	105	90	85	105	111	98	103	133	67	30	27	60	107	116	168	155	83	61	39	34	35	34	34	34	35	34	35	34	33	35	52	75	94	103	101	132	136	121	115	125	117	127	124	133	
108	108	97	103	132	110	106	138	154	137	159	175	169	118	94	65	48	47	53	62	68	86	106	118	91	93	112	105	98	103	109	115	125	135	112	115	115	116	118	129	183	181	171	173	165	148	139	139	134	134	130	115	124	166	141	107	75	68	79	88	113	108	112	111	97	108	124	137	142	146	126	115	105	127	125	100	103	91	93	87	106	98	102	97	103	88	92	113	107	88	103	119	58	29	24	51	107	122	184	153	62	41	37	34	34	34	34	36	34	34	36	34	34	39	63	83	85	107	108	132	132	116	112	124	115	127	124	130	
108	108	94	98	116	131	169	200	223	241	181	131	108	70	51	42	47	45	49	64	86	121	140	152	103	87	104	114	133	145	145	142	145	149	113	104	99	104	130	151	218	200	192	214	198	165	160	169	176	183	152	114	102	98	87	76	62	61	81	86	101	112	166	196	152	116	114	118	130	131	137	128	110	117	123	117	120	87	73	70	93	101	102	101	83	76	83	105	103	82	90	97	56	28	30	62	112	139	152	112	51	37	35	34	35	34	34	34	34	32	34	33	35	39	69	91	69	100	127	138	139	121	111	119	115	130	127	129	
116	116	99	73	93	102	112	110	81	78	78	85	83	76	78	78	78	92	108	113	95	80	71	63	63	75	93	97	97	85	89	107	121	106	98	95	103	104	104	120	107	102	90	76	85	131	169	169	167	155	149	137	142	151	132	109	99	90	81	116	109	112	156	216	201	175	140	154	154	180	202	191	158	213	201	219	211	177	194	186	184	168	138	114	162	177	146	159	124	116	103	91	81	80	109	98	80	85	90	66	50	49	48	40	38	35	35	35	34	36	35	34	35	44	77	97	117	96	82	120	108	82	80	94	119	136	141	150	
116	116	100	77	98	90	83	86	83	83	78	79	81	86	95	94	95	98	97	88	74	72	83	102	93	77	74	82	93	104	127	136	121	110	152	124	117	112	120	135	122	127	114	89	87	110	110	115	116	114	112	119	122	122	114	95	98	112	100	80	91	94	132	178	141	131	105	152	162	150	205	204	157	157	146	171	179	173	247	221	186	128	110	108	154	178	143	139	113	93	93	98	96	97	120	107	94	98	102	93	83	77	68	55	53	47	42	37	37	35	33	33	36	50	77	95	111	91	85	96	100	88	82	95	117	138	154	157	
116	116	99	76	102	100	87	97	102	98	116	127	113	103	107	79	88	95	95	85	82	83	103	127	104	85	83	102	124	140	155	160	141	130	117	112	127	173	159	132	127	114	89	73	77	89	89	88	96	96	99	92	101	119	106	97	97	106	107	115	82	75	111	151	135	144	126	170	174	172	163	161	167	168	163	194	200	203	217	193	154	140	116	107	132	166	136	133	124	98	106	114	112	106	119	121	117	113	111	127	134	130	112	98	96	82	66	54	49	45	43	42	44	77	86	95	114	96	92	95	98	95	91	102	120	140	155	148	
111	111	100	92	127	134	121	107	95	98	98	86	82	97	116	94	82	73	67	74	100	108	124	121	98	130	139	127	144	127	134	166	176	149	99	87	99	127	100	83	95	115	127	120	87	83	91	103	110	113	114	112	103	105	105	93	92	101	102	90	98	95	94	104	134	170	167	181	170	185	132	110	136	166	157	174	183	191	193	173	139	138	127	129	138	159	127	114	120	98	107	121	124	124	138	152	146	139	131	138	151	158	157	151	149	145	130	109	92	76	67	58	68	117	103	100	111	106	101	106	98	102	114	125	130	140	140	130	
106	106	101	94	79	69	62	58	58	67	85	107	127	121	89	85	85	80	82	89	104	118	141	124	115	151	176	164	149	146	179	208	188	145	109	81	72	68	65	62	121	119	97	86	85	99	110	113	115	106	92	78	78	97	99	99	110	130	135	132	100	96	85	87	119	161	167	175	180	162	158	167	150	154	182	236	193	178	202	212	229	172	144	150	145	155	132	115	121	102	96	106	121	134	144	147	147	155	154	146	157	183	183	155	146	143	142	138	131	129	98	77	94	125	116	102	96	107	92	109	85	80	121	133	134	140	137	128	
94	94	80	54	58	67	74	74	80	83	80	80	101	127	112	110	105	110	124	134	127	121	115	158	186	101	103	172	169	169	139	104	97	91	81	66	65	65	59	67	130	130	110	91	80	82	93	95	84	87	91	102	109	118	114	121	136	144	122	129	131	94	90	107	113	153	169	149	148	102	94	112	120	155	166	233	194	168	176	194	228	188	160	158	147	147	138	118	121	104	97	100	104	115	127	135	142	159	166	157	162	178	179	174	172	161	148	144	142	139	135	112	148	120	111	96	82	112	89	124	82	74	120	131	125	137	143	136	
127	127	129	81	81	75	73	72	66	90	104	114	109	103	88	138	149	134	134	149	166	164	142	156	164	121	124	134	106	93	85	92	87	76	75	64	65	56	53	53	111	102	99	82	74	80	89	93	85	77	84	107	120	113	131	129	107	112	103	129	129	102	82	98	122	156	147	147	110	59	43	37	36	62	74	130	113	136	151	161	214	204	183	165	145	144	122	123	124	117	94	89	98	114	112	115	117	126	140	148	153	153	158	174	179	160	148	136	143	133	129	127	142	109	99	83	82	95	108	129	88	88	133	127	129	130	144	147	
144	144	120	83	67	66	69	90	95	98	114	135	149	158	158	149	172	210	210	181	156	169	195	124	100	83	79	86	90	85	83	81	74	76	81	71	65	72	54	42	81	86	100	86	89	102	89	92	106	86	79	108	105	76	73	77	72	93	121	127	102	94	92	110	111	147	124	133	108	60	31	16	18	31	51	99	73	97	172	174	171	183	182	166	148	131	120	124	126	127	89	84	96	109	104	111	113	121	140	150	139	126	128	169	189	150	131	124	147	135	122	123	129	107	103	74	71	89	122	139	109	106	140	124	130	126	134	139	
130	130	127	89	98	100	103	106	113	127	127	144	166	160	139	91	112	161	201	166	127	104	100	86	85	79	80	83	88	94	90	78	68	66	54	68	61	59	59	49	56	61	83	93	91	99	95	92	98	79	64	61	62	70	68	87	80	99	114	61	55	68	123	171	138	176	119	123	108	60	34	24	28	28	36	53	54	78	156	172	168	190	208	184	156	123	124	127	145	156	92	82	94	103	108	108	116	121	127	127	124	121	125	164	152	136	143	137	143	127	116	114	109	103	97	66	67	88	125	149	129	124	156	133	137	124	132	132	
104	104	79	68	102	155	152	141	151	127	139	173	206	209	177	121	112	101	93	89	95	97	98	103	103	98	91	86	79	73	71	71	62	63	62	71	68	71	88	94	63	61	83	107	103	91	83	65	54	51	49	51	56	68	78	92	104	104	89	56	50	68	125	151	112	135	98	118	111	95	105	78	75	91	103	94	123	123	180	216	194	191	193	165	152	123	113	112	149	151	109	106	115	126	134	130	130	134	128	127	135	146	164	173	136	134	173	169	150	130	123	114	97	86	81	58	67	98	132	135	125	132	168	143	142	129	127	129	
88	88	106	162	179	178	142	142	181	212	203	185	156	123	105	79	88	105	112	103	98	97	100	98	93	93	93	93	83	65	57	57	61	69	67	54	59	88	112	97	85	72	80	80	71	60	50	44	58	61	47	42	51	65	70	62	90	102	103	75	72	86	112	131	112	104	83	122	113	115	131	129	143	153	159	129	142	131	185	242	163	173	175	160	127	112	97	111	161	164	122	124	135	148	160	145	138	139	139	143	142	141	151	179	167	152	156	152	162	134	135	120	93	73	67	53	66	103	134	123	117	131	169	145	144	127	120	124	
41	41	76	114	69	74	115	198	194	148	135	99	74	67	70	101	107	103	95	94	91	95	102	101	98	92	79	64	61	59	60	58	62	71	83	73	92	127	119	107	106	78	68	59	52	54	66	57	54	52	44	49	53	64	65	60	71	82	105	113	71	58	67	88	86	36	25	73	139	206	193	172	200	178	168	188	207	153	132	183	159	192	190	172	124	103	89	120	155	179	148	156	168	183	192	163	156	160	156	154	151	147	145	168	175	155	149	144	156	148	151	127	96	67	55	45	58	101	125	120	132	144	177	153	148	125	119	120	
145	145	164	177	108	103	123	113	85	73	83	88	85	85	83	98	103	109	113	115	119	112	93	78	62	53	49	58	73	84	76	72	74	67	68	82	113	116	96	93	73	73	77	46	45	70	107	102	108	103	66	27	24	34	33	30	38	40	59	95	99	106	146	163	163	99	89	138	167	211	163	134	138	155	170	199	197	183	153	151	173	197	199	182	173	147	123	119	127	131	138	169	166	161	151	139	131	137	138	141	146	155	173	160	151	140	139	130	122	134	143	127	102	95	85	45	53	117	148	140	144	145	145	140	127	125	134	136	
239	239	230	181	122	98	94	90	89	89	97	81	77	78	76	139	141	141	129	99	91	79	68	70	74	82	102	110	121	131	100	94	89	63	71	92	108	112	121	115	64	79	107	57	39	92	167	168	160	137	74	7	5	8	16	23	27	24	35	185	171	165	196	204	227	138	131	187	187	211	185	177	164	200	233	223	229	252	238	176	191	211	222	204	209	172	145	115	130	104	158	183	162	156	119	103	120	129	126	146	156	149	157	161	150	136	122	113	99	116	127	115	106	107	109	43	45	127	168	155	149	138	111	116	100	123	150	149	
78	78	74	81	82	93	93	85	74	76	79	75	83	98	105	122	111	96	82	68	62	67	76	86	98	98	97	96	101	92	87	80	78	61	81	90	89	92	99	106	107	103	106	50	42	85	140	146	136	108	56	5	3	18	28	46	56	54	80	115	109	143	136	125	111	89	95	135	148	202	204	193	161	151	168	165	230	202	196	152	163	163	169	168	198	160	131	148	175	159	118	109	119	133	106	84	98	111	126	142	146	143	161	148	134	121	117	114	106	127	122	100	100	106	107	40	49	132	161	149	149	137	113	113	104	127	153	154	
69	69	78	80	73	68	67	65	65	83	91	91	91	80	72	82	74	68	68	74	87	89	86	99	105	100	97	85	86	74	82	76	90	85	89	94	94	86	88	94	163	158	130	53	45	73	116	136	141	105	59	23	25	40	27	41	58	64	105	118	116	110	144	176	90	61	51	90	134	150	196	171	151	153	146	143	186	178	168	149	141	136	146	152	164	147	131	138	162	152	109	110	117	106	101	98	104	117	127	134	131	128	148	136	120	111	109	116	110	122	112	105	107	109	97	43	61	139	158	149	155	139	111	115	108	140	158	155	
60	60	60	65	67	71	82	96	108	92	82	75	68	64	64	71	72	79	86	88	91	86	81	75	68	69	66	67	75	60	88	68	76	85	81	69	70	75	82	106	216	218	164	62	50	69	85	108	129	112	81	53	62	87	44	33	53	65	84	132	141	99	86	89	42	40	49	73	96	118	159	154	186	221	158	119	99	113	114	118	116	119	128	125	124	129	141	109	134	117	89	79	88	100	107	121	112	117	119	127	131	127	136	115	106	100	100	102	100	94	92	102	102	92	82	46	66	139	150	151	158	140	110	114	107	139	152	147	
53	53	70	99	109	110	96	86	81	71	66	70	77	86	102	94	85	81	79	71	76	78	81	76	70	64	58	53	47	39	69	56	71	85	72	64	64	74	92	137	181	176	130	62	49	64	49	85	121	151	148	119	133	155	115	81	49	30	31	35	49	75	121	92	52	44	48	37	77	141	151	164	178	196	153	96	55	48	63	94	106	102	107	105	100	102	95	81	72	64	98	104	123	140	140	116	120	158	166	137	108	103	103	94	92	89	91	90	83	75	76	86	83	73	71	55	83	129	142	152	159	137	105	106	99	127	140	133	
102	102	104	105	97	81	72	71	76	76	85	106	115	102	97	86	75	75	80	77	74	69	67	83	70	65	48	41	26	25	55	52	71	85	77	77	85	105	122	169	162	145	136	56	41	52	40	74	115	169	193	157	156	157	123	125	97	67	56	55	55	68	94	92	107	63	58	50	74	81	140	159	123	183	212	93	46	24	35	45	55	68	98	98	99	85	81	71	63	53	109	146	149	131	163	164	148	171	167	166	149	126	103	84	85	85	90	83	77	71	75	74	69	65	74	60	85	121	137	149	152	132	106	99	90	122	125	123	
69	69	66	73	79	89	92	91	113	115	110	115	102	117	110	79	67	74	81	90	78	89	76	61	45	39	35	46	28	20	58	49	69	99	121	108	104	121	133	147	124	115	131	42	34	38	25	66	141	170	169	155	200	205	186	213	189	148	129	139	135	136	125	137	144	60	50	57	59	83	137	147	127	177	157	75	29	8	29	35	31	26	49	66	76	78	86	96	79	86	198	227	239	218	171	229	190	187	172	148	139	152	97	58	62	64	71	68	73	74	75	67	64	62	65	64	81	108	149	148	151	127	118	87	85	96	115	111	
65	65	72	85	94	112	112	112	121	109	119	124	98	113	103	83	70	86	98	113	76	57	45	47	44	42	40	62	42	30	73	51	66	86	118	138	120	131	131	107	83	83	82	37	31	27	26	51	106	160	171	145	179	204	199	208	224	209	184	197	167	156	147	147	169	131	69	65	68	104	144	161	149	144	116	60	16	28	61	68	43	37	22	58	82	88	105	141	129	138	167	232	195	197	188	236	214	199	185	142	134	198	112	36	45	54	56	60	66	86	80	69	62	60	62	67	91	106	143	148	160	138	122	74	67	79	109	106	
88	88	91	108	107	112	110	107	107	107	119	124	107	124	108	99	95	95	48	48	46	51	58	55	57	50	45	67	43	35	86	53	68	81	111	134	106	106	140	127	73	103	67	25	27	32	26	40	89	135	144	132	164	200	184	231	213	236	239	186	177	209	169	174	167	97	77	54	46	38	72	106	182	142	102	37	13	25	78	93	66	64	21	53	81	108	130	150	147	138	153	177	156	159	215	222	195	188	150	128	129	138	119	29	36	48	52	64	73	86	81	68	61	61	68	71	95	108	143	148	156	131	115	73	61	71	102	111	
115	115	111	111	105	99	100	106	101	101	117	124	98	98	66	47	46	59	48	80	103	115	99	75	67	64	62	91	66	53	129	84	73	71	83	115	108	92	92	100	32	28	53	60	80	86	40	22	19	51	135	192	172	162	167	203	174	180	218	210	215	166	145	129	88	102	102	60	46	25	50	125	102	157	70	24	9	26	31	33	30	35	68	76	92	128	120	105	126	128	100	89	136	137	216	194	219	213	178	176	188	190	185	22	26	41	47	64	82	85	79	70	69	66	68	74	106	115	149	145	143	119	95	51	59	72	94	96	
113	113	109	108	106	101	115	127	115	114	94	73	58	61	44	47	54	85	54	87	110	127	132	91	74	70	68	88	76	61	152	94	77	67	71	88	108	109	72	75	38	54	110	108	96	84	41	9	21	19	59	123	104	57	71	121	123	132	173	184	194	185	133	72	46	85	99	59	29	19	24	64	87	112	62	20	31	26	55	56	72	92	95	87	80	97	78	66	65	76	52	50	94	123	182	193	230	194	205	209	212	219	188	18	24	32	49	65	76	82	78	70	69	67	72	73	109	116	148	146	141	122	99	48	51	78	100	90	
127	127	116	113	124	124	142	131	90	63	49	41	45	58	48	51	56	82	60	120	141	183	173	106	84	86	82	95	83	68	168	106	89	70	68	64	76	113	69	81	78	88	154	127	79	84	56	14	54	60	33	50	34	80	63	35	85	112	154	206	161	178	114	55	31	91	108	69	23	10	15	56	78	77	50	21	41	35	144	125	114	127	137	130	91	62	28	11	16	35	27	25	41	109	157	190	210	192	221	225	241	192	165	20	19	34	51	70	75	84	79	75	74	68	72	71	109	111	144	144	148	141	113	41	50	80	108	90	
59	59	38	30	39	59	66	45	37	24	29	18	47	94	78	71	64	79	43	91	95	121	153	141	158	176	184	183	135	142	164	193	180	129	71	34	27	50	104	139	202	204	243	189	160	164	143	65	97	94	23	124	72	63	46	32	21	15	21	38	76	94	109	141	142	120	55	57	42	52	84	85	97	68	42	36	45	20	71	75	70	105	169	181	147	131	111	50	10	34	35	41	40	39	35	108	159	211	223	231	224	237	176	13	25	44	67	84	92	93	88	87	68	64	57	53	51	64	75	85	87	73	47	40	36	51	95	113	
64	64	31	17	10	34	56	62	66	44	36	24	44	96	91	73	69	84	46	73	78	89	106	99	119	138	155	184	173	174	144	153	215	159	136	115	86	72	64	92	177	193	188	178	204	198	183	103	86	87	61	91	43	46	24	15	13	10	9	20	46	93	108	174	101	94	81	85	83	76	64	61	52	35	38	34	26	24	63	64	72	108	163	175	161	130	116	46	9	13	39	48	60	52	36	42	98	160	189	205	177	184	131	18	27	45	64	80	91	93	96	83	77	65	62	52	56	69	86	100	107	88	47	43	40	64	114	113	
44	44	24	9	10	70	102	104	88	50	37	28	42	89	86	83	83	96	58	65	62	58	58	70	76	83	95	186	217	208	228	210	219	199	230	167	171	216	188	177	233	148	115	160	223	228	242	206	96	126	144	36	15	17	6	6	10	9	1	11	23	37	60	86	98	106	106	115	130	151	133	85	49	27	30	65	64	96	104	96	81	109	131	156	158	149	126	91	45	16	41	60	75	74	54	36	30	75	122	132	98	83	61	20	29	45	64	81	93	95	98	75	80	73	76	74	81	86	102	123	120	106	71	55	67	87	127	120	
44	44	32	9	20	140	112	119	110	48	36	37	44	88	83	91	94	101	64	55	44	35	33	44	59	57	59	145	208	195	171	183	197	215	230	189	183	201	164	124	222	148	137	153	183	227	231	185	64	145	168	109	51	14	5	5	7	5	5	18	25	37	29	20	15	83	150	122	172	171	140	81	46	24	24	127	169	172	87	74	73	85	90	160	133	129	110	106	71	48	41	34	48	67	60	60	38	34	35	26	15	17	26	31	38	48	63	77	89	99	111	82	93	93	110	108	119	102	110	127	122	114	93	83	76	85	110	115	
37	37	26	3	27	149	120	106	94	52	32	38	41	87	87	95	96	101	71	52	40	52	40	45	69	77	58	116	193	213	162	163	177	206	231	227	193	152	135	61	150	167	204	184	199	231	211	155	28	59	81	89	62	18	5	3	7	3	10	21	41	45	48	40	24	60	114	122	148	160	102	42	30	42	28	86	179	145	98	93	67	82	67	72	96	105	97	87	80	75	64	43	33	60	92	79	56	46	28	18	20	36	34	35	36	49	58	68	82	97	114	101	96	119	122	114	113	97	100	133	130	116	98	88	83	76	81	82	
36	36	36	3	32	121	167	144	109	79	46	42	41	81	83	88	87	94	73	56	64	89	92	105	120	110	99	145	163	139	111	95	140	180	211	196	173	153	40	76	104	161	187	200	177	167	140	144	52	40	67	115	85	32	17	3	3	2	15	36	53	69	51	43	29	59	87	94	109	138	54	32	56	67	50	70	130	119	80	83	52	48	42	60	62	68	99	85	76	88	94	99	56	48	71	78	61	57	48	27	23	23	11	44	42	46	49	55	67	77	86	90	78	123	135	114	99	72	62	83	86	93	98	95	86	66	35	42	
43	43	41	7	37	167	204	176	131	97	62	49	44	79	80	72	75	84	66	57	78	115	183	176	163	141	150	185	193	167	184	146	181	171	205	197	177	176	110	83	102	88	56	77	109	139	141	155	80	47	71	144	97	46	23	7	5	3	15	41	59	56	40	21	17	43	87	53	32	53	65	53	59	64	77	55	65	51	70	69	32	26	15	21	35	50	74	82	75	74	78	55	44	65	64	68	58	54	31	30	34	43	38	47	49	39	34	32	43	49	59	81	57	104	134	109	83	51	29	40	53	85	93	103	93	62	5	35	
48	48	45	15	42	118	124	133	139	99	73	60	44	78	83	65	64	68	63	54	75	116	182	205	165	132	151	153	167	180	199	186	169	175	227	198	189	187	87	53	77	54	41	42	88	114	121	130	108	55	66	139	100	61	34	8	9	8	11	31	45	43	30	15	34	45	41	21	26	60	74	71	81	75	80	58	58	53	46	59	30	31	21	10	37	54	60	80	92	85	58	31	31	56	73	72	57	74	37	29	46	58	56	50	44	37	30	19	17	33	56	69	70	95	120	100	86	46	33	46	30	69	86	107	101	73	5	28	
64	64	56	22	51	114	106	112	132	123	97	83	50	73	80	59	53	61	69	61	88	122	181	200	169	164	208	176	153	156	185	190	185	191	224	209	198	112	79	36	56	80	86	87	66	193	231	211	110	45	80	133	120	99	40	16	47	45	28	26	35	36	33	63	86	75	26	20	50	65	73	79	72	75	106	104	98	72	36	48	42	34	35	10	31	65	69	50	55	43	26	41	47	59	98	98	74	64	52	40	2	37	51	56	49	29	17	19	24	14	8	36	62	96	120	108	96	47	42	54	23	96	162	186	141	117	50	76	
71	71	58	22	56	129	116	117	124	135	90	77	47	68	77	65	60	68	81	67	93	105	165	177	143	152	168	154	142	125	146	124	132	140	152	157	128	88	55	58	58	78	95	90	80	155	244	229	118	42	89	98	80	66	34	62	83	88	64	31	29	35	38	103	85	72	31	18	35	67	77	72	79	87	91	82	85	72	38	45	54	27	16	18	37	58	73	62	45	27	32	44	53	58	72	110	73	55	52	48	12	36	56	56	47	24	14	35	36	31	18	14	59	71	97	127	114	68	29	25	58	98	160	232	184	173	149	142	
78	78	64	30	51	120	128	131	137	122	75	63	43	64	79	71	66	76	85	67	89	116	155	166	134	149	176	165	108	92	77	76	76	86	83	110	95	69	50	57	50	56	92	102	130	151	208	192	80	16	55	72	69	45	37	94	112	137	124	39	31	41	56	137	90	46	28	27	31	69	91	67	78	87	89	84	83	72	43	52	65	23	12	30	58	64	68	56	37	23	36	55	58	63	65	84	81	59	57	37	26	43	59	60	44	16	17	48	51	39	47	18	31	80	84	134	118	86	30	21	90	93	145	221	195	169	149	169	
86	86	70	35	54	116	127	135	150	122	78	68	46	60	80	93	85	93	101	65	89	115	101	115	102	110	140	157	102	86	85	104	79	70	69	62	63	70	106	93	148	102	73	107	99	95	91	88	149	124	84	67	74	69	95	149	173	170	179	75	27	20	34	119	112	45	52	117	176	166	101	61	74	87	88	78	64	67	74	79	54	19	26	57	65	66	75	60	47	16	25	42	39	36	39	43	61	43	31	10	38	74	72	60	45	5	32	61	73	55	69	59	20	40	95	188	136	113	92	83	136	129	204	200	188	185	169	212	
81	81	60	32	45	102	112	123	132	127	98	108	51	56	68	75	73	85	119	76	88	77	67	83	99	121	134	155	122	92	119	110	57	40	45	47	41	52	69	58	124	120	68	71	63	58	55	48	121	134	122	124	82	76	121	155	196	126	108	98	62	42	43	65	99	4	12	49	112	97	55	43	60	63	70	73	55	63	67	75	51	24	10	34	72	82	74	49	45	14	22	33	33	32	33	33	32	38	17	17	47	73	79	57	42	0	47	64	57	83	93	55	20	45	65	131	150	139	90	62	107	145	224	208	207	217	203	218	
70	70	54	33	32	70	80	101	111	131	117	140	63	51	54	50	59	79	149	87	95	80	62	53	65	88	102	133	135	87	89	70	27	16	17	21	9	11	28	26	91	122	86	83	84	66	61	48	119	133	147	156	165	94	115	127	107	113	91	96	76	64	43	20	13	48	60	68	79	32	7	5	5	10	23	32	39	50	30	44	63	38	11	24	58	66	64	48	43	14	15	23	26	31	33	29	24	20	9	34	57	85	78	52	37	14	50	59	63	96	86	56	29	36	64	112	161	144	73	70	92	183	224	245	220	213	226	193	
75	75	58	33	33	64	70	93	116	135	151	146	74	51	55	103	103	108	142	59	51	30	22	48	91	122	160	194	153	112	119	105	48	27	21	28	27	45	60	52	89	104	96	130	116	90	66	68	114	110	142	163	119	71	100	146	141	117	98	90	65	53	36	28	17	43	51	46	41	32	19	14	12	14	12	13	16	23	20	16	12	6	6	29	63	65	62	46	47	24	15	19	23	26	30	29	24	23	2	18	45	68	69	57	38	20	49	53	57	102	107	68	33	20	49	157	128	128	88	60	66	130	179	239	183	174	224	228	
76	76	63	36	36	67	98	132	148	133	145	103	76	55	62	102	106	124	178	63	47	31	31	68	112	166	177	163	165	153	139	114	77	54	36	34	36	34	42	54	80	85	128	140	113	73	63	68	74	126	127	125	83	60	62	104	141	98	90	84	59	56	39	31	20	33	50	51	45	37	25	18	13	12	7	6	6	14	21	16	7	5	18	41	57	61	60	45	43	31	13	18	20	25	28	27	25	24	8	11	34	57	66	63	41	22	63	84	67	113	125	70	35	30	56	163	161	158	95	76	33	85	145	209	188	194	198	180	
81	81	65	35	37	77	144	147	120	117	100	72	64	53	78	93	100	127	182	96	88	77	78	118	156	185	185	190	224	218	187	146	109	98	71	44	37	43	44	43	62	94	127	120	137	93	80	91	96	106	120	120	111	72	79	121	121	129	100	84	69	57	43	43	27	23	39	48	52	55	46	44	36	16	2	23	30	35	31	24	19	26	39	61	67	55	52	45	41	26	5	13	15	19	24	24	28	32	25	7	15	24	45	59	52	30	53	90	103	89	60	50	43	34	31	165	224	208	142	64	7	29	74	121	142	156	205	187	
77	77	65	38	46	76	120	114	99	91	89	80	70	58	73	40	48	108	168	154	190	169	156	205	214	204	205	208	207	194	183	150	96	81	65	38	33	34	40	47	44	77	85	84	106	109	68	61	80	106	124	97	102	66	86	89	102	116	113	83	92	62	44	47	35	11	29	41	49	56	54	56	44	16	12	42	48	49	32	28	23	30	41	53	55	44	35	30	23	13	3	8	11	14	18	19	29	36	28	20	16	13	32	64	55	28	42	88	99	94	54	36	29	21	27	188	229	206	174	53	44	28	41	47	43	94	219	207	
77	77	64	41	54	54	73	83	97	98	99	102	74	58	81	65	64	118	150	168	226	164	146	196	206	235	237	209	231	226	231	182	97	77	50	47	38	39	38	58	65	67	77	97	120	100	70	79	66	94	124	139	116	80	118	111	80	87	134	106	114	104	70	51	38	3	14	34	48	54	59	54	46	17	15	48	56	45	28	27	28	30	37	47	45	36	23	17	13	7	2	6	7	11	14	19	30	33	26	23	21	21	32	58	50	29	35	63	74	70	85	39	38	34	31	154	202	170	176	54	60	39	46	45	38	56	178	205	
73	73	57	39	57	59	89	102	106	104	102	93	99	60	83	49	40	114	116	152	190	191	167	183	204	198	222	223	222	211	233	192	118	69	41	29	33	26	27	38	64	78	69	81	85	109	86	83	69	83	117	132	97	73	91	100	74	76	82	97	76	84	96	67	64	10	10	21	30	37	46	40	29	6	29	52	41	35	14	15	24	27	30	29	22	13	3	1	5	8	2	0	1	4	6	11	15	17	18	19	20	22	22	59	56	23	25	47	54	50	61	33	46	40	35	101	141	155	148	27	65	51	49	78	64	43	184	208	
62	62	49	47	69	70	101	103	100	115	102	100	90	58	98	104	93	151	145	130	135	155	143	152	192	199	204	213	213	185	219	183	102	64	54	29	28	32	37	35	33	62	76	76	67	85	94	82	53	62	89	112	83	57	56	65	64	60	65	81	77	81	106	92	75	17	3	9	24	20	25	23	14	3	17	47	54	32	9	8	20	30	28	25	14	6	3	1	5	9	1	2	1	5	5	7	6	6	4	7	12	21	25	56	49	27	16	29	38	37	39	35	23	36	41	82	141	178	146	31	59	46	57	54	63	51	102	199	
57	57	50	55	73	67	106	115	116	127	119	120	86	68	105	172	138	162	216	195	168	186	184	135	160	190	200	223	173	169	153	174	90	69	36	17	19	38	37	35	41	40	60	82	80	62	68	49	56	57	80	86	59	42	41	53	45	67	55	60	63	75	100	121	81	27	10	4	4	9	8	10	7	4	15	34	57	29	15	7	17	33	35	25	9	5	7	2	5	10	1	4	4	7	8	13	15	12	7	8	12	16	27	53	46	23	9	13	21	21	18	34	37	55	54	97	160	233	190	32	57	51	60	71	72	62	58	175	
26	26	39	68	83	71	114	134	136	137	144	107	78	89	112	201	169	153	158	169	156	133	152	164	162	192	240	225	178	174	146	161	83	55	52	30	36	66	68	57	34	39	53	58	63	72	60	38	34	37	45	80	60	51	56	50	37	42	41	46	47	74	62	84	90	34	22	28	25	27	25	23	19	14	11	9	6	9	22	3	22	49	41	30	11	4	8	2	5	7	4	4	8	11	20	26	31	35	26	35	34	29	37	45	42	27	25	25	22	26	35	53	91	89	84	168	174	160	125	57	40	43	46	63	75	87	40	37	
20	20	51	79	91	77	133	145	138	167	158	103	91	113	92	124	143	168	152	138	143	127	164	158	152	167	194	212	202	162	148	139	100	56	55	38	32	60	67	66	34	40	40	56	58	51	56	49	22	24	24	50	79	66	45	51	39	37	26	37	43	59	80	99	93	40	23	30	39	47	43	37	23	17	9	2	12	19	19	3	31	50	40	32	13	3	7	1	7	15	4	3	8	13	20	28	34	37	38	39	39	36	37	39	38	27	25	30	26	37	56	60	94	96	105	191	206	176	126	73	33	53	61	59	94	118	56	33	
13	13	44	79	88	80	143	174	157	177	144	106	129	95	54	83	90	113	123	133	175	159	168	146	144	136	136	200	203	206	166	142	89	55	45	52	58	64	115	111	39	35	48	56	91	62	54	38	20	20	23	33	74	92	70	60	47	30	23	35	47	50	83	115	75	40	37	41	56	68	60	55	34	22	7	11	43	37	28	11	38	48	43	37	17	5	2	5	18	27	7	3	8	17	26	37	42	48	54	48	49	45	45	39	38	36	36	38	40	40	61	69	97	102	105	148	193	189	173	102	41	72	97	106	76	86	92	67	
39	39	52	60	77	64	65	75	80	67	79	144	222	169	133	209	203	173	158	200	207	215	186	197	176	151	145	172	169	185	106	90	27	6	24	24	31	18	32	95	86	81	85	82	89	92	102	102	66	60	70	52	64	99	129	84	50	12	17	31	24	32	19	51	62	69	86	86	81	96	89	81	67	45	41	43	42	43	79	56	47	43	33	24	18	11	5	3	5	5	6	5	7	16	22	33	46	50	33	34	38	36	32	21	17	15	19	29	32	49	46	57	69	82	90	110	137	164	166	115	88	91	91	53	38	33	27	51	
