136	136	136	136	136	136	136	136	136	136	136	136	136	136	136	136	136	136	136	136	136	136	136	136	136	136	136	136	136	136	136	136	136	136	136	136	136	136	136	136	136	136	136	136	136	136	136	136	136	136	136	136	136	136	136	136	136	136	136	136	136	136	136	136	136	136	136	136	136	136	136	136	136	136	136	136	136	136	136	136	136	136	136	136	136	136	136	136	136	136	136	136	136	136	136	136	136	136	136	136	136	136	136	136	136	136	136	136	136	136	136	136	136	136	136	136	136	136	136	136	136	136	136	136	136	136	136	136	
140	140	140	140	140	140	140	140	140	140	140	140	140	140	140	140	140	140	140	140	140	140	140	140	140	140	140	140	140	140	140	140	140	140	140	140	140	140	140	140	140	140	140	140	140	140	140	140	140	140	140	140	140	140	140	140	140	140	140	140	140	140	140	140	140	140	140	140	140	140	140	140	140	140	140	140	140	140	140	140	140	140	140	140	140	140	140	140	140	140	140	140	140	140	140	140	140	140	140	140	140	140	140	140	140	140	140	140	140	140	140	140	140	140	140	140	140	140	140	140	140	140	140	140	140	140	140	140	
140	140	140	140	140	140	140	140	140	140	140	140	140	140	140	140	140	140	140	140	140	140	140	140	140	140	140	140	140	140	140	140	140	140	140	140	140	140	140	140	140	140	140	140	140	140	140	140	140	140	140	140	140	140	140	140	140	140	140	140	140	140	140	140	140	140	140	140	140	140	140	140	140	140	140	140	140	140	140	140	140	140	140	140	140	140	140	140	140	140	140	140	140	140	140	140	140	140	140	140	140	140	140	140	140	140	140	140	140	140	140	140	140	140	140	140	140	140	140	140	140	140	140	140	140	140	140	140	
140	140	140	140	140	140	140	140	140	140	140	140	140	140	140	140	140	140	140	140	140	140	140	140	140	140	140	140	140	140	140	140	140	140	140	140	140	140	140	140	140	140	140	140	140	140	140	140	140	140	140	140	140	140	140	140	140	140	140	140	140	140	140	140	140	140	140	140	140	140	140	140	140	140	140	140	140	140	140	140	140	140	140	140	140	140	140	140	140	140	140	140	140	140	140	140	140	140	140	140	140	140	140	140	140	140	140	140	140	140	140	140	140	140	140	140	140	140	140	140	140	140	140	140	140	140	140	140	
140	140	140	140	140	140	140	140	140	140	140	140	140	140	140	140	140	140	140	140	140	140	140	140	140	140	140	140	140	140	140	140	140	140	140	140	140	140	140	140	140	140	140	140	140	140	140	140	140	140	140	140	140	140	140	140	140	140	140	140	140	140	140	140	140	140	140	140	140	140	140	140	140	140	140	140	140	140	140	140	140	140	140	140	140	140	140	140	140	140	140	140	140	140	140	140	140	140	140	140	140	140	140	140	140	140	140	140	140	140	140	140	140	140	140	140	140	140	140	140	140	140	140	140	140	140	140	140	
144	144	144	144	144	144	144	144	144	144	144	144	144	144	144	144	144	144	144	144	144	144	144	144	144	144	144	144	144	144	144	144	144	144	144	144	144	144	144	144	144	144	144	144	144	144	144	144	144	144	144	144	144	144	144	144	144	144	144	144	144	144	144	144	144	145	144	144	144	144	144	144	144	144	144	144	144	144	144	144	144	144	144	144	144	144	144	144	144	144	144	144	144	144	144	144	144	144	144	144	144	144	144	144	144	144	144	144	144	144	144	144	144	144	144	144	144	144	144	144	144	144	144	144	144	144	144	144	
145	145	145	145	145	145	145	145	145	145	145	145	145	145	145	145	145	145	145	145	145	145	145	145	145	145	145	145	145	145	145	145	145	145	145	145	145	145	145	145	145	145	145	145	145	145	145	145	145	145	145	145	145	145	145	145	145	145	145	145	145	145	145	145	145	145	145	145	145	145	145	145	145	145	145	145	145	145	145	145	145	145	145	145	145	145	145	145	145	145	145	145	145	145	145	145	145	145	145	145	145	145	145	145	145	145	145	145	145	145	145	145	145	145	145	145	145	145	145	145	145	145	145	145	145	145	145	145	
145	145	145	145	145	145	145	145	145	145	145	145	145	145	145	145	145	145	145	145	145	145	145	145	145	145	145	145	145	145	145	145	145	145	145	145	145	145	145	145	145	145	145	145	145	145	145	145	145	145	145	145	145	145	145	145	145	145	145	145	145	145	145	145	145	145	145	145	145	145	145	145	145	145	145	145	145	145	145	145	145	145	145	145	145	145	145	145	145	145	145	145	145	145	145	145	145	145	145	145	145	145	145	145	145	145	145	145	145	145	145	145	145	145	145	145	145	145	145	145	145	145	145	145	145	145	145	145	
145	145	145	145	145	145	145	145	145	145	145	145	145	145	145	145	145	145	145	145	145	145	145	145	145	145	145	145	145	145	145	145	145	145	145	145	145	145	145	145	145	145	145	145	145	145	145	145	145	145	145	145	145	145	145	145	145	145	145	145	145	145	145	145	145	145	145	145	145	145	145	145	145	145	145	145	145	145	145	145	145	145	145	145	145	145	145	145	145	145	145	145	145	145	145	145	145	145	145	145	145	145	145	145	145	145	145	145	145	145	145	145	145	145	145	145	145	145	145	145	145	145	145	145	145	145	145	145	
145	145	145	145	145	145	145	145	145	145	145	145	145	145	145	145	145	145	145	145	145	145	145	145	145	145	145	145	145	145	145	145	145	145	145	145	145	145	145	145	145	145	145	145	145	145	145	145	145	145	145	145	145	145	145	145	145	145	145	145	145	145	145	145	145	146	145	145	145	145	145	145	145	145	145	145	145	145	145	145	145	145	145	145	145	145	145	145	145	145	145	145	145	145	145	145	145	145	145	145	145	145	145	145	145	145	145	145	145	145	145	145	145	145	145	145	145	145	145	145	145	145	145	145	145	145	145	145	
149	149	149	149	149	149	149	149	149	149	149	149	149	149	149	149	149	149	149	149	149	149	149	149	149	149	149	149	149	149	149	149	149	149	149	149	149	149	149	149	149	149	149	149	149	149	149	149	149	149	149	149	149	149	149	149	149	149	149	149	149	149	149	149	149	149	149	149	149	149	149	149	149	149	149	149	149	149	149	149	149	149	149	149	149	149	149	149	149	149	149	149	149	149	149	149	149	149	149	149	149	149	149	149	149	149	149	149	149	149	149	149	149	149	149	149	149	149	149	149	149	149	149	149	149	149	149	149	
149	149	149	149	149	149	149	149	149	149	149	149	149	149	149	149	149	149	149	149	149	149	149	149	149	149	149	149	149	149	149	149	149	149	149	149	149	149	149	149	149	149	149	149	149	149	149	149	149	149	149	149	149	149	149	149	149	149	149	149	149	149	149	149	149	149	149	149	149	149	149	149	149	149	149	149	149	149	149	149	149	149	149	149	149	149	149	149	149	149	149	149	149	149	149	149	149	149	149	149	149	149	149	149	149	149	149	149	149	149	149	149	149	149	149	149	149	149	149	149	149	149	149	149	149	149	149	149	
149	149	149	149	149	149	149	149	149	149	149	149	149	149	149	149	149	149	149	149	149	149	149	149	149	149	149	149	149	149	149	149	149	149	149	149	149	149	149	149	149	149	149	149	149	149	149	149	149	149	149	149	149	149	149	149	149	149	149	149	149	149	149	149	149	149	149	149	149	149	149	149	149	149	149	149	149	149	149	149	149	149	149	149	149	149	149	149	149	149	149	149	149	149	149	149	149	149	149	149	149	149	149	149	149	149	149	149	149	149	149	149	149	149	149	149	149	149	149	149	149	149	149	149	149	149	149	149	
149	149	149	149	149	149	149	149	149	149	149	149	149	149	149	149	149	149	149	149	149	149	149	149	149	149	149	149	149	149	149	149	149	149	149	149	149	149	149	149	149	149	149	149	149	149	149	149	149	149	149	149	149	149	149	149	149	149	149	149	149	149	149	149	149	149	149	149	149	149	149	149	149	149	149	149	149	149	149	149	149	149	149	149	149	149	149	149	149	149	149	149	149	149	149	149	149	149	149	149	149	149	149	149	149	149	149	149	149	149	149	149	149	149	149	149	149	149	149	149	149	149	149	149	149	149	149	149	
149	149	149	149	149	149	149	149	149	149	149	149	149	149	149	149	149	149	149	149	149	149	149	149	149	149	149	149	149	149	149	149	149	149	149	149	149	149	149	149	149	149	149	149	149	149	149	149	149	149	149	149	149	149	149	149	149	149	149	149	149	149	149	149	149	150	149	149	149	149	149	149	149	149	149	149	149	149	149	149	149	149	149	149	149	149	149	149	149	149	149	149	149	149	149	149	149	149	149	149	149	149	149	149	149	149	149	149	149	149	149	149	149	149	149	149	149	149	149	149	149	149	149	149	149	149	149	149	
153	153	153	153	153	153	153	153	153	153	153	153	153	153	153	153	153	153	153	153	153	153	153	153	153	153	153	153	153	153	153	153	153	153	153	153	153	153	153	153	153	153	153	153	153	153	153	153	153	153	153	153	153	153	153	153	153	153	153	153	153	153	153	153	153	153	153	153	153	153	153	153	153	153	153	153	153	153	153	153	153	153	153	153	153	153	153	153	153	153	153	153	153	153	153	153	153	153	153	153	153	153	153	153	153	153	153	153	153	153	153	153	153	153	153	153	153	153	153	153	153	153	153	153	153	153	153	153	
153	153	153	153	153	153	153	153	153	153	153	153	153	153	153	153	153	153	153	153	153	153	153	153	153	153	153	153	153	153	153	153	153	153	153	153	153	153	153	153	153	153	153	153	153	153	153	153	153	153	153	153	153	153	153	153	153	153	153	153	153	153	153	153	153	153	153	153	153	153	153	153	153	153	153	153	153	153	153	153	153	153	153	153	153	153	153	153	153	153	153	153	153	153	153	153	153	153	153	153	153	153	153	153	153	153	153	153	153	153	153	153	153	153	153	153	153	153	153	153	153	153	153	153	153	153	153	153	
153	153	153	153	153	153	153	153	153	153	153	153	153	153	153	153	153	153	153	153	153	153	153	153	153	153	153	153	153	153	153	153	153	153	153	153	153	153	153	153	153	153	153	153	153	153	153	153	153	153	153	153	153	153	153	153	153	153	153	153	153	153	153	153	153	153	153	153	153	153	153	153	153	153	153	153	153	153	153	153	153	153	153	153	153	153	153	153	153	153	153	153	153	153	153	153	153	153	153	153	153	153	153	153	153	153	153	153	153	153	153	153	153	153	153	153	153	153	153	153	153	153	153	153	153	153	153	153	
153	153	153	153	153	153	153	153	153	153	153	153	153	153	153	153	153	153	153	153	153	153	153	153	153	153	153	153	153	153	153	153	153	153	153	153	153	153	153	153	153	153	153	153	153	153	153	153	153	153	153	153	153	153	153	153	153	153	153	153	153	153	153	153	153	154	153	153	153	153	153	153	153	153	153	153	153	153	153	153	153	153	153	153	153	153	153	153	153	153	153	153	153	153	153	153	153	153	153	153	153	153	153	153	153	153	153	153	153	153	153	153	153	153	153	153	153	153	153	153	153	153	153	153	153	153	153	153	
157	157	157	157	157	157	157	157	157	157	157	157	157	157	157	157	157	157	157	157	157	157	157	157	157	157	157	157	157	157	157	157	157	157	157	157	157	157	157	157	157	157	157	157	157	157	157	157	157	157	157	157	157	157	157	157	157	157	157	157	157	157	157	157	157	158	157	157	157	157	157	157	157	157	157	157	157	157	157	157	157	157	157	157	157	157	157	157	157	157	157	157	157	157	157	157	157	157	157	157	157	157	157	157	157	157	157	157	157	157	157	157	157	157	157	157	157	157	157	157	157	157	157	157	157	157	157	157	
157	157	157	157	157	157	157	157	157	157	157	157	157	157	157	157	157	157	157	157	157	157	157	157	157	157	157	157	157	157	157	157	157	157	157	157	157	157	157	157	157	157	157	157	157	157	157	157	157	157	157	157	157	157	157	157	157	157	157	157	157	157	157	157	157	157	157	157	157	157	157	157	157	157	157	157	157	157	157	157	157	157	157	157	157	157	157	157	157	157	157	157	157	157	157	157	157	157	157	157	157	157	157	157	157	157	157	157	157	157	157	157	157	157	157	157	157	157	157	157	157	157	157	157	157	157	157	157	
157	157	157	157	157	157	157	157	157	157	157	157	157	157	157	157	157	157	157	157	157	157	157	157	157	157	157	157	157	157	157	157	157	157	157	157	157	157	157	157	157	157	157	157	157	157	157	157	157	157	157	157	157	157	157	157	157	157	157	157	157	157	157	157	157	157	157	157	157	157	157	157	157	157	157	157	157	157	157	157	157	157	157	157	157	157	157	157	157	157	157	157	157	157	157	157	157	157	157	157	157	157	157	157	157	157	157	157	157	157	157	157	157	157	157	157	157	157	157	157	157	157	157	157	157	157	157	157	
157	157	157	157	157	157	157	157	157	157	157	157	157	157	157	157	157	157	157	157	157	157	157	157	157	157	157	157	157	157	157	157	157	157	157	157	157	157	157	157	157	157	157	157	157	157	157	157	157	157	157	157	157	157	157	157	157	157	157	157	157	157	157	157	157	157	157	157	157	157	157	157	157	157	157	157	157	157	157	157	157	157	157	157	157	157	157	157	157	157	157	157	157	157	157	157	157	157	157	157	157	157	157	157	157	157	157	157	157	157	157	157	157	157	157	157	157	157	157	157	157	157	157	157	157	157	157	157	
161	161	161	161	161	161	161	161	161	161	161	161	161	161	161	161	161	161	161	161	161	161	161	161	161	161	161	161	161	161	161	161	161	161	161	161	161	161	161	161	161	161	161	161	161	161	161	161	161	161	161	161	161	161	161	161	161	161	161	161	161	161	161	161	161	162	161	161	161	161	161	161	161	161	161	161	161	161	161	161	161	161	161	161	161	161	161	161	161	161	161	161	161	161	161	161	161	161	161	161	161	161	161	161	161	161	161	161	161	161	161	161	161	161	161	161	161	161	161	161	161	161	161	161	161	161	161	161	
162	162	162	162	162	162	162	162	162	162	162	162	162	162	162	162	162	162	162	162	162	162	162	162	162	162	162	162	162	162	162	162	162	162	162	162	162	162	162	162	162	162	162	162	162	162	162	162	162	162	162	162	162	162	162	162	162	162	162	162	162	162	162	162	162	162	162	162	162	162	162	162	162	162	162	162	162	162	162	162	162	162	162	162	162	162	162	162	162	162	162	162	162	162	162	162	162	162	162	162	162	162	162	162	162	162	162	162	162	162	162	162	162	162	162	162	162	162	162	162	162	162	162	162	162	162	162	162	
162	162	162	162	162	162	162	162	162	162	162	162	162	162	162	162	162	162	162	162	162	162	162	162	162	162	162	162	162	162	162	162	162	162	162	162	162	162	162	162	162	162	162	162	162	162	162	162	162	162	162	162	162	162	162	162	162	162	162	162	162	162	162	162	162	162	162	162	162	162	162	162	162	162	162	162	162	162	162	162	162	162	162	162	162	162	162	162	162	162	162	162	162	162	162	162	162	162	162	162	162	162	162	162	162	162	162	162	162	162	162	162	162	162	162	162	162	162	162	162	162	162	162	162	162	162	162	162	
162	162	162	162	162	162	162	162	162	162	162	162	162	162	162	162	162	162	162	162	162	162	162	162	162	162	162	162	162	162	162	162	162	162	162	162	162	162	162	162	162	162	162	162	162	162	162	162	162	162	162	162	162	162	162	162	162	162	162	162	162	162	162	162	162	162	162	162	162	162	162	162	162	162	162	162	162	162	162	162	162	162	162	162	162	162	162	162	162	162	162	162	162	162	162	162	162	162	162	162	162	162	162	162	162	162	162	162	162	162	162	162	162	162	162	162	162	162	162	162	162	162	162	162	162	162	162	162	
162	162	162	162	162	162	162	162	162	162	162	162	162	162	162	162	162	162	162	162	162	162	162	162	162	162	162	162	162	162	162	162	162	162	162	162	162	162	162	162	162	162	162	162	162	162	162	162	162	162	162	162	162	162	162	162	162	162	162	162	162	162	162	162	162	163	162	162	162	162	162	162	162	162	162	162	162	162	162	162	162	162	162	162	162	162	162	162	162	162	162	162	162	162	162	162	162	162	162	162	162	162	162	162	162	162	162	162	162	162	162	162	162	162	162	162	162	162	162	162	162	162	162	162	162	162	162	162	
165	165	165	165	165	165	165	165	165	165	165	165	165	165	165	165	165	165	165	165	165	165	165	165	165	165	165	165	165	165	165	165	165	165	165	165	165	165	165	165	165	165	165	165	165	165	165	165	165	165	165	165	165	165	165	165	165	165	165	165	165	165	165	165	165	166	165	165	165	165	165	165	165	165	165	165	165	165	165	165	165	165	165	165	165	165	165	165	165	165	165	165	165	165	165	165	165	165	165	165	165	165	165	165	165	165	165	165	165	165	165	165	165	165	165	165	165	165	165	165	165	165	165	165	165	165	165	165	
166	166	166	166	166	166	166	166	166	166	166	166	166	166	166	166	166	166	166	166	166	166	166	166	166	166	166	166	166	166	166	166	166	166	166	166	166	166	166	166	166	166	166	166	166	166	166	166	166	166	166	166	166	166	166	166	166	166	166	166	166	166	166	166	166	167	166	166	166	166	166	166	166	166	166	166	166	166	166	166	166	166	166	166	166	166	166	166	166	166	166	166	166	166	166	166	166	166	166	166	166	166	166	166	166	166	166	166	166	166	166	166	166	166	166	166	166	166	166	166	166	166	166	166	166	166	166	166	
166	166	166	166	166	166	166	166	166	166	166	166	166	166	166	166	166	166	166	166	166	166	166	166	166	166	166	166	166	166	166	166	166	166	166	166	166	166	166	166	166	166	166	166	166	166	166	166	166	166	166	166	166	166	166	166	166	166	166	166	166	166	166	166	166	167	166	166	166	166	166	166	166	166	166	166	166	166	166	166	166	166	166	166	166	166	166	166	166	166	166	166	166	166	166	166	166	166	166	166	166	166	166	166	166	166	166	166	166	166	166	166	166	166	166	166	166	166	166	166	166	166	166	166	166	166	166	166	
166	166	166	166	166	166	166	166	166	166	166	166	166	166	166	166	166	166	166	166	166	166	166	166	166	166	166	166	166	166	166	166	166	166	166	166	166	166	166	166	166	166	166	166	166	166	166	166	166	166	166	166	166	166	166	166	166	166	166	166	166	166	166	166	166	167	166	166	166	166	166	166	166	166	166	166	166	166	166	166	166	166	166	166	166	166	166	166	166	166	166	166	166	166	166	166	166	166	166	166	166	166	166	166	166	166	166	166	166	166	166	166	166	166	166	166	166	166	166	166	166	166	166	166	166	166	166	166	
165	165	165	165	165	165	165	165	165	165	165	165	165	165	165	165	165	165	165	165	165	165	165	165	165	165	165	165	165	165	165	165	165	165	165	165	165	165	165	165	165	165	165	165	165	165	165	165	165	165	165	165	165	165	165	165	165	165	165	165	165	165	165	165	165	166	165	165	165	165	165	165	165	165	165	165	165	165	165	165	165	165	165	165	165	165	165	165	165	165	165	165	165	165	165	165	165	165	165	165	165	165	165	165	165	165	165	165	165	165	165	165	165	165	165	165	165	165	165	165	165	165	165	165	165	165	165	165	
169	169	169	169	169	169	169	169	169	169	169	169	169	169	169	169	169	169	169	169	169	169	169	169	169	169	169	169	169	169	169	169	169	169	169	169	169	169	169	169	169	169	169	169	169	169	169	169	169	169	169	169	169	169	169	169	169	169	169	169	169	169	169	169	169	170	169	169	169	169	169	169	169	169	169	169	169	169	169	169	169	169	169	169	169	169	169	169	169	169	169	169	169	169	169	169	169	169	169	169	169	169	169	169	169	169	169	169	169	169	169	169	169	169	169	169	169	169	169	169	169	169	169	169	169	169	169	169	
170	170	170	170	170	170	170	170	170	170	170	170	170	170	170	170	170	170	170	170	170	170	170	170	170	170	170	170	170	170	170	170	170	170	170	170	170	170	170	170	170	170	170	170	170	170	170	170	170	170	170	170	170	170	170	170	170	170	170	170	170	170	170	170	170	171	170	170	170	170	170	170	170	170	170	170	170	170	170	170	170	170	170	170	170	170	170	170	170	170	170	170	170	170	170	170	170	170	170	170	170	170	170	170	170	170	170	170	170	170	170	170	170	170	170	170	170	170	170	170	170	170	170	170	170	170	170	170	
170	170	170	170	170	170	170	170	170	170	170	170	170	170	170	170	170	170	170	170	170	170	170	170	170	170	170	170	170	170	170	170	170	170	170	170	170	170	170	170	170	170	170	170	170	170	170	170	170	170	170	170	170	170	170	170	170	170	170	170	170	170	170	170	170	171	170	170	170	170	170	170	170	170	170	170	170	170	170	170	170	170	170	170	170	170	170	170	170	170	170	170	170	170	170	170	170	170	170	170	170	170	170	170	170	170	170	170	170	170	170	170	170	170	170	170	170	170	170	170	170	170	170	170	170	170	170	170	
170	170	170	170	170	170	170	170	170	170	170	170	170	170	170	170	170	170	170	170	170	170	170	170	170	170	170	170	170	170	170	170	170	170	170	170	170	170	170	170	170	170	170	170	170	170	170	170	170	170	170	170	170	170	170	170	170	170	170	170	170	170	170	170	170	171	170	170	170	170	170	170	170	170	170	170	170	170	170	170	170	170	170	170	170	170	170	170	170	170	170	170	170	170	170	170	170	170	170	170	170	170	170	170	170	170	170	170	170	170	170	170	170	170	170	170	170	170	170	170	170	170	170	170	170	170	170	170	
173	173	173	173	173	173	173	173	173	173	173	173	173	173	173	173	173	173	173	173	173	173	173	173	173	173	173	173	173	173	173	173	173	173	173	173	173	173	173	173	173	173	173	173	173	173	173	173	173	173	173	173	173	173	173	173	173	173	173	173	173	173	173	173	173	174	173	173	173	173	173	173	173	173	173	173	173	173	173	173	173	173	173	173	173	173	173	173	173	173	173	173	173	173	173	173	173	173	173	173	173	173	173	173	173	173	173	173	173	173	173	173	173	173	173	173	173	173	173	173	173	173	173	173	173	173	173	173	
174	174	174	174	174	174	174	174	174	174	174	174	174	174	174	174	174	174	174	174	174	174	174	174	174	174	174	174	174	174	174	174	174	174	174	174	174	174	174	174	174	174	174	174	174	174	174	174	174	174	174	174	174	174	174	174	174	174	174	174	174	174	174	174	174	175	174	174	174	174	174	174	174	174	174	174	174	174	174	174	174	174	174	174	174	174	174	174	174	174	174	174	174	174	174	174	174	174	174	174	174	174	174	174	174	174	174	174	174	174	174	174	174	174	174	174	174	174	174	174	174	174	174	174	174	174	174	174	
174	174	174	174	174	174	174	174	174	174	174	174	174	174	174	174	174	174	174	174	174	174	174	174	174	174	174	174	174	174	174	174	174	174	174	174	174	174	174	174	174	174	174	174	174	174	174	174	174	174	174	174	174	174	174	174	174	174	174	174	174	174	174	174	174	175	174	174	174	174	174	174	174	174	174	174	174	174	174	174	174	174	174	174	174	174	174	174	174	174	174	174	174	174	174	174	174	174	174	174	174	174	174	174	174	174	174	174	174	174	174	174	174	174	174	174	174	174	174	174	174	174	174	174	174	174	174	174	
174	174	174	174	174	174	174	174	174	174	174	174	174	174	174	174	174	174	174	174	174	174	174	174	174	174	174	174	174	174	174	174	174	174	174	174	174	174	174	174	174	174	174	174	174	174	174	174	174	174	174	174	174	174	174	174	174	174	174	174	174	174	174	174	174	175	174	174	174	174	174	174	174	174	174	174	174	174	174	174	174	174	174	174	174	174	174	174	174	174	174	174	174	174	174	174	174	174	174	174	174	174	174	174	174	174	174	174	174	174	174	174	174	174	174	174	174	174	174	174	174	174	174	174	174	174	174	174	
174	174	174	174	174	174	174	174	174	174	174	174	174	174	174	174	174	174	174	174	174	174	174	174	174	174	174	174	174	174	174	174	174	174	174	174	174	174	174	174	174	174	174	174	174	174	174	174	174	174	174	174	174	174	174	174	174	174	174	174	174	174	174	174	174	175	174	174	174	174	174	174	174	174	174	174	174	174	174	174	174	174	174	174	174	174	174	174	174	174	174	174	174	174	174	174	174	174	174	174	174	174	174	174	174	174	174	174	174	174	174	174	174	174	174	174	174	174	174	174	174	174	174	174	174	174	174	174	
179	179	179	179	179	179	179	179	179	179	179	179	179	179	179	179	179	179	179	179	179	179	179	179	179	179	179	179	179	179	179	179	179	179	179	179	179	179	179	179	179	179	179	179	179	179	179	179	179	179	179	179	179	179	179	179	179	179	179	179	179	179	179	179	179	180	179	179	179	179	179	179	179	179	179	179	179	179	179	179	179	179	179	179	179	179	179	179	179	179	179	179	179	179	179	179	179	179	179	179	179	179	179	179	179	179	179	179	179	179	179	179	179	179	179	179	179	179	179	179	179	179	179	179	179	179	179	179	
179	179	179	179	179	179	179	179	179	179	179	179	179	179	179	179	179	179	179	179	179	179	179	179	179	179	179	179	179	179	179	179	179	179	179	179	179	179	179	179	179	179	179	179	179	179	179	179	179	179	179	179	179	179	179	179	179	179	179	179	179	179	179	179	179	180	179	179	179	179	179	179	179	179	179	179	179	179	179	179	179	179	179	179	179	179	179	179	179	179	179	179	179	179	179	179	179	179	179	179	179	179	179	179	179	179	179	179	179	179	179	179	179	179	179	179	179	179	179	179	179	179	179	179	179	179	179	179	
179	179	179	179	179	179	179	179	179	179	179	179	179	179	179	179	179	179	179	179	179	179	179	179	179	179	179	179	179	179	179	179	179	179	179	179	179	179	179	179	179	179	179	179	179	179	179	179	179	179	179	179	179	179	179	179	179	179	179	179	179	179	179	179	179	180	179	179	179	179	179	179	179	179	179	179	179	179	179	179	179	179	179	179	179	179	179	179	179	179	179	179	179	179	179	179	179	179	179	179	179	179	179	179	179	179	179	179	179	179	179	179	179	179	179	179	179	179	179	179	179	179	179	179	179	179	179	179	
178	178	178	178	178	178	178	178	178	178	178	178	178	178	178	178	178	178	178	178	178	178	178	178	178	178	178	178	178	178	178	178	178	178	178	178	178	178	178	178	178	178	178	178	178	178	178	178	178	178	178	178	178	178	178	178	178	178	178	178	178	178	178	178	178	179	178	178	178	178	178	178	178	178	178	178	178	178	178	178	178	178	178	178	178	178	178	178	178	178	178	178	178	178	178	178	178	178	178	178	178	178	178	178	178	178	178	178	178	178	178	178	178	178	178	178	178	178	178	178	178	178	178	178	178	178	178	178	
182	182	182	182	182	182	182	182	182	182	182	182	182	182	182	182	182	182	182	182	182	182	182	182	182	182	182	182	182	182	182	182	182	182	182	182	182	182	182	182	182	182	182	182	182	182	182	182	182	182	182	182	182	182	182	182	182	182	182	182	182	182	182	182	182	183	182	182	182	182	182	182	182	182	182	182	182	182	182	182	182	182	182	182	182	182	182	182	182	182	182	182	182	182	182	182	182	182	182	182	182	182	182	182	182	182	182	182	182	182	182	182	182	182	182	182	182	182	182	182	182	182	182	182	182	182	182	182	
183	183	183	183	183	183	183	183	183	183	183	183	183	183	183	183	183	183	183	183	183	183	183	183	183	183	183	183	183	183	183	183	183	183	183	183	183	183	183	183	183	183	183	183	183	183	183	183	183	183	183	183	183	183	183	183	183	183	183	183	183	183	183	183	183	184	183	183	183	183	183	183	183	183	183	183	183	183	183	183	183	183	183	183	183	183	183	183	183	183	183	183	183	183	183	183	183	183	183	183	183	183	183	183	183	183	183	183	183	183	183	183	183	183	183	183	183	183	183	183	183	183	183	183	183	183	183	183	
183	183	183	183	183	183	183	183	183	183	183	183	183	183	183	183	183	183	183	183	183	183	183	183	183	183	183	183	183	183	183	183	183	183	183	183	183	183	183	183	183	183	183	183	183	183	183	183	183	183	183	183	183	183	183	183	183	183	183	183	183	183	183	183	183	184	183	183	183	183	183	183	183	183	183	183	183	183	183	183	183	183	183	183	183	183	183	183	183	183	183	183	183	183	183	183	183	183	183	183	183	183	183	183	183	183	183	183	183	183	183	183	183	183	183	183	183	183	183	183	183	183	183	183	183	183	183	183	
183	183	183	183	183	183	183	183	183	183	183	183	183	183	183	183	183	183	183	183	183	183	183	183	183	183	183	183	183	183	183	183	183	183	183	183	183	183	183	183	183	183	183	183	183	183	183	183	183	183	183	183	183	183	183	183	183	183	183	183	183	183	183	183	183	184	183	183	183	183	183	183	183	183	183	183	183	183	183	183	183	183	183	183	183	183	183	183	183	183	183	183	183	183	183	183	183	183	183	183	183	183	183	183	183	183	183	183	183	183	183	183	183	183	183	183	183	183	183	183	183	183	183	183	183	183	183	183	
182	182	182	182	182	182	182	182	182	182	182	182	182	182	182	182	182	182	182	182	182	182	182	182	182	182	182	182	182	182	182	182	182	182	182	182	182	182	182	182	182	182	182	182	182	182	182	182	182	182	182	182	182	182	182	182	182	182	182	182	182	182	182	182	182	183	182	182	182	182	182	182	182	182	182	182	182	182	182	182	182	182	182	182	182	182	182	182	182	182	182	182	182	182	182	182	182	182	182	182	182	182	182	182	182	182	182	182	182	182	182	182	182	182	182	182	182	182	182	182	182	182	182	182	182	182	182	182	
186	186	186	186	186	186	186	186	186	186	186	186	186	186	186	186	186	186	186	186	186	186	186	187	186	186	186	186	186	186	186	186	186	186	186	186	186	186	186	186	186	186	186	186	186	186	186	186	186	186	186	186	186	186	186	186	186	186	186	186	186	186	186	186	186	188	186	186	186	186	186	186	186	186	186	186	186	186	186	186	186	186	186	186	186	186	186	186	186	186	186	186	186	186	186	186	186	186	186	186	186	186	186	186	186	186	186	186	186	186	186	186	186	186	186	186	186	186	186	186	186	186	186	186	186	186	186	186	
187	187	187	187	187	187	187	187	187	187	187	187	187	187	187	187	187	187	187	187	187	187	187	187	187	187	187	187	187	187	187	187	187	187	187	187	187	187	187	187	187	187	187	187	187	187	187	187	187	187	187	187	187	187	187	187	187	187	187	187	187	187	187	187	187	188	187	187	187	187	187	187	187	187	187	187	187	187	187	187	187	187	187	187	187	187	187	187	187	187	187	187	187	187	187	187	187	187	187	187	187	187	187	187	187	187	187	187	187	187	187	187	187	187	187	187	187	187	187	187	187	187	187	187	187	187	187	187	
187	187	187	187	187	187	187	187	187	187	187	187	187	187	187	187	187	187	187	187	187	187	187	187	187	187	187	187	187	187	187	187	187	187	187	187	187	187	187	187	187	187	187	187	187	187	187	187	187	187	187	187	187	187	187	187	187	187	187	187	187	187	187	187	187	188	187	187	187	187	187	187	187	187	187	187	187	187	187	187	187	187	187	187	187	187	187	187	187	187	187	187	187	187	187	187	187	187	187	187	187	187	187	187	187	187	187	187	187	187	187	187	187	187	187	187	187	187	187	187	187	187	187	187	187	187	187	187	
187	187	187	187	187	187	187	187	187	187	187	187	187	187	187	187	187	187	187	187	187	187	187	187	187	187	187	187	187	187	187	187	187	187	187	187	187	187	187	187	187	187	187	187	187	187	187	187	187	187	187	187	187	187	187	187	187	187	187	187	187	187	187	187	187	188	187	187	187	187	187	187	187	187	187	187	187	187	187	187	187	187	187	187	187	187	187	187	187	187	187	187	187	187	187	187	187	187	187	187	187	187	187	187	187	187	187	187	187	187	187	187	187	187	187	187	187	187	187	187	187	187	187	187	187	187	187	187	
190	190	190	190	190	190	190	190	190	190	190	190	190	190	190	190	190	190	190	190	190	190	190	191	190	190	190	190	190	190	190	190	190	190	190	190	190	190	190	190	190	190	190	190	190	190	190	190	190	190	190	190	190	190	190	190	190	190	190	190	190	190	190	190	190	192	190	190	190	190	190	190	190	190	190	190	190	190	190	190	190	190	190	190	190	190	190	190	190	190	190	190	190	190	190	190	190	190	190	190	190	190	190	190	190	190	190	190	190	190	190	190	190	190	190	190	190	190	190	190	190	190	190	190	190	190	190	190	
191	191	191	191	191	191	191	191	191	191	191	191	191	191	191	191	191	191	191	191	191	191	191	192	191	191	191	191	191	191	191	191	191	191	191	191	191	191	191	191	191	191	191	191	191	191	191	191	191	191	191	191	191	191	191	191	191	191	191	191	191	191	191	191	191	193	191	191	191	191	191	191	191	191	191	191	191	191	191	191	191	191	191	191	191	191	191	191	191	191	191	191	191	191	191	191	191	191	191	191	191	191	191	191	191	191	191	191	191	191	191	191	191	191	191	191	191	191	191	191	191	191	191	191	191	191	191	191	
191	191	191	191	191	191	191	191	191	191	191	191	191	191	191	191	191	191	191	191	191	191	191	191	191	191	191	191	191	191	191	191	191	191	191	191	191	191	191	191	191	191	191	191	191	191	191	191	191	191	191	191	191	191	191	191	191	191	191	191	191	191	191	191	191	192	191	191	191	191	191	191	191	191	191	191	191	191	191	191	191	191	191	191	191	191	191	191	191	191	191	191	191	191	191	191	191	191	191	191	191	191	191	191	191	191	191	191	191	191	191	191	191	191	191	191	191	191	191	191	191	191	191	191	191	191	191	191	
191	191	191	191	191	191	191	191	191	191	191	191	191	191	191	191	191	191	191	191	191	191	191	191	191	191	191	191	191	191	191	191	191	191	191	191	191	191	191	191	191	191	191	191	191	191	191	191	191	191	191	191	191	191	191	191	191	191	191	191	191	191	191	191	191	192	191	191	191	191	191	191	191	191	191	191	191	191	191	191	191	191	191	191	191	191	191	191	191	191	191	191	191	191	191	191	191	191	191	191	191	191	191	191	191	191	191	191	191	191	191	191	191	191	191	191	191	191	191	191	191	191	191	191	191	191	191	191	
191	191	191	191	191	191	191	191	191	191	191	191	191	191	191	191	191	191	191	191	191	191	191	191	191	191	191	191	191	191	191	191	191	191	191	191	191	191	191	191	191	191	191	191	191	191	191	191	191	191	191	191	191	191	191	191	191	191	191	191	191	191	191	191	191	192	191	191	191	191	191	191	191	191	191	191	191	191	191	191	191	191	191	191	191	191	191	191	191	191	191	191	191	191	191	191	191	191	191	191	191	191	191	191	191	191	191	191	191	191	191	191	191	191	191	191	191	191	191	191	191	191	191	191	191	191	191	191	
195	195	195	195	195	195	195	195	195	195	195	195	195	195	195	195	195	195	195	195	195	195	195	196	195	195	195	195	195	195	195	195	195	195	195	195	195	195	195	195	195	195	195	195	195	195	195	195	195	195	195	195	195	195	195	195	195	195	195	195	195	195	195	195	195	197	195	195	195	195	195	195	195	195	195	195	195	195	195	195	195	195	195	195	195	195	195	195	195	195	195	195	195	195	195	195	195	195	195	195	195	195	195	195	195	195	195	195	195	195	195	195	195	195	195	195	195	195	195	195	195	195	195	195	195	195	195	195	
196	196	196	196	196	196	196	196	196	196	196	196	196	196	196	196	196	196	196	196	196	196	196	196	196	196	196	196	196	196	196	196	196	196	196	196	196	196	196	196	196	196	196	196	196	196	196	196	196	196	196	196	196	196	196	196	196	196	196	196	196	196	196	196	196	197	196	196	196	196	196	196	196	196	196	196	196	196	196	196	196	196	196	196	196	196	196	196	196	196	196	196	196	196	196	196	196	196	196	196	196	196	196	196	196	196	196	196	196	196	196	196	196	196	196	196	196	196	196	196	196	196	196	196	196	196	196	196	
196	196	196	196	196	196	196	196	196	196	196	196	196	196	196	196	196	196	196	196	196	196	196	196	196	196	196	196	196	196	196	196	196	196	196	196	196	196	196	196	196	196	196	196	196	196	196	196	196	196	196	196	196	196	196	196	196	196	196	196	196	196	196	196	196	197	196	196	196	196	196	196	196	196	196	196	196	196	196	196	196	196	196	196	196	196	196	196	196	196	196	196	196	196	196	196	196	196	196	196	196	196	196	196	196	196	196	196	196	196	196	196	196	196	196	196	196	196	196	196	196	196	196	196	196	196	196	196	
195	195	195	195	195	195	195	195	195	195	195	195	195	195	195	195	195	195	195	195	195	195	195	196	195	195	195	195	195	195	195	195	195	195	195	195	195	195	195	195	195	195	195	195	195	195	195	195	195	195	195	195	195	195	195	195	195	195	195	195	195	195	195	195	195	197	195	195	195	195	195	195	195	195	195	195	195	195	195	195	195	195	195	195	195	195	195	195	195	195	195	195	195	195	195	195	195	195	195	195	195	195	195	195	195	195	195	195	195	195	195	195	195	195	195	195	195	195	195	195	195	195	195	195	195	195	195	195	
196	196	196	196	196	196	196	196	196	196	196	196	196	196	196	196	196	196	196	196	196	196	196	197	196	196	196	196	196	196	196	196	196	196	196	196	196	196	196	196	196	196	196	196	196	196	196	196	196	196	196	196	196	196	196	196	196	196	196	196	196	196	196	196	196	198	196	196	196	196	196	196	196	196	196	196	196	196	196	196	196	196	196	196	196	196	196	196	196	196	196	196	196	196	196	196	196	196	196	196	196	196	196	196	196	196	196	196	196	196	196	196	196	196	196	196	196	196	196	196	196	196	196	196	196	196	196	196	
200	200	200	200	200	200	200	200	200	200	200	200	200	200	200	200	200	200	200	200	200	200	200	200	200	200	200	200	200	200	200	200	200	200	200	200	200	200	200	200	200	200	200	200	200	200	200	200	200	200	200	200	200	200	200	200	200	200	200	200	200	200	200	200	200	201	200	200	200	200	200	200	200	200	200	200	200	200	200	200	200	200	200	200	200	200	200	200	200	200	200	200	200	200	200	200	200	200	200	200	200	200	200	200	200	200	200	200	200	200	200	200	200	200	200	200	200	200	200	200	200	200	200	200	200	200	200	200	
200	200	200	200	200	200	200	200	200	200	200	200	200	200	200	200	200	200	200	200	200	200	200	200	200	200	200	200	200	200	200	200	200	200	200	200	200	200	200	200	200	200	200	200	200	200	200	200	200	200	200	200	200	200	200	200	200	200	200	200	200	200	200	200	200	201	200	200	200	200	200	200	200	200	200	200	200	200	200	200	200	200	200	200	200	200	200	200	200	200	200	200	200	200	200	200	200	200	200	200	200	200	200	200	200	200	200	200	200	200	200	200	200	200	200	200	200	200	200	200	200	200	200	200	200	200	200	200	
200	200	200	200	200	200	200	200	200	200	200	200	200	200	200	200	200	200	200	200	200	200	200	200	200	200	200	200	200	200	200	200	200	200	200	200	200	200	200	200	200	200	200	200	200	200	200	200	200	200	200	200	200	200	200	200	200	200	200	200	200	200	200	200	200	201	200	200	200	200	200	200	200	200	200	200	200	200	200	200	200	200	200	200	200	200	200	200	200	200	200	200	200	200	200	200	200	200	200	200	200	200	200	200	200	200	200	200	200	200	200	200	200	200	200	200	200	200	200	200	200	200	200	200	200	200	200	200	
200	200	200	200	200	200	200	200	200	200	200	200	200	200	200	200	200	200	200	200	200	200	200	201	200	200	200	200	200	200	200	200	200	200	200	200	200	200	200	200	200	200	200	200	200	200	200	200	200	200	200	200	200	200	200	200	200	200	200	200	200	200	200	200	200	202	200	200	200	200	200	200	200	200	200	200	200	200	200	200	200	200	200	200	200	200	200	200	200	200	200	200	200	200	200	200	200	200	200	200	200	200	200	200	200	200	200	200	200	200	200	200	200	200	200	200	200	200	200	200	200	200	200	200	200	200	200	200	
204	204	204	204	204	204	204	204	204	204	204	204	204	204	204	204	204	204	204	204	204	204	204	205	204	204	204	204	204	204	204	204	204	204	204	204	204	204	204	204	204	204	204	204	204	204	204	204	204	204	204	204	204	204	204	204	204	204	204	204	204	204	204	204	204	206	204	204	204	204	204	204	204	204	204	204	204	204	204	204	204	204	204	204	204	204	204	204	204	204	204	204	204	204	204	204	204	204	204	204	204	204	204	204	204	204	204	204	204	204	204	204	204	204	204	204	204	204	204	204	204	204	204	204	204	204	204	204	
204	204	204	204	204	204	204	204	204	204	204	204	204	204	204	204	204	204	204	204	204	204	204	204	204	204	204	204	204	204	204	204	204	204	204	204	204	204	204	204	204	204	204	204	204	204	204	204	204	204	204	204	204	204	204	204	204	204	204	204	204	204	204	204	204	205	204	204	204	204	204	204	204	204	204	204	204	204	204	204	204	204	204	204	204	204	204	204	204	204	204	204	204	204	204	204	204	204	204	204	204	204	204	204	204	204	204	204	204	204	204	204	204	204	204	204	204	204	204	204	204	204	204	204	204	204	204	204	
204	204	204	204	204	204	204	204	204	204	204	204	204	204	204	204	204	204	204	204	204	204	204	204	204	204	204	204	204	204	204	204	204	204	204	204	204	204	204	204	204	204	204	204	204	204	204	204	204	204	204	204	204	204	204	204	204	204	204	204	204	204	204	204	204	205	204	204	204	204	204	204	204	204	204	204	204	204	204	204	204	204	204	204	204	204	204	204	204	204	204	204	204	204	204	204	204	204	204	204	204	204	204	204	204	204	204	204	204	204	204	204	204	204	204	204	204	204	204	204	204	204	204	204	204	204	204	204	
204	204	204	204	204	204	204	204	204	204	204	204	204	204	204	204	204	204	204	204	204	204	204	204	204	204	204	204	204	204	204	204	204	204	204	204	204	204	204	204	204	204	204	204	204	204	204	204	204	204	204	204	204	204	204	204	204	204	204	204	204	204	204	204	204	205	204	204	204	204	204	204	204	204	204	204	204	204	204	204	204	204	204	204	204	204	204	204	204	204	204	204	204	204	204	204	204	204	204	204	204	204	204	204	204	204	204	204	204	204	204	204	204	204	204	204	204	204	204	204	204	204	204	204	204	204	204	204	
204	204	204	204	204	204	204	204	204	204	204	204	204	204	204	204	204	204	204	204	204	204	204	205	204	204	204	204	204	204	204	204	204	204	204	204	204	204	204	204	204	204	204	204	204	204	204	204	204	204	204	204	204	204	204	204	204	204	204	204	204	204	204	204	204	206	204	204	204	204	204	204	204	204	204	204	204	204	204	204	204	204	204	204	204	204	204	204	204	204	204	204	204	204	204	204	204	204	204	204	204	204	204	204	204	204	204	204	204	204	204	204	204	204	204	204	204	204	204	204	204	204	204	204	204	204	204	204	
208	208	208	208	208	208	208	208	208	208	208	208	208	208	208	208	208	208	208	208	208	208	208	209	208	208	208	208	208	208	208	208	208	208	208	208	208	208	208	208	208	208	208	208	208	208	208	208	208	208	208	208	208	208	208	208	208	208	208	208	208	208	208	208	208	210	208	208	208	208	208	208	208	208	208	208	208	208	208	208	208	208	208	208	208	208	208	208	208	208	208	208	208	208	208	208	208	208	208	208	208	208	208	208	208	208	208	208	208	208	208	208	208	208	208	208	208	208	208	208	208	208	208	208	208	208	208	208	
208	208	208	208	208	208	208	208	208	208	208	208	208	208	208	208	208	208	208	208	208	208	208	209	208	208	208	208	208	208	208	208	208	208	208	208	208	208	208	208	208	208	208	208	208	208	208	208	208	208	208	208	208	208	208	208	208	208	208	208	208	208	208	208	208	210	208	208	208	208	208	208	208	208	208	208	208	208	208	208	208	208	208	208	208	208	208	208	208	208	208	208	208	208	208	208	208	208	208	208	208	208	208	208	208	208	208	208	208	208	208	208	208	208	208	208	208	208	208	208	208	208	208	208	208	208	208	208	
208	208	208	208	208	208	208	208	208	208	208	208	208	208	208	208	208	208	208	208	208	208	208	209	208	208	208	208	208	208	208	208	208	208	208	208	208	208	208	208	208	208	208	208	208	208	208	208	208	208	208	208	208	208	208	208	208	208	208	208	208	208	208	208	208	210	208	208	208	208	208	208	208	208	208	208	208	208	208	208	208	208	208	208	208	208	208	208	208	208	208	208	208	208	208	208	208	208	208	208	208	208	208	208	208	208	208	208	208	208	208	208	208	208	208	208	208	208	208	208	208	208	208	208	208	208	208	208	
208	208	208	208	208	208	208	208	208	208	208	208	208	208	208	208	208	208	208	208	208	208	208	209	208	208	208	208	208	208	208	208	208	208	208	208	208	208	208	208	208	208	208	208	208	208	208	208	208	208	208	208	208	208	208	208	208	208	208	208	208	208	208	208	208	210	208	208	208	208	208	208	208	208	208	208	208	208	208	208	208	208	208	208	208	208	208	208	208	208	208	208	208	208	208	208	208	208	208	208	208	208	208	208	208	208	208	208	208	208	208	208	208	208	208	208	208	208	208	208	208	208	208	208	208	208	208	208	
212	212	212	212	212	212	212	212	212	212	212	212	212	212	212	212	212	212	212	212	212	212	212	213	212	212	212	212	212	212	212	212	212	212	212	212	212	212	212	212	212	212	212	212	212	212	212	212	212	212	212	212	212	212	212	212	212	212	212	212	212	212	212	212	212	214	212	212	212	212	212	212	212	212	212	212	212	212	212	212	212	212	212	212	212	212	212	212	212	212	212	212	212	212	212	212	212	212	212	212	212	212	212	212	212	212	212	212	212	212	212	212	212	212	212	212	212	212	212	212	212	212	212	212	212	212	212	212	
213	213	213	213	213	213	213	213	213	213	213	213	213	213	213	213	213	213	213	213	213	213	213	214	213	213	213	213	213	213	213	213	213	213	213	213	213	213	213	213	213	213	213	213	213	213	213	213	213	213	213	213	213	213	213	213	213	213	213	213	213	213	213	213	213	215	213	213	213	213	213	213	213	213	213	213	213	213	213	213	213	213	213	213	213	213	213	213	213	213	213	213	213	213	213	213	213	213	213	213	213	213	213	213	213	213	213	213	213	213	213	213	213	213	213	213	213	213	213	213	213	213	213	213	213	213	213	213	
213	213	213	213	213	213	213	213	213	213	213	213	213	213	213	213	213	213	213	213	213	213	213	214	213	213	213	213	213	213	213	213	213	213	213	213	213	213	213	213	213	213	213	213	213	213	213	213	213	213	213	213	213	213	213	213	213	213	213	213	213	213	213	213	213	215	213	213	213	213	213	213	213	213	213	213	213	213	213	213	213	213	213	213	213	213	213	213	213	213	213	213	213	213	213	213	213	213	213	213	213	213	213	213	213	213	213	213	213	213	213	213	213	213	213	213	213	213	213	213	213	213	213	213	213	213	213	213	
213	213	213	213	213	213	213	213	213	213	213	213	213	213	213	213	213	213	213	213	213	213	213	214	213	213	213	213	213	213	213	213	213	213	213	213	213	213	213	213	213	213	213	213	213	213	213	213	213	213	213	213	213	213	213	213	213	213	213	213	213	213	213	213	213	215	213	213	213	213	213	213	213	213	213	213	213	213	213	213	213	213	213	213	213	213	213	213	213	213	213	213	213	213	213	213	213	213	213	213	213	213	213	213	213	213	213	213	213	213	213	213	213	213	213	213	213	213	213	213	213	213	213	213	213	213	213	213	
213	213	213	213	213	213	213	213	213	213	213	213	213	213	213	213	213	213	213	213	213	213	213	214	213	213	213	213	213	213	213	213	213	213	213	213	213	213	213	213	213	213	213	213	213	213	213	213	213	213	213	213	213	213	213	213	213	213	213	213	213	213	213	213	213	215	213	213	213	213	213	213	213	213	213	213	213	213	213	213	213	213	213	213	213	213	213	213	213	213	213	213	213	213	213	213	213	213	213	213	213	213	213	213	213	213	213	213	213	213	213	213	213	213	213	213	213	213	213	213	213	213	213	213	213	213	213	213	
217	217	217	217	217	217	217	217	217	217	217	217	217	217	217	217	217	217	217	217	217	217	217	218	217	217	217	217	217	217	217	217	217	217	217	217	217	217	217	217	217	217	217	217	217	217	217	217	217	217	217	217	217	217	217	217	217	217	217	217	217	217	217	217	217	219	217	217	217	217	217	217	217	217	217	217	217	217	217	217	217	217	217	217	217	217	217	217	217	217	217	217	217	217	217	217	217	217	217	217	217	217	217	217	217	217	217	217	217	217	217	217	217	217	217	217	217	217	217	217	217	217	217	217	217	217	217	217	
217	217	217	217	217	217	217	217	217	217	217	217	217	217	217	217	217	217	217	217	217	217	217	218	217	217	217	217	217	217	217	217	217	217	217	217	217	217	217	217	217	217	217	217	217	217	217	217	217	217	217	217	217	217	217	217	217	217	217	217	217	217	217	217	217	219	217	217	217	217	217	217	217	217	217	217	217	217	217	217	217	217	217	217	217	217	217	217	217	217	217	217	217	217	217	217	217	217	217	217	217	217	217	217	217	217	217	217	217	217	217	217	217	217	217	217	217	217	217	217	217	217	217	217	217	217	217	217	
217	217	217	217	217	217	217	217	217	217	217	217	217	217	217	217	217	217	217	217	217	217	217	218	217	217	217	217	217	217	217	217	217	217	217	217	217	217	217	217	217	217	217	217	217	217	217	217	217	217	217	217	217	217	217	217	217	217	217	217	217	217	217	217	217	219	217	217	217	217	217	217	217	217	217	217	217	217	217	217	217	217	217	217	217	217	217	217	217	217	217	217	217	217	217	217	217	217	217	217	217	217	217	217	217	217	217	217	217	217	217	217	217	217	217	217	217	217	217	217	217	217	217	217	217	217	217	217	
217	217	217	217	217	217	217	217	217	217	217	217	217	217	217	217	217	217	217	217	217	217	217	218	217	217	217	217	217	217	217	217	217	217	217	217	217	217	217	217	217	217	217	217	217	217	217	217	217	217	217	217	217	217	217	217	217	217	217	217	217	217	217	217	217	219	217	217	217	217	217	217	217	217	217	217	217	217	217	217	217	217	217	217	217	217	217	217	217	217	217	217	217	217	217	217	217	217	217	217	217	217	217	217	217	217	217	217	217	217	217	217	217	217	217	217	217	217	217	217	217	217	217	217	217	217	217	217	
221	221	221	221	221	221	221	221	221	221	221	221	221	221	221	221	221	221	221	221	221	221	221	222	221	221	221	221	221	221	221	221	221	221	221	221	221	221	221	221	221	221	221	221	221	221	221	221	221	221	221	221	221	221	221	221	221	221	221	221	221	221	221	221	221	223	221	221	221	221	221	221	221	221	221	221	221	221	221	221	221	221	221	221	221	221	221	221	221	221	221	221	221	221	221	221	221	221	221	221	221	221	221	221	221	221	221	221	221	221	221	221	221	221	221	221	221	221	221	221	221	221	221	221	221	221	221	221	
221	221	221	221	221	221	221	221	221	221	221	221	221	221	221	221	221	221	221	221	221	221	221	222	221	221	221	221	221	221	221	221	221	221	221	221	221	221	221	221	221	221	221	221	221	221	221	221	221	221	221	221	221	221	221	221	221	221	221	221	221	221	221	221	221	223	221	221	221	221	221	221	221	221	221	221	221	221	221	221	221	221	221	221	221	221	221	221	221	221	221	221	221	221	221	221	221	221	221	221	221	221	221	221	221	221	221	221	221	221	221	221	221	221	221	221	221	221	221	221	221	221	221	221	221	221	221	221	
221	221	221	221	221	221	221	221	221	221	221	221	221	221	221	221	221	221	221	221	221	221	221	222	221	221	221	221	221	221	221	221	221	221	221	221	221	221	221	221	221	221	221	221	221	221	221	221	221	221	221	221	221	221	221	221	221	221	221	221	221	221	221	221	221	223	221	221	221	221	221	221	221	221	221	221	221	221	221	221	221	221	221	221	221	221	221	221	221	221	221	221	221	221	221	221	221	221	221	221	221	221	221	221	221	221	221	221	221	221	221	221	221	221	221	221	221	221	221	221	221	221	221	221	221	221	221	221	
221	221	221	221	221	221	221	221	221	221	221	221	221	221	221	221	221	221	221	221	221	221	221	222	221	221	221	221	221	221	221	221	221	221	221	221	221	221	221	221	221	221	221	221	221	221	221	221	221	221	221	221	221	221	221	221	221	221	221	221	221	221	221	221	221	223	221	221	221	221	221	221	221	221	221	221	221	221	221	221	221	221	221	221	221	221	221	221	221	221	221	221	221	221	221	221	221	221	221	221	221	221	221	221	221	221	221	221	221	221	221	221	221	221	221	221	221	221	221	221	221	221	221	221	221	221	221	221	
221	221	221	221	221	221	221	221	221	221	221	221	221	221	221	221	221	221	221	221	221	221	221	222	221	221	221	221	221	221	221	221	221	221	221	221	221	221	221	221	221	221	221	221	221	221	221	221	221	221	221	221	221	221	221	221	221	221	221	221	221	221	221	221	221	223	221	221	221	221	221	221	221	221	221	221	221	221	221	221	221	221	221	221	221	221	221	221	221	221	221	221	221	221	221	221	221	221	221	221	221	221	221	221	221	221	221	221	221	221	221	221	221	221	221	221	221	221	221	221	221	221	221	221	221	221	221	221	
224	224	224	224	224	224	224	224	224	224	224	224	224	224	224	224	224	224	224	224	224	224	224	225	224	224	224	224	224	224	224	224	224	224	224	224	224	224	224	224	224	224	224	224	224	224	224	224	224	224	224	224	224	224	224	224	224	224	224	224	224	224	224	224	224	226	224	224	224	224	224	224	224	224	224	224	224	224	224	224	224	224	224	224	224	224	224	224	224	224	224	224	224	224	224	224	224	224	224	224	224	224	224	224	224	224	224	224	224	224	224	224	224	224	224	224	224	224	224	224	224	224	224	224	224	224	224	224	
225	225	225	225	225	225	225	225	225	225	225	225	225	225	225	225	225	225	225	225	225	225	225	226	225	225	225	225	225	225	225	225	225	225	225	225	225	225	225	225	225	225	225	225	225	225	225	225	225	225	225	225	225	225	225	225	225	225	225	225	225	225	225	225	225	227	225	225	225	225	225	225	225	225	225	225	225	225	225	225	225	225	225	225	225	225	225	225	225	225	225	225	225	225	225	225	225	225	225	225	225	225	225	225	225	225	225	225	225	225	225	225	225	225	225	225	225	225	225	225	225	225	225	225	225	225	225	225	
225	225	225	225	225	225	225	225	225	225	225	225	225	225	225	225	225	225	225	225	225	225	225	226	225	225	225	225	225	225	225	225	225	225	225	225	225	225	225	225	225	225	225	225	225	225	225	225	225	225	225	225	225	225	225	225	225	225	225	225	225	225	225	225	225	227	225	225	225	225	225	225	225	225	225	225	225	225	225	225	225	225	225	225	225	225	225	225	225	225	225	225	225	225	225	225	225	225	225	225	225	225	225	225	225	225	225	225	225	225	225	225	225	225	225	225	225	225	225	225	225	225	225	225	225	225	225	225	
225	225	225	225	225	225	225	225	225	225	225	225	225	225	225	225	225	225	225	225	225	225	225	226	225	225	225	225	225	225	225	225	225	225	225	225	225	225	225	225	225	225	225	225	225	225	225	225	225	225	225	225	225	225	225	225	225	225	225	225	225	225	225	225	225	227	225	225	225	225	225	225	225	225	225	225	225	225	225	225	225	225	225	225	225	225	225	225	225	225	225	225	225	225	225	225	225	225	225	225	225	225	225	225	225	225	225	225	225	225	225	225	225	225	225	225	225	225	225	225	225	225	225	225	225	225	225	225	
225	225	225	225	225	225	225	225	225	225	225	225	225	225	225	225	225	225	225	225	225	225	225	226	225	225	225	225	225	225	225	225	225	225	225	225	225	225	225	225	225	225	225	225	225	225	225	225	225	225	225	225	225	225	225	225	225	225	225	225	225	225	225	225	225	227	225	225	225	225	225	225	225	225	225	225	225	225	225	225	225	225	225	225	225	225	225	225	225	225	225	225	225	225	225	225	225	225	225	225	225	225	225	225	225	225	225	225	225	225	225	225	225	225	225	225	225	225	225	225	225	225	225	225	225	225	225	225	
230	230	230	230	230	230	230	230	230	230	230	230	230	230	230	230	230	230	230	230	230	230	230	231	230	230	230	230	230	230	230	230	230	230	230	230	230	230	230	230	230	230	230	230	230	230	230	230	230	230	230	230	230	230	230	230	230	230	230	230	230	230	230	230	230	232	230	230	230	230	230	230	230	230	230	230	230	230	230	230	230	230	230	230	230	230	230	230	230	230	230	230	230	230	230	230	230	230	230	230	230	230	230	230	230	230	230	230	230	230	230	230	230	230	230	230	230	230	230	230	230	230	230	230	230	230	230	230	
230	230	230	230	230	230	230	230	230	230	230	230	230	230	230	230	230	230	230	230	230	230	230	231	230	230	230	230	230	230	230	230	230	230	230	230	230	230	230	230	230	230	230	230	230	230	230	230	230	230	230	230	230	230	230	230	230	230	230	230	230	230	230	230	230	232	230	230	230	230	230	230	230	230	230	230	230	230	230	230	230	230	230	230	230	230	230	230	230	230	230	230	230	230	230	230	230	230	230	230	230	230	230	230	230	230	230	230	230	230	230	230	230	230	230	230	230	230	230	230	230	230	230	230	230	230	230	230	
230	230	230	230	230	230	230	230	230	230	230	230	230	230	230	230	230	230	230	230	230	230	230	231	230	230	230	230	230	230	230	230	230	230	230	230	230	230	230	230	230	230	230	230	230	230	230	230	230	230	230	230	230	230	230	230	230	230	230	230	230	230	230	230	230	232	230	230	230	230	230	230	230	230	230	230	230	230	230	230	230	230	230	230	230	230	230	230	230	230	230	230	230	230	230	230	230	230	230	230	230	230	230	230	230	230	230	230	230	230	230	230	230	230	230	230	230	230	230	230	230	230	230	230	230	230	230	230	
229	229	229	229	229	229	229	229	229	229	229	229	229	229	229	229	229	229	229	229	229	229	229	230	229	229	229	229	229	229	229	229	229	229	229	229	229	229	229	229	229	229	229	229	229	229	229	229	229	229	229	229	229	229	229	229	229	229	229	229	229	229	229	229	229	231	229	229	229	229	229	229	229	229	229	229	229	229	229	229	229	229	229	229	229	229	229	229	229	229	229	229	229	229	229	229	229	229	229	229	229	229	229	229	229	229	229	229	229	229	229	229	229	229	229	229	229	229	229	229	229	229	229	229	229	229	229	229	
233	233	233	233	233	233	233	233	233	233	233	233	233	233	233	233	233	233	233	233	233	233	233	234	233	233	233	233	233	233	233	233	233	233	233	233	233	233	233	233	233	233	233	233	233	233	233	233	233	233	233	233	233	233	233	233	233	233	233	233	233	233	233	233	233	235	233	233	233	233	233	233	233	233	233	233	233	233	233	233	233	233	233	233	233	233	233	233	233	233	233	233	233	233	233	233	233	233	233	233	233	233	233	233	233	233	233	233	233	233	233	233	233	233	233	233	233	233	233	233	233	233	233	233	233	233	233	233	
234	234	234	234	234	234	234	234	234	234	234	234	234	234	234	234	234	234	234	234	234	234	234	235	234	234	234	234	234	234	234	234	234	234	234	234	234	234	234	234	234	234	234	234	234	234	234	234	234	234	234	234	234	234	234	234	234	234	234	234	234	234	234	234	234	236	234	234	234	234	234	234	234	234	234	234	234	234	234	234	234	234	234	234	234	234	234	234	234	234	234	234	234	234	234	234	234	234	234	234	234	234	234	234	234	234	234	234	234	234	234	234	234	234	234	234	234	234	234	234	234	234	234	234	234	234	234	234	
234	234	234	234	234	234	234	234	234	234	234	234	234	234	234	234	234	234	234	234	234	234	234	235	234	234	234	234	234	234	234	234	234	234	234	234	234	234	234	234	234	234	234	234	234	234	234	234	234	234	234	234	234	234	234	234	234	234	234	234	234	234	234	234	234	236	234	234	234	234	234	234	234	234	234	234	234	234	234	234	234	234	234	234	234	234	234	234	234	234	234	234	234	234	234	234	234	234	234	234	234	234	234	234	234	234	234	234	234	234	234	234	234	234	234	234	234	234	234	234	234	234	234	234	234	234	234	234	
234	234	234	234	234	234	234	234	234	234	234	234	234	234	234	234	234	234	234	234	234	234	234	235	234	234	234	234	234	234	234	234	234	234	234	234	234	234	234	234	234	234	234	234	234	234	234	234	234	234	234	234	234	234	234	234	234	234	234	234	234	234	234	234	234	236	234	234	234	234	234	234	234	234	234	234	234	234	234	234	234	234	234	234	234	234	234	234	234	234	234	234	234	234	234	234	234	234	234	234	234	234	234	234	234	234	234	234	234	234	234	234	234	234	234	234	234	234	234	234	234	234	234	234	234	234	234	234	
237	237	237	237	237	237	237	237	237	237	237	237	237	237	237	237	237	237	237	237	237	237	237	238	237	237	237	237	237	237	237	237	237	237	237	237	237	237	237	237	237	237	237	237	237	237	237	237	237	237	237	237	237	237	237	237	237	237	237	237	237	237	237	237	237	239	237	237	237	237	237	237	237	237	237	237	237	237	237	237	237	237	237	237	237	237	237	237	237	237	237	237	237	237	237	237	237	237	237	237	237	237	237	237	237	237	237	237	237	237	237	237	237	237	237	237	237	237	237	237	237	237	237	237	237	237	237	237	
238	238	238	238	238	238	238	238	238	238	238	238	238	238	238	238	238	238	238	238	238	238	238	239	238	238	238	238	238	238	238	238	238	238	238	238	238	238	238	238	238	238	238	238	238	238	238	238	238	238	238	238	238	238	238	238	238	238	238	238	238	238	238	238	238	240	238	238	238	238	238	238	238	238	238	238	238	238	238	238	238	238	238	238	238	238	238	238	238	238	238	238	238	238	238	238	238	238	238	238	238	238	238	238	238	238	238	238	238	238	238	238	238	238	238	238	238	238	238	238	238	238	238	238	238	238	238	238	
238	238	238	238	238	238	238	238	238	238	238	238	238	238	238	238	238	238	238	238	238	238	238	239	238	238	238	238	238	238	238	238	238	238	238	238	238	238	238	238	238	238	238	238	238	238	238	238	238	238	238	238	238	238	238	238	238	238	238	238	238	238	238	238	238	240	238	238	238	238	238	238	238	238	238	238	238	238	238	238	238	238	238	238	238	238	238	238	238	238	238	238	238	238	238	238	238	238	238	238	238	238	238	238	238	238	238	238	238	238	238	238	238	238	238	238	238	238	238	238	238	238	238	238	238	238	238	238	
238	238	238	238	238	238	238	238	238	238	238	238	238	238	238	238	238	238	238	238	238	238	238	239	238	238	238	238	238	238	238	238	238	238	238	238	238	238	238	238	238	238	238	238	238	238	238	238	238	238	238	238	238	238	238	238	238	238	238	238	238	238	238	238	238	240	238	238	238	238	238	238	238	238	238	238	238	238	238	238	238	238	238	238	238	238	238	238	238	238	238	238	238	238	238	238	238	238	238	238	238	238	238	238	238	238	238	238	238	238	238	238	238	238	238	238	238	238	238	238	238	238	238	238	238	238	238	238	
238	238	238	238	238	238	238	238	238	238	238	238	238	238	238	238	238	238	238	238	238	238	238	239	238	238	238	238	238	238	238	238	238	238	238	238	238	238	238	238	238	238	238	238	238	238	238	238	238	238	238	238	238	238	238	238	238	238	238	238	238	238	238	238	238	240	238	238	238	238	238	238	238	238	238	238	238	238	238	238	238	238	238	238	238	238	238	238	238	238	238	238	238	238	238	238	238	238	238	238	238	238	238	238	238	238	238	238	238	238	238	238	238	238	238	238	238	238	238	238	238	238	238	238	238	238	238	238	
241	241	241	241	241	241	241	241	241	241	241	241	241	241	241	241	241	241	241	241	241	241	241	242	241	241	241	241	241	241	241	241	241	241	241	241	241	241	241	241	241	241	241	241	241	241	241	241	241	241	241	241	241	241	241	241	241	241	241	241	241	241	241	241	241	243	241	241	241	241	241	241	241	241	241	241	241	241	241	241	241	241	241	241	241	241	241	241	241	241	241	241	241	241	241	241	241	241	241	241	241	241	241	241	241	241	241	241	241	241	241	241	241	241	241	241	241	241	241	241	241	241	241	241	241	241	241	241	
242	242	242	242	242	242	242	242	242	242	242	242	242	242	242	242	242	242	242	242	242	242	242	243	242	242	242	242	242	242	242	242	242	242	242	242	242	242	242	242	242	242	242	242	242	242	242	242	242	242	242	242	242	242	242	242	242	242	242	242	242	242	242	242	242	244	242	242	242	242	242	242	242	242	242	242	242	242	242	242	242	242	242	242	242	242	242	242	242	242	242	242	242	242	242	242	242	242	242	242	242	242	242	242	242	242	242	242	242	242	242	242	242	242	242	242	242	242	242	242	242	242	242	242	242	242	242	242	
242	242	242	242	242	242	242	242	242	242	242	242	242	242	242	242	242	242	242	242	242	242	242	243	242	242	242	242	242	242	242	242	242	242	242	242	242	242	242	242	242	242	242	242	242	242	242	242	242	242	242	242	242	242	242	242	242	242	242	242	242	242	242	242	242	244	242	242	242	242	242	242	242	242	242	242	242	242	242	242	242	242	242	242	242	242	242	242	242	242	242	242	242	242	242	242	242	242	242	242	242	242	242	242	242	242	242	242	242	242	242	242	242	242	242	242	242	242	242	242	242	242	242	242	242	242	242	242	
242	242	242	242	242	242	242	242	242	242	242	242	242	242	242	242	242	242	242	242	242	242	242	243	242	242	242	242	242	242	242	242	242	242	242	242	242	242	242	242	242	242	242	242	242	242	242	242	242	242	242	242	242	242	242	242	242	242	242	242	242	242	242	242	242	244	242	242	242	242	242	242	242	242	242	242	242	242	242	242	242	242	242	242	242	242	242	242	242	242	242	242	242	242	242	242	242	242	242	242	242	242	242	242	242	242	242	242	242	242	242	242	242	242	242	242	242	242	242	242	242	242	242	242	242	242	242	242	
242	242	242	242	242	242	242	242	242	242	242	242	242	242	242	242	242	242	242	242	242	242	242	243	242	242	242	242	242	242	242	242	242	242	242	242	242	242	242	242	242	242	242	242	242	242	242	242	242	242	242	242	242	242	242	242	242	242	242	242	242	242	242	242	242	244	242	242	242	242	242	242	242	242	242	242	242	242	242	242	242	242	242	242	242	242	242	242	242	242	242	242	242	242	242	242	242	242	242	242	242	242	242	242	242	242	242	242	242	242	242	242	242	242	242	242	242	242	242	242	242	242	242	242	242	242	242	242	
247	247	247	247	247	247	247	247	247	247	247	247	247	247	247	247	247	247	247	247	247	247	247	248	247	247	247	247	247	247	247	247	247	247	247	247	247	247	247	247	247	247	247	247	247	247	247	247	247	247	247	247	247	247	247	247	247	247	247	247	247	247	247	247	247	249	247	247	247	247	247	247	247	247	247	247	247	247	247	247	247	247	247	247	247	247	247	247	247	247	247	247	247	247	247	247	247	247	247	247	247	247	247	247	247	247	247	247	247	247	247	247	247	247	247	247	247	247	247	247	247	247	247	247	247	247	247	247	
247	247	247	247	247	247	247	247	247	247	247	247	247	247	247	247	247	247	247	247	247	247	247	248	247	247	247	247	247	247	247	247	247	247	247	247	247	247	247	247	247	247	247	247	247	247	247	247	247	247	247	247	247	247	247	247	247	247	247	247	247	247	247	247	247	249	247	247	247	247	247	247	247	247	247	247	247	247	247	247	247	247	247	247	247	247	247	247	247	247	247	247	247	247	247	247	247	247	247	247	247	247	247	247	247	247	247	247	247	247	247	247	247	247	247	247	247	247	247	247	247	247	247	247	247	247	247	247	
247	247	247	247	247	247	247	247	247	247	247	247	247	247	247	247	247	247	247	247	247	247	247	248	247	247	247	247	247	247	247	247	247	247	247	247	247	247	247	247	247	247	247	247	247	247	247	247	247	247	247	247	247	247	247	247	247	247	247	247	247	247	247	247	247	249	247	247	247	247	247	247	247	247	247	247	247	247	247	247	247	247	247	247	247	247	247	247	247	247	247	247	247	247	247	247	247	247	247	247	247	247	247	247	247	247	247	247	247	247	247	247	247	247	247	247	247	247	247	247	247	247	247	247	247	247	247	247	
246	246	246	246	246	246	246	246	246	246	246	246	246	246	246	246	246	246	246	246	246	246	246	247	246	246	246	246	246	246	246	246	246	246	246	246	246	246	246	246	246	246	246	246	246	246	246	246	246	246	246	246	246	246	246	246	246	246	246	246	246	246	246	246	246	248	246	246	246	246	246	246	246	246	246	246	246	246	246	246	246	246	246	246	246	246	246	246	246	246	246	246	246	246	246	246	246	246	246	246	246	246	246	246	246	246	246	246	246	246	246	246	246	246	246	246	246	246	246	246	246	246	246	246	246	246	246	246	
250	250	250	250	250	250	250	250	250	250	250	250	250	250	250	250	250	250	250	250	250	250	250	251	250	250	250	250	250	250	250	250	250	250	250	250	250	250	250	250	250	250	250	250	250	250	250	250	250	250	250	250	250	250	250	250	250	250	250	250	250	250	250	250	250	252	250	250	250	250	250	250	250	250	250	250	250	250	250	250	250	250	250	250	250	250	250	250	250	250	250	250	250	250	250	250	250	250	250	250	250	250	250	250	250	250	250	250	250	250	250	250	250	250	250	250	250	250	250	250	250	250	250	250	250	250	250	250	
251	251	251	251	251	251	251	251	251	251	251	251	251	251	251	251	251	251	251	251	251	251	251	252	251	251	251	251	251	251	251	251	251	251	251	251	251	251	251	251	251	251	251	251	251	251	251	251	251	251	251	251	251	251	251	251	251	251	251	251	251	251	251	251	251	253	251	251	251	251	251	251	251	251	251	251	251	251	251	251	251	251	251	251	251	251	251	251	251	251	251	251	251	251	251	251	251	251	251	251	251	251	251	251	251	251	251	251	251	251	251	251	251	251	251	251	251	251	251	251	251	251	251	251	251	251	251	251	
251	251	251	251	251	251	251	251	251	251	251	251	251	251	251	251	251	251	251	251	251	251	251	252	251	251	251	251	251	251	251	251	251	251	251	251	251	251	251	251	251	251	251	251	251	251	251	251	251	251	251	251	251	251	251	251	251	251	251	251	251	251	251	251	251	253	251	251	251	251	251	251	251	251	251	251	251	251	251	251	251	251	251	251	251	251	251	251	251	251	251	251	251	251	251	251	251	251	251	251	251	251	251	251	251	251	251	251	251	251	251	251	251	251	251	251	251	251	251	251	251	251	251	251	251	251	251	251	
251	251	251	251	251	251	251	251	251	251	251	251	251	251	251	251	251	251	251	251	251	251	251	252	251	251	251	251	251	251	251	251	251	251	251	251	251	251	251	251	251	251	251	251	251	251	251	251	251	251	251	251	251	251	251	251	251	251	251	251	251	251	251	251	251	253	251	251	251	251	251	251	251	251	251	251	251	251	251	251	251	251	251	251	251	251	251	251	251	251	251	251	251	251	251	251	251	251	251	251	251	251	251	251	251	251	251	251	251	251	251	251	251	251	251	251	251	251	251	251	251	251	251	251	251	251	251	251	
254	254	254	254	254	254	254	254	254	254	254	254	254	254	254	254	254	254	254	254	254	254	254	254	254	254	254	254	254	254	254	254	254	254	254	254	254	254	254	254	254	254	254	254	254	254	254	254	254	254	254	254	254	254	254	254	254	254	254	254	254	254	254	254	254	255	254	254	254	254	254	254	254	254	254	254	254	254	254	254	254	254	254	254	254	254	254	254	254	254	254	254	254	254	254	254	254	254	254	254	254	254	254	254	254	254	254	254	254	254	254	254	254	254	254	254	254	254	254	254	254	254	254	254	254	254	254	254	
255	255	255	255	255	255	255	255	255	255	255	255	255	255	255	255	255	255	255	255	255	255	255	255	255	255	255	255	255	255	255	255	255	255	255	255	255	255	255	255	255	255	255	255	255	255	255	255	255	255	255	255	255	255	255	255	255	255	255	255	255	255	255	255	255	255	255	255	255	255	255	255	255	255	255	255	255	255	255	255	255	255	255	255	255	255	255	255	255	255	255	255	255	255	255	255	255	255	255	255	255	255	255	255	255	255	255	255	255	255	255	255	255	255	255	255	255	255	255	255	255	255	255	255	255	255	255	255	
255	255	255	255	255	255	255	255	255	255	255	255	255	255	255	255	255	255	255	255	255	255	255	255	255	255	255	255	255	255	255	255	255	255	255	255	255	255	255	255	255	255	255	255	255	255	255	255	255	255	255	255	255	255	255	255	255	255	255	255	255	255	255	255	255	255	255	255	255	255	255	255	255	255	255	255	255	255	255	255	255	255	255	255	255	255	255	255	255	255	255	255	255	255	255	255	255	255	255	255	255	255	255	255	255	255	255	255	255	255	255	255	255	255	255	255	255	255	255	255	255	255	255	255	255	255	255	255	
255	255	255	255	255	255	255	255	255	255	255	255	255	255	255	255	255	255	255	255	255	255	255	255	255	255	255	255	255	255	255	255	255	255	255	255	255	255	255	255	255	255	255	255	255	255	255	255	255	255	255	255	255	255	255	255	255	255	255	255	255	255	255	255	255	255	255	255	255	255	255	255	255	255	255	255	255	255	255	255	255	255	255	255	255	255	255	255	255	255	255	255	255	255	255	255	255	255	255	255	255	255	255	255	255	255	255	255	255	255	255	255	255	255	255	255	255	255	255	255	255	255	255	255	255	255	255	255	
255	255	255	255	255	255	255	255	255	255	255	255	255	255	255	255	255	255	255	255	255	255	255	255	255	255	255	255	255	255	255	255	255	255	255	255	255	255	255	255	255	255	255	255	255	255	255	255	255	255	255	255	255	255	255	255	255	255	255	255	255	255	255	255	255	255	255	255	255	255	255	255	255	255	255	255	255	255	255	255	255	255	255	255	255	255	255	255	255	255	255	255	255	255	255	255	255	255	255	255	255	255	255	255	255	255	255	255	255	255	255	255	255	255	255	255	255	255	255	255	255	255	255	255	255	255	255	255	
