0	0	7	13	27	27	27	40	33	47	47	60	60	67	80	80	87	87	100	93	107	107	120	122	109	109	109	95	82	89	75	82	69	69	62	49	49	35	42	29	29	22	15	9	2	2	15	15	29	22	42	35	49	49	69	69	82	82	89	82	102	102	102	109	122	122	124	111	111	97	104	91	91	91	84	77	71	64	44	37	44	44	31	31	17	17	4	4	17	17	31	31	44	44	37	51	51	64	64	84	77	91	91	97	104	111	107	120	120	113	107	100	100	100	87	87	80	80	67	67	47	47	40	40	27	20	27	13	
0	0	5	9	23	28	23	37	37	46	51	60	60	65	74	74	88	88	97	97	111	111	120	122	113	113	108	99	90	90	76	76	67	67	62	53	48	39	39	25	25	16	11	7	2	2	11	16	25	25	34	34	48	53	67	67	76	76	85	90	99	99	99	113	122	122	124	115	110	101	101	92	92	87	78	73	69	64	50	41	36	36	27	27	13	13	4	4	13	13	27	27	36	36	41	55	55	64	64	78	78	87	92	101	101	110	111	120	120	115	111	97	97	97	88	83	74	74	65	65	51	51	37	32	28	23	23	9	
0	0	0	10	19	24	24	34	34	43	48	58	58	62	72	72	86	86	96	96	110	110	120	122	112	112	108	93	84	88	74	74	64	64	60	50	45	36	36	26	21	12	12	2	2	2	12	12	26	21	36	31	45	50	64	64	74	74	84	84	98	98	98	112	117	122	124	114	110	100	100	90	90	86	76	71	66	62	47	38	38	38	28	23	14	14	9	4	14	14	23	28	38	38	38	52	52	62	62	76	76	86	90	95	100	110	106	120	120	110	110	96	96	96	86	82	72	72	62	62	48	48	34	34	24	19	19	10	
0	0	0	10	19	24	24	34	34	43	48	58	58	62	72	72	86	86	96	96	110	110	120	122	112	112	108	93	84	88	74	74	64	64	60	50	45	36	36	26	21	12	12	2	2	2	12	12	26	21	36	31	45	50	64	64	74	74	84	84	98	98	98	112	117	122	124	114	110	100	100	90	90	86	76	71	66	62	47	38	38	38	28	23	14	14	9	4	14	14	23	28	38	38	38	52	52	62	62	76	76	86	90	95	100	110	106	120	120	110	110	96	96	96	86	82	72	72	62	62	48	48	34	34	24	19	19	10	
0	0	0	10	19	24	24	34	34	43	48	58	58	62	72	72	86	86	96	96	110	110	120	122	112	112	108	93	84	88	74	74	64	64	60	50	45	36	36	26	21	12	12	2	2	2	12	12	26	21	36	31	45	50	64	64	74	74	84	84	98	98	98	112	117	122	124	114	110	100	100	90	90	86	76	71	66	62	47	38	38	38	28	23	14	14	9	4	14	14	23	28	38	38	38	52	52	62	62	76	76	86	90	95	100	110	106	120	120	110	110	96	96	96	86	82	72	72	62	62	48	48	34	34	24	19	19	10	
0	0	4	11	18	22	25	36	36	44	44	58	58	62	73	73	84	84	95	98	109	105	120	122	111	107	107	93	82	86	75	75	64	64	60	46	46	38	38	27	24	17	13	6	2	2	13	13	24	24	35	35	46	49	64	64	75	75	82	82	93	97	100	107	124	118	124	109	109	102	99	88	88	84	77	73	66	62	48	40	37	37	26	22	15	15	4	4	15	15	26	26	37	37	40	48	51	62	62	73	77	84	88	95	102	109	105	120	120	109	105	98	95	91	84	80	73	73	62	62	47	44	36	33	25	22	22	11	
0	0	0	11	18	21	21	35	35	42	46	56	56	60	71	71	81	81	95	95	106	106	116	122	108	108	104	94	80	83	73	73	62	62	58	48	44	37	37	23	20	13	13	2	2	2	13	13	23	20	34	34	44	48	62	62	73	73	80	80	94	97	97	108	118	124	120	110	106	99	99	85	85	82	75	71	64	60	46	39	39	36	25	22	15	11	7	4	15	15	22	25	36	39	39	50	50	60	60	71	75	82	85	96	99	106	106	116	116	106	106	95	95	92	81	78	71	71	60	60	46	46	35	35	21	18	18	11	
0	0	0	11	18	21	21	35	35	42	46	56	56	60	71	71	81	81	95	95	106	106	116	122	108	108	104	94	80	83	73	73	62	62	58	48	44	37	37	23	20	13	13	2	2	2	13	13	23	20	34	34	44	48	62	62	73	73	80	80	94	97	97	108	118	124	120	110	106	99	99	85	85	82	75	71	64	60	46	39	39	36	25	22	15	11	7	4	15	15	22	25	36	39	39	50	50	60	60	71	75	82	85	96	99	106	106	116	116	106	106	95	95	92	81	78	71	71	60	60	46	46	35	35	21	18	18	11	
0	0	0	11	18	21	21	35	35	42	46	56	56	60	71	71	81	81	95	95	106	106	116	122	108	108	104	94	80	83	73	73	62	62	58	48	44	37	37	23	20	13	13	2	2	2	13	13	23	20	34	34	44	48	62	62	73	73	80	80	94	97	97	108	118	124	120	110	106	99	99	85	85	82	75	71	64	60	46	39	39	36	25	22	15	11	7	4	15	15	22	25	36	39	39	50	50	60	60	71	75	82	85	96	99	106	106	116	116	106	106	95	95	92	81	78	71	71	60	60	46	46	35	35	21	18	18	11	
0	0	0	10	21	24	24	38	38	45	48	58	58	62	72	72	82	86	99	99	110	106	120	122	112	108	108	98	84	84	74	74	64	64	60	50	47	40	40	26	23	16	12	2	2	2	12	16	23	23	36	36	47	50	64	64	74	74	84	84	98	98	101	108	124	119	124	110	110	103	100	90	90	86	76	73	66	62	49	42	38	38	25	25	14	11	7	4	14	14	25	25	38	38	42	52	52	62	62	73	76	86	86	100	103	110	106	120	120	110	106	99	96	96	82	82	72	72	62	62	48	48	38	34	24	21	21	10	
0	0	3	14	22	25	25	36	36	45	47	59	59	61	73	73	84	84	95	95	109	109	117	122	111	111	108	94	83	86	75	75	63	63	61	49	47	38	38	27	24	16	16	5	2	2	16	16	27	24	35	35	47	49	63	63	75	75	83	83	94	97	100	111	119	124	121	113	110	99	99	88	88	85	77	74	65	63	49	40	40	37	29	26	18	15	7	4	18	18	26	29	37	40	40	51	54	63	63	74	77	85	88	96	102	110	110	117	117	109	109	98	95	92	84	81	73	73	61	61	47	47	36	36	25	22	22	14	
0	0	3	14	22	25	25	36	36	45	47	59	59	61	73	73	84	84	95	95	109	109	117	122	111	111	108	94	83	86	75	75	63	63	61	49	47	38	38	27	24	16	16	5	2	2	16	16	27	24	35	35	47	49	63	63	75	75	83	83	94	97	100	111	119	124	121	113	110	99	99	88	88	85	77	74	65	63	49	40	40	37	29	26	18	15	7	4	18	18	26	29	37	40	40	51	54	63	63	74	77	85	88	96	102	110	110	117	117	109	109	98	95	92	84	81	73	73	61	61	47	47	36	36	25	22	22	14	
0	0	3	14	22	25	25	36	36	45	47	59	59	61	73	73	84	84	95	95	109	109	117	122	111	111	108	94	83	86	75	75	63	63	61	49	47	38	38	27	24	16	16	5	2	2	16	16	27	24	35	35	47	49	63	63	75	75	83	83	94	97	100	111	119	124	121	113	110	99	99	88	88	85	77	74	65	63	49	40	40	37	29	26	18	15	7	4	18	18	26	29	37	40	40	51	54	63	63	74	77	85	88	96	102	110	110	117	117	109	109	98	95	92	84	81	73	73	61	61	47	47	36	36	25	22	22	14	
0	0	3	14	22	25	25	36	36	45	47	59	59	61	73	73	84	84	95	95	109	109	117	122	111	111	108	94	83	86	75	75	63	63	61	49	47	38	38	27	24	16	16	5	2	2	16	16	27	24	35	35	47	49	63	63	75	75	83	83	94	97	100	111	119	124	121	113	110	99	99	88	88	85	77	74	65	63	49	40	40	37	29	26	18	15	7	4	18	18	26	29	37	40	40	51	54	63	63	74	77	85	88	96	102	110	110	117	117	109	109	98	95	92	84	81	73	73	61	61	47	47	36	36	25	22	22	14	
0	0	3	14	25	27	27	38	38	46	49	60	60	63	74	76	85	87	98	98	112	109	120	122	114	111	111	97	87	87	76	76	65	65	62	51	48	40	40	29	27	18	16	5	2	2	16	18	27	27	37	37	48	51	65	65	76	76	87	87	97	97	103	111	124	119	124	113	113	102	99	91	91	89	78	75	67	64	50	42	39	39	29	29	18	18	7	4	20	18	29	29	39	39	42	53	56	64	64	75	78	89	89	99	105	113	109	120	120	112	109	101	95	95	85	85	74	74	63	63	49	49	38	35	27	25	25	14	
0	0	2	12	21	26	26	35	35	45	47	59	59	64	73	75	85	85	94	94	108	108	118	122	110	110	108	94	84	87	75	75	63	63	61	49	47	37	37	28	26	16	14	4	2	2	14	14	28	26	35	35	47	49	63	63	75	75	84	84	94	96	98	110	120	124	122	112	110	98	98	89	89	86	77	75	65	63	49	39	39	37	30	25	16	13	6	4	16	16	28	30	37	39	39	51	53	63	63	75	77	86	89	96	100	110	110	118	118	111	108	96	94	92	85	82	73	73	61	61	47	47	38	35	26	24	24	12	
0	0	2	12	21	26	26	35	35	45	47	59	59	64	73	75	85	85	94	94	108	108	118	122	110	110	108	94	84	87	75	75	63	63	61	49	47	37	37	28	26	16	14	4	2	2	14	14	28	26	35	35	47	49	63	63	75	75	84	84	94	96	98	110	120	124	122	112	110	98	98	89	89	86	77	75	65	63	49	39	39	37	30	25	16	13	6	4	16	16	28	30	37	39	39	51	53	63	63	75	77	86	89	96	100	110	110	118	118	111	108	96	94	92	85	82	73	73	61	61	47	47	38	35	26	24	24	12	
0	0	2	12	21	26	26	35	35	45	47	59	59	64	73	75	85	85	94	94	108	108	118	122	110	110	108	94	84	87	75	75	63	63	61	49	47	37	37	28	26	16	14	4	2	2	14	14	28	26	35	35	47	49	63	63	75	75	84	84	94	96	98	110	120	124	122	112	110	98	98	89	89	86	77	75	65	63	49	39	39	37	30	25	16	13	6	4	16	16	28	30	37	39	39	51	53	63	63	75	77	86	89	96	100	110	110	118	118	111	108	96	94	92	85	82	73	73	61	61	47	47	38	35	26	24	24	12	
0	0	2	12	23	28	28	37	37	46	48	60	60	65	72	76	83	85	97	95	111	108	120	122	110	110	110	97	85	85	76	74	64	64	62	50	48	39	39	30	27	18	14	4	2	2	14	16	27	27	37	37	48	50	64	64	74	74	85	85	97	97	99	110	122	120	124	112	112	99	99	89	89	87	76	76	66	64	50	41	41	39	29	27	16	16	6	4	18	16	29	29	39	41	41	52	55	64	64	76	78	87	87	99	101	112	106	120	120	111	108	97	95	95	83	83	72	72	62	62	48	48	39	37	28	25	25	12	
0	0	2	12	22	24	24	38	38	46	46	60	60	64	74	76	84	86	100	98	110	108	120	122	110	110	110	98	84	86	76	76	64	64	62	48	48	40	40	26	24	18	14	4	2	2	14	16	24	22	36	38	48	50	64	64	76	76	84	84	98	100	102	110	122	120	124	112	112	102	102	90	88	86	78	74	66	64	50	42	40	38	26	26	16	16	6	4	18	16	26	26	38	40	42	50	54	64	64	76	78	86	88	100	104	112	106	120	120	110	108	100	98	96	84	82	74	74	62	62	48	46	40	36	24	20	22	12	
0	0	2	12	20	22	22	37	37	45	47	59	59	63	73	75	83	83	98	98	108	108	118	122	110	110	108	98	83	85	75	75	63	63	61	49	47	39	39	24	22	16	14	4	2	2	14	14	24	22	37	37	47	49	63	63	75	75	83	83	98	100	102	110	118	124	122	112	110	102	102	87	87	85	77	73	65	63	49	41	41	39	26	24	16	14	6	4	16	16	24	26	39	41	41	51	53	63	63	75	77	85	87	100	104	110	110	118	118	110	108	100	98	96	83	81	73	73	61	61	47	47	39	37	24	20	20	12	
0	0	2	12	20	22	22	37	37	45	47	59	59	63	73	75	83	83	98	98	108	108	118	122	110	110	108	98	83	85	75	75	63	63	61	49	47	39	39	24	22	16	14	4	2	2	14	14	24	22	37	37	47	49	63	63	75	75	83	83	98	100	102	110	118	124	122	112	110	102	102	87	87	85	77	73	65	63	49	41	41	39	26	24	16	14	6	4	16	16	24	26	39	41	41	51	53	63	63	75	77	85	87	100	104	110	110	118	118	110	108	100	98	96	83	81	73	73	61	61	47	47	39	37	24	20	20	12	
0	0	2	12	20	22	22	37	37	45	47	59	59	63	73	75	83	83	98	98	108	108	118	122	110	110	108	98	83	85	75	75	63	63	61	49	47	39	39	24	22	16	14	4	2	2	14	14	24	22	37	37	47	49	63	63	75	75	83	83	98	100	102	110	118	124	122	112	110	102	102	87	87	85	77	73	65	63	49	41	41	39	26	24	16	14	6	4	16	16	24	26	39	41	41	51	53	63	63	75	77	85	87	100	104	110	110	118	118	110	108	100	98	96	83	81	73	73	61	61	47	47	39	37	24	20	20	12	
0	0	2	11	20	23	23	36	36	47	48	59	59	63	72	73	84	84	97	97	109	107	118	122	111	109	109	97	84	86	74	74	63	63	61	50	47	38	38	25	23	15	13	4	2	2	13	13	25	23	36	36	49	50	63	63	74	74	84	84	97	99	101	109	122	122	122	111	111	101	101	88	88	85	76	72	65	63	51	40	40	38	27	24	15	15	6	4	17	15	25	27	38	40	40	52	54	63	63	74	76	85	88	99	103	111	110	118	118	109	107	99	97	95	84	82	72	72	61	61	48	48	38	36	25	21	21	11	
0	0	2	11	19	23	23	35	35	46	48	58	58	62	71	72	83	83	95	95	108	108	118	122	110	110	108	96	83	85	73	73	62	62	60	50	46	37	37	25	23	14	13	4	2	2	13	13	25	23	36	36	48	50	62	62	73	73	83	83	96	97	99	110	118	124	122	112	110	99	99	87	87	83	75	71	64	62	50	39	39	38	27	23	15	13	6	4	15	15	25	27	38	39	39	52	53	62	62	73	75	83	87	98	101	110	110	118	118	109	108	97	95	94	83	81	71	71	60	60	48	48	37	35	25	21	21	11	
0	0	2	11	19	23	23	35	35	46	48	58	58	62	71	72	83	83	95	95	108	108	118	122	110	110	108	96	83	85	73	73	62	62	60	50	46	37	37	25	23	14	13	4	2	2	13	13	25	23	36	36	48	50	62	62	73	73	83	83	96	97	99	110	118	124	122	112	110	99	99	87	87	83	75	71	64	62	50	39	39	38	27	23	15	13	6	4	15	15	25	27	38	39	39	52	53	62	62	73	75	83	87	98	101	110	110	118	118	109	108	97	95	94	83	81	71	71	60	60	48	48	37	35	25	21	21	11	
0	0	2	11	19	23	23	35	35	46	48	58	58	62	71	72	83	83	95	95	108	108	118	122	110	110	108	96	83	85	73	73	62	62	60	50	46	37	37	25	23	14	13	4	2	2	13	13	25	23	36	36	48	50	62	62	73	73	83	83	96	97	99	110	118	124	122	112	110	99	99	87	87	83	75	71	64	62	50	39	39	38	27	23	15	13	6	4	15	15	25	27	38	39	39	52	53	62	62	73	75	83	87	98	101	110	110	118	118	109	108	97	95	94	83	81	71	71	60	60	48	48	37	35	25	21	21	11	
0	0	2	10	21	24	24	38	38	47	49	59	59	63	71	73	83	85	97	97	110	108	118	122	112	110	108	96	84	85	75	73	63	63	61	51	49	40	40	26	23	14	12	4	2	2	12	14	25	23	37	37	49	52	63	63	73	73	84	84	96	98	99	110	122	122	122	112	110	101	100	89	89	86	75	74	65	63	53	42	41	39	27	25	14	14	6	4	16	14	25	27	39	41	42	53	54	63	63	75	77	86	87	98	101	110	110	118	118	110	108	97	96	94	83	82	71	71	61	61	49	49	38	37	26	21	21	10	
0	0	3	13	22	25	25	39	38	47	47	60	60	63	73	74	84	85	98	98	109	107	118	122	111	109	108	97	84	86	76	75	65	64	62	49	48	40	41	27	24	16	15	5	2	4	15	16	26	24	38	38	48	51	64	65	75	75	84	84	97	98	100	109	122	122	122	111	110	102	100	89	89	86	77	75	66	64	51	42	42	40	28	26	17	15	6	6	18	17	26	28	40	42	42	51	55	64	64	75	78	86	88	99	102	110	110	118	118	111	107	98	96	95	84	82	73	73	63	63	49	47	39	36	27	22	22	13	
0	0	3	12	20	23	23	39	37	47	48	59	59	62	72	73	83	83	98	97	108	108	118	122	111	110	108	97	83	85	74	74	63	63	61	50	47	39	41	25	24	16	14	5	2	4	14	14	25	24	38	38	49	52	63	63	74	74	83	83	97	99	100	110	122	122	122	112	110	101	101	87	87	83	76	73	65	63	51	41	41	40	27	24	16	15	6	6	18	16	26	27	40	41	41	52	55	63	63	74	76	83	87	99	102	110	110	118	118	111	108	98	97	95	83	81	72	72	61	62	50	48	39	37	25	22	22	12	
0	0	3	12	20	23	23	39	37	47	48	59	59	62	72	73	83	83	98	97	108	108	118	122	111	110	108	97	83	85	74	74	63	63	61	50	47	39	41	25	24	16	14	5	2	4	14	14	25	24	38	38	49	52	63	63	74	74	83	83	97	99	100	110	122	122	122	112	110	101	101	87	87	83	76	73	65	63	51	41	41	40	27	24	16	15	6	6	18	16	26	27	40	41	41	52	55	63	63	74	76	83	87	99	102	110	110	118	118	111	108	98	97	95	83	81	72	72	61	62	50	48	39	37	25	22	22	12	
0	0	3	12	20	23	23	39	37	47	48	59	59	62	72	73	83	83	98	97	108	108	118	122	111	110	108	97	83	85	74	74	63	63	61	50	47	39	41	25	24	16	14	5	2	4	14	14	25	24	38	38	49	52	63	63	74	74	83	83	97	99	100	110	122	122	122	112	110	101	101	87	87	83	76	73	65	63	51	41	41	40	27	24	16	15	6	6	18	16	26	27	40	41	41	52	55	63	63	74	76	83	87	99	102	110	110	118	118	111	108	98	97	95	83	81	72	72	61	62	50	48	39	37	25	22	22	12	
0	0	3	13	22	25	25	39	39	47	49	60	60	63	71	74	82	84	98	98	109	107	118	122	111	109	108	97	83	84	75	73	64	64	62	51	49	41	41	27	24	16	15	5	2	4	15	16	26	24	38	38	49	53	64	64	73	73	84	83	97	98	100	109	122	122	122	111	110	102	100	88	88	85	75	73	66	64	53	43	42	40	28	26	17	15	6	6	18	17	26	28	40	42	43	53	56	64	64	75	77	85	86	99	102	110	110	118	118	111	107	98	96	95	82	82	71	71	62	63	51	49	39	38	27	22	22	13	
0	0	3	13	23	26	24	39	39	46	47	60	60	64	73	76	84	86	99	97	110	109	119	122	112	111	109	98	85	86	76	75	65	63	62	49	48	41	41	26	25	18	15	5	2	3	15	16	26	25	38	38	48	51	63	65	75	75	85	85	98	99	101	111	123	123	123	113	111	101	101	90	90	87	77	75	65	64	51	43	41	40	28	27	17	15	5	5	18	17	27	28	40	41	43	51	54	64	64	75	78	87	88	100	103	111	111	119	119	111	109	99	97	96	84	83	73	73	63	63	49	47	39	37	26	23	23	13	
0	0	1	13	23	25	24	38	38	47	48	59	59	64	72	73	85	86	97	96	110	109	119	122	112	111	109	97	85	87	74	74	64	63	61	50	49	40	40	26	25	18	15	3	2	2	15	16	26	25	37	37	49	50	63	64	74	74	85	85	97	98	99	111	123	123	123	113	111	100	100	90	90	86	76	75	65	63	51	42	41	39	28	27	17	15	5	4	18	17	27	28	39	41	42	52	53	63	63	75	76	86	89	99	101	111	111	119	119	112	109	97	96	95	85	83	72	72	62	62	48	48	40	37	25	23	23	13	
0	0	1	13	23	25	24	38	38	47	48	59	59	64	72	73	85	86	97	96	110	109	119	122	112	111	109	97	85	87	74	74	64	63	61	50	49	40	40	26	25	18	15	3	2	2	15	16	26	25	37	37	49	50	63	64	74	74	85	85	97	98	99	111	123	123	123	113	111	100	100	90	90	86	76	75	65	63	51	42	41	39	28	27	17	15	5	4	18	17	27	28	39	41	42	52	53	63	63	75	76	86	89	99	101	111	111	119	119	112	109	97	96	95	85	83	72	72	62	62	48	48	40	37	25	23	23	13	
0	0	1	13	23	25	24	38	38	47	48	59	59	64	72	73	85	86	97	96	110	109	119	122	112	111	109	97	85	87	74	74	64	63	61	50	49	40	40	26	25	18	15	3	2	2	15	16	26	25	37	37	49	50	63	64	74	74	85	85	97	98	99	111	123	123	123	113	111	100	100	90	90	86	76	75	65	63	51	42	41	39	28	27	17	15	5	4	18	17	27	28	39	41	42	52	53	63	63	75	76	86	89	99	101	111	111	119	119	112	109	97	96	95	85	83	72	72	62	62	48	48	40	37	25	23	23	13	
0	0	3	12	23	27	26	37	37	47	48	60	60	63	73	74	85	86	97	97	110	108	119	122	112	110	109	96	85	87	75	75	63	63	62	50	48	39	39	28	27	16	14	5	2	3	14	15	27	25	36	36	49	52	63	63	75	75	85	85	96	97	100	110	121	123	123	112	111	101	99	90	90	86	77	74	65	64	52	41	39	38	29	27	16	14	5	5	17	16	29	29	38	39	41	52	55	64	64	76	77	86	89	98	102	111	111	119	119	111	108	98	95	94	85	83	73	73	61	63	50	48	38	35	27	23	25	12	
0	0	1	12	22	26	26	36	35	46	48	59	59	62	72	74	85	86	97	95	110	108	119	122	110	110	109	96	86	87	74	74	63	63	61	50	47	37	38	28	25	15	14	3	2	2	14	14	27	25	36	36	48	51	63	63	74	74	86	86	96	97	99	110	121	123	123	112	111	99	99	90	90	87	76	74	65	63	50	39	39	38	29	26	16	14	5	4	17	16	27	29	38	39	39	52	53	63	63	75	76	87	89	98	101	111	111	119	119	110	108	97	95	94	85	84	72	72	61	62	48	48	36	35	27	23	23	12	
0	0	1	12	22	26	26	36	35	46	48	59	59	62	72	74	85	86	97	95	110	108	119	122	110	110	109	96	86	87	74	74	63	63	61	50	47	37	38	28	25	15	14	3	2	2	14	14	27	25	36	36	48	51	63	63	74	74	86	86	96	97	99	110	121	123	123	112	111	99	99	90	90	87	76	74	65	63	50	39	39	38	29	26	16	14	5	4	17	16	27	29	38	39	39	52	53	63	63	75	76	87	89	98	101	111	111	119	119	110	108	97	95	94	85	84	72	72	61	62	48	48	36	35	27	23	23	12	
0	0	1	12	22	26	26	36	35	46	48	59	59	62	72	74	85	86	97	95	110	108	119	122	110	110	109	96	86	87	74	74	63	63	61	50	47	37	38	28	25	15	14	3	2	2	14	14	27	25	36	36	48	51	63	63	74	74	86	86	96	97	99	110	121	123	123	112	111	99	99	90	90	87	76	74	65	63	50	39	39	38	29	26	16	14	5	4	17	16	27	29	38	39	39	52	53	63	63	75	76	87	89	98	101	111	111	119	119	110	108	97	95	94	85	84	72	72	61	62	48	48	36	35	27	23	23	12	
0	0	3	11	22	26	26	37	36	47	49	60	60	63	71	74	84	86	97	97	110	109	119	122	112	111	109	96	85	86	75	75	63	63	62	51	48	38	39	28	25	16	13	5	2	3	13	15	26	25	36	36	49	52	63	63	75	73	86	85	96	98	100	111	121	123	123	113	111	101	100	90	91	87	75	74	65	64	51	40	40	38	28	26	15	14	5	5	17	15	27	28	38	40	40	53	54	64	64	75	77	87	88	98	102	111	111	119	119	111	109	98	96	94	84	84	71	73	61	63	49	49	37	36	27	23	23	11	
0	0	1	12	21	25	24	36	35	46	47	59	59	61	72	73	84	84	96	95	108	107	119	122	110	109	108	96	84	86	74	74	62	62	61	49	47	37	38	26	24	15	14	3	2	2	14	14	26	24	36	36	48	50	62	62	74	74	84	84	96	97	98	109	122	123	123	111	110	99	99	88	89	85	76	73	64	63	50	39	39	38	28	25	16	15	5	4	17	16	26	28	38	39	39	51	53	63	63	75	76	85	88	98	100	110	110	119	119	109	107	96	95	94	84	82	72	72	60	61	48	47	36	35	25	22	22	12	
0	0	1	12	21	25	24	36	35	46	47	59	59	61	72	73	84	84	96	95	108	107	119	122	110	109	108	96	84	86	74	74	62	62	61	49	47	37	38	26	24	15	14	3	2	2	14	14	26	24	36	36	48	50	62	62	74	74	84	84	96	97	98	109	122	123	123	111	110	99	99	88	89	85	76	73	64	63	50	39	39	38	28	25	16	15	5	4	17	16	26	28	38	39	39	51	53	63	63	75	76	85	88	98	100	110	110	119	119	109	107	96	95	94	84	82	72	72	60	61	48	47	36	35	25	22	22	12	
0	0	1	12	21	25	24	36	35	46	47	59	59	61	72	73	84	84	96	95	108	107	119	122	110	109	108	96	84	86	74	74	62	62	61	49	47	37	38	26	24	15	14	3	2	2	14	14	26	24	36	36	48	50	62	62	74	74	84	84	96	97	98	109	122	123	123	111	110	99	99	88	89	85	76	73	64	63	50	39	39	38	28	25	16	15	5	4	17	16	26	28	38	39	39	51	53	63	63	75	76	85	88	98	100	110	110	119	119	109	107	96	95	94	84	82	72	72	60	61	48	47	36	35	25	22	22	12	
0	0	2	12	21	25	25	37	37	46	48	59	59	62	72	74	83	84	97	96	108	107	119	122	110	109	108	97	84	85	74	74	63	63	61	50	47	39	39	27	25	16	14	4	2	3	14	15	26	25	36	36	48	51	63	63	74	74	85	84	97	97	99	109	122	123	123	111	110	100	100	88	90	86	76	74	65	63	50	41	40	38	28	25	16	15	5	5	17	16	27	28	38	40	41	52	54	63	63	75	76	86	87	99	101	110	110	119	119	109	107	97	95	95	83	83	72	72	61	62	49	48	38	36	26	23	23	12	
0	0	2	12	23	26	25	37	37	48	49	60	60	62	72	74	85	85	97	97	110	108	119	122	111	110	109	97	86	87	75	74	63	63	62	51	48	39	39	27	26	17	14	4	2	3	14	15	27	26	37	37	49	52	63	63	74	74	86	86	97	98	100	110	122	123	123	112	111	101	100	89	90	86	76	74	65	64	52	41	40	39	29	27	16	15	5	5	17	16	28	29	39	40	41	53	55	64	64	75	77	86	89	99	102	111	111	119	119	110	108	98	96	95	85	84	72	72	61	62	50	49	38	36	26	24	24	12	
0	0	2	12	22	26	25	37	37	48	49	59	59	62	71	74	84	84	96	96	109	108	119	122	111	110	109	96	85	86	74	73	63	63	61	51	47	39	39	27	26	16	14	4	2	3	14	15	27	26	37	37	48	52	63	63	73	73	85	85	96	97	99	110	122	123	123	112	111	100	99	88	89	85	75	73	65	63	52	41	40	39	29	26	16	15	5	5	17	16	28	29	39	40	41	53	55	63	63	74	76	85	88	98	101	111	111	119	119	110	108	97	95	94	84	83	71	71	61	62	50	49	38	36	26	24	24	12	
0	0	2	12	22	26	25	37	37	48	49	59	59	62	71	74	84	84	96	96	109	108	119	122	111	110	109	96	85	86	74	73	63	63	61	51	47	39	39	27	26	16	14	4	2	3	14	15	27	26	37	37	48	52	63	63	73	73	85	85	96	97	99	110	122	123	123	112	111	100	99	88	89	85	75	73	65	63	52	41	40	39	29	26	16	15	5	5	17	16	28	29	39	40	41	53	55	63	63	74	76	85	88	98	101	111	111	119	119	110	108	97	95	94	84	83	71	71	61	62	50	49	38	36	26	24	24	12	
0	0	2	12	22	26	25	37	37	48	49	59	59	62	71	74	84	84	96	96	109	108	119	122	111	110	109	96	85	86	74	73	63	63	61	51	47	39	39	27	26	16	14	4	2	3	14	15	27	26	37	37	48	52	63	63	73	73	85	85	96	97	99	110	122	123	123	112	111	100	99	88	89	85	75	73	65	63	52	41	40	39	29	26	16	15	5	5	17	16	28	29	39	40	41	53	55	63	63	74	76	85	88	98	101	111	111	119	119	110	108	97	95	94	84	83	71	71	61	62	50	49	38	36	26	24	24	12	
0	0	2	12	23	27	26	37	37	48	49	60	60	62	71	74	84	85	96	97	110	108	119	122	111	110	109	96	85	86	75	74	63	63	62	51	48	39	39	28	26	16	14	4	2	3	14	15	27	26	37	37	49	52	63	63	74	73	85	85	96	97	100	110	122	123	123	112	111	101	99	89	90	86	75	74	65	64	52	41	40	39	29	27	16	15	5	5	17	16	28	29	39	40	41	53	55	64	64	75	77	86	88	98	102	111	111	119	119	110	108	98	95	94	84	83	71	72	61	62	50	49	38	36	27	24	24	12	
0	0	3	12	21	24	24	38	38	47	48	60	60	63	72	74	84	85	99	98	110	108	119	121	112	110	110	98	85	86	75	74	64	63	62	50	48	40	40	26	24	16	14	5	2	3	14	15	25	24	37	37	49	52	63	64	74	74	85	85	98	99	102	110	122	122	123	112	112	102	102	89	89	85	76	74	65	64	52	42	41	39	27	25	16	15	5	5	17	16	26	27	39	41	42	52	55	64	64	75	77	85	88	100	104	112	111	119	119	111	108	100	97	96	84	83	72	72	62	62	50	48	39	36	25	22	22	12	
0	0	2	12	21	24	24	37	37	47	48	59	59	63	72	74	84	85	98	98	109	108	119	122	111	110	109	97	85	86	75	74	64	63	61	50	47	39	39	26	24	16	14	4	2	3	14	15	25	24	36	37	48	51	63	64	74	74	85	85	97	99	101	110	121	123	123	112	111	102	101	89	89	85	76	74	65	63	51	41	40	38	27	25	16	15	5	5	17	16	26	27	38	40	41	52	54	63	63	75	77	85	88	99	103	111	111	119	119	110	108	99	97	95	84	83	72	72	62	62	49	48	38	36	25	22	22	12	
0	0	2	12	21	24	24	37	37	47	48	59	59	63	72	74	84	85	98	98	109	108	119	122	111	110	109	97	85	86	75	74	64	63	61	50	47	39	39	26	24	16	14	4	2	3	14	15	25	24	36	37	48	51	63	64	74	74	85	85	97	99	101	110	121	123	123	112	111	102	101	89	89	85	76	74	65	63	51	41	40	38	27	25	16	15	5	5	17	16	26	27	38	40	41	52	54	63	63	75	77	85	88	99	103	111	111	119	119	110	108	99	97	95	84	83	72	72	62	62	49	48	38	36	25	22	22	12	
0	0	2	12	21	24	24	37	37	47	48	59	59	63	72	74	84	85	98	98	109	108	119	122	111	110	109	97	85	86	75	74	64	63	61	50	47	39	39	26	24	16	14	4	2	3	14	15	25	24	36	37	48	51	63	64	74	74	85	85	97	99	101	110	121	123	123	112	111	102	101	89	89	85	76	74	65	63	51	41	40	38	27	25	16	15	5	5	17	16	26	27	38	40	41	52	54	63	63	75	77	85	88	99	103	111	111	119	119	110	108	99	97	95	84	83	72	72	62	62	49	48	38	36	25	22	22	12	
0	0	3	12	22	26	26	38	38	48	49	59	60	63	72	74	84	86	98	98	110	109	119	121	112	111	110	97	85	86	75	74	64	63	61	51	48	40	40	28	25	17	14	5	2	4	15	16	26	25	37	37	49	52	63	64	74	74	85	85	97	98	101	111	122	122	123	113	112	102	101	90	90	86	76	74	65	63	52	42	41	39	28	26	16	15	5	6	18	16	27	28	39	41	42	53	54	63	64	75	77	86	88	99	103	112	112	119	119	111	109	99	96	95	84	83	72	72	62	62	50	49	39	36	27	23	23	12	
0	0	2	12	22	25	25	38	38	47	48	59	60	63	72	74	84	85	98	98	111	109	119	121	113	111	110	97	85	86	75	74	64	63	61	50	48	40	40	27	24	17	14	4	2	3	15	16	25	24	37	37	49	52	63	64	74	74	84	85	97	99	100	111	122	122	123	113	112	102	101	89	89	86	76	73	65	63	52	42	41	39	27	26	16	15	5	5	18	16	26	27	39	41	42	52	55	63	64	75	77	86	88	99	102	112	112	119	119	112	109	98	97	95	84	82	72	72	62	62	50	48	38	36	26	22	22	12	
0	0	2	12	21	25	25	37	37	46	48	59	60	62	72	74	84	85	97	97	110	109	119	122	112	111	109	96	85	86	75	74	63	62	61	50	47	39	39	27	25	16	14	4	2	3	14	15	26	25	36	37	48	51	62	63	74	74	84	85	96	98	100	111	121	123	123	113	111	101	100	89	89	85	76	73	64	63	51	41	40	38	28	25	16	14	5	5	17	16	27	28	38	40	41	52	54	63	64	75	77	85	88	98	102	111	112	119	119	111	109	98	96	94	84	82	72	72	61	61	49	48	38	36	26	23	23	12	
0	0	2	12	21	25	25	37	37	46	48	59	60	62	72	74	84	85	97	97	110	109	119	122	112	111	109	96	85	86	75	74	63	62	61	50	47	39	39	27	25	16	14	4	2	3	14	15	26	25	36	37	48	51	62	63	74	74	84	85	96	98	100	111	121	123	123	113	111	101	100	89	89	85	76	73	64	63	51	41	40	38	28	25	16	14	5	5	17	16	27	28	38	40	41	52	54	63	64	75	77	85	88	98	102	111	112	119	119	111	109	98	96	94	84	82	72	72	61	61	49	48	38	36	26	23	23	12	
0	0	2	12	22	25	25	38	38	47	49	59	60	63	71	74	84	85	98	98	111	109	119	122	112	111	110	97	85	86	75	74	64	63	61	51	48	40	40	27	25	17	14	4	2	3	15	16	26	25	37	38	49	52	63	64	74	73	84	85	97	99	100	111	121	123	123	113	112	102	101	89	89	86	75	73	65	63	52	42	41	39	28	26	16	15	5	5	18	16	27	28	39	41	42	53	55	63	64	74	77	86	88	99	102	112	112	119	119	111	109	98	97	95	84	82	71	72	62	62	50	49	38	37	26	23	23	12	
0	0	2	12	21	25	25	36	36	46	47	59	60	62	72	74	84	85	97	97	109	108	119	121	111	110	109	96	86	86	75	74	63	62	61	49	47	38	38	27	24	15	14	4	2	3	14	14	26	25	36	37	48	51	62	63	74	74	85	86	96	98	100	110	122	122	123	112	111	101	100	89	89	86	76	73	64	63	51	40	40	38	28	25	16	15	5	5	17	16	26	28	38	40	40	51	54	63	64	74	77	86	88	98	102	111	111	119	119	110	108	98	96	94	84	83	72	72	61	61	49	47	37	36	26	23	22	12	
0	0	2	11	21	25	25	36	36	46	48	58	59	62	71	73	84	85	96	96	109	108	118	122	111	110	108	96	85	86	74	73	63	62	60	50	47	38	38	27	24	15	13	4	2	3	13	14	26	25	36	36	48	51	62	63	73	73	84	85	96	97	99	110	121	123	122	112	110	100	99	89	89	85	75	73	64	62	51	40	39	38	28	25	15	14	5	5	16	15	26	28	38	39	40	52	53	62	63	74	76	85	88	98	101	110	111	118	118	109	108	97	95	94	84	82	71	71	61	61	49	48	37	35	26	23	22	11	
0	0	2	11	21	25	25	36	36	46	48	58	59	62	71	73	84	85	96	96	109	108	118	122	111	110	108	96	85	86	74	73	63	62	60	50	47	38	38	27	24	15	13	4	2	3	13	14	26	25	36	36	48	51	62	63	73	73	84	85	96	97	99	110	121	123	122	112	110	100	99	89	89	85	75	73	64	62	51	40	39	38	28	25	15	14	5	5	16	15	26	28	38	39	40	52	53	62	63	74	76	85	88	98	101	110	111	118	118	109	108	97	95	94	84	82	71	71	61	61	49	48	37	35	26	23	22	11	
0	0	3	12	22	26	25	36	36	46	48	59	60	62	71	74	84	85	97	96	109	108	119	121	110	110	109	96	85	86	75	74	63	62	61	50	47	38	38	27	25	16	14	5	2	4	14	14	26	25	36	37	48	51	62	63	74	73	85	85	96	97	100	110	122	122	123	112	111	100	100	89	89	86	75	73	64	63	51	40	40	38	28	26	16	15	5	6	17	16	27	28	38	40	40	52	54	63	64	74	77	86	88	98	102	111	111	119	119	110	108	98	95	94	84	83	71	72	61	61	49	48	37	36	26	23	23	12	
0	0	2	11	22	25	25	37	37	46	48	59	60	62	72	74	84	85	97	96	109	108	119	121	111	110	109	97	85	86	75	74	63	62	61	50	48	39	39	27	25	16	13	4	2	3	14	14	26	25	36	37	48	51	62	63	74	74	84	85	97	97	100	110	122	122	123	112	111	100	100	89	89	85	76	73	64	63	51	41	40	38	28	26	15	15	5	5	17	15	27	28	38	40	41	52	54	63	64	74	77	85	88	99	102	111	111	119	119	110	108	98	95	95	84	82	72	72	61	61	49	48	38	36	25	23	23	11	
0	0	2	12	22	25	25	37	37	46	48	59	60	62	72	74	84	84	97	97	108	108	118	122	110	110	108	96	85	86	75	74	63	62	61	50	48	39	39	27	24	16	14	4	2	3	14	15	26	25	37	38	48	51	62	63	74	74	84	85	96	98	100	110	122	123	122	112	110	101	100	88	88	85	76	74	64	63	51	41	40	39	28	26	16	15	5	5	17	16	26	28	39	40	41	52	54	63	64	74	77	85	88	98	102	110	111	118	118	110	108	98	96	94	84	82	72	72	61	61	49	48	38	36	26	23	22	12	
0	0	2	12	22	25	25	37	37	46	48	59	60	62	72	74	84	84	97	97	108	108	118	122	110	110	108	96	85	86	75	74	63	62	61	50	48	39	39	27	24	16	14	4	2	3	14	15	26	25	37	38	48	51	62	63	74	74	84	85	96	98	100	110	122	123	122	112	110	101	100	88	88	85	76	74	64	63	51	41	40	39	28	26	16	15	5	5	17	16	26	28	39	40	41	52	54	63	64	74	77	85	88	98	102	110	111	118	118	110	108	98	96	94	84	82	72	72	61	61	49	48	38	36	26	23	22	12	
0	0	2	12	22	25	25	37	37	46	48	59	60	62	72	74	84	84	97	97	108	108	118	122	110	110	108	96	85	86	75	74	63	62	61	50	48	39	39	27	24	16	14	4	2	3	14	15	26	25	37	38	48	51	62	63	74	74	84	85	96	98	100	110	122	123	122	112	110	101	100	88	88	85	76	74	64	63	51	41	40	39	28	26	16	15	5	5	17	16	26	28	39	40	41	52	54	63	64	74	77	85	88	98	102	110	111	118	118	110	108	98	96	94	84	82	72	72	61	61	49	48	38	36	26	23	22	12	
0	0	2	12	22	25	25	38	38	47	48	59	60	62	72	74	84	85	97	97	109	108	119	121	110	110	109	97	85	86	75	74	64	63	61	50	48	40	40	27	25	17	14	4	2	3	15	15	27	26	37	38	49	51	63	64	74	74	84	85	97	98	101	110	122	122	123	112	111	101	100	89	89	85	76	74	65	63	52	42	41	39	29	26	16	16	5	5	18	16	27	29	39	41	42	52	55	63	64	75	77	85	88	99	103	111	111	119	119	110	108	99	96	95	84	82	72	72	62	62	49	48	39	37	27	24	23	12	
0	0	2	12	22	26	25	37	37	48	49	59	60	62	72	74	84	85	97	97	110	108	119	121	111	110	110	96	85	86	74	74	64	63	61	51	49	39	39	27	25	16	14	4	2	3	14	14	26	25	37	37	50	52	63	64	74	74	85	85	97	98	100	110	122	122	123	112	112	101	101	89	90	86	76	73	65	63	52	41	41	39	28	26	16	15	5	5	17	16	27	28	39	41	41	53	55	63	64	74	76	86	88	98	102	112	112	119	119	111	108	98	96	95	84	83	72	72	62	62	50	49	38	36	26	23	23	12	
0	0	2	12	22	26	25	37	37	48	49	59	60	62	71	74	84	85	96	96	110	108	118	122	111	110	109	96	85	86	74	73	63	62	61	51	48	39	39	27	26	16	14	4	2	3	14	15	26	26	37	37	49	51	62	63	73	73	85	85	96	98	100	110	122	123	122	112	111	100	100	89	89	86	75	73	64	63	52	41	40	39	28	26	16	14	5	5	17	16	28	28	39	40	41	53	55	63	64	74	76	86	88	98	102	111	111	118	118	111	108	98	96	94	84	83	71	71	61	61	49	49	38	36	27	24	24	12	
0	0	2	12	22	26	25	37	37	48	49	59	60	62	71	74	84	85	96	96	110	108	118	122	111	110	109	96	85	86	74	73	63	62	61	51	48	39	39	27	26	16	14	4	2	3	14	15	26	26	37	37	49	51	62	63	73	73	85	85	96	98	100	110	122	123	122	112	111	100	100	89	89	86	75	73	64	63	52	41	40	39	28	26	16	14	5	5	17	16	28	28	39	40	41	53	55	63	64	74	76	86	88	98	102	111	111	118	118	111	108	98	96	94	84	83	71	71	61	61	49	49	38	36	27	24	24	12	
0	0	2	12	22	26	25	37	37	48	49	59	60	62	71	74	84	85	96	96	110	108	118	122	111	110	109	96	85	86	74	73	63	62	61	51	48	39	39	27	26	16	14	4	2	3	14	15	26	26	37	37	49	51	62	63	73	73	85	85	96	98	100	110	122	123	122	112	111	100	100	89	89	86	75	73	64	63	52	41	40	39	28	26	16	14	5	5	17	16	28	28	39	40	41	53	55	63	64	74	76	86	88	98	102	111	111	118	118	111	108	98	96	94	84	83	71	71	61	61	49	49	38	36	27	24	24	12	
0	0	2	12	22	26	25	38	37	48	49	59	60	62	71	73	83	85	97	97	110	108	119	121	111	110	110	96	85	85	74	74	64	63	61	51	49	39	40	27	25	16	14	4	2	3	14	14	26	25	38	38	50	52	63	64	74	73	85	85	97	98	100	110	122	122	123	112	112	101	101	89	89	85	75	73	65	63	52	41	41	40	28	26	16	15	5	5	17	16	27	28	40	41	41	53	55	63	64	74	76	85	87	98	102	112	112	119	119	111	108	98	96	95	83	83	71	72	62	62	50	49	39	37	26	23	23	12	
0	0	2	12	21	25	25	38	37	47	48	59	60	63	72	74	84	85	98	97	110	108	119	121	111	110	109	97	85	86	75	75	63	63	61	50	48	39	40	27	25	16	14	4	2	3	15	15	26	25	38	38	49	52	63	63	75	74	85	85	97	98	101	110	122	123	123	112	111	101	101	89	89	85	76	74	65	63	51	41	41	40	28	25	16	15	5	5	17	16	27	28	40	41	41	52	54	63	64	75	77	85	88	99	103	111	111	119	119	110	108	99	96	95	84	83	72	73	61	62	50	48	39	36	27	23	23	12	
0	0	2	12	22	25	25	38	37	48	48	60	60	63	72	74	83	84	98	97	110	108	119	121	111	110	109	97	84	85	74	74	63	62	62	50	48	39	40	27	25	16	14	4	2	3	15	15	26	24	37	38	49	52	63	63	74	74	85	84	97	98	100	110	122	123	123	112	111	101	101	88	89	85	76	73	64	64	52	41	41	39	28	26	16	15	5	5	17	16	27	27	39	41	41	52	55	64	64	74	76	85	87	99	102	111	111	119	119	110	108	98	96	95	83	83	72	72	61	62	49	48	39	37	26	22	23	12	
0	0	2	12	22	25	25	38	37	48	48	60	60	63	72	74	83	84	98	97	110	108	119	121	111	110	109	97	84	85	74	74	63	62	62	50	48	39	40	27	25	16	14	4	2	3	15	15	26	24	37	38	49	52	63	63	74	74	85	84	97	98	100	110	122	123	123	112	111	101	101	88	89	85	76	73	64	64	52	41	41	39	28	26	16	15	5	5	17	16	27	27	39	41	41	52	55	64	64	74	76	85	87	99	102	111	111	119	119	110	108	98	96	95	83	83	72	72	61	62	49	48	39	37	26	22	23	12	
0	0	2	12	22	25	25	38	37	48	48	60	60	63	72	74	83	84	98	97	110	108	119	121	111	110	109	97	84	85	74	74	63	62	62	50	48	39	40	27	25	16	14	4	2	3	15	15	26	24	37	38	49	52	63	63	74	74	85	84	97	98	100	110	122	123	123	112	111	101	101	88	89	85	76	73	64	64	52	41	41	39	28	26	16	15	5	5	17	16	27	27	39	41	41	52	55	64	64	74	76	85	87	99	102	111	111	119	119	110	108	98	96	95	83	83	72	72	61	62	49	48	39	37	26	22	23	12	
0	0	2	12	22	26	25	38	37	47	48	59	59	62	72	74	84	85	97	97	109	108	119	121	111	110	109	96	85	86	75	75	63	62	61	50	48	39	40	27	25	16	14	4	2	3	15	15	26	25	37	37	49	51	63	63	75	74	84	85	96	98	100	110	122	123	123	112	111	101	101	89	89	86	76	74	64	63	51	41	41	39	28	26	16	15	5	5	17	16	27	27	39	41	41	52	54	63	63	75	77	86	88	98	102	111	111	119	119	110	108	98	96	94	84	82	72	73	61	62	49	48	38	36	26	23	23	12	
0	0	2	12	22	25	25	37	37	47	47	59	59	62	72	74	84	85	97	97	109	108	119	121	111	109	109	97	85	86	75	75	63	61	61	50	48	39	39	27	25	16	14	4	2	3	15	15	26	25	37	37	49	51	63	63	75	73	85	85	97	98	100	110	122	123	123	111	111	101	101	89	89	86	76	74	64	63	51	41	41	39	28	26	16	15	5	5	17	16	27	27	39	41	41	52	54	63	63	75	77	86	88	99	102	111	111	119	119	110	108	98	96	95	83	83	71	73	61	61	49	48	38	36	26	23	23	11	
0	0	2	12	22	25	25	37	37	47	47	59	59	62	72	74	84	85	97	97	109	108	119	121	111	109	109	97	85	86	75	75	63	61	61	50	48	39	39	27	25	16	14	4	2	3	15	15	26	25	37	37	49	51	63	63	75	73	85	85	97	98	100	110	122	123	123	111	111	101	101	89	89	86	76	74	64	63	51	41	41	39	28	26	16	15	5	5	17	16	27	27	39	41	41	52	54	63	63	75	77	86	88	99	102	111	111	119	119	110	108	98	96	95	83	83	71	73	61	61	49	48	38	36	26	23	23	11	
0	0	2	12	22	25	25	37	37	47	47	59	59	62	72	74	84	85	97	97	109	108	119	121	111	109	109	97	85	86	75	75	63	61	61	50	48	39	39	27	25	16	14	4	2	3	15	15	26	25	37	37	49	51	63	63	75	73	85	85	97	98	100	110	122	123	123	111	111	101	101	89	89	86	76	74	64	63	51	41	41	39	28	26	16	15	5	5	17	16	27	27	39	41	41	52	54	63	63	75	77	86	88	99	102	111	111	119	119	110	108	98	96	95	83	83	71	73	61	61	49	48	38	36	26	23	23	11	
0	0	2	12	22	25	25	37	37	47	48	59	59	62	72	74	84	86	98	98	109	108	119	121	111	110	109	97	86	86	75	75	63	62	61	50	48	39	39	27	24	16	14	4	2	3	15	15	26	25	36	37	49	51	63	63	75	74	85	86	97	98	100	110	122	123	123	112	111	102	101	90	90	86	76	74	64	63	51	41	40	38	28	26	16	15	5	5	17	16	26	28	38	40	41	52	55	63	63	75	77	86	88	99	102	111	111	119	119	110	108	98	96	95	84	83	72	73	61	62	49	48	39	36	26	23	22	12	
0	0	2	12	21	25	25	37	36	46	47	59	59	62	72	74	84	85	97	97	109	108	119	121	111	109	109	97	85	86	75	75	63	62	61	50	47	38	39	27	25	16	14	4	2	3	15	15	26	25	36	36	48	51	63	63	75	74	85	85	97	98	100	110	121	123	123	111	111	101	101	89	90	86	76	74	64	63	50	40	40	38	28	25	16	15	5	5	17	16	27	27	38	40	40	52	54	63	63	75	77	86	88	99	102	111	111	119	119	110	108	98	96	95	84	83	72	73	61	62	48	48	38	36	26	23	23	11	
0	0	2	12	21	25	25	37	36	46	47	59	59	62	72	74	84	85	97	97	109	108	119	121	111	109	109	97	85	86	75	75	63	62	61	50	47	38	39	27	25	16	14	4	2	3	15	15	26	25	36	36	48	51	63	63	75	74	85	85	97	98	100	110	121	123	123	111	111	101	101	89	90	86	76	74	64	63	50	40	40	38	28	25	16	15	5	5	17	16	27	27	38	40	40	52	54	63	63	75	77	86	88	99	102	111	111	119	119	110	108	98	96	95	84	83	72	73	61	62	48	48	38	36	26	23	23	11	
0	0	2	12	21	25	25	37	36	46	47	59	59	62	72	74	84	85	97	97	109	108	119	121	111	109	109	97	85	86	75	75	63	62	61	50	47	38	39	27	25	16	14	4	2	3	15	15	26	25	36	36	48	51	63	63	75	74	85	85	97	98	100	110	121	123	123	111	111	101	101	89	90	86	76	74	64	63	50	40	40	38	28	25	16	15	5	5	17	16	27	27	38	40	40	52	54	63	63	75	77	86	88	99	102	111	111	119	119	110	108	98	96	95	84	83	72	73	61	62	48	48	38	36	26	23	23	11	
0	0	3	12	22	25	25	37	37	47	47	59	59	63	72	75	84	85	97	97	109	108	119	121	111	110	109	97	85	86	75	75	63	62	61	50	47	39	39	27	25	17	14	5	2	3	15	15	26	25	37	37	49	51	63	63	75	74	85	85	97	98	101	110	122	123	123	112	111	101	101	89	89	86	76	74	65	63	51	41	41	39	28	26	16	15	5	5	17	16	27	28	39	41	41	52	54	63	63	75	77	86	88	99	103	111	111	119	119	111	108	99	96	95	84	83	72	73	61	62	49	48	38	36	27	23	23	12	
0	0	3	12	22	25	25	37	37	47	47	59	59	63	73	75	84	85	98	98	109	108	119	121	111	110	109	97	85	86	75	75	63	62	61	49	47	39	39	27	24	17	14	5	2	3	15	15	26	25	37	37	49	51	63	63	75	74	85	85	97	98	101	110	121	123	123	112	111	102	101	89	90	86	77	74	65	63	51	41	40	39	28	26	16	15	5	5	17	16	26	28	39	40	41	51	54	63	63	75	77	86	88	99	103	111	111	119	119	110	108	99	96	95	84	83	72	73	61	62	49	47	38	36	26	23	22	12	
0	0	2	12	21	25	24	37	37	46	47	59	59	62	73	74	84	85	98	97	109	108	119	121	110	109	109	96	85	86	75	75	63	62	61	49	47	39	39	26	24	16	14	4	2	3	15	15	26	24	37	37	48	51	63	63	75	74	85	85	97	98	100	110	121	123	123	111	111	101	101	89	89	85	77	74	64	63	50	41	41	39	28	25	16	15	5	5	17	16	26	27	39	41	41	51	53	63	63	75	77	85	88	98	102	111	111	119	119	110	108	98	96	95	83	83	72	73	61	62	48	47	38	36	26	22	22	12	
0	0	2	12	21	25	24	37	37	46	47	59	59	62	73	74	84	85	98	97	109	108	119	121	110	109	109	96	85	86	75	75	63	62	61	49	47	39	39	26	24	16	14	4	2	3	15	15	26	24	37	37	48	51	63	63	75	74	85	85	97	98	100	110	121	123	123	111	111	101	101	89	89	85	77	74	64	63	50	41	41	39	28	25	16	15	5	5	17	16	26	27	39	41	41	51	53	63	63	75	77	85	88	98	102	111	111	119	119	110	108	98	96	95	83	83	72	73	61	62	48	47	38	36	26	22	22	12	
0	0	2	12	21	25	24	37	37	46	47	59	59	62	73	74	84	85	98	97	109	108	119	121	110	109	109	96	85	86	75	75	63	62	61	49	47	39	39	26	24	16	14	4	2	3	15	15	26	24	37	37	48	51	63	63	75	74	85	85	97	98	100	110	121	123	123	111	111	101	101	89	89	85	77	74	64	63	50	41	41	39	28	25	16	15	5	5	17	16	26	27	39	41	41	51	53	63	63	75	77	85	88	98	102	111	111	119	119	110	108	98	96	95	83	83	72	73	61	62	48	47	38	36	26	22	22	12	
0	0	3	12	22	26	25	38	37	47	47	59	59	63	73	75	84	85	98	97	109	108	119	121	111	110	109	96	85	86	75	75	63	62	61	50	47	39	40	27	25	17	14	5	2	3	15	15	26	25	37	37	49	51	63	63	75	74	85	85	97	98	100	110	121	123	123	112	111	101	101	89	90	86	77	74	65	63	51	41	41	39	28	26	16	15	5	5	17	16	27	28	39	41	41	52	54	63	63	75	77	86	88	98	102	111	111	119	119	110	108	98	96	95	84	83	72	73	61	62	49	48	38	36	26	23	23	12	
0	0	2	12	22	25	25	37	37	47	48	59	59	62	72	74	84	85	97	97	109	108	119	121	111	110	110	97	86	86	75	75	63	62	61	50	48	39	39	27	26	16	14	4	2	3	14	15	26	26	37	37	48	51	63	63	75	74	86	86	97	98	100	110	122	123	123	112	112	101	100	89	89	86	76	74	65	63	51	41	40	39	28	26	16	15	5	5	17	16	28	28	39	40	41	52	54	63	63	75	77	86	88	99	102	112	112	119	119	111	108	98	96	95	84	84	72	73	61	62	49	48	38	36	27	24	24	12	
0	0	2	12	22	25	25	37	36	47	47	59	59	62	72	74	84	85	97	97	110	108	119	121	111	110	109	96	85	86	75	75	63	62	61	50	48	38	39	27	25	16	14	4	2	3	14	14	26	25	36	36	48	51	63	63	75	73	85	85	97	98	100	110	122	123	123	112	111	101	101	89	90	86	76	74	64	63	51	40	40	38	28	26	16	14	5	5	17	16	27	27	38	40	40	52	54	63	63	75	77	86	88	98	102	111	111	119	119	110	108	98	96	95	84	83	71	73	61	62	49	48	38	36	26	23	23	11	
0	0	2	12	22	25	25	37	36	47	47	59	59	62	72	74	84	85	97	97	110	108	119	121	111	110	109	96	85	86	75	75	63	62	61	50	48	38	39	27	25	16	14	4	2	3	14	14	26	25	36	36	48	51	63	63	75	73	85	85	97	98	100	110	122	123	123	112	111	101	101	89	90	86	76	74	64	63	51	40	40	38	28	26	16	14	5	5	17	16	27	27	38	40	40	52	54	63	63	75	77	86	88	98	102	111	111	119	119	110	108	98	96	95	84	83	71	73	61	62	49	48	38	36	26	23	23	11	
0	0	2	12	22	25	25	37	36	47	47	59	59	62	72	74	84	85	97	97	110	108	119	121	111	110	109	96	85	86	75	75	63	62	61	50	48	38	39	27	25	16	14	4	2	3	14	14	26	25	36	36	48	51	63	63	75	73	85	85	97	98	100	110	122	123	123	112	111	101	101	89	90	86	76	74	64	63	51	40	40	38	28	26	16	14	5	5	17	16	27	27	38	40	40	52	54	63	63	75	77	86	88	98	102	111	111	119	119	110	108	98	96	95	84	83	71	73	61	62	49	48	38	36	26	23	23	11	
0	0	2	12	22	25	25	37	37	47	48	59	59	62	72	74	84	85	97	97	110	108	119	121	111	110	109	97	85	86	75	74	63	62	61	50	48	39	39	27	25	16	14	4	2	3	14	15	26	25	37	37	49	52	63	63	74	74	85	85	98	98	100	110	122	123	123	112	111	101	101	89	89	86	76	74	65	63	51	41	41	39	28	26	16	15	5	5	17	16	27	28	39	41	41	52	54	63	63	75	77	86	88	99	102	111	111	119	119	110	108	98	96	96	84	83	72	72	61	62	49	48	38	36	26	23	23	12	
0	0	2	12	21	25	25	37	36	46	47	59	59	62	72	74	84	85	97	96	109	108	119	121	111	109	108	96	84	86	74	74	63	61	61	50	47	38	39	27	24	16	14	4	2	3	14	14	26	24	37	37	48	51	63	63	74	73	84	84	97	98	100	110	122	123	123	111	110	100	100	89	89	85	76	73	64	63	50	40	40	39	28	25	16	15	5	5	17	16	26	27	39	40	40	52	54	63	63	75	76	85	88	98	102	110	110	119	119	110	108	98	96	95	83	82	71	72	61	61	49	48	38	36	26	22	22	11	
0	0	2	12	21	25	25	37	36	46	47	59	59	62	72	74	84	85	97	96	109	108	119	121	111	109	108	96	84	86	74	74	63	61	61	50	47	38	39	27	24	16	14	4	2	3	14	14	26	24	37	37	48	51	63	63	74	73	84	84	97	98	100	110	122	123	123	111	110	100	100	89	89	85	76	73	64	63	50	40	40	39	28	25	16	15	5	5	17	16	26	27	39	40	40	52	54	63	63	75	76	85	88	98	102	110	110	119	119	110	108	98	96	95	83	82	71	72	61	61	49	48	38	36	26	22	22	11	
0	0	2	12	21	25	25	37	36	46	47	59	59	62	72	74	84	85	97	96	109	108	119	121	111	109	108	96	84	86	74	74	63	61	61	50	47	38	39	27	24	16	14	4	2	3	14	14	26	24	37	37	48	51	63	63	74	73	84	84	97	98	100	110	122	123	123	111	110	100	100	89	89	85	76	73	64	63	50	40	40	39	28	25	16	15	5	5	17	16	26	27	39	40	40	52	54	63	63	75	76	85	88	98	102	110	110	119	119	110	108	98	96	95	83	82	71	72	61	61	49	48	38	36	26	22	22	11	
0	0	2	12	21	25	25	37	37	47	47	59	59	62	72	74	83	85	97	97	109	108	119	121	111	109	109	97	85	85	75	74	63	62	61	50	48	39	39	27	24	16	14	4	2	3	14	14	26	24	37	37	48	51	63	63	74	74	85	85	97	98	100	110	122	123	123	111	111	101	100	89	89	86	76	74	64	63	51	41	41	39	28	25	16	15	5	5	17	16	26	27	39	41	41	52	54	63	63	75	77	86	87	99	102	111	110	119	119	110	108	98	96	95	83	83	72	72	61	61	49	48	38	36	26	22	22	11	
0	0	2	12	22	25	25	37	37	46	48	59	59	63	72	75	84	85	97	97	109	108	119	121	111	110	109	97	85	86	76	75	64	62	61	50	48	39	39	27	25	17	14	4	2	3	15	16	26	25	37	37	48	51	63	64	75	74	85	85	97	98	100	110	122	123	123	112	111	101	101	89	89	86	76	74	65	63	51	41	41	39	28	26	16	15	5	5	18	16	27	28	39	41	41	52	54	63	63	75	78	86	88	99	102	111	111	119	119	110	108	98	96	95	84	83	72	73	62	62	49	48	38	36	27	23	23	12	
0	0	2	12	22	25	25	37	37	47	47	59	59	63	72	74	84	85	97	97	109	108	119	121	111	110	108	96	85	86	75	75	63	62	61	50	48	39	39	27	25	17	14	4	2	3	15	16	26	25	37	37	48	51	63	63	75	74	85	85	97	98	100	110	122	123	123	112	110	101	100	89	89	86	76	74	64	63	51	41	41	39	28	26	16	15	5	5	18	16	27	28	39	41	41	52	54	63	63	75	77	86	88	98	102	110	111	119	119	110	108	98	96	95	83	83	72	73	61	61	49	48	38	36	26	23	23	12	
0	0	2	12	22	25	25	37	37	47	47	59	59	63	72	74	84	85	97	97	109	108	119	121	111	110	108	96	85	86	75	75	63	62	61	50	48	39	39	27	25	17	14	4	2	3	15	16	26	25	37	37	48	51	63	63	75	74	85	85	97	98	100	110	122	123	123	112	110	101	100	89	89	86	76	74	64	63	51	41	41	39	28	26	16	15	5	5	18	16	27	28	39	41	41	52	54	63	63	75	77	86	88	98	102	110	111	119	119	110	108	98	96	95	83	83	72	73	61	61	49	48	38	36	26	23	23	12	
0	0	2	12	22	25	25	37	37	47	47	59	59	63	72	74	84	85	97	97	109	108	119	121	111	110	108	96	85	86	75	75	63	62	61	50	48	39	39	27	25	17	14	4	2	3	15	16	26	25	37	37	48	51	63	63	75	74	85	85	97	98	100	110	122	123	123	112	110	101	100	89	89	86	76	74	64	63	51	41	41	39	28	26	16	15	5	5	18	16	27	28	39	41	41	52	54	63	63	75	77	86	88	98	102	110	111	119	119	110	108	98	96	95	83	83	72	73	61	61	49	48	38	36	26	23	23	12	
0	0	2	12	22	26	26	37	37	47	47	59	59	63	73	75	84	85	97	97	109	108	119	121	111	109	109	96	85	86	76	75	64	62	61	50	48	39	39	28	25	16	14	4	2	3	15	15	27	26	37	37	48	51	63	64	75	74	85	85	96	97	100	110	122	123	123	111	111	101	100	89	89	86	77	74	65	63	51	41	41	39	29	26	16	15	5	5	17	16	27	29	39	41	41	52	54	63	63	75	78	86	88	98	102	111	111	119	119	110	108	98	95	94	84	83	72	73	62	62	49	48	39	36	27	24	23	11	
0	0	2	12	22	26	26	37	37	46	47	59	59	62	72	74	84	85	97	97	109	108	118	121	111	110	108	96	85	86	75	75	63	62	61	50	47	39	39	28	25	16	14	4	2	3	14	15	26	25	37	37	48	51	63	63	75	74	85	85	96	98	100	110	121	123	122	112	110	101	100	89	89	85	76	74	64	63	51	41	40	39	28	26	16	14	5	5	17	16	27	28	39	40	41	52	54	63	63	75	77	85	88	98	102	110	111	118	118	110	108	98	96	94	84	83	72	73	61	61	49	48	38	36	27	23	23	11	
0	0	2	12	22	26	26	37	37	46	47	59	59	62	72	74	84	85	97	97	109	108	118	121	111	110	108	96	85	86	75	75	63	62	61	50	47	39	39	28	25	16	14	4	2	3	14	15	26	25	37	37	48	51	63	63	75	74	85	85	96	98	100	110	121	123	122	112	110	101	100	89	89	85	76	74	64	63	51	41	40	39	28	26	16	14	5	5	17	16	27	28	39	40	41	52	54	63	63	75	77	85	88	98	102	110	111	118	118	110	108	98	96	94	84	83	72	73	61	61	49	48	38	36	27	23	23	11	
0	0	2	12	22	26	26	37	37	46	47	59	59	62	72	74	84	85	97	97	109	108	118	121	111	110	108	96	85	86	75	75	63	62	61	50	47	39	39	28	25	16	14	4	2	3	14	15	26	25	37	37	48	51	63	63	75	74	85	85	96	98	100	110	121	123	122	112	110	101	100	89	89	85	76	74	64	63	51	41	40	39	28	26	16	14	5	5	17	16	27	28	39	40	41	52	54	63	63	75	77	85	88	98	102	110	111	118	118	110	108	98	96	94	84	83	72	73	61	61	49	48	38	36	27	23	23	11	
0	0	2	12	22	26	26	37	37	46	47	59	59	62	72	74	84	85	97	97	109	108	118	121	111	110	108	96	85	86	75	75	63	62	61	50	47	39	39	28	25	16	14	4	2	3	14	15	26	25	37	37	48	51	63	63	75	74	85	85	96	98	100	110	121	123	122	112	110	101	100	89	89	85	76	74	64	63	51	41	40	39	28	26	16	14	5	5	17	16	27	28	39	40	41	52	54	63	63	75	77	85	88	98	102	110	111	118	118	110	108	98	96	94	84	83	72	73	61	61	49	48	38	36	27	23	23	11	
0	0	2	12	22	25	25	37	37	46	47	59	59	63	73	75	84	85	97	97	109	108	119	121	111	109	109	97	85	86	76	75	64	62	61	50	47	39	39	27	25	16	14	4	2	3	15	15	26	25	37	37	48	51	63	64	75	74	85	85	97	98	100	110	122	123	123	111	111	101	101	89	89	86	77	75	65	63	51	41	41	39	28	26	16	15	5	5	17	16	27	27	39	41	41	52	55	63	63	76	78	86	88	99	102	111	111	119	119	110	108	98	96	95	84	83	72	73	62	62	49	48	38	36	26	23	23	12	
0	0	2	12	21	25	25	37	37	46	47	59	59	62	72	74	84	85	97	97	109	108	118	121	111	109	108	97	85	86	75	75	63	62	61	50	47	39	39	27	24	16	14	4	2	3	15	15	26	25	37	37	48	51	63	63	75	74	84	85	97	98	101	110	121	123	122	111	110	101	101	89	89	85	76	74	64	63	51	41	41	39	28	25	16	14	5	5	17	16	26	27	39	41	41	52	54	63	63	75	77	85	88	99	103	110	111	118	118	110	108	99	96	95	83	82	72	73	61	61	49	48	38	36	26	23	22	12	
0	0	2	12	21	25	25	37	37	46	47	59	59	62	72	74	84	85	97	97	109	108	118	121	111	109	108	97	85	86	75	75	63	62	61	50	47	39	39	27	24	16	14	4	2	3	15	15	26	25	37	37	48	51	63	63	75	74	84	85	97	98	101	110	121	123	122	111	110	101	101	89	89	85	76	74	64	63	51	41	41	39	28	25	16	14	5	5	17	16	26	27	39	41	41	52	54	63	63	75	77	85	88	99	103	110	111	118	118	110	108	99	96	95	83	82	72	73	61	61	49	48	38	36	26	23	22	12	
0	0	2	12	21	25	25	37	37	46	47	59	59	62	72	74	84	85	97	97	109	108	118	121	111	109	108	97	85	86	75	75	63	62	61	50	47	39	39	27	24	16	14	4	2	3	15	15	26	25	37	37	48	51	63	63	75	74	84	85	97	98	101	110	121	123	122	111	110	101	101	89	89	85	76	74	64	63	51	41	41	39	28	25	16	14	5	5	17	16	26	27	39	41	41	52	54	63	63	75	77	85	88	99	103	110	111	118	118	110	108	99	96	95	83	82	72	73	61	61	49	48	38	36	26	23	22	12	
0	0	2	12	21	25	25	38	38	46	47	59	59	63	73	75	84	85	98	98	109	108	119	121	111	109	109	97	85	86	76	75	64	62	61	50	47	40	40	27	24	16	14	4	2	3	15	15	26	25	37	37	48	51	63	64	75	74	84	85	97	99	101	110	122	123	123	111	111	102	101	89	89	85	77	74	65	63	51	42	41	39	28	25	16	15	5	5	17	16	26	27	39	41	42	52	55	63	63	75	78	85	88	99	103	111	111	119	119	110	108	99	97	95	83	82	72	73	62	62	49	48	39	37	27	23	22	11	
0	0	2	12	22	25	25	37	37	47	47	59	59	62	72	74	84	85	97	97	109	108	119	121	111	109	109	96	85	86	75	74	63	61	61	50	48	39	39	27	25	16	14	4	2	3	14	15	26	25	37	37	48	51	63	63	74	73	85	85	97	98	100	110	122	123	123	111	111	101	100	89	89	86	76	73	64	63	51	41	40	39	28	26	16	14	5	5	17	16	27	27	39	40	41	52	54	63	63	74	77	86	88	98	102	111	111	119	119	110	108	98	96	95	83	83	71	72	61	61	49	48	38	36	26	23	23	11	
0	0	2	12	22	25	25	37	37	47	47	59	59	62	72	74	84	85	97	97	109	108	119	121	111	109	109	96	85	86	75	74	63	61	61	50	48	39	39	27	25	16	14	4	2	3	14	15	26	25	37	37	48	51	63	63	74	73	85	85	97	98	100	110	122	123	123	111	111	101	100	89	89	86	76	73	64	63	51	41	40	39	28	26	16	14	5	5	17	16	27	27	39	40	41	52	54	63	63	74	77	86	88	98	102	111	111	119	119	110	108	98	96	95	83	83	71	72	61	61	49	48	38	36	26	23	23	11	
0	0	2	12	22	25	25	37	37	47	47	59	59	62	72	74	84	85	97	97	109	108	119	121	111	109	109	96	85	86	75	74	63	61	61	50	48	39	39	27	25	16	14	4	2	3	14	15	26	25	37	37	48	51	63	63	74	73	85	85	97	98	100	110	122	123	123	111	111	101	100	89	89	86	76	73	64	63	51	41	40	39	28	26	16	14	5	5	17	16	27	27	39	40	41	52	54	63	63	74	77	86	88	98	102	111	111	119	119	110	108	98	96	95	83	83	71	72	61	61	49	48	38	36	26	23	23	11	
0	0	2	12	22	25	25	37	37	47	48	59	59	62	71	74	84	85	97	97	109	108	119	121	111	109	109	96	85	86	74	74	63	62	61	50	48	39	39	27	25	16	14	4	2	3	14	15	26	25	37	37	49	52	63	63	74	73	85	85	97	98	100	110	122	123	123	111	111	101	100	89	89	86	75	73	64	63	52	41	40	39	28	26	16	15	5	5	17	16	27	27	39	40	41	52	55	63	63	74	76	86	88	98	102	111	111	119	119	110	108	98	96	95	83	83	71	72	61	61	49	48	38	36	26	23	23	11	
0	0	2	12	22	25	25	38	37	47	47	60	60	63	72	75	84	85	97	97	109	108	119	122	111	109	109	97	84	86	75	75	63	62	62	50	48	39	40	27	25	17	14	4	2	3	15	15	26	25	37	37	48	51	63	63	75	74	85	84	97	98	101	110	122	123	123	111	111	101	101	89	89	86	76	74	64	64	51	41	41	39	28	26	16	15	5	5	17	16	27	27	39	41	41	52	54	64	64	75	77	86	88	99	103	111	111	119	119	110	108	99	96	95	83	83	72	73	61	61	49	48	39	36	26	23	23	12	
0	0	2	12	22	25	25	37	37	47	48	59	59	63	72	74	84	85	97	97	109	108	119	122	111	109	109	97	84	86	75	74	63	62	61	50	48	39	39	27	25	17	14	4	2	3	15	15	26	24	37	37	49	51	63	63	74	73	85	84	97	98	101	110	122	123	123	111	111	101	101	89	89	86	76	74	64	63	51	41	41	39	28	26	16	15	5	5	17	16	27	27	39	41	41	52	54	63	63	75	77	86	88	99	103	111	110	119	119	110	108	99	96	95	83	83	71	72	61	61	49	48	39	36	26	22	23	12	
0	0	2	12	22	25	25	37	37	47	48	59	59	63	72	74	84	85	97	97	109	108	119	122	111	109	109	97	84	86	75	74	63	62	61	50	48	39	39	27	25	17	14	4	2	3	15	15	26	24	37	37	49	51	63	63	74	73	85	84	97	98	101	110	122	123	123	111	111	101	101	89	89	86	76	74	64	63	51	41	41	39	28	26	16	15	5	5	17	16	27	27	39	41	41	52	54	63	63	75	77	86	88	99	103	111	110	119	119	110	108	99	96	95	83	83	71	72	61	61	49	48	39	36	26	22	23	12	
0	0	2	12	22	25	25	37	37	47	48	59	59	63	72	74	84	85	97	97	109	108	119	122	111	109	109	97	84	86	75	74	63	62	61	50	48	39	39	27	25	17	14	4	2	3	15	15	26	24	37	37	49	51	63	63	74	73	85	84	97	98	101	110	122	123	123	111	111	101	101	89	89	86	76	74	64	63	51	41	41	39	28	26	16	15	5	5	17	16	27	27	39	41	41	52	54	63	63	75	77	86	88	99	103	111	110	119	119	110	108	99	96	95	83	83	71	72	61	61	49	48	39	36	26	22	23	12	
0	0	3	12	21	25	25	37	37	47	47	59	59	62	72	74	84	85	97	97	109	108	118	122	111	110	109	97	85	86	75	75	63	62	61	50	48	39	39	27	25	16	14	5	2	4	14	15	26	25	37	37	48	51	63	63	75	74	85	85	97	98	100	110	121	124	122	112	111	101	100	89	89	86	76	74	64	63	51	41	41	39	28	25	16	15	4	6	17	16	27	27	39	41	41	52	54	63	63	75	77	86	88	99	102	111	111	118	118	110	108	98	96	95	83	83	72	73	61	61	49	48	38	36	26	23	23	11	
0	0	3	12	21	24	25	37	37	47	47	59	59	62	72	74	84	85	97	97	109	108	118	122	111	110	109	97	85	86	75	74	63	62	61	50	48	39	39	27	25	16	14	5	2	4	14	15	26	25	37	37	49	51	63	63	74	74	85	85	97	98	100	110	119	124	122	112	111	101	100	89	89	86	76	74	64	63	51	41	40	39	28	25	16	15	4	6	17	16	27	27	39	40	41	52	54	63	63	75	77	86	88	99	102	111	111	118	118	110	108	98	96	95	84	83	72	72	61	61	49	48	38	36	26	23	23	11	
0	0	3	12	22	25	25	37	37	47	48	59	59	62	72	74	84	85	97	97	109	108	118	122	111	110	109	97	85	86	75	74	63	62	61	50	48	39	39	27	25	16	14	5	2	4	15	15	26	25	37	37	49	51	63	63	74	74	85	85	97	98	100	110	119	124	122	112	111	101	100	89	89	86	76	74	64	63	51	41	41	39	28	26	16	15	4	6	17	16	27	28	39	41	41	52	54	63	63	75	77	86	88	99	102	111	111	118	118	110	108	98	96	95	84	83	72	72	61	61	49	48	38	36	26	23	23	12	
0	0	3	12	22	25	25	37	37	47	48	59	59	62	72	74	84	85	97	97	109	108	118	122	111	110	109	97	85	86	75	74	63	62	61	50	48	39	39	27	25	16	14	5	2	4	15	15	26	25	37	37	49	51	63	63	74	74	85	85	97	98	100	110	119	124	122	112	111	101	100	89	89	86	76	74	64	63	51	41	41	39	28	26	16	15	4	6	17	16	27	28	39	41	41	52	54	63	63	75	77	86	88	99	102	111	111	118	118	110	108	98	96	95	84	83	72	72	61	61	49	48	38	36	26	23	23	12	
0	0	3	12	22	25	25	37	37	47	48	59	59	62	72	74	84	85	97	97	109	108	118	122	111	110	109	97	85	86	75	74	63	62	61	50	48	39	39	27	25	16	14	5	2	4	15	15	26	25	37	37	49	51	63	63	74	74	85	85	97	98	100	110	119	124	122	112	111	101	100	89	89	86	76	74	64	63	51	41	41	39	28	26	16	15	4	6	17	16	27	28	39	41	41	52	54	63	63	75	77	86	88	99	102	111	111	118	118	110	108	98	96	95	84	83	72	72	61	61	49	48	38	36	26	23	23	12	
