95	95	93	102	107	117	114	107	114	108	109	109	108	111	116	108	140	175	197	209	203	171	140	141	130	123	122	117	136	142	140	139	136	129	112	116	134	141	125	124	115	104	115	126	102	64	77	124	111	115	112	89	70	61	83	110	103	88	91	65	101	104	94	96	65	85	100	97	83	93	52	80	77	69	70	55	77	94	91	81	51	76	84	68	53	51	75	71	69	60	47	56	57	51	44	60	55	63	41	58	57	63	54	81	70	54	66	80	67	53	54	43	45	37	46	40	37	47	69	34	61	71	58	50	61	53	45	70	
103	103	102	108	107	107	102	97	103	104	106	107	109	112	116	127	148	179	207	217	206	187	150	128	124	112	115	119	109	104	92	97	99	91	96	98	133	151	137	113	108	124	132	129	98	71	91	135	102	115	109	97	78	63	86	97	105	83	78	63	91	96	88	93	61	84	111	108	100	102	61	92	84	83	77	56	83	97	91	86	57	85	93	81	69	56	75	82	92	63	54	53	64	55	51	63	61	67	50	67	66	59	59	81	66	48	76	90	74	52	61	52	49	47	44	37	32	42	63	32	63	72	60	64	77	61	51	81	
99	99	100	108	108	106	104	102	102	104	103	100	103	110	115	135	162	196	224	236	226	194	159	134	130	127	127	123	119	117	120	137	133	125	138	151	147	147	147	126	122	118	126	133	95	66	75	90	89	103	99	98	76	61	89	94	96	83	71	59	89	84	83	88	57	84	126	114	115	94	63	92	76	98	88	65	97	106	98	93	57	84	94	93	77	57	87	81	84	57	58	63	70	53	62	68	70	75	61	78	70	54	71	93	86	55	80	89	79	52	66	51	34	54	51	37	34	46	48	29	69	77	51	75	83	54	54	80	
95	95	95	98	97	97	97	97	97	94	93	93	95	98	102	128	148	172	196	221	227	201	164	137	129	124	119	109	103	97	101	125	135	141	145	135	137	132	127	144	141	111	118	111	111	62	56	58	66	64	72	73	68	54	70	67	80	73	68	61	84	85	87	86	61	83	116	105	110	98	71	95	88	100	85	63	83	98	91	86	52	78	87	89	88	66	97	93	85	60	61	78	79	51	70	76	78	70	70	89	87	55	76	97	96	55	75	89	80	42	56	44	30	52	50	42	50	58	50	34	81	90	46	86	78	53	76	83	
74	74	74	75	74	74	76	78	80	73	72	77	82	84	89	110	123	140	161	188	206	204	176	139	121	109	102	95	91	82	76	83	80	81	73	94	92	102	120	106	103	105	131	120	121	70	91	113	110	84	83	63	59	59	68	59	69	63	65	57	56	49	52	57	51	58	76	67	71	69	47	79	87	88	80	73	83	93	86	87	64	92	97	97	79	68	100	91	72	54	74	79	73	47	68	79	87	64	74	82	81	45	78	93	95	54	75	85	66	47	61	54	44	66	68	46	52	57	54	51	74	77	44	90	74	56	91	77	
59	59	57	54	55	56	57	58	58	56	53	58	61	60	66	92	106	119	137	159	182	204	194	152	121	97	83	89	96	89	82	81	72	78	87	91	94	100	98	83	87	125	155	137	97	59	76	111	114	118	124	115	93	78	95	104	101	87	79	72	76	77	81	77	62	77	89	80	74	68	49	68	65	60	50	48	53	51	53	58	41	64	61	59	64	66	92	82	62	51	73	67	72	58	69	77	82	61	81	88	81	50	78	85	87	59	82	82	56	51	63	60	52	73	77	45	62	63	46	50	76	71	50	86	75	64	89	71	
52	52	51	50	52	54	53	51	50	51	42	45	45	41	49	79	90	102	116	134	159	188	187	161	132	104	91	108	131	135	136	129	111	113	120	120	114	90	73	72	120	141	140	110	67	61	71	97	63	71	62	75	66	74	67	86	79	80	73	76	93	100	107	100	71	105	119	108	90	77	59	81	78	82	66	61	75	65	73	75	56	76	70	67	56	52	56	53	55	53	57	55	61	40	46	56	56	44	58	70	65	50	64	71	72	56	75	69	52	58	68	67	59	78	84	48	78	74	41	51	86	74	64	88	75	72	86	71	
57	57	54	50	56	59	59	54	51	49	39	39	38	35	46	77	83	90	98	110	137	174	186	171	141	103	82	90	99	103	111	119	122	140	118	115	119	89	83	135	136	120	115	92	67	63	63	88	58	83	55	70	62	83	58	88	78	81	63	68	78	72	81	89	71	89	103	102	86	76	65	94	96	110	83	69	93	78	85	82	63	84	81	82	69	77	84	97	97	75	123	141	129	83	94	114	101	78	57	61	54	51	49	50	53	43	54	48	44	46	55	54	45	63	68	42	70	65	42	57	74	59	64	81	62	66	76	65	
63	63	56	60	65	68	65	58	52	46	44	41	38	40	44	55	71	69	77	92	119	154	175	166	157	120	97	83	77	81	77	75	82	97	125	145	133	129	135	105	120	148	103	73	89	79	78	72	57	66	80	78	65	80	74	89	81	99	74	69	76	83	69	58	70	91	103	123	133	73	77	92	104	109	85	71	107	84	100	72	62	90	76	71	57	75	74	88	83	72	96	66	53	49	73	59	62	56	60	62	71	53	47	55	54	69	62	62	53	50	56	51	53	49	51	55	61	56	55	47	55	55	52	49	46	53	58	51	
81	81	78	78	81	84	82	79	77	77	69	58	52	57	65	72	77	70	77	92	115	148	167	163	151	128	130	107	95	89	85	92	110	128	129	120	114	98	84	116	152	130	74	57	67	70	75	65	51	57	71	77	73	75	89	103	93	98	74	76	77	80	66	55	64	105	101	106	121	69	78	84	104	90	76	67	114	79	91	70	66	89	73	66	53	64	64	79	74	58	72	73	55	42	86	42	40	49	33	33	39	41	29	43	37	68	55	50	42	33	56	51	60	56	61	64	73	63	60	58	57	50	52	52	50	59	63	53	
103	103	104	104	104	105	105	103	103	102	98	91	80	76	75	87	88	82	92	99	112	137	157	164	145	130	143	95	79	77	75	73	71	67	73	101	68	59	80	117	136	93	49	52	60	70	70	56	48	50	59	69	76	65	73	93	88	99	79	73	70	72	63	57	67	100	87	85	105	60	71	71	103	69	67	64	119	72	75	64	65	83	70	63	47	60	53	45	48	57	48	72	71	63	103	44	32	53	22	21	25	42	23	44	47	58	26	23	43	31	63	54	69	60	58	61	73	57	52	54	43	33	43	54	65	81	74	56	
103	103	111	115	113	111	110	108	105	95	96	93	83	76	72	78	76	78	93	97	110	129	147	152	127	119	142	98	87	78	74	75	72	70	74	101	72	52	47	66	108	89	49	53	62	73	66	54	54	53	55	61	77	80	67	91	89	110	85	66	60	61	57	56	70	101	100	100	115	62	66	65	104	64	71	73	123	79	80	72	70	76	71	65	50	55	47	29	37	54	58	67	62	60	69	46	37	57	24	27	34	49	25	29	35	30	31	31	47	43	69	59	87	81	73	78	90	70	63	63	48	47	56	40	48	77	76	55	
106	106	110	112	111	109	107	105	102	96	88	79	72	75	80	81	73	71	85	90	107	132	151	140	118	115	144	120	96	86	77	75	73	74	80	95	72	55	54	63	113	107	67	59	62	77	69	56	60	59	56	57	69	76	75	86	91	104	86	85	79	75	66	67	87	95	102	104	115	69	63	63	95	66	74	77	108	84	85	79	73	68	66	62	56	44	43	43	50	41	30	28	34	53	42	35	39	54	30	35	50	51	25	17	49	30	37	44	64	71	82	71	89	84	77	79	83	66	62	57	46	48	55	42	53	87	85	60	
103	103	107	115	116	117	116	113	109	99	86	70	58	61	67	60	62	73	95	100	109	121	137	122	109	106	129	127	110	106	100	98	98	99	98	99	74	48	53	60	122	118	94	88	83	103	106	98	99	98	99	100	100	97	116	83	86	83	85	94	89	85	72	75	101	105	109	105	115	84	70	72	94	79	86	88	102	93	86	86	83	74	75	69	54	38	38	34	45	39	31	27	26	51	44	25	32	39	22	29	52	40	23	15	41	21	33	55	75	81	86	79	85	84	86	84	80	68	68	59	57	57	62	54	60	92	95	75	
101	101	117	119	114	116	116	111	106	99	90	79	53	65	69	76	73	77	108	117	126	124	122	118	99	104	108	108	92	89	81	77	85	77	77	71	69	53	50	65	116	110	100	91	80	87	89	84	82	84	81	84	90	85	113	104	107	94	106	106	105	101	96	100	113	111	100	105	118	69	78	69	103	67	80	82	101	88	89	87	86	83	80	73	48	40	35	31	33	34	29	28	30	42	46	42	41	39	30	32	44	40	33	34	40	47	52	64	85	91	94	91	88	88	90	86	81	76	74	67	59	56	56	49	62	79	85	84	
100	100	119	122	121	118	107	95	92	94	96	96	73	79	72	93	85	87	106	103	108	118	119	113	91	95	90	87	83	74	73	70	64	63	64	62	66	62	58	65	116	109	98	81	63	63	65	65	65	65	61	62	66	64	94	109	123	111	111	113	111	109	113	127	142	125	103	107	118	65	75	69	110	73	88	86	100	83	88	86	84	82	78	70	49	47	42	36	33	34	41	40	37	35	29	22	22	33	40	29	20	20	22	30	51	83	90	91	106	96	93	97	91	81	81	75	78	83	82	77	70	60	54	53	71	84	86	89	
100	100	118	120	122	115	94	73	64	54	57	60	56	64	58	62	53	63	72	69	80	106	117	108	85	90	94	103	98	88	87	84	79	84	85	81	66	56	53	60	115	110	97	78	57	58	62	65	64	63	60	63	63	73	116	124	116	108	116	116	115	113	113	117	122	116	102	107	116	70	79	72	106	71	85	85	93	81	87	84	83	80	74	66	45	47	44	35	29	30	33	35	39	44	46	43	33	32	37	30	27	25	23	27	48	77	84	88	102	96	90	91	95	98	104	89	97	108	108	100	94	79	67	64	80	90	82	91	
100	100	122	127	126	120	98	70	53	60	59	60	72	84	80	81	86	84	76	72	91	111	121	108	78	84	112	150	143	159	160	158	170	156	122	122	82	51	47	57	114	110	98	78	57	60	60	62	62	60	59	62	64	76	96	119	122	118	114	114	116	118	117	113	109	107	108	115	117	70	78	77	103	66	78	87	97	89	86	84	82	78	71	61	48	51	50	42	35	34	34	36	41	46	48	44	41	39	32	30	39	46	44	45	53	63	68	79	99	100	108	106	111	118	105	98	111	122	120	112	108	99	88	76	83	90	83	94	
101	101	124	132	127	124	106	78	61	83	84	82	96	88	69	95	135	107	77	70	91	117	126	111	70	75	111	159	140	183	185	180	176	141	94	118	80	53	56	69	118	113	99	75	49	51	53	58	59	56	59	63	62	65	67	111	120	122	120	123	120	117	116	117	116	108	112	117	112	66	68	73	94	60	70	82	88	86	85	83	81	75	66	56	41	41	40	37	32	28	30	33	38	42	42	37	37	45	43	29	29	50	61	58	65	73	78	91	109	116	118	105	112	126	115	109	115	119	118	115	115	115	107	87	89	93	88	99	
101	101	123	131	131	127	109	88	84	150	149	140	150	124	89	101	180	131	81	71	88	120	125	113	81	77	96	134	147	185	184	192	153	139	109	132	81	53	54	59	120	118	102	74	45	44	48	57	60	57	62	69	62	58	59	117	113	113	126	126	122	117	117	116	113	111	110	114	122	99	101	100	116	93	102	107	93	84	78	76	74	68	57	47	38	32	30	35	33	26	28	34	41	50	53	49	47	57	63	53	51	65	70	65	76	83	88	98	112	120	105	108	127	138	144	133	123	115	110	110	113	111	102	86	91	97	91	102	
97	97	127	135	138	130	117	94	100	183	182	172	165	126	88	124	181	146	83	73	85	110	125	113	83	80	96	111	132	155	154	170	145	149	109	127	79	56	60	72	126	118	102	81	56	53	60	63	61	65	76	84	80	77	76	118	120	119	123	120	118	117	119	118	113	112	110	113	121	113	113	103	105	93	96	95	84	77	72	71	67	59	49	45	50	39	32	33	33	30	44	42	45	46	36	37	55	60	62	75	80	79	78	73	76	78	87	100	110	108	114	134	150	148	145	137	104	90	99	103	98	93	91	85	88	92	91	104	
93	93	131	138	140	131	124	95	97	148	158	177	187	145	100	121	135	138	87	64	86	106	126	114	87	87	108	108	121	135	132	141	137	139	109	126	85	59	59	74	132	119	106	97	81	80	82	72	68	76	85	94	96	95	106	116	118	121	125	124	121	118	116	115	114	107	106	104	100	93	87	83	81	78	77	76	76	71	61	60	56	46	37	34	39	32	24	18	15	14	24	37	39	32	35	59	64	50	57	76	78	73	71	62	71	77	86	99	106	119	136	141	140	139	131	119	90	84	102	106	87	81	92	92	89	89	88	103	
93	93	133	143	144	136	129	100	94	112	121	141	146	106	77	102	154	139	92	70	83	98	116	104	83	81	96	102	117	128	125	132	127	128	108	125	84	61	62	78	131	119	107	106	102	104	98	84	84	89	82	86	100	112	119	124	124	123	124	124	123	119	113	109	108	99	93	89	82	75	71	67	65	67	67	66	63	60	54	51	50	50	43	35	45	43	41	39	38	38	37	38	36	40	53	57	63	77	93	101	102	97	82	65	83	87	88	99	112	133	140	138	133	132	129	101	98	100	104	105	85	71	78	81	86	88	86	100	
94	94	134	146	147	140	134	103	93	97	111	115	97	80	99	126	172	133	97	70	77	86	98	88	76	75	86	101	122	129	130	136	133	130	107	125	84	62	64	81	136	122	107	105	103	101	102	94	99	108	94	86	103	123	127	130	130	128	126	122	117	114	112	106	98	91	84	77	70	64	62	61	59	56	54	53	53	51	48	41	41	49	51	40	24	23	20	19	25	32	24	20	38	57	50	45	65	87	97	98	104	100	83	75	83	81	86	104	121	129	135	138	138	139	140	120	108	109	114	116	113	94	83	85	93	94	86	97	
94	94	135	148	149	143	138	106	94	101	112	108	90	74	79	126	142	104	96	59	73	73	74	66	68	73	85	105	121	126	129	136	135	129	107	126	84	63	64	82	139	126	109	108	108	101	99	98	106	117	109	95	103	123	125	129	131	130	127	123	116	112	108	98	84	73	66	60	55	54	54	51	48	43	39	41	45	48	47	37	30	40	45	35	32	36	36	32	30	31	23	40	50	51	54	58	77	96	96	96	105	102	81	66	71	79	96	113	121	126	129	133	130	124	123	119	99	104	119	116	118	111	100	95	104	101	87	95	
94	94	136	149	149	144	141	106	93	97	110	113	126	120	97	120	136	96	91	67	76	62	62	52	61	67	78	104	125	126	130	136	135	126	109	129	85	63	64	81	135	122	106	108	110	98	95	105	117	121	121	116	120	135	133	133	134	130	124	122	120	111	93	77	66	53	49	47	46	46	47	43	40	39	39	41	44	48	52	47	36	41	43	30	25	33	36	28	20	18	34	42	36	50	88	91	88	96	97	96	97	96	81	63	74	91	111	123	123	125	125	129	125	118	120	121	113	118	127	123	120	113	100	94	108	108	95	102	
95	95	137	149	149	144	141	107	94	103	116	108	123	133	117	116	105	94	105	51	69	56	50	44	59	72	90	112	125	125	128	133	131	122	109	130	85	62	64	80	131	122	110	116	116	103	95	108	117	114	122	132	130	126	126	130	134	133	129	118	120	111	75	52	48	44	44	44	44	45	44	44	44	44	47	48	46	39	36	38	30	34	36	24	27	31	29	22	22	29	46	41	40	51	59	67	79	89	93	88	80	80	80	71	83	95	109	122	126	130	126	126	121	115	118	125	130	128	125	126	123	121	114	101	112	109	97	103	
97	97	138	149	149	145	141	108	96	101	116	109	117	124	118	118	104	96	107	60	68	56	61	64	64	70	91	108	117	122	123	132	129	126	109	131	84	60	65	78	120	115	108	128	123	126	112	106	109	108	123	141	136	121	123	126	127	127	127	123	114	110	66	50	53	55	55	52	51	51	52	53	49	45	49	54	50	42	42	43	35	39	42	32	41	38	34	35	40	45	40	46	52	69	71	66	77	84	76	63	61	71	75	75	85	92	105	120	128	132	127	122	119	117	115	119	116	122	132	132	129	128	121	100	108	102	103	102	
98	98	136	150	151	145	143	110	98	108	122	112	118	126	121	116	97	91	108	63	70	61	79	95	89	73	73	94	119	126	129	138	134	129	114	134	86	60	64	78	121	119	113	126	124	128	119	113	110	114	123	134	131	124	126	129	130	129	128	123	118	103	58	50	56	51	53	54	53	53	57	56	54	52	46	42	46	44	31	31	27	35	39	31	37	26	27	43	47	37	35	49	60	78	76	68	79	82	69	66	76	84	79	73	76	86	108	128	135	141	136	131	127	123	120	123	125	129	133	130	129	125	117	100	111	105	102	102	
99	99	134	152	153	146	144	113	98	103	118	106	107	113	109	112	88	82	105	63	73	83	104	99	83	67	77	105	120	129	133	143	137	131	115	134	85	60	65	81	127	126	121	129	127	125	122	119	117	119	123	130	129	127	129	131	132	131	129	122	118	90	51	48	49	43	49	56	54	51	53	52	55	56	47	40	45	49	42	39	36	45	50	43	45	50	53	49	44	40	40	53	63	78	73	65	79	84	75	74	83	84	77	82	91	108	125	135	136	122	120	117	117	115	111	123	131	131	127	121	119	119	116	103	115	109	105	102	
100	100	133	154	157	147	147	118	99	101	121	110	111	119	116	112	83	77	101	59	77	106	129	110	93	76	81	112	124	132	136	144	138	131	110	132	85	62	68	83	142	134	122	118	120	117	127	133	134	132	126	118	123	133	135	136	136	135	133	122	114	79	50	46	47	51	53	49	45	43	48	53	57	61	59	56	56	56	51	46	44	49	52	48	50	61	63	50	39	38	43	56	65	80	81	82	86	87	91	88	88	85	81	90	103	116	119	120	124	129	127	124	122	116	110	113	122	125	124	125	127	122	117	104	118	115	114	109	
100	100	131	155	159	147	148	120	99	101	127	120	122	130	126	111	85	86	109	58	77	107	133	117	101	78	77	112	123	130	131	139	134	127	107	130	86	63	67	80	132	129	128	125	125	114	128	138	142	139	130	117	122	135	137	138	139	137	135	125	115	79	53	50	68	82	76	68	61	53	45	46	50	53	53	51	52	51	50	48	49	50	54	58	63	63	63	60	52	44	47	60	65	76	74	77	85	91	98	95	94	93	92	97	105	114	109	103	104	102	102	102	102	97	90	101	113	115	118	125	125	118	111	96	109	109	114	111	
101	101	130	156	159	147	148	121	100	102	131	125	123	125	119	107	90	98	120	59	77	108	141	129	108	77	76	116	124	127	127	135	130	125	106	131	88	64	64	74	115	129	152	162	154	113	126	143	149	145	133	116	122	137	138	140	140	139	136	129	120	84	55	54	96	132	133	130	121	91	54	49	59	60	55	52	58	61	61	62	58	53	56	63	63	66	63	53	45	44	45	59	67	79	78	81	94	101	101	98	100	100	97	99	117	151	164	160	156	145	143	141	137	128	119	124	127	122	118	120	111	106	104	85	97	100	111	109	
104	104	130	156	153	146	143	132	94	96	124	128	123	130	124	117	101	96	124	63	81	111	142	140	112	80	69	112	115	123	120	127	131	115	102	132	73	67	63	66	85	87	143	139	151	122	105	129	145	145	140	123	124	137	137	135	135	136	138	130	118	94	57	60	102	141	146	141	141	106	52	52	59	62	59	55	61	60	63	60	69	56	72	77	71	59	64	61	50	48	46	59	65	69	81	91	99	104	103	101	107	111	105	89	132	181	175	171	162	150	150	153	157	159	159	162	166	162	161	166	162	157	156	102	103	104	99	109	
105	105	128	152	156	154	147	128	86	94	124	131	126	133	127	113	105	103	126	64	85	115	147	147	115	83	72	120	116	115	121	124	122	118	106	129	76	62	56	82	103	78	87	78	96	76	80	115	143	142	134	124	125	129	136	142	142	138	135	130	119	96	59	65	107	133	117	121	125	113	59	59	57	55	62	77	79	91	96	74	71	78	92	110	121	73	67	55	47	42	45	60	67	72	84	96	103	108	104	99	100	100	97	91	138	183	174	167	156	147	150	155	160	161	160	157	158	155	154	158	154	152	157	97	94	102	100	111	
104	104	128	153	153	150	143	129	91	86	116	121	117	127	125	120	115	110	128	68	86	114	150	153	117	83	73	125	125	122	124	122	120	122	102	127	82	64	59	88	93	81	71	56	72	79	91	117	145	141	131	127	129	131	130	131	133	135	134	128	120	97	62	71	114	135	83	87	89	114	71	58	66	68	56	102	84	80	117	91	78	89	65	72	129	66	66	50	46	40	46	63	70	75	87	98	103	107	105	103	107	106	99	90	142	181	171	161	150	147	153	160	162	159	157	152	151	148	147	149	146	146	155	91	84	101	104	109	
103	103	123	141	135	128	120	110	85	89	116	118	112	127	131	110	98	94	118	74	91	117	153	158	120	85	73	128	147	151	130	119	122	121	103	132	87	65	59	60	90	107	103	98	109	108	115	120	126	125	124	128	124	115	114	118	126	131	132	127	121	96	64	78	120	139	64	65	63	116	75	58	51	60	62	98	62	57	84	71	77	100	67	68	123	68	73	48	45	42	48	65	72	76	85	95	100	104	101	100	102	97	90	88	148	181	172	161	149	145	154	161	163	161	160	156	152	150	151	150	148	151	159	93	88	110	111	110	
103	103	109	108	107	112	110	107	91	98	123	124	113	126	134	106	93	91	116	78	90	118	155	158	120	89	75	120	133	140	112	102	106	101	101	121	80	66	63	58	120	130	125	139	156	136	125	115	99	93	94	96	87	75	65	70	93	118	132	126	122	94	62	80	121	129	58	63	58	118	62	57	66	66	61	93	79	68	86	74	89	112	112	118	95	67	67	44	44	49	48	63	71	75	84	93	95	97	97	100	105	99	89	85	153	181	173	160	148	145	155	164	164	161	161	156	148	149	152	150	150	154	156	94	99	117	112	109	
103	103	115	121	108	101	96	99	90	97	129	131	117	124	128	99	97	101	121	80	89	116	151	151	115	88	70	114	126	127	126	126	127	128	126	121	82	65	62	79	158	175	178	185	189	156	110	77	65	58	55	62	56	53	59	82	106	122	127	125	122	94	61	81	122	124	60	61	54	119	60	53	62	64	64	86	94	79	80	68	74	63	65	57	60	60	62	50	44	40	40	56	67	73	84	94	97	100	100	105	110	102	92	92	164	187	177	162	149	152	162	170	169	168	170	160	150	152	157	155	155	159	155	96	110	125	112	110	
95	95	108	125	116	120	124	127	98	108	136	127	133	132	117	104	106	115	121	80	81	116	160	142	119	94	81	126	146	137	132	130	129	131	136	133	106	69	57	73	144	144	151	127	104	91	70	71	66	78	85	100	97	97	75	116	133	136	129	124	115	90	64	83	128	128	69	65	58	123	56	56	59	58	61	65	68	61	64	67	63	55	52	62	63	56	57	45	36	29	40	59	69	77	88	91	99	108	107	106	107	100	89	84	167	180	175	162	150	155	168	167	162	165	164	154	149	151	153	153	154	152	158	73	96	114	107	104	
94	94	112	139	136	143	147	145	102	108	142	137	136	141	129	124	119	117	120	88	76	109	155	175	198	139	82	119	137	138	135	123	107	95	84	76	58	43	57	82	133	115	135	127	105	113	114	125	109	105	89	89	85	98	70	121	132	136	135	122	112	88	66	85	132	121	71	70	65	124	58	61	65	59	56	66	72	78	94	76	85	122	123	125	89	63	59	54	51	44	46	64	75	81	89	91	91	95	98	100	101	97	88	84	168	176	173	161	152	158	170	165	158	162	159	150	148	149	150	151	153	147	150	66	89	102	100	103	
101	101	120	152	150	153	154	152	107	108	147	155	124	121	111	107	100	95	104	83	74	103	126	128	159	118	60	70	69	62	55	55	60	64	63	66	69	70	69	68	100	77	99	103	74	70	61	73	67	66	53	62	64	81	71	128	133	133	136	122	113	88	65	86	132	141	111	108	96	124	55	56	62	64	76	108	131	134	122	78	85	128	122	115	97	60	54	57	59	47	47	68	81	85	88	94	93	92	100	108	110	106	95	92	170	176	171	159	152	161	169	164	157	158	155	148	147	148	149	150	152	148	132	73	94	98	95	108	
98	98	117	151	154	155	154	154	110	107	125	129	100	108	107	111	108	97	98	78	76	100	121	94	91	84	64	57	64	65	67	69	69	70	73	70	65	59	55	53	65	49	58	63	56	57	53	71	68	65	50	62	66	82	72	131	135	133	133	121	115	87	64	87	131	147	137	139	128	127	56	58	65	65	76	109	128	124	117	84	92	123	118	127	88	57	54	55	55	44	48	69	83	86	87	94	91	86	95	106	106	100	93	101	172	176	169	157	153	164	167	162	155	155	152	147	146	147	148	149	150	152	113	77	98	101	95	108	
96	96	114	149	158	156	155	157	113	103	116	128	116	109	94	92	92	77	72	55	61	87	126	124	104	76	75	71	66	65	66	71	78	82	72	67	60	56	62	72	80	81	74	67	61	53	51	72	70	68	55	68	70	79	65	125	136	136	133	121	116	86	63	89	131	136	138	142	140	123	57	56	62	66	81	120	135	126	119	82	97	125	115	124	80	60	62	57	53	44	52	68	83	89	87	93	94	89	96	108	106	99	95	111	175	176	166	156	155	166	165	160	154	152	150	146	145	146	147	148	149	152	93	79	94	101	94	103	
72	72	96	139	151	146	141	144	102	99	82	63	68	69	76	78	77	67	68	68	80	92	115	119	105	75	85	85	90	88	82	72	60	52	56	67	80	88	87	83	91	106	109	96	60	45	52	72	66	64	50	59	60	76	64	125	135	135	133	121	117	86	63	90	131	132	136	132	136	113	57	60	67	64	75	114	125	115	112	71	95	130	122	133	74	54	57	53	49	41	58	69	83	94	92	95	92	82	86	98	95	91	91	118	176	175	163	153	155	165	160	157	153	150	149	145	144	145	146	147	148	148	78	91	90	98	96	103	
52	52	72	121	136	130	126	123	83	76	76	72	85	73	71	79	77	75	77	82	84	92	104	99	90	79	78	62	60	55	52	57	70	83	88	90	97	109	119	124	130	131	121	96	50	49	57	72	63	65	53	58	60	78	68	128	135	133	132	121	116	84	65	88	131	129	130	123	128	109	59	63	68	65	79	117	134	120	115	75	97	122	107	132	72	56	55	52	50	44	60	73	84	93	95	95	96	89	95	104	103	101	93	122	174	175	162	154	155	165	158	154	152	150	149	142	147	142	148	147	147	143	79	93	93	96	96	103	
44	44	53	97	109	101	101	93	67	61	63	63	71	66	71	72	68	74	67	76	76	73	72	69	63	56	56	57	67	77	87	93	102	110	115	122	129	132	131	128	133	136	124	99	51	50	53	72	59	62	50	50	56	78	66	127	135	134	132	122	115	81	69	87	131	128	129	123	123	106	56	61	69	67	84	115	133	116	112	72	106	126	104	137	65	61	56	51	48	46	59	77	85	89	94	94	94	90	99	105	106	106	88	127	173	172	159	156	155	165	158	151	149	149	149	138	153	139	149	145	144	128	81	86	95	94	95	106	
39	39	38	54	58	54	56	58	55	65	65	71	68	66	70	69	62	72	67	71	78	72	74	76	79	81	83	91	106	113	119	124	130	135	136	135	135	134	134	135	140	142	129	103	54	48	48	68	56	59	49	53	58	77	66	127	134	133	132	121	114	79	68	88	129	125	128	122	122	104	55	63	70	68	84	115	130	113	111	73	109	126	105	135	62	58	55	49	46	44	59	77	85	90	95	95	94	90	98	105	107	107	93	136	176	169	153	152	158	163	156	150	148	148	147	139	154	140	144	141	144	111	72	92	92	93	98	109	
62	62	62	66	71	73	75	77	79	72	73	90	75	78	84	82	70	85	80	84	110	109	113	114	115	116	118	124	133	134	135	134	133	134	137	136	136	137	140	142	142	143	130	103	53	48	49	73	63	61	51	56	60	77	66	126	133	132	130	119	113	76	68	90	128	123	130	124	120	102	56	64	71	67	85	116	128	110	108	74	114	126	107	130	60	58	55	51	46	44	58	76	84	88	92	93	90	86	95	102	105	106	95	142	177	169	152	152	162	158	153	148	147	147	145	139	152	143	142	140	144	97	72	95	89	97	97	100	
95	95	91	95	86	66	59	61	65	66	67	96	69	78	87	101	80	86	74	82	134	131	130	128	128	129	130	131	131	132	136	138	138	137	134	136	138	139	139	138	141	142	128	101	50	50	51	78	67	60	50	52	56	78	66	126	132	130	128	118	112	73	67	91	127	123	131	125	120	100	55	66	72	67	85	116	125	107	104	73	118	124	107	124	59	58	56	52	47	44	55	73	81	85	90	90	87	81	91	99	102	104	96	147	174	169	155	154	163	155	150	147	146	145	143	139	147	144	142	142	138	86	72	92	90	107	99	99	
139	139	136	128	109	66	48	51	51	56	57	94	55	68	78	89	72	90	77	73	128	128	132	132	132	135	138	138	134	133	134	136	134	131	133	134	135	134	133	132	137	139	124	97	51	52	52	82	70	60	50	53	55	78	66	125	132	129	128	116	111	71	66	93	126	122	132	127	120	99	55	66	73	67	85	116	123	103	100	72	120	121	105	118	56	56	55	51	46	43	55	73	80	84	89	90	85	79	90	98	102	104	102	156	171	165	156	155	163	152	148	145	145	144	141	138	142	143	142	139	121	74	75	93	95	112	97	101	
143	143	137	130	117	73	53	56	47	55	56	95	50	64	74	89	70	89	76	74	141	135	133	133	135	138	141	139	133	131	133	137	136	132	132	132	131	131	133	134	137	138	123	95	52	53	53	83	75	63	53	58	58	77	68	125	132	130	126	116	110	69	65	94	124	117	129	125	119	97	54	66	71	66	85	117	121	102	98	70	120	120	105	114	53	53	52	48	43	40	55	73	81	86	91	90	85	79	90	99	102	105	108	166	170	160	154	154	162	150	147	144	144	143	140	138	141	142	140	134	105	66	85	100	100	108	91	102	
143	143	142	142	111	81	48	56	51	56	61	91	64	76	83	90	64	86	75	71	136	136	140	140	140	137	135	136	139	139	139	139	139	139	138	138	137	137	138	139	140	140	121	93	51	52	53	69	76	56	49	56	55	77	77	129	135	134	125	118	107	67	59	95	120	95	104	105	107	90	54	60	63	62	84	122	118	107	97	70	117	122	110	104	51	52	48	41	39	42	56	74	83	88	91	86	78	78	89	98	98	97	117	158	166	155	151	157	157	149	151	144	139	141	139	133	150	139	139	131	92	62	92	98	97	103	102	110	
143	143	144	147	118	87	48	56	54	57	61	90	64	73	79	93	67	84	77	73	137	137	140	140	140	137	135	136	139	139	139	139	139	139	138	138	137	137	138	139	141	140	122	94	50	52	53	68	73	55	48	57	57	76	71	124	133	135	126	116	104	66	59	96	120	123	123	109	102	84	59	63	61	60	82	119	117	105	85	72	124	118	112	98	52	52	47	39	39	43	57	75	83	88	92	86	78	77	88	99	101	99	117	159	165	154	151	157	155	148	149	143	139	140	138	135	145	137	138	128	77	69	93	100	98	102	105	117	
144	144	146	150	124	92	49	55	56	57	62	87	65	69	74	83	66	83	78	71	135	137	140	140	140	137	135	136	138	138	138	138	138	139	139	138	137	137	137	138	141	141	122	94	50	51	50	60	65	51	47	56	57	73	68	124	131	132	126	113	101	64	60	97	121	125	132	130	126	93	60	57	56	63	88	119	114	105	88	73	117	102	107	87	52	51	45	38	39	46	59	76	84	89	91	85	77	75	85	97	102	99	117	160	163	151	150	156	152	148	145	141	139	138	136	138	141	136	136	122	63	78	94	102	98	100	110	120	
146	146	147	150	123	95	48	51	55	57	61	82	67	66	68	63	61	81	79	66	130	138	140	140	140	137	135	136	138	138	138	138	138	139	139	138	137	136	136	136	142	143	124	96	48	49	50	58	63	53	46	53	55	73	73	129	129	126	127	112	98	61	59	97	120	128	129	124	121	85	65	62	58	64	87	113	113	107	79	67	108	99	109	85	51	50	45	39	40	47	60	77	84	87	88	81	72	70	79	91	94	96	119	162	159	148	151	155	148	148	141	138	138	136	134	141	138	136	136	107	58	83	92	102	99	101	114	114	
147	147	148	149	120	96	50	51	53	54	59	78	69	64	65	63	62	76	81	68	129	138	140	140	140	137	135	136	138	138	138	138	138	138	140	138	136	135	135	135	142	143	125	96	48	49	49	56	67	62	55	60	66	84	74	130	131	127	126	112	97	59	59	97	118	128	129	129	127	82	63	58	50	51	69	94	100	98	75	71	98	84	83	62	48	49	47	41	41	47	60	76	82	85	85	78	70	69	78	85	88	95	123	164	157	145	150	154	145	147	138	136	139	134	132	139	133	134	133	86	62	80	88	99	100	105	117	105	
148	148	150	150	118	99	54	53	53	53	57	75	70	63	64	78	68	71	83	75	130	138	140	140	140	137	135	136	137	137	137	137	137	138	139	138	136	134	134	134	143	143	125	97	49	48	50	61	81	87	84	92	95	97	70	124	134	130	125	113	97	58	59	96	115	122	123	126	127	80	64	51	41	52	73	91	89	82	65	62	67	47	44	43	46	49	49	44	43	48	60	75	81	84	83	75	68	70	80	83	83	96	128	165	156	144	149	154	143	147	136	135	139	133	130	136	128	131	129	67	67	74	85	95	101	107	118	102	
146	146	149	154	133	103	54	53	56	54	56	72	76	61	66	71	65	69	84	70	129	137	140	140	139	137	135	136	139	139	138	138	137	138	139	135	132	131	132	134	139	143	127	102	83	87	96	99	111	107	111	104	101	93	68	124	130	129	119	108	89	57	57	97	109	116	122	123	127	74	66	57	43	42	54	59	57	54	48	46	57	43	46	39	46	51	50	46	46	50	64	72	77	80	78	71	67	68	76	79	79	83	139	160	149	147	148	147	145	140	135	136	135	129	130	137	121	128	114	64	72	84	91	90	95	109	116	103	
146	146	148	152	135	102	55	53	57	55	56	70	79	61	66	67	66	72	87	68	130	139	139	139	138	136	134	135	137	137	136	136	135	135	137	135	133	132	132	132	136	137	126	112	103	105	102	107	118	88	70	57	69	81	63	115	123	126	119	108	88	57	54	96	106	92	98	107	120	69	59	57	54	49	48	47	44	45	53	48	52	40	43	41	45	48	47	43	44	50	65	71	75	79	77	70	65	64	74	78	80	85	144	157	147	147	148	145	146	139	134	135	133	128	129	135	121	127	104	57	68	82	88	89	96	111	117	104	
146	146	148	150	135	100	57	54	56	55	57	68	82	60	64	67	67	70	89	64	122	135	138	138	137	135	133	134	135	135	134	134	133	133	135	134	134	132	131	130	142	139	122	99	73	66	59	75	101	65	42	38	57	73	70	118	127	128	117	108	88	56	54	95	104	95	94	96	109	62	56	55	57	53	44	45	47	45	46	46	57	59	66	76	48	49	47	43	46	53	65	71	75	78	75	68	63	63	72	77	80	88	147	154	145	147	148	146	145	137	133	133	131	126	128	129	123	126	97	58	73	85	86	88	99	112	115	103	
147	147	149	148	137	100	61	55	54	56	58	67	87	60	63	70	69	67	98	70	119	134	137	137	137	135	133	134	136	135	135	134	134	133	134	134	134	132	130	129	141	139	121	85	46	37	38	62	97	65	46	46	61	73	78	109	119	126	115	109	89	57	55	96	105	112	108	102	108	60	57	56	58	53	45	47	53	58	69	76	86	91	87	102	49	50	48	44	47	55	66	71	74	77	74	66	63	65	74	76	79	90	149	152	144	146	148	145	144	135	131	131	130	125	126	123	123	123	88	60	79	91	87	89	100	110	110	100	
148	148	151	150	141	101	64	56	52	56	59	65	91	60	61	61	63	61	101	70	118	137	138	139	138	135	134	134	136	136	135	134	134	134	134	133	133	131	130	130	136	137	122	83	40	36	40	64	100	70	54	49	59	72	71	73	89	114	117	106	87	55	54	96	106	109	114	115	118	62	54	55	55	63	77	84	91	96	95	104	104	104	83	100	45	47	46	42	45	51	65	71	73	76	72	64	62	67	75	76	79	94	154	151	144	146	147	143	141	133	129	130	128	123	124	121	124	115	75	57	74	91	89	88	99	107	107	98	
148	148	152	153	144	102	67	57	51	57	60	64	94	60	60	60	73	72	105	64	117	140	140	140	139	137	135	134	134	134	133	132	132	132	136	133	130	129	130	131	137	131	116	82	44	38	38	61	97	64	46	38	47	66	70	61	79	111	118	100	81	51	52	94	105	105	113	116	115	56	54	57	53	74	107	112	107	106	94	103	100	101	74	97	44	48	48	45	46	51	65	71	73	75	71	62	59	64	74	75	80	99	159	151	144	147	146	141	138	132	128	129	127	122	123	120	124	110	69	62	78	92	87	85	98	106	108	99	
150	150	153	156	147	106	77	58	57	62	67	74	103	82	88	91	102	105	119	65	117	140	139	138	135	134	134	135	136	136	135	135	134	134	136	134	131	129	129	130	124	116	98	83	53	46	41	61	86	63	45	50	65	68	64	56	68	99	100	92	78	53	50	91	105	107	107	112	114	55	53	59	55	80	114	115	106	101	101	106	102	97	80	87	47	52	52	44	42	48	65	72	72	69	63	58	61	65	77	81	81	120	156	146	140	143	142	136	133	131	129	129	127	124	123	122	120	103	65	63	88	89	85	80	96	104	104	96	
151	151	152	155	144	105	84	65	70	95	107	108	131	123	125	128	126	126	128	71	116	133	131	130	132	134	134	136	138	138	138	137	137	136	136	135	133	130	129	128	121	99	66	62	44	40	42	64	92	86	64	51	47	41	55	62	61	93	110	100	77	46	50	92	93	101	112	116	102	48	54	62	57	82	110	115	110	100	96	94	93	92	89	82	44	50	49	41	39	45	65	72	71	66	58	56	63	69	84	87	82	135	153	141	137	141	139	133	130	129	129	129	127	126	124	125	115	94	58	67	87	86	83	80	96	102	103	96	
151	151	155	160	148	121	120	113	116	120	135	130	146	132	125	117	104	105	113	64	107	133	133	133	137	138	134	131	132	132	131	131	131	131	131	131	130	128	127	126	120	87	53	65	71	75	69	58	43	35	35	39	47	47	46	70	76	77	74	90	78	63	71	100	92	86	107	111	90	49	49	53	48	72	97	101	98	90	88	89	94	87	64	41	36	41	42	37	37	43	60	64	63	60	52	49	58	69	87	87	82	135	154	140	137	140	138	132	130	129	129	129	128	127	125	125	111	76	54	75	75	83	81	85	98	103	108	101	
152	152	155	157	144	118	125	122	121	121	118	120	132	99	97	97	90	101	113	65	108	135	132	131	135	138	136	132	130	129	130	130	130	130	131	130	130	128	127	127	122	90	53	53	43	39	39	42	44	49	52	48	41	40	58	85	82	81	97	84	74	74	72	91	111	84	85	105	105	71	54	55	53	76	96	98	93	83	80	66	51	44	41	38	36	40	40	35	35	39	55	55	55	57	48	45	54	67	86	86	82	135	152	139	138	140	136	130	130	129	129	129	129	128	126	123	112	58	59	70	73	82	83	85	99	107	108	94	
152	152	154	157	144	114	117	111	106	105	84	102	123	80	85	91	88	107	115	57	95	130	132	134	136	137	137	133	126	127	127	127	128	129	130	129	129	128	127	127	115	88	54	51	43	49	50	50	50	48	47	47	46	45	50	79	97	93	100	95	74	83	79	79	97	80	75	100	100	71	66	68	55	71	78	74	67	47	36	41	43	40	35	33	38	39	38	33	30	32	51	49	51	57	48	45	53	65	83	84	83	134	147	138	138	140	135	129	131	129	129	130	130	129	128	125	107	54	68	70	81	84	86	85	99	110	105	85	
153	153	152	154	148	116	115	108	97	88	66	90	124	82	78	97	90	112	125	62	91	117	121	134	138	136	137	134	129	129	130	131	131	132	134	134	134	133	132	132	118	90	54	51	45	53	54	56	58	54	49	48	46	56	69	67	63	54	70	93	91	98	83	76	77	75	69	83	78	74	75	72	50	51	48	42	42	34	40	38	39	40	42	43	35	35	33	30	28	28	44	38	42	52	44	42	53	64	78	81	86	133	143	137	139	141	133	128	131	129	129	130	130	130	129	128	80	60	66	80	82	86	85	87	98	107	103	84	
152	152	151	150	142	109	96	91	76	89	73	95	130	88	78	71	60	82	107	57	73	79	81	118	130	133	142	135	130	132	133	133	133	134	137	136	135	134	134	134	113	81	51	53	46	45	44	45	46	46	48	52	50	48	48	47	54	44	46	79	93	81	50	61	80	78	69	73	76	87	76	71	57	53	48	46	54	44	43	43	47	51	43	35	32	31	30	29	28	27	38	30	34	43	40	42	55	73	81	81	88	129	141	137	139	139	133	129	132	131	129	131	131	132	129	122	53	59	60	82	75	81	82	88	98	103	103	87	
150	150	150	149	143	121	89	101	88	106	87	97	120	76	81	76	84	93	108	67	72	73	67	118	130	130	142	130	135	138	139	138	137	137	140	137	135	135	133	130	104	63	49	59	63	64	59	55	55	53	51	50	50	50	46	48	44	40	45	43	58	62	56	62	77	76	73	70	66	62	66	68	55	55	50	44	53	40	44	44	40	42	33	32	30	28	29	33	33	31	41	30	31	31	36	50	56	78	84	77	78	102	133	137	138	136	133	132	134	135	131	133	129	134	130	99	49	52	64	69	72	70	79	77	93	96	100	83	
151	151	149	148	130	121	104	105	95	92	86	97	119	82	71	82	113	119	108	61	67	72	68	110	131	129	133	134	134	134	134	136	139	140	135	134	135	134	129	123	114	86	71	71	62	54	55	55	55	52	50	46	44	42	39	41	39	37	40	43	71	80	62	68	95	65	58	54	51	67	73	79	67	63	52	44	51	41	41	36	39	41	29	31	29	31	34	37	37	36	45	31	27	27	39	60	74	75	78	73	64	97	138	136	138	136	133	132	134	132	133	133	126	133	131	74	52	58	58	65	67	65	76	75	90	92	96	80	
152	152	149	146	121	112	101	104	121	91	84	80	96	84	71	72	74	56	48	44	57	63	66	94	127	130	127	141	140	137	134	133	130	126	129	125	122	117	110	103	63	51	53	63	65	64	56	51	49	47	44	40	39	37	35	35	37	38	40	48	64	87	97	82	66	59	59	58	54	58	58	54	46	48	51	51	43	35	38	31	40	46	35	40	38	43	44	39	37	37	47	32	27	27	38	59	79	81	64	55	55	93	135	135	137	136	133	133	134	133	132	134	131	132	113	63	55	59	56	54	56	65	79	79	92	91	95	82	
152	152	150	124	75	83	101	91	83	80	80	76	79	71	52	35	37	34	39	50	57	63	69	81	115	128	121	132	128	127	129	128	122	113	102	90	77	65	56	48	53	53	55	56	53	51	47	43	39	37	36	36	36	33	31	31	36	39	36	39	57	83	96	95	100	93	84	77	71	60	67	61	55	44	48	53	40	36	40	37	42	48	41	47	41	48	48	41	39	44	52	40	38	34	37	51	62	81	65	64	86	113	131	135	137	135	133	133	136	136	132	135	137	130	88	64	54	52	58	50	54	67	75	75	87	84	88	80	
151	151	147	106	75	81	91	81	71	61	56	48	39	41	35	43	48	59	62	66	71	65	65	67	98	126	123	128	129	118	105	93	75	62	70	66	62	59	56	53	50	52	52	47	43	43	44	42	36	34	37	42	39	26	27	31	44	52	48	49	45	54	68	80	100	92	84	78	75	73	85	88	87	62	55	56	47	53	60	61	48	49	45	47	47	55	55	45	45	55	59	49	53	52	54	65	64	75	58	63	106	136	137	134	136	135	133	134	136	136	133	134	136	125	73	58	60	50	54	50	56	70	77	78	88	84	88	82	
150	150	148	101	79	60	48	42	41	39	49	62	59	65	65	67	54	62	67	64	53	46	49	50	81	122	125	107	80	70	63	61	56	51	63	61	59	56	49	42	42	47	45	38	36	40	38	33	26	25	30	40	45	44	41	40	49	54	47	50	48	52	46	44	62	92	100	97	90	91	85	89	99	80	68	63	55	73	87	91	60	53	50	48	64	70	67	53	54	65	73	63	63	55	51	57	59	66	67	82	124	143	129	134	136	135	133	134	136	133	133	132	130	118	70	53	74	56	46	48	51	65	78	79	88	84	88	81	
155	155	136	84	63	55	50	51	63	65	68	63	64	70	68	65	62	55	47	45	51	60	68	81	81	64	52	55	63	72	66	52	46	48	49	48	42	39	39	34	31	30	34	40	39	29	27	30	35	41	46	50	50	47	48	49	46	51	63	46	56	70	65	54	62	58	71	76	89	89	88	101	125	94	95	79	76	125	148	134	98	74	72	85	77	79	96	75	86	81	74	75	82	73	49	49	57	57	62	92	136	157	147	138	139	136	131	132	136	135	138	136	131	105	59	63	61	61	59	38	40	56	67	78	77	82	90	88	
151	151	130	76	57	62	67	62	61	61	65	64	66	65	56	54	51	49	50	58	65	67	61	50	52	63	65	62	63	56	46	41	44	46	30	37	37	34	34	30	27	26	29	37	41	37	37	42	46	49	50	49	50	50	49	48	44	43	51	70	70	84	77	67	88	85	106	82	88	107	88	97	134	142	157	135	129	144	110	114	101	103	99	96	81	77	98	84	94	101	90	80	77	68	53	57	62	65	70	79	101	119	124	130	130	134	138	136	132	132	131	132	128	86	53	67	62	64	60	45	43	52	68	80	80	81	84	84	
147	147	128	77	55	56	61	55	50	52	46	42	47	52	50	64	58	51	51	57	59	58	47	40	49	60	58	50	45	40	36	35	36	37	37	41	32	22	24	27	26	29	37	45	46	40	43	46	45	45	46	47	48	45	43	50	50	48	50	51	81	102	89	79	94	88	101	79	86	96	114	126	132	144	157	140	137	145	143	138	130	105	103	109	98	84	101	88	84	96	89	78	77	74	64	63	65	72	78	74	74	84	91	91	90	99	116	131	139	141	137	134	120	66	59	67	58	61	55	48	44	48	64	75	78	80	82	86	
140	140	114	58	42	38	42	45	48	49	52	59	62	55	46	54	59	66	72	65	51	47	39	42	49	39	33	40	37	40	36	29	26	29	41	44	36	28	33	40	48	42	36	36	44	52	50	47	46	47	49	52	54	53	53	60	61	58	60	73	75	83	105	112	97	91	93	84	88	81	121	162	149	142	172	171	176	170	163	163	163	131	118	108	101	88	106	100	87	101	93	82	78	76	70	65	68	77	87	90	86	85	86	81	80	79	86	100	113	127	137	144	119	65	74	66	55	55	53	48	52	57	60	67	74	80	87	94	
137	137	106	54	64	74	78	79	79	72	57	45	38	44	57	60	60	60	59	54	49	41	36	39	42	32	26	31	34	33	27	22	23	28	35	44	46	45	47	45	40	45	50	53	51	46	46	47	51	60	72	85	81	60	59	59	53	47	49	52	74	85	113	131	109	101	99	87	79	83	85	90	115	134	131	115	153	176	156	134	102	114	115	98	98	90	100	99	86	100	101	91	80	72	69	69	71	72	79	87	84	75	75	82	87	87	84	83	85	83	98	118	92	63	68	62	61	52	58	49	69	79	61	65	74	80	87	95	
132	132	118	85	79	68	62	58	54	55	57	60	48	38	43	46	46	44	39	36	40	40	42	29	26	48	47	28	27	27	33	39	42	42	44	46	43	43	43	38	43	47	51	53	57	62	60	64	79	91	95	92	77	56	58	61	54	51	56	57	58	84	105	104	115	113	104	102	86	100	95	82	89	90	101	85	118	163	175	148	109	116	119	103	100	93	94	97	90	105	94	91	88	82	78	77	77	72	75	84	83	77	78	76	77	82	86	88	86	82	77	86	60	68	71	58	65	50	63	49	81	100	68	70	79	80	80	86	
80	80	61	50	53	54	56	60	62	51	44	40	42	47	52	35	34	36	36	34	29	31	34	31	31	40	41	36	43	49	48	44	44	47	44	44	43	45	48	43	48	57	54	59	65	67	66	71	84	106	112	90	76	63	60	63	76	70	69	55	57	75	108	106	100	104	107	88	88	104	82	75	98	94	103	74	103	138	188	174	120	116	115	108	105	92	100	95	92	102	92	88	80	76	82	84	85	85	80	79	78	78	79	70	68	78	84	88	80	80	77	68	52	58	59	58	62	56	54	53	87	95	67	78	79	82	76	76	
60	60	53	46	57	62	55	48	43	44	38	32	29	29	29	34	28	23	23	28	31	24	26	39	51	58	61	56	48	51	52	50	48	47	41	43	43	39	42	55	63	65	51	53	57	55	66	69	65	92	109	87	82	97	104	99	113	85	61	52	70	78	88	90	103	102	117	88	75	76	58	78	112	108	104	69	111	154	155	155	150	133	120	113	103	99	97	94	97	98	94	91	82	77	83	87	88	86	76	73	77	87	89	69	63	78	91	94	76	77	75	62	51	52	54	58	61	60	52	51	77	86	69	82	80	85	78	75	
43	43	36	40	39	38	37	36	36	32	32	30	26	27	31	53	43	30	24	29	34	44	51	56	60	61	60	58	52	46	45	49	52	54	61	52	54	56	56	67	73	71	52	49	53	54	56	61	65	87	111	113	111	101	101	85	92	72	58	100	116	93	58	49	72	65	90	70	59	59	60	85	110	116	113	95	98	146	147	142	148	131	111	105	98	99	88	92	93	93	97	99	92	86	89	92	90	86	82	78	78	80	75	65	72	82	78	80	73	74	70	58	49	52	55	58	61	58	51	53	71	82	70	80	78	82	77	75	
39	39	45	56	35	23	25	27	27	32	31	25	16	17	23	40	43	48	52	54	51	50	49	47	47	49	53	56	58	59	61	64	66	69	66	57	60	57	46	46	69	75	55	45	47	56	61	82	104	115	120	115	108	101	88	72	61	61	66	99	106	78	51	52	77	60	75	58	57	56	58	91	109	100	96	111	87	114	113	101	122	129	120	117	97	93	92	104	97	106	103	101	95	89	89	94	92	89	89	84	77	68	62	63	82	85	66	69	73	76	68	58	50	50	53	57	57	52	50	60	79	83	68	78	75	79	74	75	
29	29	24	22	17	20	25	25	21	18	20	22	26	33	41	61	55	46	43	47	49	50	51	52	52	52	52	52	58	74	85	84	79	74	72	84	82	55	41	47	54	67	60	60	68	80	101	109	88	87	108	120	110	106	98	98	65	57	54	68	71	56	52	58	75	56	61	48	56	62	70	83	85	88	88	112	102	120	103	84	142	141	132	121	112	100	105	108	93	102	102	98	92	86	84	93	96	93	86	80	75	72	69	61	67	77	75	77	69	74	64	57	52	49	53	57	54	47	51	70	87	87	69	79	76	80	76	76	
25	25	20	29	48	48	31	18	17	24	30	41	55	61	62	48	45	47	51	54	53	51	50	48	49	55	61	75	95	95	98	97	90	79	67	77	61	42	47	50	48	62	67	82	88	80	69	76	84	98	121	120	100	100	97	101	75	62	41	36	54	66	76	75	86	78	82	63	53	53	79	109	108	131	144	131	119	144	125	100	137	123	119	111	111	106	108	102	103	101	105	101	95	89	86	100	104	97	91	86	81	78	77	71	71	82	87	92	80	77	64	60	58	53	55	57	53	48	53	74	83	83	69	78	74	79	75	74	
21	21	17	23	40	42	35	36	45	52	46	46	48	48	49	57	59	56	54	53	49	50	60	72	82	95	103	101	90	73	74	74	69	72	71	59	45	46	58	60	63	63	59	82	84	58	64	82	85	81	93	112	107	90	91	117	119	109	69	48	77	101	89	84	92	90	94	83	85	83	123	159	162	152	145	129	134	139	153	163	151	133	125	120	103	102	107	109	110	114	116	93	92	90	91	95	97	93	92	90	89	85	78	81	84	87	84	86	83	68	55	56	60	59	60	57	53	52	60	76	81	79	70	67	72	75	76	71	
17	17	21	35	50	62	62	59	57	54	50	53	53	52	57	51	54	54	57	69	75	84	97	102	96	90	77	67	67	58	66	65	60	77	68	55	54	59	61	66	71	61	50	85	85	55	64	80	89	85	89	104	99	90	108	155	171	168	103	48	80	117	113	112	104	116	116	102	118	119	143	146	158	128	111	131	134	113	125	183	161	136	120	122	107	112	116	124	94	110	108	97	99	88	96	96	78	75	87	85	88	104	97	87	90	88	83	79	77	57	50	55	65	64	65	59	51	54	68	82	85	81	73	57	71	72	78	68	
52	52	62	63	59	52	49	51	55	57	58	61	58	49	46	54	64	69	77	93	99	83	74	68	62	62	63	61	63	66	64	60	52	67	53	51	60	72	72	72	64	54	43	81	84	51	60	73	82	89	100	107	92	99	128	159	169	178	101	42	49	64	88	102	119	103	99	98	113	103	111	120	145	151	136	143	94	112	100	132	125	126	122	121	100	119	140	117	97	104	118	112	98	80	89	106	93	87	87	86	94	103	90	84	89	88	80	71	65	50	50	56	61	60	62	64	52	54	71	85	85	80	72	54	66	66	73	66	
55	55	52	54	56	60	64	66	66	58	53	50	53	60	67	77	89	93	90	79	64	60	59	54	51	51	55	57	62	69	56	57	45	48	43	46	57	74	81	81	53	45	41	81	85	52	59	67	72	82	99	109	91	96	123	160	165	164	94	56	48	51	53	49	96	96	125	113	104	124	105	126	146	139	141	139	104	104	97	111	119	129	122	117	107	116	126	116	97	100	117	99	93	98	96	96	93	85	86	91	101	107	91	86	91	89	79	68	60	48	50	51	52	56	60	65	50	53	74	85	82	77	71	51	61	60	69	64	
59	59	68	74	72	68	62	53	47	58	65	71	79	84	84	82	81	71	62	58	53	53	53	54	56	55	54	53	51	64	46	60	50	45	50	59	69	81	81	72	53	49	45	82	82	48	54	61	63	70	88	106	102	105	127	154	169	176	139	75	54	54	59	54	102	101	78	77	101	123	112	127	108	78	106	124	134	103	100	99	107	109	103	108	113	108	94	117	93	100	123	132	118	104	97	86	95	93	98	94	93	98	88	86	89	86	76	67	61	57	55	50	50	58	62	61	46	55	78	84	79	76	69	49	57	55	67	64	
67	67	62	54	49	51	58	65	69	79	85	83	76	68	55	57	63	63	61	61	57	52	47	47	51	48	48	53	59	78	48	64	57	51	60	68	72	76	69	52	52	52	47	82	78	44	47	57	63	64	77	100	124	144	159	148	144	142	140	132	98	64	44	58	88	92	85	95	92	83	106	116	110	88	96	119	144	164	165	114	101	102	95	94	97	92	91	91	92	96	129	141	122	111	111	131	127	90	81	89	108	113	89	84	83	77	70	65	64	64	60	53	55	63	61	55	46	61	84	85	80	76	68	48	54	52	67	65	
40	40	44	53	60	72	81	82	77	74	69	55	51	57	60	59	64	61	57	56	55	55	49	43	47	51	58	68	88	112	60	68	57	48	56	56	51	51	50	39	47	49	43	82	80	49	45	55	66	63	71	97	137	181	204	150	141	143	150	153	162	138	97	91	69	69	75	71	86	135	109	118	159	96	66	109	127	211	230	180	153	119	83	78	82	93	91	89	89	101	135	122	119	140	114	113	122	98	90	81	82	93	84	79	75	69	65	64	66	64	61	55	59	63	55	51	48	69	87	87	82	77	65	46	51	52	67	66	
59	59	73	83	77	66	66	64	54	51	53	51	57	50	53	55	61	55	53	45	49	43	50	58	79	97	103	72	83	115	48	72	63	46	40	40	39	40	40	38	39	42	33	84	81	53	51	50	56	76	107	136	145	181	197	147	141	161	175	161	166	157	156	132	109	97	87	85	103	122	104	124	156	102	92	115	140	203	201	145	130	108	83	73	84	101	97	93	110	101	104	103	103	119	150	111	130	118	111	110	99	82	81	74	70	67	68	67	66	62	61	61	64	61	55	52	53	80	82	89	81	76	56	44	48	53	66	64	
70	70	71	69	62	52	52	52	46	49	47	45	52	47	52	49	58	47	44	36	57	76	90	97	104	115	115	74	90	119	49	74	69	56	41	35	34	33	35	45	40	49	37	76	74	57	59	60	65	76	101	144	162	177	176	153	134	136	157	147	175	177	166	150	111	87	114	110	101	78	83	101	121	120	123	136	185	188	201	157	170	97	82	79	93	119	118	99	118	116	132	103	130	139	151	124	133	134	126	143	129	82	86	84	74	70	72	72	69	59	60	63	66	63	57	53	56	84	87	89	78	70	50	41	49	55	65	60	
52	52	53	54	52	50	51	52	50	50	45	43	50	41	47	41	40	40	85	96	100	89	88	93	93	107	118	80	106	129	50	72	71	63	48	34	36	36	29	34	49	42	38	82	76	56	68	69	66	81	113	152	173	170	181	133	141	129	136	180	188	135	156	137	120	149	136	160	145	179	145	142	88	116	135	208	226	232	196	144	138	87	74	86	107	113	117	117	130	145	146	138	166	176	138	141	159	155	176	183	155	134	90	79	70	69	73	72	66	59	63	67	67	62	56	54	56	85	87	91	80	72	51	42	50	54	62	55	
44	44	48	48	51	54	51	48	48	48	39	37	44	44	65	97	99	77	96	60	52	51	64	91	102	112	118	84	115	134	51	73	77	75	64	42	33	36	33	33	32	27	57	102	83	62	69	82	95	79	60	66	81	91	93	89	121	140	135	151	144	173	158	136	164	171	159	170	106	163	118	73	117	84	156	224	226	205	218	167	117	88	79	100	110	93	112	138	121	121	134	154	129	159	120	157	145	154	180	170	147	139	81	69	68	74	76	72	65	66	71	73	70	62	56	55	55	82	85	93	87	79	56	45	47	46	57	53	
47	47	49	47	48	48	42	38	42	40	46	59	70	71	99	114	98	66	99	64	51	40	50	81	103	109	119	95	113	133	50	73	82	84	79	58	33	28	39	44	33	33	51	80	95	88	94	85	72	66	69	68	71	84	86	86	120	152	148	155	144	137	141	181	210	209	177	171	141	149	150	100	111	100	147	200	158	158	167	164	131	105	104	111	117	94	111	119	110	94	128	162	132	147	131	150	127	169	165	157	145	137	100	69	75	79	78	74	70	71	75	76	70	64	60	56	56	83	86	94	88	75	54	48	45	39	51	51	
42	42	46	45	41	39	34	35	48	73	89	106	102	83	100	115	109	77	102	53	45	32	41	72	100	100	108	99	116	135	50	72	80	83	86	79	47	27	37	41	39	46	51	88	145	106	77	72	71	59	54	71	83	99	93	80	99	131	140	122	151	123	132	156	164	199	169	148	169	185	119	73	95	122	152	157	155	145	136	152	156	128	106	92	100	107	136	111	127	88	158	196	184	131	134	146	150	179	161	155	140	172	128	75	81	81	75	73	75	73	77	78	72	67	67	57	58	87	90	95	84	65	45	49	46	35	47	48	
43	43	27	34	26	52	65	97	102	85	61	84	103	76	111	114	108	74	100	42	40	42	48	74	82	91	98	93	113	116	102	87	82	75	86	89	93	61	49	44	78	117	92	160	191	130	85	66	86	65	65	82	74	85	89	96	121	140	182	189	137	143	144	124	125	123	189	148	138	131	97	99	97	124	134	107	135	117	125	125	156	126	93	97	123	128	108	111	104	127	196	198	214	182	174	120	149	158	180	167	161	138	107	80	80	80	80	79	80	82	84	76	78	67	67	67	65	79	81	78	64	49	49	51	50	45	40	36	
40	40	33	59	77	90	82	74	58	52	49	73	110	74	98	118	114	79	99	45	39	43	55	85	94	101	103	98	129	140	167	156	104	118	101	108	109	78	76	55	102	137	142	173	159	153	115	91	98	108	88	70	71	93	125	169	216	221	224	220	159	109	118	83	154	135	126	120	116	124	148	146	157	191	133	106	78	138	150	154	151	120	95	100	117	135	118	154	146	152	171	185	177	202	213	163	168	164	169	146	156	134	103	87	86	85	84	83	84	85	82	83	76	74	74	73	68	77	74	66	52	46	49	47	44	40	38	36	
52	52	53	86	78	47	50	49	49	51	61	63	115	80	103	119	113	79	92	47	37	48	57	80	97	116	115	104	163	178	159	168	159	167	127	181	153	101	96	92	86	154	174	170	157	197	146	105	82	121	109	63	100	162	208	215	225	230	238	227	168	139	118	98	96	91	105	121	119	106	99	110	119	179	120	86	132	109	110	116	145	119	116	111	119	121	121	112	124	124	149	174	173	186	232	206	193	179	150	131	145	126	88	88	87	85	83	82	82	83	80	102	86	87	77	72	66	74	70	60	51	48	50	46	42	38	36	34	
58	58	47	81	65	29	52	49	46	69	78	55	109	78	104	120	114	83	91	60	46	43	46	64	78	102	120	124	170	171	177	161	157	158	159	192	180	120	96	90	87	141	132	158	199	209	185	151	91	117	121	123	154	182	220	220	230	244	249	243	225	193	168	125	86	83	83	137	118	120	107	88	94	172	106	66	102	99	146	162	157	135	141	92	128	134	152	127	158	169	163	203	195	202	239	213	227	157	138	154	115	102	87	90	88	85	81	79	77	77	73	102	90	87	76	68	62	72	67	54	52	49	49	49	47	42	37	31	
69	69	48	83	66	29	53	60	62	73	86	67	111	76	96	115	111	83	86	69	51	34	44	68	66	82	123	151	167	131	154	148	151	155	156	153	176	149	92	108	112	114	86	127	166	167	187	174	200	237	239	194	180	179	222	239	246	248	246	252	221	225	164	147	97	105	109	135	134	122	132	120	162	140	99	100	105	123	130	123	156	118	159	177	162	155	173	172	162	146	142	165	200	194	146	171	198	144	154	170	117	114	97	95	92	88	83	79	77	76	69	83	93	79	77	71	65	76	66	46	45	46	49	52	52	47	41	34	
98	98	63	76	80	44	44	53	65	64	78	72	112	78	98	116	111	84	83	73	52	40	44	58	68	92	116	123	151	139	119	120	109	133	155	166	181	108	77	94	83	96	95	113	139	151	161	115	171	196	207	175	197	217	233	230	232	244	253	247	220	202	219	195	138	112	134	140	126	90	122	182	159	133	106	94	117	126	136	107	131	116	140	136	181	201	151	176	186	153	156	138	137	154	147	154	178	147	117	159	122	87	94	99	96	89	83	78	76	79	83	93	124	87	83	76	72	85	74	49	47	49	49	48	47	46	44	42	
111	111	80	75	82	38	41	49	62	63	70	72	109	80	95	116	108	82	81	85	62	51	43	62	81	121	125	122	137	125	83	92	98	156	167	169	198	117	76	55	87	107	136	151	137	128	128	103	140	169	165	138	184	232	245	232	236	245	239	219	203	226	222	221	197	194	117	138	152	111	136	220	220	179	118	134	114	139	102	92	142	135	189	194	209	214	161	154	165	161	153	186	155	114	166	183	196	173	189	153	106	107	101	103	93	91	82	80	71	77	90	85	157	100	85	77	67	79	70	45	43	42	52	52	49	41	48	43	
112	112	85	70	85	56	74	69	64	69	66	64	105	81	89	113	112	89	85	94	81	68	60	68	106	158	155	164	161	120	83	79	111	157	149	185	194	114	129	91	125	192	184	138	107	129	141	133	111	143	162	137	180	207	230	235	229	237	234	243	241	247	240	237	162	211	215	209	196	181	191	212	187	176	142	170	162	144	153	103	152	147	144	203	152	166	175	143	122	125	163	229	212	126	156	180	218	137	160	150	100	109	95	102	98	90	75	79	90	78	73	85	116	107	93	81	62	66	61	44	42	44	59	57	53	42	54	63	
115	115	91	68	85	69	98	95	81	64	60	55	101	83	86	107	114	92	77	87	81	81	73	80	129	156	138	154	154	124	88	80	100	129	135	147	153	184	171	183	178	231	252	225	108	104	120	141	104	124	168	118	129	136	180	201	161	168	212	174	197	206	130	137	142	143	202	182	208	236	243	236	235	210	153	171	208	221	189	154	177	192	132	131	132	110	121	166	142	155	224	245	242	242	168	176	228	223	185	121	104	103	104	104	93	87	88	79	83	107	92	78	90	87	78	75	61	54	55	52	45	45	55	60	72	61	51	70	
115	115	97	69	86	65	92	98	88	62	68	63	103	86	86	109	114	90	72	84	74	85	74	92	139	154	156	155	123	118	87	96	108	129	135	134	159	162	175	119	132	172	237	234	152	100	99	120	97	79	114	122	149	158	121	135	156	142	151	141	155	154	101	96	159	110	139	145	154	151	174	216	208	199	196	222	226	215	194	171	132	207	180	114	160	144	122	132	152	188	243	253	245	246	220	148	217	239	181	101	104	121	105	108	98	85	89	88	105	105	115	112	65	89	81	72	69	52	52	50	44	75	78	58	69	63	41	59	
114	114	100	68	94	72	89	91	85	73	88	77	107	88	84	108	111	87	72	91	71	70	72	89	136	147	140	125	113	116	118	117	137	139	163	118	118	125	122	129	152	146	235	216	133	96	117	132	143	127	135	120	125	169	153	138	159	124	111	158	121	86	91	80	160	132	127	139	122	88	98	189	209	211	215	227	226	207	191	147	105	201	186	125	132	146	142	140	165	163	239	249	242	229	231	181	183	224	160	123	109	112	107	106	104	93	89	90	110	136	87	100	91	57	79	76	82	59	51	49	45	109	110	84	90	87	63	66	
112	112	101	66	98	79	94	92	83	77	88	71	105	89	79	104	110	87	68	86	63	51	78	93	135	153	136	102	100	118	120	110	141	142	122	106	89	94	74	101	115	150	160	155	193	160	89	89	85	94	112	87	107	125	142	143	148	142	102	118	113	114	119	90	138	123	93	78	81	92	101	133	193	230	221	215	195	145	100	84	94	144	163	134	175	181	160	147	141	223	248	229	211	206	215	202	125	146	105	105	121	123	127	105	96	94	94	100	101	138	96	60	75	82	51	69	99	65	47	46	56	114	107	132	134	114	90	79	
113	113	105	64	97	72	86	87	81	70	75	54	95	91	79	109	111	93	64	93	78	86	106	107	113	115	123	92	75	99	77	81	148	177	130	97	75	83	77	118	115	121	134	147	170	161	130	159	92	89	96	84	114	111	103	116	109	163	155	106	94	91	107	121	105	145	129	89	70	94	116	113	143	207	188	171	189	129	95	85	100	126	199	187	149	149	164	185	147	228	240	240	221	215	216	215	200	127	104	117	123	135	116	102	90	88	76	108	147	101	79	79	102	73	82	95	88	64	45	45	62	119	110	132	135	96	70	85	
116	116	109	61	95	62	73	73	71	64	65	49	89	90	71	107	103	93	58	105	96	98	110	119	117	113	127	86	62	91	77	84	180	223	193	99	87	69	83	109	106	98	147	157	151	166	151	179	79	90	104	122	97	97	88	94	123	124	154	132	144	131	129	168	162	222	204	141	87	110	152	165	144	146	156	185	202	138	177	132	93	134	181	147	157	181	197	207	147	217	227	238	228	232	224	230	233	141	118	126	129	122	121	98	82	75	91	138	153	101	94	90	88	91	84	107	79	74	52	51	58	114	145	140	144	98	82	116	
112	112	109	69	93	72	83	79	70	62	52	47	76	85	69	101	104	92	59	99	75	85	114	110	114	127	133	101	93	116	96	97	179	241	230	136	104	73	64	83	100	105	124	96	107	122	142	131	85	111	109	120	137	139	104	82	94	119	140	144	171	167	174	163	190	218	220	215	194	180	210	225	220	168	165	210	202	145	202	194	164	198	214	201	174	196	212	220	146	159	175	235	235	234	229	230	235	158	124	125	125	115	106	89	81	65	93	153	164	97	83	82	84	112	89	84	117	113	81	64	65	121	159	133	150	120	100	107	
111	111	101	63	85	68	62	56	55	63	56	69	74	83	66	102	108	84	50	97	87	98	107	101	111	110	139	140	108	108	102	109	135	150	186	140	112	128	108	99	105	122	89	85	110	153	154	134	138	99	126	156	200	165	175	115	92	140	149	154	194	168	184	181	221	243	214	190	192	208	230	241	233	211	177	162	165	143	181	144	176	192	173	175	199	209	220	227	158	122	161	236	238	236	225	234	228	158	123	116	112	102	92	77	75	82	73	94	143	88	71	83	79	67	68	81	101	101	96	57	84	146	161	125	130	105	123	157	
113	113	102	72	83	63	44	52	70	76	84	103	92	86	52	90	99	78	53	95	92	105	108	97	106	117	147	140	109	106	106	115	128	112	125	157	159	136	144	158	119	95	80	95	87	117	121	103	109	120	135	165	153	148	141	101	105	102	132	152	166	174	187	165	232	241	226	195	189	185	216	195	170	175	129	143	193	161	171	182	210	183	169	154	179	220	236	210	168	167	202	240	241	241	230	243	203	137	114	105	100	95	90	86	78	75	81	82	89	108	148	131	89	75	83	80	85	94	95	72	110	182	179	132	122	119	150	171	
112	112	102	74	72	67	55	69	87	100	97	92	87	92	56	69	74	68	68	102	91	113	122	89	88	101	108	117	136	136	122	124	159	141	133	166	168	164	146	130	144	99	107	130	108	100	142	155	130	120	125	200	162	165	133	131	119	107	108	144	121	169	214	184	233	241	236	196	197	194	213	186	161	176	149	146	206	177	150	182	229	214	193	171	188	224	245	220	200	211	220	226	234	238	242	240	167	121	110	104	97	98	94	88	78	81	85	75	85	95	151	175	142	134	93	62	80	106	83	76	128	203	175	180	190	151	144	146	
109	109	100	74	71	94	94	98	92	93	87	75	86	97	53	55	52	56	83	115	100	147	165	114	101	82	76	112	121	120	101	106	157	145	169	129	141	129	142	96	94	113	112	107	93	107	137	116	151	130	121	135	140	139	95	101	146	134	87	108	96	103	142	186	234	239	244	207	196	206	199	202	161	149	165	158	207	214	170	189	211	234	219	194	197	225	251	236	230	242	235	229	232	233	247	213	134	124	117	109	95	98	95	97	87	80	95	93	100	112	90	157	100	82	82	71	92	130	85	66	136	238	204	218	222	196	173	149	
101	101	103	79	67	94	80	82	86	90	87	87	69	97	55	57	76	71	120	137	130	133	152	129	111	109	94	105	129	129	95	94	116	132	141	131	101	118	124	100	91	91	118	116	122	93	103	101	126	125	113	123	146	146	115	104	137	124	118	100	131	124	114	171	182	226	224	198	209	228	212	215	202	171	124	160	235	238	212	210	212	231	235	230	244	247	255	255	255	253	243	226	186	201	235	169	122	131	115	121	100	102	93	90	82	90	82	76	90	112	87	115	66	69	87	93	128	138	98	66	171	255	255	245	250	183	112	116	
98	98	104	75	59	84	73	84	94	84	92	81	76	97	52	61	85	74	100	133	135	121	133	129	111	121	133	131	130	137	94	90	120	120	90	114	99	102	96	116	170	107	104	121	151	116	89	93	139	144	129	127	153	184	178	140	136	135	121	103	119	122	103	130	162	205	164	165	140	224	231	239	233	235	189	145	182	225	245	251	214	214	226	241	252	254	255	255	255	247	241	220	179	163	212	141	124	125	119	136	105	84	102	90	88	84	80	79	80	90	72	65	112	92	105	124	124	111	96	66	182	255	255	255	243	191	114	92	
89	89	92	65	59	87	72	77	83	78	81	70	83	90	53	65	96	86	67	73	83	75	76	124	130	138	160	139	153	143	126	86	121	100	114	152	120	73	104	125	137	152	126	109	121	151	115	135	114	134	124	148	189	236	221	152	162	103	125	122	134	128	112	103	164	176	130	196	183	227	244	240	230	238	226	163	138	177	238	238	211	185	165	216	247	255	255	255	255	250	249	214	201	191	189	136	136	129	155	124	108	96	93	87	89	87	82	76	71	72	69	52	89	83	104	107	108	85	71	64	206	255	255	251	235	216	144	77	
99	99	85	52	58	90	69	68	73	74	67	78	95	71	50	82	102	108	98	81	75	80	70	82	113	126	131	131	143	133	127	90	128	121	92	161	133	93	109	137	165	137	135	150	145	117	114	134	105	122	136	105	145	171	137	126	144	108	118	128	150	120	175	154	153	193	221	179	211	208	232	236	240	249	230	163	118	147	185	164	193	149	174	209	241	255	255	255	252	251	242	228	227	230	178	163	154	151	183	124	119	122	97	96	96	113	101	80	81	79	80	86	67	83	100	83	118	140	122	85	195	220	232	226	219	182	167	96	
90	90	60	48	53	82	59	63	72	61	61	86	81	56	61	109	108	94	107	112	101	104	79	90	114	126	135	126	127	144	125	104	109	127	106	152	185	131	136	150	165	132	172	149	157	163	117	89	129	149	211	143	97	123	157	114	123	111	155	145	159	151	137	134	151	182	241	210	182	167	190	208	246	246	220	155	106	135	189	168	174	174	203	219	241	246	245	252	239	239	228	244	234	218	189	183	166	159	162	144	130	127	117	111	108	124	112	93	96	83	72	85	76	87	92	77	96	134	127	84	178	172	183	190	159	129	144	61	
100	100	58	48	55	83	55	54	63	59	69	84	59	67	108	116	144	130	140	138	106	110	98	106	109	125	138	113	129	116	113	95	120	148	152	137	131	156	102	110	142	145	144	149	101	131	113	94	90	112	155	163	89	83	95	80	87	111	141	125	131	168	128	115	186	209	192	196	171	165	189	194	240	246	221	156	107	131	138	164	188	217	235	236	234	224	221	249	227	224	217	228	229	200	187	171	164	154	141	149	135	136	118	117	114	113	107	101	101	114	91	92	84	95	104	125	112	132	103	77	143	137	126	105	170	175	110	61	
97	97	78	55	53	75	78	68	60	72	74	60	56	93	143	107	124	150	169	132	119	103	109	98	111	135	151	124	110	92	125	99	151	181	201	211	165	168	168	91	100	116	119	137	132	127	110	100	131	127	98	118	115	95	69	85	86	124	165	164	187	128	107	95	123	155	133	139	159	146	162	176	193	235	216	155	121	147	132	191	207	212	232	232	213	188	211	229	216	211	209	193	195	176	184	161	139	133	193	178	135	134	118	109	120	138	106	97	112	93	117	98	96	93	93	90	98	104	115	157	177	129	81	72	93	132	121	55	
