95	95	93	102	107	117	114	107	114	108	109	109	108	111	116	104	126	163	197	209	203	171	140	141	130	123	122	117	136	142	140	139	136	129	112	116	134	141	125	124	115	104	115	126	102	64	77	124	111	115	112	89	70	61	83	110	103	88	91	65	101	104	94	96	65	85	100	97	83	93	52	80	77	69	70	55	77	94	91	81	51	76	84	68	53	51	75	71	69	60	47	56	57	51	44	60	55	63	41	58	57	63	54	81	70	54	66	80	67	53	54	43	45	37	46	40	37	47	69	34	61	71	58	50	61	53	45	70	
103	103	102	108	107	107	102	97	103	104	106	107	109	112	116	127	148	179	207	217	206	187	150	128	124	112	115	119	109	104	92	97	99	91	96	98	133	151	137	113	108	124	132	129	98	71	91	135	102	115	109	97	78	63	86	97	105	83	78	63	91	96	88	93	61	84	111	108	100	102	61	92	84	83	77	56	83	97	91	86	57	85	93	81	69	56	75	82	92	63	54	53	64	55	51	63	61	67	50	67	66	59	59	81	66	48	76	90	74	52	61	52	49	47	44	37	32	42	63	32	63	72	60	64	77	61	51	81	
99	99	100	108	108	106	104	102	102	104	103	100	103	110	115	135	162	196	224	236	226	194	159	134	130	127	127	123	119	117	120	137	133	125	138	151	147	147	147	126	122	118	126	133	95	66	75	90	89	103	99	98	76	61	89	94	96	83	71	59	89	84	83	88	57	84	126	114	115	94	63	92	76	98	88	65	97	106	98	93	57	84	94	93	77	57	87	81	84	57	58	63	70	53	62	68	70	75	61	78	70	54	71	93	86	55	80	89	79	52	66	51	34	54	51	37	34	46	48	29	69	77	51	75	83	54	54	80	
95	95	95	98	97	97	97	97	97	94	93	93	95	98	102	128	148	172	196	221	227	201	164	137	129	124	119	109	103	97	101	125	135	141	145	135	137	132	127	144	141	111	118	111	111	62	56	56	65	64	72	73	68	54	70	67	80	73	68	61	84	85	87	86	61	83	116	105	110	98	71	95	88	100	85	63	83	98	91	86	52	78	87	89	88	66	97	93	85	60	61	78	79	51	70	76	78	70	70	89	87	55	76	97	96	55	75	89	80	42	56	44	30	52	50	42	50	58	50	34	81	90	46	86	78	53	76	83	
74	74	74	75	74	74	76	78	80	73	72	77	82	84	89	110	123	140	161	188	206	204	176	139	121	109	102	95	91	82	76	83	80	81	73	94	92	102	120	106	103	105	131	120	121	70	89	108	105	84	83	63	59	59	68	59	69	63	65	57	56	49	52	57	51	58	76	67	71	69	47	79	87	88	80	73	83	93	86	87	64	92	97	97	79	68	100	91	72	54	74	79	73	47	68	79	87	64	74	82	81	45	78	93	95	54	75	85	66	47	61	54	44	66	68	46	52	57	54	51	74	77	44	90	74	56	91	77	
59	59	57	54	55	56	57	58	58	56	53	58	61	60	66	92	106	119	137	159	182	204	194	152	121	97	83	89	96	89	82	81	72	78	87	91	94	100	98	83	87	125	155	137	97	59	72	102	104	114	124	115	93	78	95	104	101	87	79	72	76	77	81	77	62	77	89	80	74	68	49	68	65	60	50	48	53	51	53	58	41	64	61	59	64	66	92	82	62	51	73	67	72	58	69	77	82	61	81	88	81	50	78	85	87	59	82	82	56	51	63	60	52	73	77	45	62	63	46	50	76	71	50	86	75	64	89	71	
52	52	51	50	52	54	53	50	48	50	42	45	45	41	49	79	90	102	116	134	159	188	187	161	132	104	91	108	131	135	136	129	111	113	120	120	114	90	73	72	120	141	140	110	67	61	71	93	57	70	62	75	66	74	67	86	79	80	73	76	93	100	107	100	71	105	119	108	90	77	59	81	78	82	66	61	75	65	73	75	56	76	70	67	56	52	56	53	55	53	57	55	61	40	46	56	56	44	58	70	65	50	64	71	72	56	75	69	52	58	68	67	59	78	84	48	78	74	41	51	86	74	64	88	75	72	86	71	
57	57	54	50	54	55	53	47	42	42	33	37	38	35	46	77	83	90	98	110	137	174	186	171	141	103	82	90	99	103	111	119	122	140	118	115	119	89	83	135	136	120	115	92	67	63	63	87	55	83	55	70	62	83	58	88	78	81	63	68	78	72	81	89	71	89	103	102	86	76	65	94	96	110	83	69	93	78	85	82	63	84	81	82	69	77	84	95	94	72	118	137	125	81	94	114	101	78	57	61	54	51	49	50	53	43	54	48	44	46	55	54	45	63	68	42	70	65	42	57	74	59	64	81	62	66	76	65	
54	54	46	47	50	51	47	39	33	29	30	30	31	36	42	55	71	69	77	92	119	154	175	166	157	120	97	83	77	81	77	75	82	97	125	145	133	129	135	105	120	148	103	73	89	79	78	72	57	66	80	78	65	80	74	89	81	99	74	69	76	83	69	58	70	91	102	123	133	73	77	92	104	109	85	68	100	82	100	72	62	90	76	71	57	73	71	84	77	67	88	57	45	41	67	54	60	55	60	62	71	53	47	55	54	69	62	62	53	50	56	51	53	49	51	48	53	49	50	45	55	55	52	49	46	53	58	51	
70	70	64	61	63	63	61	57	54	57	52	45	43	51	61	72	77	70	77	92	115	148	167	163	151	128	130	107	95	89	85	92	109	126	128	120	114	98	84	116	152	130	74	57	67	70	75	65	51	57	71	77	73	75	89	103	93	98	74	76	77	80	66	55	64	101	97	104	121	69	78	84	104	90	74	61	104	73	91	70	66	89	73	65	51	61	60	74	68	53	65	65	48	35	80	38	36	46	33	32	39	41	29	43	37	68	55	50	41	30	52	47	55	51	54	49	57	50	51	51	54	49	52	52	50	59	63	53	
88	88	87	82	82	81	79	77	77	79	79	75	69	67	69	87	88	81	92	99	112	137	157	164	145	130	143	95	66	67	69	70	66	61	68	98	68	59	80	117	136	93	49	52	60	70	70	56	48	50	59	69	76	65	73	93	88	99	79	73	70	72	63	57	67	93	78	80	104	60	71	71	103	69	63	55	105	61	71	60	61	78	66	59	43	55	49	40	43	53	42	66	65	58	98	39	28	50	19	18	23	40	22	44	47	56	24	19	37	23	53	42	56	46	44	38	49	37	37	42	36	29	41	53	63	79	71	55	
87	87	90	88	85	82	80	78	77	69	73	75	70	66	65	78	75	71	87	97	110	129	147	152	127	119	142	98	69	61	59	63	64	63	67	95	68	51	47	66	99	80	49	53	62	73	66	54	53	52	55	61	77	80	67	91	89	110	85	66	60	61	57	56	70	87	83	88	108	61	66	65	104	61	63	59	103	61	65	57	56	64	60	55	42	48	41	24	33	50	58	67	62	59	68	44	35	53	18	20	27	42	19	28	33	25	23	21	33	25	48	35	59	51	42	45	56	41	40	45	35	38	48	33	40	68	65	47	
89	89	89	84	82	79	76	73	72	69	65	60	58	64	73	80	71	65	80	89	107	132	151	140	118	115	144	120	90	80	72	71	70	68	74	90	69	54	54	63	98	92	64	59	62	77	69	54	53	53	54	57	69	76	75	86	91	104	86	85	79	75	66	67	87	79	82	89	106	67	63	63	95	62	64	61	87	63	66	60	55	51	52	50	46	36	37	38	46	39	30	28	34	53	42	34	36	50	24	28	41	42	18	15	46	24	28	31	47	50	56	42	57	49	41	42	47	34	36	37	32	38	47	34	44	76	72	50	
86	86	85	84	85	85	83	81	78	70	61	49	43	49	58	60	62	70	92	97	109	121	137	122	109	106	129	127	110	106	100	98	98	96	94	95	71	48	53	60	97	91	80	86	83	103	103	87	83	82	87	91	100	97	116	83	86	83	85	94	89	85	72	75	101	85	85	87	103	79	69	71	93	72	73	69	78	67	60	61	60	53	57	54	42	29	31	30	42	38	31	27	26	51	44	25	30	35	15	20	42	29	15	12	38	14	22	40	55	56	55	44	46	41	44	42	41	33	39	37	40	45	52	44	49	78	79	62	
82	82	91	83	80	86	90	90	90	87	80	71	47	60	64	71	65	65	93	100	110	115	122	118	99	104	108	108	92	89	81	77	85	74	71	66	66	53	50	65	100	92	88	86	79	87	89	84	82	84	81	84	90	79	106	95	97	82	93	92	91	89	86	92	106	97	86	94	110	64	74	66	99	61	71	70	88	68	61	61	62	61	61	56	35	29	27	24	28	30	27	26	28	39	43	39	38	35	25	27	38	34	26	25	28	28	27	31	46	48	50	47	46	47	50	51	47	42	40	33	29	30	35	37	56	78	83	84	
80	80	92	84	86	90	84	78	81	87	92	93	70	76	69	88	76	73	88	83	88	102	115	113	91	95	90	87	83	74	73	70	64	60	59	58	62	61	58	65	102	93	85	74	62	63	65	65	65	65	61	62	66	54	83	96	107	93	92	93	91	91	97	112	129	112	91	96	109	59	70	64	105	66	79	76	88	65	61	59	60	60	57	53	36	36	33	30	29	30	37	36	33	30	25	17	17	28	35	25	16	16	16	18	36	60	59	54	61	48	45	49	47	38	41	40	43	46	44	38	33	26	27	37	63	84	85	89	
81	81	90	81	87	86	70	55	52	47	53	57	53	61	55	59	50	54	58	50	61	89	109	108	85	90	94	103	98	88	87	84	79	81	81	77	62	55	53	60	99	92	84	70	56	58	62	65	64	63	60	63	63	66	107	112	101	90	96	94	94	92	94	99	106	100	87	93	105	60	71	64	98	60	72	71	78	61	61	60	60	59	55	49	32	36	35	29	25	26	29	30	34	40	41	38	27	27	30	24	20	18	15	17	34	54	53	50	56	45	38	39	44	49	57	44	52	61	59	51	47	36	31	38	62	80	79	86	
81	81	93	87	90	90	74	52	42	53	55	57	70	81	78	81	86	81	66	56	72	94	109	105	78	84	112	150	143	159	160	158	170	155	118	118	78	49	46	57	96	90	83	70	56	60	60	62	62	60	59	62	64	71	90	108	108	101	93	91	93	95	95	92	88	87	88	98	102	57	66	65	91	53	62	68	78	68	63	62	62	60	54	47	36	42	43	37	32	31	30	32	36	41	42	38	34	31	23	20	29	35	34	36	39	40	35	39	50	45	51	48	54	62	51	46	58	67	64	56	53	49	45	42	58	73	72	84	
82	82	96	92	91	93	82	60	49	76	80	79	94	87	67	95	135	106	70	56	73	99	111	103	70	75	111	159	140	183	185	178	174	139	91	114	76	51	54	68	99	92	83	65	48	51	53	58	59	56	59	63	62	61	62	101	107	104	99	100	95	92	93	94	94	86	90	97	94	51	55	59	80	44	52	61	66	63	63	62	61	58	50	42	30	32	34	32	28	25	26	28	33	37	36	30	28	35	31	17	17	36	49	48	52	49	45	49	58	58	56	43	50	66	55	52	59	61	57	54	56	60	59	49	60	72	73	85	
83	83	94	89	92	95	83	68	72	142	145	139	150	123	89	101	180	131	80	61	74	102	106	97	69	70	91	134	142	180	177	184	145	132	105	129	77	49	50	55	98	93	83	61	41	44	48	57	60	57	62	69	62	56	54	108	100	96	105	101	94	90	90	89	87	85	86	91	102	82	85	84	100	75	81	84	68	61	60	60	58	54	45	36	29	25	25	31	30	23	25	30	37	43	44	39	35	42	46	35	32	44	53	55	62	58	53	53	56	57	37	38	58	69	75	74	66	56	49	50	55	57	55	48	61	75	77	89	
80	80	98	92	98	97	90	74	88	175	179	171	165	126	88	124	181	146	83	65	73	94	108	97	70	70	87	111	124	146	144	160	135	141	104	125	75	51	55	66	103	92	82	67	50	53	60	63	61	65	76	84	80	73	70	106	105	100	100	94	90	89	92	91	86	87	87	92	102	98	99	89	91	77	77	74	60	55	58	57	54	47	39	35	42	34	28	29	30	28	41	38	40	40	27	25	41	43	43	53	56	54	57	62	60	52	50	54	53	44	45	63	80	78	76	82	51	35	43	47	44	42	48	52	63	76	81	93	
76	76	102	94	100	97	97	75	84	140	155	177	187	145	100	121	135	138	87	59	76	91	110	97	71	73	96	106	109	123	120	129	125	131	104	125	81	54	53	67	107	93	84	82	74	80	82	72	68	76	85	94	96	88	97	103	102	101	101	97	93	90	89	88	88	83	84	85	84	79	75	71	69	64	60	56	54	52	49	49	45	36	29	26	33	27	20	15	13	12	22	33	34	24	25	46	47	31	34	51	51	45	47	49	53	49	48	51	49	54	65	69	68	66	60	67	42	34	50	55	37	35	54	63	68	77	83	95	
77	77	104	97	102	100	101	79	81	105	118	141	146	106	77	102	154	139	92	69	78	90	106	94	73	72	87	98	103	114	111	119	116	119	104	125	82	55	54	69	106	92	84	88	90	97	96	84	84	89	82	86	98	98	103	106	103	100	98	97	96	94	89	87	86	81	80	77	74	70	67	64	62	61	58	54	49	47	47	44	44	43	37	30	41	40	39	37	37	37	35	34	30	32	42	41	43	53	64	69	68	61	51	48	62	57	48	49	54	67	71	69	64	64	62	53	55	55	58	59	40	30	43	57	70	80	85	95	
78	78	106	100	104	104	105	82	80	90	108	115	97	80	99	126	172	133	97	69	73	81	92	81	71	71	82	99	107	115	115	123	122	123	104	125	82	56	55	70	110	96	84	87	91	93	98	92	97	106	92	82	95	106	108	108	106	103	99	95	92	90	90	86	80	78	75	70	65	63	62	61	59	54	50	45	42	42	42	35	35	45	47	37	22	20	18	18	24	31	22	16	33	48	37	28	43	62	67	64	68	62	50	57	60	49	45	55	63	65	68	71	71	74	77	72	64	63	67	68	67	51	47	59	76	85	85	91	
78	78	107	101	105	106	109	84	81	94	109	108	90	72	76	124	142	104	96	59	73	73	74	66	68	73	85	104	106	111	115	124	125	124	106	126	84	56	55	70	114	99	85	88	93	89	89	89	97	106	97	81	85	100	100	103	104	102	99	97	92	90	90	82	71	66	63	59	55	54	54	51	48	43	39	39	41	44	44	34	27	37	42	33	30	35	35	31	29	31	22	36	45	42	41	40	54	68	63	59	64	59	45	44	45	45	53	63	63	64	65	69	68	64	65	70	52	55	68	65	69	66	61	67	84	90	83	87	
79	79	108	101	104	107	111	85	80	90	107	113	126	116	93	115	133	96	91	67	76	62	62	52	61	67	78	104	110	112	117	125	126	123	109	129	85	57	55	68	110	96	83	87	93	83	81	92	102	104	102	95	95	107	104	103	104	100	95	96	97	92	78	64	56	51	49	47	46	46	47	43	40	39	39	41	44	47	51	45	34	39	42	29	24	33	35	28	20	18	33	38	30	41	74	72	63	67	62	57	55	50	42	39	47	55	68	73	67	65	64	68	67	62	66	69	59	63	71	66	65	62	56	60	82	91	85	89	
78	78	108	102	105	108	112	85	80	96	113	108	123	129	112	110	101	94	105	51	69	56	50	44	59	72	90	112	112	113	116	124	124	119	109	130	85	57	55	68	114	103	87	91	93	84	80	97	106	99	100	104	101	100	99	102	105	104	101	93	98	94	62	43	42	44	44	44	44	45	44	44	44	44	47	48	46	39	36	38	30	34	36	23	26	30	28	22	22	29	44	35	32	40	43	47	55	60	60	52	41	40	44	48	56	59	65	71	68	69	65	66	64	62	66	70	73	71	66	67	67	68	68	66	85	92	87	91	
77	77	107	105	108	110	112	85	82	95	116	109	117	121	114	111	102	96	107	60	68	47	46	48	51	67	91	108	112	117	117	127	125	124	109	131	83	55	56	68	120	115	91	91	81	92	97	106	109	108	102	94	98	106	106	105	104	101	101	100	96	99	62	50	53	55	55	52	51	51	52	53	49	45	49	54	50	42	42	43	35	39	42	31	39	35	32	35	40	45	32	32	37	52	50	42	52	58	51	39	39	50	56	57	61	57	60	68	68	68	64	61	64	67	68	63	55	60	69	69	70	75	76	68	86	90	99	95	
78	78	106	105	109	110	112	86	82	99	120	112	118	123	117	109	95	91	108	63	70	51	63	78	75	69	73	94	112	119	122	132	129	127	114	134	84	54	55	67	115	107	87	89	85	95	98	104	106	106	103	99	101	105	105	105	103	101	100	98	100	91	54	50	56	51	53	54	53	53	57	56	54	52	46	42	46	44	31	31	27	35	39	28	33	21	24	42	47	37	25	33	42	58	52	42	51	53	42	40	51	60	55	46	44	45	59	71	73	75	71	69	71	72	71	66	62	65	69	65	68	69	69	64	83	87	93	90	
79	79	104	107	110	109	113	88	81	93	115	106	107	110	104	106	87	82	105	63	72	72	87	81	68	62	77	105	112	121	125	135	132	128	115	134	84	55	56	69	109	100	90	92	90	93	98	103	106	106	105	102	103	105	105	104	103	101	100	96	98	77	46	48	49	43	49	56	54	51	53	52	55	56	47	40	45	49	42	39	36	45	48	38	38	44	49	47	43	40	30	36	45	57	49	37	50	54	46	46	56	58	50	49	54	64	73	77	73	56	55	57	61	63	62	64	66	67	62	56	57	62	66	64	85	89	93	88	
80	80	102	108	113	109	113	90	79	89	115	110	111	115	110	106	83	77	101	59	72	90	109	88	75	69	81	112	113	121	125	135	131	128	110	132	84	55	58	70	99	89	89	94	98	94	98	99	100	102	105	110	108	104	104	103	101	100	99	94	92	65	44	46	47	42	41	42	41	43	48	53	57	61	59	56	56	56	51	46	41	44	43	38	39	51	54	43	35	35	29	36	43	55	52	50	51	52	55	53	54	52	46	46	57	66	65	62	64	70	69	71	73	71	67	58	62	65	63	65	68	68	68	65	86	90	96	91	
81	81	100	109	115	109	114	92	79	87	119	118	122	124	119	105	85	86	109	58	70	88	110	93	81	70	77	112	112	119	121	130	128	125	107	130	84	56	56	65	92	89	106	117	120	102	102	99	98	100	105	112	109	103	104	103	102	100	99	95	92	63	47	50	68	68	60	55	53	50	45	46	50	53	53	51	52	51	49	46	43	42	43	45	49	50	52	52	46	39	32	38	42	49	44	43	48	53	60	57	57	57	55	56	61	68	61	54	55	53	55	59	63	61	56	56	63	65	68	75	76	73	72	64	83	90	99	95	
82	82	99	110	116	109	115	93	79	88	122	121	122	119	111	102	90	98	120	59	67	86	115	102	87	67	76	116	113	117	117	126	124	123	106	131	86	56	53	59	77	94	140	162	154	110	103	98	95	98	104	113	110	103	103	102	101	100	99	97	96	67	48	54	96	115	112	113	109	84	51	49	59	60	55	52	58	61	57	56	49	42	41	48	47	51	50	43	38	38	29	37	42	51	46	45	56	61	60	57	60	62	58	58	76	110	123	119	115	107	107	109	108	102	94	87	87	81	77	79	71	70	72	59	77	85	99	95	
85	85	102	114	113	111	113	107	74	83	115	124	122	123	115	113	101	96	124	60	66	84	110	108	86	68	69	112	108	118	115	124	129	115	102	132	70	59	50	51	67	75	143	139	151	122	89	87	91	95	104	112	108	105	104	99	98	98	101	98	93	77	48	58	102	120	122	121	126	96	47	50	59	62	59	55	60	56	54	49	56	41	54	58	54	43	50	50	42	41	32	38	42	42	49	55	59	62	60	58	64	69	66	58	103	155	153	152	147	138	140	144	150	152	152	149	150	146	144	149	146	142	143	92	97	101	98	102	
85	85	100	114	118	121	119	105	68	82	117	128	125	127	119	110	105	103	126	60	68	85	113	113	88	68	71	120	113	113	119	123	122	118	106	129	72	53	44	67	86	65	87	78	96	76	62	77	95	98	100	108	106	101	106	109	107	102	98	99	94	78	49	62	107	114	95	103	111	104	54	58	56	55	62	76	77	86	86	63	57	62	73	92	103	57	53	45	40	36	32	41	45	45	53	60	64	66	60	55	57	57	58	63	113	161	157	154	148	142	146	152	157	157	156	149	149	146	144	148	144	144	150	92	91	100	100	105	
85	85	102	119	120	122	119	109	77	77	110	119	116	121	118	117	115	110	128	61	66	81	112	116	87	66	71	125	125	122	124	122	120	122	102	126	77	55	48	74	76	66	66	55	71	70	72	87	107	105	101	106	108	108	104	102	102	101	101	98	95	78	51	67	112	119	65	71	77	107	67	57	65	67	54	98	80	73	106	78	63	72	46	53	111	50	53	41	41	35	35	46	51	51	58	63	65	66	62	59	63	62	61	64	120	165	161	157	150	147	153	160	162	159	155	152	151	148	147	148	145	145	154	91	84	101	104	103	
85	85	100	113	108	105	101	96	75	84	115	118	112	122	125	108	98	94	118	65	68	81	112	118	87	67	73	127	142	146	127	118	122	121	102	129	81	57	47	47	50	56	51	46	56	64	81	96	110	109	108	108	105	102	98	98	101	103	103	99	97	78	52	71	116	127	51	55	56	113	73	58	51	58	57	91	55	47	73	59	63	84	50	50	107	54	62	42	41	40	41	53	57	56	60	63	65	65	60	58	60	55	50	56	120	161	160	156	149	145	154	161	159	153	149	152	149	148	148	147	145	146	153	87	81	101	103	96	
84	84	86	83	82	91	93	95	83	94	123	124	113	122	127	104	93	91	116	68	66	80	113	116	87	72	74	115	123	131	106	98	104	99	99	117	75	58	53	46	67	58	48	61	79	74	84	94	93	86	84	76	70	65	53	53	71	92	105	100	99	76	50	73	117	120	48	56	53	117	62	57	66	64	56	85	70	57	76	62	75	96	96	100	79	54	57	38	42	49	43	53	58	57	61	63	61	59	56	58	64	57	49	49	122	158	158	153	146	145	155	159	154	147	144	148	143	144	147	145	143	146	148	83	86	104	97	91	
84	84	94	99	87	84	83	89	86	96	129	131	117	121	122	97	97	101	121	69	64	77	106	108	81	68	69	108	111	113	115	118	121	123	122	117	75	57	52	68	83	68	62	64	71	67	56	59	65	58	55	45	43	50	53	70	89	100	103	101	100	76	49	73	116	119	57	59	54	119	60	53	62	61	58	77	82	68	70	56	61	49	49	42	46	48	54	45	43	40	37	48	56	57	62	66	65	64	62	64	70	61	50	48	124	156	156	149	140	146	155	157	150	143	142	145	138	140	146	143	143	144	138	76	89	101	87	84	
86	86	95	103	93	99	103	107	82	96	130	127	133	132	117	101	105	115	121	80	69	80	108	83	69	63	74	115	123	116	113	114	116	121	129	128	103	67	56	72	103	90	95	71	52	51	43	56	60	72	77	86	88	96	67	98	107	108	101	102	100	78	53	72	115	113	55	54	51	120	56	56	59	57	56	58	59	49	49	52	48	41	39	50	53	47	51	41	34	28	33	47	54	57	63	60	64	69	66	64	65	58	50	52	137	156	157	148	140	147	159	157	148	148	146	144	141	142	144	144	144	141	146	60	81	98	90	85	
90	90	101	116	111	118	121	119	79	91	131	134	136	141	129	113	110	117	120	88	70	77	99	110	141	103	74	107	113	116	114	105	93	83	77	72	57	43	57	82	109	86	109	104	86	97	100	114	98	93	78	77	78	98	62	100	102	105	105	103	100	79	55	72	115	102	52	56	55	119	56	61	65	58	52	60	65	65	77	59	69	108	111	115	80	56	54	50	48	41	38	50	58	60	62	59	55	55	56	57	58	54	49	57	143	155	156	147	141	149	161	156	147	149	145	142	142	142	143	143	144	137	140	55	77	89	87	88	
85	85	97	117	115	118	118	117	76	82	127	141	118	120	111	94	90	95	104	83	68	73	78	73	113	91	60	68	61	54	49	51	58	64	63	66	69	70	69	68	87	60	85	93	68	68	61	73	67	66	53	62	64	81	62	107	102	102	105	102	102	78	55	73	115	123	94	95	87	119	53	56	62	62	72	102	124	122	105	61	70	114	110	105	88	53	49	53	56	45	39	54	64	63	61	61	56	52	58	65	67	63	57	66	146	155	154	147	143	153	161	155	146	146	142	141	141	142	142	143	143	139	122	62	82	85	82	92	
79	79	90	112	115	115	115	116	76	78	103	112	90	103	104	98	98	97	98	78	70	73	81	48	54	65	64	57	64	65	67	69	69	70	73	70	65	59	55	53	57	38	50	60	56	57	53	71	68	65	50	62	66	82	63	109	105	102	103	102	103	78	54	74	115	131	123	127	120	123	54	58	65	63	72	104	121	112	100	67	77	109	105	116	79	50	49	51	52	42	40	55	67	65	60	62	55	46	53	63	63	58	55	76	149	156	152	145	144	157	160	154	146	143	139	140	140	141	141	142	142	143	103	66	86	89	83	93	
74	74	83	106	115	113	113	117	77	72	91	108	102	99	87	78	81	77	72	55	54	63	91	86	74	64	75	71	66	65	66	71	78	82	72	67	60	56	62	72	75	75	73	67	61	53	51	72	70	68	55	68	70	79	56	104	106	105	103	101	104	77	53	75	114	121	125	131	132	119	54	55	61	63	77	114	129	115	102	66	81	111	102	113	71	52	56	53	50	42	44	54	67	68	60	61	58	49	54	65	62	56	56	85	151	156	150	144	146	159	157	152	145	141	138	138	140	140	140	141	141	143	83	68	82	89	82	88	
66	66	78	102	114	111	110	115	77	78	65	50	60	65	72	67	68	64	68	67	72	73	91	96	89	74	85	85	90	88	82	72	60	52	56	67	80	87	85	81	81	96	105	96	60	45	52	72	66	64	50	59	60	76	55	104	104	104	103	101	105	76	52	77	114	123	128	125	131	109	54	58	64	61	71	109	119	105	95	54	79	117	110	123	65	47	52	49	47	39	50	55	67	73	65	63	56	41	44	56	52	48	54	95	154	157	149	143	147	159	154	150	146	140	138	138	139	139	139	140	140	140	68	80	79	86	84	87	
52	52	63	91	107	103	103	103	67	63	67	67	83	73	71	72	71	72	75	78	74	74	83	80	78	79	78	62	60	55	52	57	69	80	83	83	89	100	109	114	114	115	110	93	50	49	57	72	63	65	53	58	60	78	59	107	104	102	102	102	104	75	55	75	114	121	124	118	124	105	56	59	65	62	75	113	128	110	98	58	82	108	95	122	63	49	50	48	47	41	52	59	68	72	68	63	59	49	53	62	60	59	56	99	154	157	149	145	148	160	153	148	145	141	139	136	142	136	141	140	139	134	70	83	82	84	84	88	
44	44	53	77	91	87	90	86	64	61	63	63	71	66	71	71	65	71	63	68	63	56	55	55	56	56	56	57	61	70	79	84	91	97	100	104	109	111	109	105	107	111	105	88	49	50	53	72	59	62	50	50	56	78	58	106	105	103	103	102	103	72	59	74	114	123	127	120	120	102	52	57	65	62	79	110	128	107	94	55	90	112	91	126	57	54	51	47	45	44	51	63	68	67	67	62	58	50	57	62	63	63	51	105	153	156	147	147	150	161	153	146	143	142	140	132	148	133	143	137	136	120	71	75	84	82	83	91	
39	39	38	44	51	52	56	58	55	65	65	71	68	66	70	69	62	72	61	58	61	55	58	64	70	76	80	83	88	93	100	103	107	110	110	108	105	104	103	103	104	108	103	86	47	48	48	68	56	59	49	51	57	77	58	105	104	102	102	101	102	70	58	75	113	123	128	122	120	100	51	57	64	62	79	110	127	106	93	56	94	112	93	124	54	52	49	46	43	41	51	63	69	68	68	63	58	50	56	62	64	65	56	115	157	154	142	144	154	159	153	146	143	141	140	134	148	134	138	134	136	102	63	81	80	82	87	95	
62	62	62	59	66	73	75	77	79	72	73	90	75	78	84	82	70	85	73	68	91	92	97	101	104	106	107	109	111	111	111	109	108	107	108	107	106	106	108	110	105	107	103	86	47	48	49	73	63	61	51	54	58	77	58	105	103	101	100	99	101	67	58	77	112	123	130	124	120	99	50	58	64	61	79	111	125	103	91	57	99	112	95	119	51	51	49	47	43	41	49	62	67	66	65	61	54	46	53	59	62	63	59	122	158	154	142	144	158	156	150	145	142	141	138	134	146	137	136	134	136	89	62	85	78	86	86	87	
85	85	82	86	80	66	59	61	65	66	67	96	69	78	87	101	80	86	67	62	112	111	112	113	112	110	107	106	106	107	110	112	112	110	107	108	110	110	110	109	106	108	104	88	49	50	51	78	67	60	50	52	56	78	58	104	102	100	99	98	99	64	56	78	110	123	131	125	120	97	50	58	64	60	79	111	123	99	86	56	103	109	94	113	50	51	51	48	44	42	47	59	64	63	63	58	50	41	49	56	59	61	60	127	157	155	146	148	160	153	148	144	142	140	137	133	142	138	136	136	130	78	62	82	80	96	87	86	
107	107	110	115	99	61	48	51	51	56	57	94	55	68	78	89	72	90	70	52	104	107	113	114	113	109	106	107	110	109	110	112	111	107	111	112	112	112	110	109	107	110	106	89	51	52	52	82	70	60	50	53	55	78	58	104	101	98	97	96	98	62	56	80	109	122	132	127	120	96	49	59	65	60	79	112	121	96	82	55	105	107	93	107	48	49	50	47	44	40	47	58	64	63	62	57	49	39	48	55	59	62	65	137	155	152	147	149	160	151	147	143	141	139	135	134	138	138	136	133	114	65	66	83	85	101	86	88	
104	104	105	113	104	67	53	56	47	55	56	95	50	64	74	89	70	89	70	54	117	112	112	113	113	110	107	108	109	107	110	113	112	109	110	110	109	110	112	113	108	111	106	90	52	53	53	83	75	63	53	58	58	77	58	104	101	99	96	96	97	60	55	81	108	117	129	125	119	95	49	59	64	60	80	113	119	95	80	54	105	106	93	103	45	47	48	45	41	38	48	60	65	64	64	58	49	39	48	57	60	62	73	148	154	147	145	149	159	149	146	143	141	138	135	134	136	136	134	128	97	58	76	89	88	96	79	89	
110	110	109	109	89	73	48	56	51	56	61	91	64	76	83	90	64	86	72	58	116	111	113	112	112	112	112	111	108	108	108	108	108	108	108	107	107	107	108	109	108	111	106	90	51	52	53	69	76	56	49	56	55	71	63	105	103	102	94	96	93	57	50	84	106	95	104	105	107	90	54	60	63	59	80	116	112	96	81	54	103	109	100	96	46	49	48	41	39	42	50	61	67	68	66	55	42	39	49	58	58	58	87	149	157	146	143	150	151	143	147	140	135	139	136	130	145	134	132	123	82	51	79	83	81	86	83	92	
111	111	111	114	95	79	48	56	54	57	61	90	64	73	79	93	67	84	74	61	117	112	113	112	112	112	112	111	109	109	109	109	109	109	109	108	107	107	108	108	107	110	105	89	50	52	53	68	73	55	48	57	57	70	57	100	102	103	95	94	91	56	50	85	107	123	123	109	102	84	59	63	61	57	78	113	111	94	69	56	110	105	101	90	47	48	46	39	39	43	51	62	68	68	66	55	43	39	48	60	62	60	88	149	156	145	143	149	149	143	144	139	136	138	135	131	140	131	131	120	68	58	80	86	82	85	87	99	
111	111	112	116	101	84	49	55	56	57	62	87	65	69	74	83	66	83	75	59	115	113	113	112	112	112	112	111	109	109	109	109	109	109	109	108	107	107	107	108	106	109	104	88	50	51	50	60	65	51	47	56	57	68	55	100	100	101	96	92	88	54	51	87	108	125	132	130	126	93	60	57	55	61	84	113	107	94	72	57	103	90	97	79	47	47	44	38	39	46	53	63	69	69	65	54	42	37	46	59	63	61	88	151	154	143	143	149	146	143	141	137	136	136	133	134	136	130	130	114	53	67	81	88	82	83	92	102	
113	113	113	115	99	86	48	51	55	57	61	82	67	66	68	63	61	81	76	54	110	113	113	112	112	112	112	111	109	109	109	109	109	110	110	109	108	107	107	107	104	106	102	86	48	49	50	58	63	53	46	53	55	69	60	107	99	96	96	92	86	52	52	88	109	128	129	124	121	85	65	62	57	61	82	107	106	97	65	54	96	88	100	77	45	46	43	37	40	47	53	63	68	67	62	51	38	33	42	54	58	61	91	153	150	139	142	148	142	142	136	134	135	134	131	137	133	131	129	99	48	71	78	87	83	85	96	97	
114	114	115	113	95	86	50	51	53	54	59	78	69	64	65	63	62	76	77	56	109	113	113	112	112	112	112	111	109	109	109	109	109	110	112	110	108	107	106	107	103	105	101	85	47	49	49	56	64	61	55	60	66	81	62	108	101	97	97	93	86	52	52	88	107	128	129	129	127	82	63	58	49	48	65	88	93	88	62	58	86	73	73	55	42	44	43	39	40	46	52	62	66	64	59	48	36	33	42	50	53	62	98	154	149	136	142	147	139	142	133	133	135	132	129	135	128	129	126	78	53	68	75	84	84	88	99	88	
115	115	116	113	92	87	54	53	53	53	57	75	70	63	64	78	68	71	80	63	111	113	113	112	112	112	112	111	109	109	109	109	109	110	112	110	109	107	106	107	102	104	100	84	47	48	50	59	76	83	84	92	95	94	59	103	105	101	97	94	86	51	52	88	105	122	123	126	127	80	64	51	41	49	69	85	82	72	53	51	56	37	35	35	39	43	44	40	40	45	51	60	64	62	57	45	35	36	45	49	50	64	105	156	147	135	141	146	137	142	131	132	136	130	128	132	124	126	122	60	57	63	72	81	85	91	101	85	
114	114	114	116	106	90	54	53	56	54	56	72	76	61	66	71	65	69	81	58	110	112	113	112	112	112	112	113	114	113	113	112	112	111	113	110	107	105	106	108	100	104	101	89	81	87	95	95	103	100	108	104	101	93	59	104	102	101	93	92	80	51	51	91	100	116	122	123	127	74	66	57	42	39	49	53	49	45	38	36	48	34	37	31	39	44	44	41	41	45	53	57	59	58	53	42	35	35	44	48	50	55	117	151	141	138	140	139	139	135	130	132	131	127	127	134	116	123	108	57	63	73	79	76	80	93	98	87	
113	113	113	113	107	89	54	53	57	55	56	70	79	61	66	67	66	72	84	56	111	113	112	111	111	111	112	112	112	111	111	111	110	110	112	110	107	106	106	107	97	99	102	100	101	105	102	103	110	81	65	57	69	81	55	96	97	100	93	91	79	51	50	90	97	92	98	107	120	69	59	57	53	46	43	40	36	36	44	38	44	32	35	34	38	41	40	37	38	44	53	56	58	58	52	41	33	33	43	48	52	58	124	148	138	139	140	139	139	133	130	131	130	125	126	132	117	122	98	50	59	71	76	75	81	95	99	88	
114	114	113	110	106	86	55	54	56	55	57	68	82	60	64	67	67	70	86	52	102	110	111	110	110	110	110	111	111	111	110	110	109	109	111	110	110	108	107	106	105	103	100	89	73	66	59	72	93	58	36	36	57	73	64	100	101	103	92	93	80	52	51	90	97	95	94	96	109	62	56	55	56	49	39	38	39	36	38	39	49	51	58	68	40	41	39	35	38	45	53	55	56	56	50	40	32	32	43	49	54	64	129	145	136	138	140	139	139	132	128	129	128	124	125	126	119	122	91	50	65	75	74	75	83	95	97	88	
114	114	113	108	107	85	57	55	54	56	58	66	87	60	63	70	69	67	95	58	100	109	110	109	109	109	109	111	113	112	112	111	111	110	110	110	110	109	107	106	106	107	103	80	46	37	38	60	91	58	42	44	61	73	72	92	95	102	92	94	82	54	53	91	99	112	108	102	108	60	57	56	56	49	40	40	45	50	63	70	79	84	80	95	41	42	39	35	38	46	53	54	55	55	48	38	33	36	46	50	55	67	133	143	135	138	140	138	138	130	126	128	126	122	123	120	119	119	83	53	71	81	76	76	85	94	93	85	
115	115	115	109	110	85	61	56	52	56	59	65	91	60	61	61	63	61	97	58	99	112	111	111	111	111	111	112	113	113	112	112	111	111	112	111	110	108	107	107	104	107	105	79	40	36	40	63	94	63	49	47	59	72	66	56	64	90	94	92	80	53	52	93	100	109	114	115	118	62	54	55	53	59	71	77	83	88	90	98	98	98	76	92	37	38	37	33	35	41	51	53	54	54	47	36	34	38	48	50	56	72	137	142	135	138	139	136	135	128	125	126	125	120	121	118	120	111	69	50	66	81	77	75	84	91	89	84	
115	115	116	111	114	86	63	57	51	57	59	63	94	60	60	60	73	72	101	51	97	115	113	112	112	112	112	112	111	111	111	110	109	109	113	111	108	106	107	108	107	104	102	81	44	38	38	61	92	58	41	36	47	66	66	44	55	87	94	86	75	49	50	91	99	105	113	116	115	56	54	57	51	70	102	105	98	99	89	98	94	95	67	90	35	38	38	35	35	39	50	53	54	53	46	35	31	36	47	51	58	78	144	142	136	138	138	134	132	127	124	125	123	119	120	117	120	106	64	55	69	82	75	71	83	90	91	85	
116	116	115	110	113	86	69	56	55	55	56	62	93	77	86	91	102	103	111	53	98	118	115	113	111	110	111	111	108	108	108	108	108	108	111	110	108	107	107	108	107	103	92	83	53	46	41	61	86	63	45	50	65	68	64	54	62	93	94	89	78	53	50	89	101	107	107	112	114	54	52	57	49	73	104	104	94	89	89	95	91	87	70	77	38	44	44	36	35	40	49	54	56	52	44	33	29	29	40	46	51	93	140	140	135	138	137	132	129	126	125	126	124	121	120	119	116	99	59	56	79	79	74	66	81	88	88	81	
117	117	113	107	107	83	74	59	64	82	88	87	112	108	115	125	122	120	118	58	99	113	109	108	109	111	112	110	107	107	108	108	108	109	110	110	109	108	107	106	112	95	65	62	44	40	42	64	92	86	64	51	47	41	55	62	61	93	110	100	77	46	50	91	91	101	112	115	101	45	51	57	49	72	99	101	96	85	79	77	78	78	76	70	35	42	42	35	34	41	49	55	57	52	43	32	29	28	38	45	47	104	138	138	134	138	136	130	127	126	126	126	125	123	122	122	111	90	53	61	78	76	71	66	81	85	86	82	
117	117	117	114	114	101	111	109	112	108	118	111	129	118	115	117	104	102	108	54	92	115	113	111	113	114	108	106	108	108	108	108	109	110	110	110	109	108	107	106	109	82	50	65	71	75	69	58	43	35	35	39	47	47	46	70	76	77	74	90	78	63	71	100	92	86	107	111	90	49	48	50	44	65	88	91	87	77	75	77	82	76	55	33	29	36	37	33	34	41	48	50	52	50	40	29	29	33	48	51	52	112	142	137	134	137	135	129	128	126	126	126	126	124	122	121	107	71	49	68	66	73	69	71	83	87	90	85	
118	118	117	113	112	100	118	119	119	111	102	102	115	86	88	97	90	101	111	57	97	120	113	109	110	112	109	107	109	109	109	109	109	110	110	110	109	108	107	106	110	84	49	53	43	39	39	42	44	49	52	48	41	40	58	85	82	81	97	84	74	74	72	91	111	84	85	105	105	71	54	54	50	71	88	88	82	72	70	57	42	36	34	32	31	36	37	33	33	37	44	43	47	49	39	28	28	35	51	54	56	116	143	136	135	137	133	128	128	126	126	127	126	125	124	119	108	54	53	63	65	72	71	71	84	91	91	79	
119	119	117	115	114	98	113	110	105	96	69	85	107	66	76	91	88	107	115	53	88	118	116	113	111	110	108	108	109	109	109	109	109	110	110	110	109	107	106	106	102	81	49	50	43	49	50	50	50	48	47	47	46	45	50	79	97	93	100	95	74	83	79	79	97	80	75	100	100	71	66	68	54	67	72	66	57	39	29	35	38	35	31	30	35	37	36	32	30	32	42	39	45	52	42	32	32	38	53	57	63	122	142	135	135	138	132	127	128	126	126	127	127	126	125	122	103	50	62	63	72	74	74	71	84	94	88	70	
119	119	116	115	121	104	114	108	97	83	54	75	110	70	72	97	90	112	125	62	89	110	110	117	115	109	105	107	109	109	109	109	109	109	109	109	108	106	105	105	104	84	50	51	45	53	54	56	58	54	49	48	46	56	69	67	63	54	70	93	91	98	83	76	77	75	69	83	78	74	75	72	50	49	43	36	33	29	40	37	37	40	42	43	35	35	33	30	28	28	37	32	41	52	44	35	38	43	56	62	75	132	143	135	136	138	130	125	128	126	127	127	127	127	126	125	76	56	60	73	73	75	73	74	83	91	86	68	
118	118	115	112	116	98	96	91	76	85	62	81	117	77	71	71	60	82	107	57	73	76	72	102	109	106	111	107	107	108	109	109	108	108	110	108	107	106	105	104	102	76	49	53	46	45	44	45	46	46	48	52	50	48	48	47	54	44	46	79	93	81	50	61	80	78	69	73	76	87	76	71	57	52	44	40	46	39	43	43	47	51	43	35	32	31	30	29	28	27	32	24	34	43	40	36	41	55	62	65	81	129	141	134	136	136	130	126	129	128	127	128	128	129	126	119	49	54	55	75	67	70	71	74	82	87	86	70	
116	116	116	114	119	113	89	101	88	104	78	86	108	66	76	76	84	93	108	67	72	73	63	107	112	105	113	100	106	109	110	108	107	106	109	106	104	104	101	98	95	62	49	59	63	64	59	55	55	53	51	50	50	50	46	48	44	40	45	43	58	62	56	62	77	76	73	70	66	62	66	68	55	54	46	39	46	37	44	44	40	42	33	32	30	28	29	33	33	31	37	26	31	31	36	48	46	64	70	66	76	102	133	134	135	133	130	129	131	132	128	130	126	131	127	96	45	47	58	62	63	60	67	63	78	80	83	67	
117	117	115	113	107	114	104	105	95	92	79	88	110	75	68	82	113	119	108	61	67	72	68	104	118	109	109	106	105	105	106	108	111	113	109	109	110	110	105	100	112	86	71	71	62	54	55	55	55	52	50	46	44	42	39	41	39	37	40	43	71	80	62	68	95	65	58	54	51	67	73	79	67	63	51	41	46	40	41	36	39	41	29	31	29	30	33	35	35	34	40	26	26	27	39	58	65	63	66	64	64	97	138	134	135	133	130	129	131	129	130	130	123	130	128	70	48	53	52	58	59	55	64	61	75	76	79	64	
118	118	115	112	99	106	101	104	121	91	78	71	88	77	69	72	74	56	48	44	57	63	66	91	117	113	104	115	113	110	108	107	105	104	108	106	103	100	93	87	63	51	53	63	65	64	56	51	49	47	44	40	39	37	35	35	37	38	40	48	64	87	97	82	66	59	59	58	54	58	58	54	46	48	51	48	40	34	38	31	40	46	35	40	37	41	42	36	33	33	41	26	27	27	38	57	70	69	52	46	55	93	135	133	134	133	130	130	131	130	129	132	128	129	111	60	51	54	50	47	47	54	68	64	77	75	78	65	
118	118	116	91	53	77	101	91	83	80	76	69	72	66	51	35	37	34	39	50	57	63	69	81	111	117	105	114	110	109	113	115	111	105	97	88	76	65	56	48	53	53	55	56	53	51	47	43	39	37	36	36	36	33	31	31	36	39	36	39	57	83	96	95	100	93	84	77	71	60	67	61	55	44	48	53	40	36	40	37	42	48	41	46	38	44	43	34	31	35	43	32	35	34	37	48	52	68	53	56	86	113	131	132	134	133	130	130	133	133	129	132	134	127	85	60	50	48	52	43	46	56	63	61	71	68	71	63	
117	117	113	73	53	75	91	81	71	61	53	42	33	37	34	42	48	59	62	66	71	65	65	67	97	117	108	115	119	108	97	88	74	62	70	66	62	59	56	53	50	52	52	47	43	43	44	42	36	34	37	42	39	26	27	31	44	52	48	49	45	54	68	80	100	92	84	78	75	73	85	88	87	62	55	56	47	53	60	61	48	49	44	45	43	49	47	36	35	45	49	41	50	52	54	61	53	62	45	54	106	136	137	132	133	132	130	131	133	133	130	131	133	122	70	55	56	46	48	43	47	59	66	64	73	68	71	65	
115	115	114	69	58	54	48	42	41	39	46	56	53	62	64	65	53	62	67	64	53	46	49	50	81	115	113	97	75	66	61	61	56	51	63	61	59	56	49	42	42	47	45	38	36	40	38	33	26	25	30	40	45	44	41	40	49	54	47	50	48	52	46	44	62	92	100	97	90	91	85	89	99	80	68	63	55	73	87	91	60	53	49	46	59	64	59	44	43	54	63	54	59	55	50	52	48	52	54	73	123	143	129	131	133	132	131	131	133	131	131	130	127	116	67	50	71	51	41	41	43	55	67	66	73	67	71	64	
107	107	104	79	59	52	47	48	63	65	68	63	64	70	68	65	62	55	47	45	51	60	68	81	81	64	52	55	63	72	66	52	46	48	49	48	42	39	39	34	31	30	34	40	39	29	27	30	35	41	46	50	50	47	48	49	46	51	63	46	56	70	65	54	62	58	71	76	89	89	88	101	125	94	95	79	76	125	148	134	98	74	72	85	77	79	96	75	79	70	66	70	78	71	48	49	56	51	49	73	112	127	123	131	134	133	130	132	136	135	138	136	131	105	59	60	56	58	58	38	40	56	65	72	67	67	72	67	
106	106	101	72	54	59	64	60	61	61	65	64	66	65	56	54	51	49	50	58	65	67	61	50	52	63	65	62	63	56	46	41	44	46	30	37	37	34	34	30	27	26	29	37	41	37	37	42	46	49	50	49	50	50	49	48	44	43	51	70	70	84	77	67	88	85	106	82	88	107	88	97	134	142	157	135	129	144	110	114	101	103	99	96	81	77	98	84	87	90	82	75	73	67	53	56	61	59	58	62	77	91	101	117	119	125	131	132	130	132	131	132	128	86	53	63	57	61	59	45	43	52	65	73	69	66	66	63	
105	105	101	73	51	53	59	54	49	52	46	42	47	52	50	64	58	51	51	57	59	58	47	40	49	60	58	50	45	40	36	35	36	37	37	41	32	22	24	27	26	29	37	45	46	40	43	46	45	45	46	47	48	45	43	50	50	48	50	51	81	102	89	79	94	88	101	79	86	96	114	126	132	144	157	140	137	145	143	138	130	105	103	109	98	84	101	88	77	86	82	73	73	73	64	62	63	66	67	58	53	58	67	71	71	82	102	119	129	133	130	129	116	62	55	63	53	57	53	47	44	47	61	68	67	65	64	66	
106	106	92	54	39	35	40	45	48	49	52	59	62	55	46	54	59	66	72	65	51	47	39	42	49	39	33	40	37	40	36	29	26	29	41	44	36	28	33	40	48	42	36	36	44	52	50	47	46	47	49	52	54	53	53	60	61	58	60	73	75	83	105	112	97	91	93	84	88	81	121	162	149	142	172	171	176	170	163	163	163	131	118	108	101	88	106	100	82	93	86	77	74	74	68	62	65	71	77	76	69	65	61	51	51	51	59	74	89	106	117	126	103	50	59	60	51	51	50	46	50	53	54	58	61	64	70	75	
107	107	88	51	61	71	77	79	79	72	57	45	38	44	57	60	60	60	59	54	49	41	36	39	42	32	26	31	34	33	27	22	23	28	35	44	46	45	47	45	40	45	50	53	51	46	46	47	51	60	72	85	81	60	59	59	53	47	49	52	74	85	113	131	109	101	99	87	79	83	85	90	115	134	131	115	153	176	156	134	102	114	115	98	98	90	100	99	82	93	94	85	75	67	64	64	66	65	68	73	68	58	52	53	58	59	55	56	59	59	76	98	74	48	54	55	57	48	55	46	64	73	53	54	61	64	70	76	
110	110	104	84	77	67	62	58	54	55	57	60	48	38	43	46	46	44	39	36	40	40	42	29	26	48	47	28	27	27	33	39	42	42	44	46	43	43	43	38	43	47	51	53	57	62	60	64	79	89	91	86	73	56	58	58	50	48	56	57	58	84	105	104	115	113	104	102	86	100	95	82	89	90	101	85	118	163	175	148	109	116	119	103	100	93	94	97	88	100	87	83	80	74	70	69	68	62	63	70	68	62	58	50	50	54	58	60	58	56	54	66	43	54	58	53	62	46	58	43	74	92	58	58	65	64	63	68	
64	64	52	49	52	54	56	60	62	51	44	40	42	47	52	35	34	36	36	34	29	31	34	31	31	40	41	36	43	49	48	44	44	47	44	44	43	45	48	43	48	57	54	59	65	67	66	71	84	103	106	83	71	62	57	58	70	66	68	55	57	75	108	106	100	104	107	88	88	104	82	75	95	91	101	73	103	138	188	174	120	116	115	108	105	92	100	95	92	100	84	78	70	64	70	71	72	71	66	65	63	64	64	55	52	59	63	66	58	60	60	54	44	54	57	56	58	52	48	45	77	83	54	63	63	66	59	58	
48	48	47	46	57	62	55	48	43	44	38	32	29	29	29	34	28	23	23	28	31	24	26	39	51	58	61	56	48	51	52	50	48	47	41	43	43	39	42	55	63	65	51	53	57	55	66	69	65	89	105	81	78	96	101	95	107	80	58	52	70	78	88	90	103	102	117	88	75	76	58	75	105	101	98	64	107	154	155	155	150	133	120	113	103	99	97	94	97	98	86	80	70	64	69	71	72	70	61	58	64	74	77	59	51	63	73	75	56	59	61	53	47	52	54	57	57	55	45	42	65	73	55	66	64	68	62	59	
37	37	33	40	39	38	37	36	36	32	32	30	26	27	31	53	43	30	24	29	34	44	51	56	60	61	60	58	52	46	45	49	52	54	61	52	54	56	56	67	73	71	52	49	53	54	56	61	65	87	111	113	111	101	101	83	88	68	56	100	116	93	58	49	72	65	90	70	59	59	57	77	98	103	100	82	86	139	147	142	148	131	111	105	98	99	88	92	93	93	90	87	78	71	71	73	70	67	64	63	65	68	68	62	67	72	65	65	56	59	58	52	49	52	55	58	57	53	43	41	57	65	52	62	61	66	60	59	
35	35	44	56	35	23	25	27	27	32	31	25	16	17	23	40	43	48	52	54	51	50	49	47	47	49	53	56	58	59	61	64	66	69	66	57	60	57	46	46	69	75	55	45	47	56	61	82	104	115	120	115	108	101	88	72	60	58	65	99	106	78	51	52	77	60	75	58	57	56	54	83	97	87	83	99	75	105	112	101	122	129	120	117	97	93	92	104	97	106	97	90	82	74	70	73	71	69	71	70	66	59	55	58	74	72	49	48	51	55	51	48	47	50	53	57	53	47	41	48	63	65	48	59	57	63	59	59	
27	27	24	22	17	20	25	25	21	18	20	22	26	33	41	61	55	46	43	47	49	50	51	52	52	52	52	52	58	74	85	84	79	74	72	84	82	55	41	47	54	67	60	60	68	80	101	109	88	87	108	120	110	106	98	98	65	56	52	68	71	56	52	58	75	56	61	48	56	62	65	75	74	75	76	100	90	111	100	84	142	141	132	121	112	100	105	108	93	102	97	87	80	71	65	71	75	73	70	67	65	65	63	55	58	62	55	54	44	51	44	44	47	49	53	57	50	41	41	56	70	67	49	59	56	63	61	61	
25	25	20	29	48	48	31	18	17	24	30	41	55	61	62	48	45	47	51	54	53	51	50	48	49	55	61	75	95	95	98	97	90	79	67	77	61	42	47	50	48	62	67	82	88	80	69	76	84	98	121	120	100	100	97	101	75	62	41	36	54	66	76	75	86	78	82	63	53	51	74	101	98	121	135	122	110	136	119	99	137	123	119	111	111	106	108	102	103	101	103	92	83	74	67	79	82	77	75	73	73	74	71	57	53	58	58	58	45	43	35	37	45	47	52	56	52	42	44	59	64	61	47	57	55	62	61	59	
19	19	14	18	36	39	32	34	45	52	46	46	48	48	49	57	59	56	54	53	49	50	60	72	82	95	103	101	90	73	74	74	69	72	71	59	45	46	58	60	63	62	57	82	84	58	64	82	85	81	93	112	107	90	91	116	116	107	69	48	77	101	89	84	92	90	94	83	85	83	123	159	162	152	145	129	134	139	153	163	151	133	125	120	103	102	107	109	110	114	116	92	89	84	83	84	84	79	78	77	77	74	65	64	65	65	59	59	56	42	33	37	47	50	54	56	51	43	45	58	61	60	53	52	58	61	61	56	
13	13	14	23	38	50	52	51	51	49	46	51	53	52	57	51	54	54	57	69	75	84	97	102	96	90	77	67	67	58	66	65	60	77	68	55	54	59	61	66	71	57	43	80	85	55	64	80	89	85	89	104	98	87	101	143	158	161	103	48	80	117	113	112	104	116	116	102	118	119	143	146	158	128	111	131	134	113	125	183	161	136	120	122	107	112	116	124	94	110	108	97	99	88	96	95	73	68	76	71	72	85	78	66	69	68	63	60	58	41	35	41	52	53	55	58	50	43	47	59	63	63	62	50	63	61	61	55	
51	51	58	58	54	48	46	50	55	57	58	61	58	49	46	54	64	69	77	93	99	83	74	68	62	62	63	61	63	66	64	60	52	67	53	51	60	72	72	72	64	54	43	81	84	51	60	73	82	89	100	107	92	99	122	140	144	155	85	42	49	64	88	102	119	103	99	98	113	103	111	120	145	151	136	143	94	112	100	132	125	126	122	121	100	119	140	117	97	104	118	112	98	80	87	103	88	79	77	76	83	91	76	67	72	71	64	56	50	36	37	45	51	51	53	63	50	42	50	62	62	61	61	48	59	56	57	53	
55	55	52	53	56	60	64	66	66	58	53	50	53	60	67	77	89	93	90	79	64	60	59	54	51	51	55	57	62	69	56	57	45	48	43	46	57	74	81	81	53	45	41	81	85	52	59	67	72	82	99	108	91	96	123	147	141	139	73	51	48	51	53	49	96	96	125	113	104	124	105	126	146	139	141	139	104	104	97	111	119	129	122	117	107	116	126	116	97	100	117	99	92	96	94	92	88	78	79	83	93	99	81	72	76	75	65	55	47	36	39	41	44	48	53	63	46	40	52	62	59	59	60	45	54	49	53	51	
59	59	68	74	72	68	62	53	47	58	65	71	79	84	84	82	81	71	62	58	53	53	53	54	56	55	54	53	51	64	46	60	50	45	50	59	69	81	81	72	53	49	45	82	82	48	54	61	63	70	88	104	102	105	127	154	153	150	113	56	46	54	59	54	102	101	78	77	101	123	112	127	108	78	106	124	134	103	100	99	107	109	103	108	111	106	93	117	93	100	121	129	115	100	92	81	90	88	93	89	90	95	83	76	78	76	66	57	52	48	47	43	44	52	58	58	42	41	55	60	56	57	58	44	50	45	52	51	
67	67	62	54	49	51	58	65	69	79	85	83	76	68	55	57	63	63	61	61	57	52	47	47	51	48	48	53	59	78	48	64	57	51	60	68	72	76	69	52	52	52	47	82	78	44	47	57	63	64	77	99	124	144	159	148	144	142	140	132	98	64	44	58	88	92	85	95	92	83	106	116	110	88	96	117	141	164	165	114	101	102	95	94	93	86	84	84	85	90	128	141	121	109	109	128	124	88	79	89	108	113	89	78	77	71	63	59	59	59	55	48	50	59	58	52	39	46	61	60	56	57	57	42	48	44	54	52	
40	40	44	53	60	72	81	82	77	74	69	55	51	57	60	59	64	61	57	56	55	55	49	43	47	51	58	68	88	112	60	68	57	48	56	56	51	51	50	39	47	49	43	82	80	49	45	55	66	63	71	97	137	181	204	150	141	143	150	153	162	138	97	91	69	69	75	71	86	135	109	118	159	96	66	107	123	211	230	180	153	119	83	78	78	87	83	82	81	93	135	122	119	140	113	112	120	96	90	81	82	93	84	75	72	65	61	60	62	60	57	51	55	59	52	47	40	53	63	61	58	59	55	42	47	44	55	54	
59	59	73	83	77	66	66	64	54	51	53	51	57	50	53	55	61	55	53	45	49	43	50	58	79	97	103	72	83	115	48	72	63	46	40	40	39	40	40	38	39	42	33	84	81	52	51	50	56	76	107	136	145	181	197	147	141	161	175	161	166	157	156	132	109	97	87	85	103	122	104	124	156	102	92	115	137	201	201	145	130	108	83	73	82	96	92	87	105	96	104	103	103	119	150	111	130	118	111	110	99	82	81	73	68	65	66	65	63	59	57	57	59	56	50	46	44	62	57	61	56	58	45	40	44	47	56	54	
70	70	71	69	62	52	52	52	46	49	47	45	52	47	52	49	58	47	44	36	57	76	90	97	104	115	115	74	90	119	49	74	69	56	41	35	34	33	35	45	39	45	37	76	74	57	59	60	65	76	101	144	162	177	176	153	134	136	157	147	175	177	166	150	111	87	114	110	101	78	83	101	121	120	123	136	185	172	171	131	154	92	82	79	93	118	118	99	118	116	132	103	130	139	151	124	133	134	126	143	129	82	86	82	73	68	70	69	65	54	55	57	59	55	49	45	45	65	60	62	52	51	39	38	47	51	55	51	
52	52	53	54	52	50	51	52	50	50	45	43	50	41	47	41	40	40	85	96	100	89	88	93	93	107	118	80	106	129	50	72	71	63	48	34	36	36	29	34	42	33	37	82	76	56	68	69	66	81	113	152	173	170	181	133	141	129	136	180	188	135	156	137	120	149	136	160	145	179	145	142	88	116	135	208	226	216	153	106	113	74	74	86	107	113	117	117	130	145	146	138	166	176	138	141	159	155	176	183	155	134	90	77	68	67	70	69	61	53	56	60	59	52	46	44	44	64	60	63	54	53	41	39	47	50	53	47	
44	44	48	48	51	54	51	48	48	48	39	37	44	44	65	96	97	76	96	60	52	51	64	91	102	112	118	84	115	134	51	73	77	75	64	42	33	36	33	32	29	26	57	102	83	62	69	82	95	79	60	66	81	91	93	89	121	140	135	151	144	173	158	136	164	171	159	170	106	160	115	73	117	84	156	224	225	197	211	163	117	88	79	100	110	93	112	138	121	121	134	154	129	159	120	157	145	154	180	170	147	139	81	64	64	69	71	66	58	58	61	62	57	48	41	43	43	61	57	63	61	60	46	43	44	43	49	47	
47	47	49	47	48	48	42	38	42	40	46	59	70	71	98	109	93	62	96	62	51	40	50	81	103	109	119	95	113	133	50	73	82	84	79	58	33	28	39	42	32	33	51	80	95	88	94	85	70	66	69	68	71	84	86	86	120	152	148	155	144	137	141	181	210	209	177	171	139	144	145	99	111	100	147	200	148	158	167	164	131	105	104	111	117	94	111	119	110	94	128	162	132	147	131	150	127	169	165	157	145	137	100	64	69	74	72	67	62	62	64	64	55	47	43	43	43	61	57	64	61	56	44	46	43	36	44	46	
42	42	46	45	41	39	34	35	48	73	89	105	99	79	96	107	102	70	97	49	43	32	41	72	100	100	108	99	116	135	50	72	80	83	86	79	47	27	36	37	36	45	51	88	145	106	77	71	58	50	53	71	83	79	80	80	99	131	140	122	151	123	132	156	164	199	169	148	163	178	112	69	95	122	152	157	140	145	136	152	156	128	106	92	100	107	136	111	123	81	158	196	184	131	134	146	150	179	161	155	140	172	128	69	75	74	68	65	66	62	64	63	55	49	48	44	44	64	61	64	57	46	36	47	44	32	39	43	
43	43	27	30	26	52	65	97	102	85	61	84	101	73	107	105	100	68	96	42	40	42	48	74	82	91	98	93	113	116	102	87	82	75	81	81	83	49	39	35	78	117	92	155	187	130	85	66	73	57	65	73	71	70	74	84	111	133	181	189	137	143	144	124	125	123	189	148	138	131	97	99	97	124	134	107	119	115	125	125	156	126	93	97	123	128	108	111	100	110	194	197	206	180	174	120	149	158	180	167	161	138	107	78	77	76	73	72	70	71	72	63	64	52	52	53	52	67	71	69	55	41	40	43	43	40	36	36	
40	40	33	55	77	90	82	74	58	52	49	73	108	71	94	110	106	73	96	45	39	43	55	85	94	101	103	98	129	140	167	156	104	118	99	104	103	78	76	55	102	137	142	168	156	153	115	91	86	86	72	64	70	83	114	159	205	212	222	220	159	109	118	83	154	135	126	120	116	124	148	146	157	191	133	106	78	138	150	154	151	120	95	100	117	135	118	154	146	144	170	179	161	186	206	163	168	164	169	146	156	134	102	83	82	79	77	76	74	74	70	70	62	59	58	59	56	67	65	58	45	38	42	39	37	35	34	36	
52	52	53	83	78	47	50	49	49	51	61	63	112	77	99	112	106	74	90	47	37	48	57	80	97	116	115	104	163	178	159	168	159	167	127	181	153	101	96	92	86	154	174	165	157	197	146	105	72	76	53	57	98	160	205	210	216	222	238	227	168	139	118	98	96	91	105	121	119	106	99	110	119	179	120	86	132	109	110	116	145	119	116	111	119	121	121	112	124	124	149	160	146	154	203	199	193	179	150	131	145	125	84	82	81	78	75	73	71	72	68	88	71	71	61	59	56	65	62	53	45	41	43	40	37	35	34	34	
58	58	47	78	65	29	52	49	46	69	78	55	106	75	100	114	109	79	90	60	46	43	46	64	78	102	120	124	170	171	177	161	157	158	159	192	180	120	96	90	87	141	132	158	199	209	185	151	91	69	58	89	142	181	220	216	225	239	246	236	220	183	164	125	86	81	83	137	118	120	107	88	94	168	106	66	102	99	146	162	157	135	141	92	128	134	152	127	158	169	163	203	183	172	205	185	214	157	138	154	115	95	78	79	78	74	71	68	67	65	61	89	75	72	60	57	53	64	59	48	46	44	45	45	44	40	35	31	
69	69	48	82	66	29	53	60	62	73	86	67	110	73	92	110	106	80	84	69	51	34	44	68	66	82	123	150	167	131	154	148	151	155	156	153	176	149	92	108	112	114	86	127	166	167	187	174	200	204	188	155	161	175	221	237	241	245	239	243	203	205	150	136	94	103	109	135	134	122	132	120	160	130	99	100	105	123	130	123	156	118	159	177	162	155	173	172	162	146	142	165	200	173	116	140	177	138	154	170	114	99	84	82	79	76	71	68	67	65	58	71	79	63	62	62	57	68	59	40	39	42	45	49	49	45	39	34	
95	95	60	75	80	44	44	53	65	64	78	72	110	74	93	110	106	81	81	73	52	40	44	58	68	92	115	118	141	132	115	119	109	133	155	166	181	108	77	77	83	96	95	113	139	151	161	115	171	196	193	143	167	199	221	227	230	242	244	226	195	169	194	178	132	112	134	140	126	90	122	181	145	118	103	94	117	126	136	107	131	116	140	136	181	201	151	176	186	153	156	138	137	154	134	136	163	140	117	159	122	87	90	82	80	75	71	68	66	70	73	82	112	73	69	69	65	78	66	43	43	45	46	47	46	45	42	41	
105	105	76	75	82	38	41	49	62	63	70	72	107	76	90	110	102	78	80	85	62	51	43	62	81	121	125	118	127	117	79	91	98	156	167	169	198	117	76	53	87	107	136	151	137	128	128	103	140	169	162	114	155	199	228	227	236	245	234	200	178	199	208	219	197	194	117	138	152	111	127	204	200	164	112	134	114	139	102	92	142	135	189	194	209	214	161	154	165	161	153	186	155	114	153	165	181	163	189	153	106	107	97	84	75	77	72	73	65	71	84	78	148	88	72	70	62	72	62	38	38	39	50	52	49	41	47	43	
105	105	80	69	85	56	74	69	64	69	66	64	103	77	84	107	106	85	83	94	81	68	60	68	106	158	155	161	150	112	79	79	111	157	149	185	194	114	129	91	121	186	184	138	107	129	141	133	111	143	162	119	152	166	205	231	229	237	234	230	219	228	233	237	162	211	215	209	194	161	164	187	163	161	133	165	157	144	153	103	152	142	142	203	152	166	175	143	122	125	163	229	212	126	141	160	199	125	160	150	100	109	91	83	81	77	66	74	85	75	69	80	108	98	82	75	56	59	53	36	37	42	58	57	53	42	53	63	
105	105	85	68	85	69	98	95	81	64	60	55	99	78	80	101	109	88	75	87	81	81	73	80	129	156	138	150	140	114	85	80	100	129	135	147	153	184	171	183	170	186	192	174	108	104	120	141	104	120	145	105	109	97	163	201	161	168	212	174	190	198	130	137	142	143	202	182	186	200	206	203	211	193	133	141	165	190	187	147	164	179	122	131	132	110	121	166	142	155	211	221	215	209	130	136	189	190	162	110	104	100	93	86	78	77	82	73	77	105	92	78	88	81	72	72	57	48	46	41	41	45	55	60	72	61	51	70	
104	104	90	69	86	65	92	98	88	62	68	63	101	81	81	104	110	87	70	84	74	85	74	92	139	154	156	148	107	107	83	96	108	129	135	134	159	162	175	119	132	148	177	184	140	100	99	120	97	79	97	117	139	137	121	135	156	142	151	141	155	150	101	96	159	110	139	145	150	136	153	193	184	173	166	188	185	185	189	162	120	196	177	114	160	144	122	132	152	188	220	223	211	213	185	113	182	209	156	86	99	110	90	92	85	77	84	79	96	99	114	112	65	86	77	71	67	48	46	45	42	75	78	58	69	63	41	59	
101	101	91	68	94	72	89	91	85	73	88	77	105	83	78	104	108	85	70	91	71	70	72	89	134	145	137	115	94	102	114	117	137	139	161	117	118	125	122	129	152	143	182	168	108	96	117	132	143	127	123	120	125	164	153	138	159	124	111	158	121	86	91	80	160	130	127	139	122	88	95	177	184	178	178	187	186	178	183	137	93	194	186	125	132	146	142	140	165	163	210	208	204	196	200	150	152	192	133	105	98	93	89	92	93	87	83	79	97	125	81	100	91	57	77	76	82	56	47	45	44	109	110	84	90	87	63	66	
98	98	92	66	98	79	94	92	83	77	88	71	104	84	74	101	109	87	68	86	63	51	76	90	129	145	127	89	82	107	119	110	141	142	119	103	89	94	74	101	115	150	160	142	172	144	89	89	85	94	112	87	107	125	142	143	148	142	102	118	113	114	119	88	131	109	81	78	81	92	101	133	167	180	172	177	177	136	92	78	90	144	163	134	175	181	160	147	140	221	232	209	201	206	215	202	125	142	100	101	106	98	105	93	88	92	86	85	85	123	84	57	75	82	51	69	99	65	45	44	56	114	107	132	134	114	90	79	
99	99	96	64	97	72	86	87	81	70	75	54	95	88	75	103	106	90	63	93	78	86	106	105	109	108	114	82	64	92	73	80	145	174	124	92	75	83	77	118	115	121	134	147	170	161	130	159	92	89	96	84	114	111	103	116	109	163	155	106	94	91	107	120	100	144	127	89	70	94	116	113	127	173	156	145	175	122	91	79	93	123	199	187	149	149	164	185	145	225	227	224	211	211	214	213	197	123	101	111	108	113	97	93	85	88	68	92	129	84	66	74	102	73	82	95	88	64	41	39	60	119	110	132	135	96	70	85	
102	102	99	60	93	62	73	73	71	64	65	49	89	90	71	95	91	87	57	105	96	98	110	119	114	108	119	81	61	88	70	74	167	209	180	91	84	69	83	109	106	98	147	157	151	166	151	179	79	90	104	122	97	97	88	94	123	124	154	132	144	131	129	168	160	207	187	126	76	103	148	162	141	142	150	176	191	132	177	126	81	120	176	147	157	181	197	206	143	212	222	228	217	217	208	215	220	134	115	118	117	105	107	93	80	74	81	120	132	81	79	84	88	91	84	107	79	74	42	37	50	114	145	140	144	96	66	107	
99	99	100	68	92	72	83	79	70	62	52	47	76	85	69	93	97	88	57	99	75	85	113	110	113	127	133	101	93	116	93	90	169	230	221	130	103	73	64	83	100	105	124	96	107	122	142	131	85	111	109	120	137	139	104	82	94	119	140	144	171	167	174	163	188	203	202	198	179	167	199	215	212	162	162	207	199	145	202	194	163	196	214	200	173	196	212	220	145	156	172	227	225	221	214	215	222	149	123	121	117	103	96	86	81	65	86	136	144	77	66	75	84	112	89	84	117	113	74	53	60	121	159	133	150	120	95	107	
99	99	93	62	84	68	62	56	55	63	56	69	74	83	65	95	101	79	47	97	87	98	106	100	110	110	139	140	108	108	100	105	128	142	179	136	112	128	108	99	105	122	89	85	110	153	154	134	138	99	126	156	200	165	175	115	92	140	149	154	194	168	184	181	219	230	194	171	174	190	216	230	225	205	175	162	165	143	181	144	176	192	171	173	198	209	220	227	158	121	159	228	229	223	211	219	214	149	121	115	107	95	86	77	75	82	66	77	123	68	54	75	79	67	68	81	101	101	91	50	81	146	161	125	130	105	123	157	
102	102	95	71	83	63	44	52	70	76	84	103	92	86	52	83	92	73	51	95	92	105	108	97	106	117	147	140	109	106	106	114	125	108	121	156	159	136	144	158	119	95	80	95	87	117	121	103	109	120	135	165	153	148	141	101	105	102	132	152	166	174	187	165	231	230	205	174	166	161	192	174	155	169	129	139	184	157	171	182	208	179	164	149	177	218	236	210	168	167	202	234	234	231	217	229	189	127	109	105	100	95	90	86	78	75	77	68	71	88	130	120	86	75	83	80	85	94	95	67	108	182	179	132	122	119	150	171	
103	103	96	73	72	67	55	69	87	100	97	92	87	92	56	58	63	62	66	102	91	113	122	89	88	101	108	117	136	136	122	124	158	139	132	166	168	164	146	130	143	98	107	130	108	100	142	155	130	120	125	200	162	165	133	131	119	107	108	144	121	169	214	184	233	236	218	175	173	167	185	161	143	169	145	136	189	164	147	177	223	206	184	163	182	221	245	220	200	211	220	222	229	230	231	228	155	111	104	103	97	98	94	88	78	81	83	64	69	77	135	165	139	134	93	62	80	106	83	74	110	198	175	180	190	151	144	146	
101	101	94	72	70	94	94	98	92	93	87	75	86	97	53	41	39	49	81	115	100	147	165	114	101	82	76	112	121	120	101	106	157	145	169	129	141	129	142	96	91	109	112	107	93	107	137	116	151	130	121	135	140	139	95	101	146	134	87	108	96	103	142	186	234	237	237	188	172	178	171	176	143	142	160	144	187	198	162	181	202	223	209	184	191	221	250	236	230	242	235	226	229	226	237	201	123	114	111	106	95	98	95	97	87	80	94	84	86	96	75	147	98	82	82	71	92	130	85	66	110	219	195	213	222	196	173	149	
94	94	98	78	67	94	80	82	86	90	87	87	69	97	55	46	64	63	117	137	130	133	152	129	111	109	94	105	129	129	95	94	116	132	141	131	101	118	124	100	84	84	115	116	122	93	103	101	126	125	112	122	146	146	115	104	137	124	118	100	131	124	114	171	182	223	215	186	193	208	188	194	187	167	116	144	223	222	200	198	200	219	223	218	234	240	252	254	254	250	242	226	185	198	229	162	115	125	111	119	100	102	93	90	82	90	82	71	81	102	77	111	66	69	87	93	128	138	98	66	136	225	237	205	220	183	112	116	
92	92	100	74	59	84	73	84	94	84	92	81	76	97	52	56	79	69	96	130	132	117	129	127	111	121	133	131	130	137	94	90	120	120	90	114	99	102	96	116	163	99	100	121	151	116	89	93	139	143	127	124	153	184	178	140	136	135	121	103	119	122	102	130	162	203	162	161	132	213	215	224	223	232	182	132	164	210	236	243	204	204	216	231	243	248	252	254	254	244	241	219	178	160	208	137	121	122	118	136	105	84	102	90	88	84	80	76	75	84	68	65	112	92	105	124	124	111	96	66	151	233	231	235	216	181	114	92	
84	84	88	64	59	87	72	77	83	78	81	70	83	90	53	65	94	83	62	66	73	65	67	118	130	138	160	139	152	143	126	86	121	100	114	152	120	73	104	125	129	144	122	109	121	151	115	135	114	133	121	144	189	236	221	152	162	103	125	120	133	127	111	103	163	174	130	196	182	221	238	233	224	234	218	152	123	165	224	231	203	177	157	208	239	250	248	253	254	246	249	213	198	186	183	129	128	123	152	123	108	96	93	87	89	87	82	74	69	70	69	52	89	83	104	107	108	85	71	64	173	231	231	218	201	189	144	77	
94	94	82	52	57	90	69	68	73	74	67	78	95	71	50	82	102	107	92	69	60	64	54	72	110	126	131	131	140	131	126	90	128	121	92	161	133	93	109	137	159	131	132	150	145	117	114	134	105	119	132	101	143	171	137	126	143	107	115	124	146	117	173	153	152	193	221	177	206	199	221	224	229	239	224	160	118	142	169	163	193	149	173	206	236	251	247	254	252	251	242	225	222	222	166	150	140	137	172	116	114	119	95	92	92	109	96	75	77	76	80	86	67	83	100	83	118	140	122	85	182	217	232	211	188	140	153	96	
85	85	57	48	53	82	59	63	72	61	61	86	81	56	61	109	108	92	101	102	86	90	64	81	110	126	135	126	123	142	124	104	109	127	106	152	185	131	136	150	159	126	170	149	157	163	117	89	129	147	208	139	95	123	157	114	122	108	151	141	154	147	134	132	149	182	241	207	176	155	175	193	234	236	215	154	105	129	177	168	174	174	203	219	239	243	238	252	239	239	228	242	230	209	177	168	150	143	148	133	122	123	113	106	103	118	106	86	90	79	70	85	76	87	92	77	96	134	127	84	175	172	183	188	133	87	120	61	
95	95	55	48	55	83	55	54	63	59	69	84	59	67	108	116	143	127	134	128	94	97	85	97	103	125	138	113	124	112	113	95	120	148	152	137	131	156	102	110	138	140	142	149	101	131	113	94	90	111	152	158	87	83	95	80	85	107	137	120	127	163	125	113	184	209	192	193	162	148	169	174	223	234	217	153	99	122	130	164	188	217	235	236	234	222	219	249	227	224	217	226	224	191	173	153	145	135	124	135	124	128	112	110	107	104	97	91	91	107	86	91	84	95	104	125	112	132	103	77	143	137	126	105	152	132	72	49	
97	97	75	51	49	71	74	63	55	66	68	57	55	93	143	107	124	150	169	132	118	99	102	88	102	126	143	119	108	91	125	98	151	177	184	195	152	168	168	91	100	116	119	137	132	127	110	100	131	127	98	118	115	95	69	85	86	121	154	144	169	112	100	90	119	155	133	137	154	136	150	163	179	225	209	152	121	145	121	181	201	209	230	232	213	187	209	226	212	207	204	189	190	168	174	150	125	119	179	164	121	121	107	103	116	136	106	97	112	93	117	98	94	88	86	87	98	104	115	157	177	129	81	72	93	127	121	55	
