0	0	0	0	0	0	0	0	0	0	0	0	0	0	0	0	0	0	0	0	0	0	0	0	0	0	0	0	0	0	0	0	0	0	0	0	0	0	0	0	0	0	0	0	0	0	0	0	0	0	0	0	0	0	0	0	0	0	0	0	0	0	0	0	0	0	0	0	0	0	0	0	0	0	0	0	0	0	0	0	0	0	0	0	0	0	0	0	0	0	0	0	0	0	0	0	0	0	0	0	0	0	0	0	0	0	0	0	0	0	0	0	0	0	0	0	0	0	0	0	0	0	0	0	0	0	0	0	
0	0	0	19	73	98	187	151	84	137	64	74	48	27	38	92	0	0	48	100	100	100	9	0	159	92	84	72	17	106	162	195	203	216	212	67	66	192	255	172	178	153	3	0	133	81	0	25	255	56	67	42	0	40	159	60	90	0	0	172	0	175	92	17	188	72	0	19	44	0	200	0	159	143	103	122	0	65	185	184	141	0	100	185	113	3	0	159	111	144	120	26	110	117	73	0	130	77	166	0	103	90	143	27	255	172	13	84	228	147	61	109	27	72	18	124	44	0	51	245	0	119	196	75	12	136	64	0	
58	58	74	62	55	23	12	0	0	0	0	0	0	0	12	37	23	0	0	0	0	0	9	0	0	0	0	0	0	0	0	0	0	0	0	0	0	92	199	64	0	0	48	35	98	18	0	82	255	0	4	2	0	22	28	0	0	18	0	32	0	17	0	0	119	0	0	29	54	59	172	0	151	75	67	36	0	23	105	42	59	0	87	143	50	22	0	57	106	225	8	0	0	83	6	0	51	20	62	0	86	92	0	0	112	0	0	49	184	64	0	75	30	18	23	22	0	0	0	137	0	50	121	0	16	173	35	0	
21	21	30	10	0	0	0	0	0	0	0	0	0	0	25	88	0	0	0	27	100	125	65	29	0	30	28	1	26	109	60	16	110	15	0	0	54	0	0	0	0	0	1	18	181	1	0	46	107	41	146	106	40	0	0	167	164	189	109	17	0	129	51	66	164	0	0	203	66	125	3	0	28	0	69	5	0	58	82	11	14	0	0	7	20	0	0	40	0	65	0	0	0	43	0	0	0	0	27	0	59	0	0	0	74	50	0	23	109	61	0	100	15	0	82	51	0	0	83	66	0	126	161	0	79	144	0	0	
29	29	44	88	43	59	58	67	76	95	72	50	34	43	66	132	0	0	13	44	122	184	103	35	16	76	91	58	64	102	45	44	212	255	255	255	174	167	96	80	255	200	0	0	0	117	0	0	0	0	0	0	0	0	0	66	0	47	0	0	0	161	141	140	166	0	13	249	111	167	128	0	137	62	162	51	0	26	111	33	24	0	0	49	63	86	0	177	163	132	0	0	115	147	0	32	69	80	4	0	158	168	0	31	144	149	0	29	164	113	0	19	0	0	50	47	0	20	96	0	0	186	208	0	144	48	0	14	
51	51	72	0	0	0	0	0	0	0	0	0	0	3	19	82	0	0	0	0	0	27	76	38	0	0	0	0	0	22	0	0	0	0	0	0	0	0	0	131	12	0	0	49	70	240	0	79	222	164	0	0	0	0	0	0	0	0	0	0	0	0	0	0	0	0	0	0	0	0	0	0	44	102	103	49	8	113	162	62	98	0	164	196	167	0	0	176	135	0	0	33	79	47	0	0	65	116	0	0	67	71	0	29	94	116	0	20	138	0	0	44	23	0	138	175	0	9	63	14	0	128	98	0	159	10	0	147	
10	10	17	0	0	0	14	27	26	38	31	9	60	57	30	96	0	0	0	32	71	112	251	219	65	28	0	0	0	0	0	0	0	0	0	55	97	146	223	177	35	0	15	255	255	44	0	0	230	201	255	255	255	156	92	207	251	226	115	57	0	10	11	89	90	0	9	59	32	48	47	0	53	11	0	0	0	0	0	0	0	0	16	0	0	8	29	255	152	1	0	110	39	106	3	98	149	158	0	115	175	123	0	107	110	103	0	127	153	0	0	55	31	0	133	183	0	0	45	0	0	70	0	0	87	0	0	93	
0	0	0	0	0	13	30	37	26	28	54	0	25	2	0	17	0	0	27	49	50	59	158	119	37	24	10	93	163	191	228	242	178	51	93	163	163	150	0	0	0	24	195	236	51	0	0	31	217	0	0	0	0	0	5	0	48	0	0	0	4	134	160	228	195	0	135	212	171	88	42	0	61	27	99	0	0	125	14	67	103	0	106	48	31	0	0	0	0	0	0	0	0	0	0	0	0	0	0	0	69	24	0	59	81	74	0	137	90	0	26	132	102	0	172	223	0	151	156	0	0	219	57	0	160	41	4	121	
8	8	0	52	31	59	86	76	58	44	56	0	26	17	0	42	0	0	29	29	0	20	153	169	110	53	0	31	29	0	0	0	39	29	171	0	0	32	0	0	233	149	16	42	0	0	0	0	216	0	158	0	24	0	137	0	110	0	48	0	0	28	0	22	97	0	0	0	2	0	0	0	136	116	255	63	0	193	57	110	111	0	141	126	142	53	109	160	255	251	24	255	255	255	142	255	255	255	157	0	22	0	0	0	0	0	0	0	0	0	0	26	4	0	55	99	0	63	42	0	0	113	0	0	119	0	0	53	
0	0	0	0	0	0	0	0	0	0	0	0	0	0	0	0	0	31	11	16	13	11	70	135	16	55	0	0	0	0	0	0	0	0	0	3	181	91	48	104	0	0	255	47	0	108	59	130	108	0	0	119	81	0	54	0	62	0	164	0	0	44	124	18	0	0	0	0	179	255	0	0	70	130	199	0	0	193	10	166	0	0	154	35	27	0	43	0	87	7	0	152	0	0	0	19	0	0	0	59	100	228	78	52	75	37	169	119	159	75	57	76	20	31	0	0	0	32	6	24	0	59	38	11	0	0	2	61	
0	0	0	57	0	11	18	5	0	0	39	19	0	0	0	34	18	43	0	0	21	33	99	129	66	5	0	103	96	166	124	94	150	255	255	255	162	94	0	0	13	255	255	0	0	0	10	81	61	0	0	62	62	34	2	91	161	62	116	0	18	53	94	3	0	0	162	31	78	237	0	0	35	193	93	0	0	255	0	114	0	0	180	54	20	0	51	33	131	68	0	40	37	0	0	255	0	0	69	0	0	0	0	0	0	0	204	84	53	0	0	55	0	57	22	47	33	110	41	58	70	93	29	12	0	0	31	71	
0	0	0	170	53	65	77	76	76	92	111	108	98	78	52	15	146	129	53	103	73	7	32	72	105	0	0	119	0	55	47	54	47	0	0	0	62	0	0	0	164	255	22	0	0	0	58	72	0	0	0	7	26	68	0	0	59	0	97	8	21	21	49	1	0	0	68	0	0	143	0	0	0	216	0	0	0	255	0	0	0	0	98	0	0	0	43	0	0	0	0	0	91	61	6	255	0	0	159	0	0	0	100	0	101	105	193	0	0	19	0	117	0	68	0	0	0	92	0	0	36	0	0	6	64	106	219	167	
86	86	73	125	77	57	54	50	49	56	3	52	66	26	0	0	94	37	0	50	38	0	53	125	161	0	0	103	0	102	41	21	55	57	19	40	255	79	0	0	17	119	0	0	0	19	98	56	0	18	16	20	1	87	49	0	80	0	162	0	0	0	0	0	0	0	98	0	45	255	0	0	0	255	0	0	0	255	0	0	0	0	62	28	23	0	64	10	0	0	154	143	153	72	38	127	0	0	170	0	0	11	167	0	0	22	0	0	0	0	0	78	0	115	51	0	37	156	15	8	84	0	5	100	0	0	94	61	
11	11	0	66	7	5	0	0	0	17	26	42	21	0	15	52	142	22	0	0	0	1	108	205	98	0	0	148	95	127	62	0	6	0	0	20	183	29	0	0	0	149	83	0	0	0	29	0	0	0	0	0	0	0	0	0	56	55	116	0	5	20	52	0	0	77	19	0	27	194	0	0	0	202	0	0	0	188	0	0	5	0	0	0	1	31	0	0	7	126	106	0	0	0	55	0	0	0	159	0	0	140	162	0	0	194	0	0	0	78	74	129	0	113	39	0	24	79	0	0	0	0	0	58	0	0	189	131	
13	13	1	58	74	72	75	66	68	72	38	28	0	0	0	0	2	0	0	69	22	42	49	145	2	0	0	112	136	119	101	91	108	126	167	169	221	76	0	0	0	152	72	0	88	70	240	237	133	133	141	147	180	170	37	211	0	0	0	0	26	14	17	0	0	129	90	77	74	215	56	0	46	228	53	65	65	146	60	3	47	62	20	96	119	80	2	46	31	134	123	0	0	0	82	8	0	0	41	0	0	123	11	0	0	135	0	0	65	138	105	87	2	22	0	0	0	0	0	1	0	20	37	66	0	0	125	117	
29	29	10	90	25	0	36	71	64	55	32	24	27	0	0	0	48	0	0	128	124	134	118	152	140	0	74	87	108	18	20	0	0	93	23	7	0	0	0	0	0	163	71	73	94	63	99	88	38	46	80	56	61	98	0	141	32	79	0	83	60	46	8	0	0	82	73	0	50	232	0	1	0	230	0	0	0	144	0	0	0	8	21	49	67	0	0	0	0	0	1	0	0	16	95	118	76	88	65	6	45	140	89	11	0	0	0	0	0	30	0	8	0	0	19	26	78	58	29	37	19	0	0	0	0	0	128	136	
0	0	0	98	24	49	121	89	54	75	121	152	188	44	125	61	230	113	84	193	82	19	56	128	125	0	12	0	0	0	0	0	0	0	0	0	0	26	16	0	0	213	92	62	19	0	0	0	0	0	0	0	0	0	0	0	44	137	29	29	46	18	0	32	130	252	155	0	66	228	0	0	0	255	0	71	42	162	0	0	0	8	18	37	47	0	9	30	27	31	39	51	37	22	0	0	0	0	1	80	13	0	0	0	0	23	183	152	101	166	41	6	27	0	0	0	0	0	1	16	11	13	0	0	0	87	174	122	
19	19	16	81	0	46	83	20	0	0	0	0	0	0	0	0	0	0	0	0	0	0	7	137	107	0	0	0	0	0	0	0	0	0	0	43	91	43	3	0	0	193	94	52	7	0	0	16	29	28	28	0	1	0	0	228	179	51	0	35	22	22	18	32	56	65	27	0	32	207	0	15	0	254	0	6	0	61	0	0	0	16	34	35	25	0	0	20	0	0	8	0	0	0	39	68	74	23	32	59	0	0	0	0	0	33	143	59	0	58	0	0	0	0	15	105	0	19	77	62	22	38	0	0	0	68	115	35	
77	77	83	75	27	47	102	40	0	0	0	0	0	38	118	27	8	86	124	62	0	14	102	187	150	0	0	5	233	124	214	249	255	255	255	217	255	98	0	0	0	170	89	66	30	0	24	25	25	21	0	0	10	23	33	71	109	60	26	0	0	20	39	44	14	0	0	0	106	217	0	4	7	249	0	0	27	90	23	0	21	32	50	42	29	0	56	88	52	33	59	5	5	31	60	63	27	17	23	0	0	13	41	17	19	34	5	0	0	0	0	26	0	38	104	5	0	29	93	62	0	0	0	0	0	34	62	0	
61	61	73	67	35	41	99	54	0	0	0	0	0	64	38	0	0	255	171	0	0	0	138	187	138	0	0	27	255	0	227	231	221	255	76	0	158	0	0	0	10	196	109	94	17	0	0	0	13	15	0	0	24	25	0	0	107	78	38	8	55	42	18	30	45	61	7	43	86	88	0	0	0	93	0	0	0	14	0	0	16	42	42	34	22	0	4	8	5	2	0	0	0	0	13	5	0	0	17	22	0	0	18	79	28	60	44	8	32	107	104	90	0	0	67	0	0	28	50	5	0	1	50	64	0	10	54	0	
38	38	64	38	0	19	69	5	0	0	255	223	182	255	218	0	0	255	216	0	0	0	155	140	97	0	0	0	182	113	255	218	255	27	40	0	255	25	0	0	0	167	98	69	0	0	0	0	0	0	0	0	14	0	0	0	208	49	0	74	57	31	2	25	34	12	8	4	8	102	0	62	86	230	23	122	198	62	10	14	32	47	43	0	0	0	0	0	27	12	0	0	0	40	90	84	28	0	40	57	0	0	33	56	14	77	54	14	21	51	46	0	0	0	33	95	109	94	36	0	0	27	35	0	0	0	55	0	
128	128	167	45	0	51	76	54	0	0	255	255	167	231	48	0	70	255	255	0	0	0	79	151	89	0	0	0	77	109	161	58	168	0	156	0	255	0	0	0	0	194	81	9	0	0	0	23	23	0	0	28	70	35	0	0	189	102	18	36	9	0	3	50	50	24	48	45	72	156	116	148	98	127	33	57	73	0	0	33	47	60	32	0	0	95	54	45	65	73	24	104	62	84	60	0	0	41	49	0	76	111	84	74	90	72	1	0	24	4	0	0	59	198	123	90	181	0	0	0	11	0	0	0	0	11	59	26	
105	105	135	36	0	46	44	87	0	0	237	137	232	255	195	0	48	99	188	0	0	0	66	187	105	0	0	91	101	96	114	21	64	53	112	0	250	22	0	0	0	218	56	0	4	0	50	98	3	0	24	58	90	67	16	95	97	64	24	45	28	20	16	24	37	40	26	44	59	43	8	0	0	0	0	0	0	0	1	0	4	0	0	0	0	0	0	0	0	0	0	0	11	10	0	0	84	68	0	0	11	0	0	0	0	0	0	0	0	0	0	65	90	51	11	0	57	0	0	29	102	0	0	42	57	40	46	53	
60	60	72	38	0	30	46	103	0	0	68	53	172	204	0	0	0	255	255	0	0	16	81	174	83	0	0	3	55	66	88	16	63	40	76	0	255	8	0	0	0	182	34	0	28	41	102	88	0	8	85	11	0	61	35	56	68	41	21	25	31	39	50	44	41	55	51	56	48	29	0	0	0	0	12	33	26	18	19	30	9	9	25	30	6	123	114	115	103	106	131	101	61	0	0	83	24	0	12	94	123	101	35	0	0	116	58	0	0	0	71	66	20	0	0	0	0	7	21	43	74	0	0	0	2	37	78	90	
35	35	30	66	0	36	55	117	0	0	0	90	130	0	0	0	145	255	213	18	0	0	62	117	13	0	0	0	68	132	107	70	108	110	119	0	255	8	0	0	0	209	55	0	16	44	38	70	0	44	144	62	0	57	98	80	72	61	33	40	17	10	27	52	57	28	66	70	37	14	4	12	32	31	18	0	0	0	0	21	0	0	41	78	23	0	0	0	0	0	18	0	0	0	120	0	0	0	78	85	36	59	18	0	95	98	0	0	0	57	43	33	42	48	61	88	128	70	43	60	65	89	0	0	10	75	109	86	
15	15	0	99	0	20	61	129	0	0	35	98	57	0	0	0	200	255	0	20	0	22	45	35	0	0	0	0	110	121	77	53	100	115	99	0	255	19	0	0	0	242	78	0	25	75	21	4	0	23	100	40	0	0	51	23	32	40	40	27	34	28	55	112	76	17	48	50	12	1	0	3	0	0	0	0	0	0	12	23	0	0	8	62	0	0	46	93	73	54	46	0	61	84	0	0	0	45	132	48	0	55	16	0	10	0	0	0	58	36	23	6	36	22	0	0	77	0	0	59	22	64	64	20	32	114	122	47	
0	0	0	120	0	12	60	134	0	0	0	80	65	171	166	5	197	255	0	49	0	86	7	2	0	0	0	0	94	155	78	75	114	125	74	0	255	10	0	0	0	204	41	0	10	88	0	0	27	85	73	58	24	53	131	75	51	46	28	4	22	70	113	68	2	0	1	5	0	0	0	0	0	0	0	0	4	51	70	87	60	0	56	89	0	0	36	65	11	0	0	31	67	0	0	246	179	81	90	39	20	15	0	0	0	7	26	100	112	44	19	10	45	31	0	0	41	0	1	81	18	0	0	0	0	54	81	24	
0	0	0	140	0	8	76	143	0	0	52	142	30	113	178	64	115	48	1	203	0	48	0	0	0	0	0	18	186	170	78	65	93	95	41	0	255	0	0	0	0	223	82	0	50	71	0	0	62	105	24	39	95	72	30	18	31	52	49	39	0	76	118	0	0	0	0	0	0	0	0	0	0	0	0	29	58	45	0	0	0	0	0	7	0	0	12	0	0	0	5	141	29	0	15	0	0	0	25	52	0	0	0	0	64	84	62	70	73	32	53	20	32	15	0	34	83	109	75	26	26	15	32	31	0	80	80	5	
12	12	0	165	31	37	76	124	0	0	0	115	2	54	101	55	117	63	42	196	0	14	0	0	0	0	30	80	129	79	42	13	83	71	77	0	255	7	0	0	0	142	51	0	22	0	30	26	58	41	36	36	48	37	22	31	37	26	14	19	39	63	183	0	0	20	54	38	13	7	10	27	48	36	5	46	72	38	0	96	115	30	78	105	28	110	65	9	3	50	100	0	0	0	74	42	0	20	66	8	0	0	31	96	111	99	0	0	0	0	0	0	0	0	0	0	0	0	0	0	0	0	0	8	0	43	48	105	
88	88	87	114	20	35	58	125	0	0	48	182	71	113	162	122	133	32	20	213	0	0	0	0	155	142	23	0	21	105	72	58	122	106	89	22	255	13	0	0	0	170	69	0	32	5	69	42	41	37	40	39	40	42	21	33	33	35	27	32	39	118	143	0	0	60	16	21	25	11	21	45	31	29	47	8	0	0	1	0	0	0	0	20	0	0	0	0	42	73	0	0	0	14	127	57	0	32	46	0	0	29	92	54	0	0	0	0	76	73	110	79	53	75	65	56	33	22	53	69	38	28	19	1	0	62	54	81	
82	82	90	61	20	46	48	124	0	0	0	129	0	19	53	28	127	0	0	208	0	0	0	106	99	8	0	0	121	120	93	67	140	112	97	26	255	2	0	0	0	165	42	0	43	35	25	31	48	45	51	46	53	42	38	34	43	30	31	38	47	141	46	0	0	28	0	25	67	49	2	13	0	3	19	0	0	0	40	36	21	17	91	108	7	4	64	107	102	52	4	0	22	35	89	1	0	12	38	0	0	70	60	0	0	10	73	120	103	43	0	0	0	0	0	0	14	25	30	0	0	0	0	0	0	65	59	83	
81	81	91	22	20	57	38	124	0	0	0	120	27	40	102	105	146	0	0	202	0	0	75	205	70	23	0	0	157	140	109	94	145	119	101	0	255	0	0	0	0	199	31	0	12	48	8	51	49	45	30	35	24	24	24	27	31	26	21	38	41	116	0	0	0	0	0	0	0	0	0	1	25	41	67	62	49	64	74	61	25	0	29	5	0	0	45	64	0	0	0	0	21	26	96	44	19	23	10	26	9	24	0	0	0	31	92	54	19	26	91	89	114	135	127	99	15	30	29	0	16	48	48	55	0	111	96	124	
67	67	74	4	26	70	30	126	0	0	0	150	83	112	173	169	101	0	0	253	0	0	26	149	47	36	0	0	145	131	97	61	115	97	77	0	255	7	0	0	0	120	0	0	46	121	17	53	54	37	35	27	23	22	31	31	32	33	21	38	47	108	0	0	0	0	0	0	0	0	5	0	0	0	0	0	0	0	0	0	0	0	0	3	8	45	42	55	58	40	0	7	45	22	44	0	0	0	0	48	18	20	27	7	0	0	0	0	0	0	0	0	0	0	0	0	0	0	0	1	71	73	48	49	0	70	60	132	
60	60	59	0	38	92	13	125	0	0	0	171	94	87	86	63	34	0	67	255	0	0	13	189	111	68	0	0	193	168	98	56	120	101	100	0	255	46	0	0	0	91	61	233	255	255	18	60	73	43	26	22	10	22	32	38	41	27	20	34	58	135	0	0	0	147	210	153	206	255	196	0	0	56	57	11	0	38	81	49	70	23	0	0	25	7	34	29	0	0	0	0	38	30	66	0	0	37	66	36	0	11	32	0	0	0	84	167	147	158	100	99	98	78	38	6	0	0	0	0	0	0	0	0	0	7	28	141	
43	43	30	18	57	25	15	87	124	0	0	113	100	63	121	98	114	13	9	255	0	0	0	145	133	19	0	0	155	110	90	26	81	149	16	0	255	0	0	0	0	24	0	255	169	248	98	0	0	4	18	42	41	21	52	27	0	0	21	55	66	94	53	0	0	180	211	162	121	242	117	0	0	45	28	0	0	0	0	0	0	14	0	0	0	0	0	25	54	0	3	0	32	22	0	0	14	26	47	21	7	55	92	20	0	14	255	208	181	153	94	116	152	181	223	255	223	255	250	243	255	255	255	255	56	132	140	71	
1	1	0	14	35	63	92	121	86	0	0	160	154	103	135	101	30	3	39	255	0	0	0	161	177	40	0	0	203	145	45	79	95	93	63	2	255	0	0	0	83	221	3	82	0	0	0	0	0	62	35	14	24	15	6	54	82	75	50	34	60	88	50	0	0	215	231	24	41	109	129	0	0	11	0	0	69	51	126	144	0	6	65	100	228	255	15	56	14	0	0	0	33	25	0	15	39	40	53	9	0	0	0	0	0	33	255	123	82	50	16	48	92	110	120	128	42	60	46	41	76	46	90	255	0	0	64	44	
113	113	123	40	120	111	115	122	106	0	0	119	108	33	90	96	126	109	105	255	0	0	0	154	185	16	0	0	186	151	70	100	83	75	97	0	255	0	0	0	214	86	0	0	0	0	0	0	25	157	71	6	29	65	86	63	32	17	24	41	54	114	44	0	0	239	255	0	0	0	183	0	0	78	59	0	255	111	4	255	33	0	124	0	0	255	0	0	0	0	0	0	55	42	7	30	49	34	51	19	19	74	64	0	0	83	255	130	86	57	26	81	126	136	115	103	52	50	51	54	81	41	95	255	0	0	83	97	
85	85	119	61	127	56	28	0	0	0	0	134	103	16	114	180	66	0	0	221	0	0	0	155	201	0	0	0	212	255	255	114	70	109	107	0	255	0	0	0	0	0	0	0	0	0	0	42	101	169	128	129	187	192	166	128	91	65	58	48	49	106	26	0	0	231	255	0	0	0	255	3	0	0	0	0	219	0	0	16	0	0	82	0	0	255	0	79	0	0	0	0	76	61	9	25	39	35	41	1	0	29	0	0	0	105	255	136	83	52	18	92	133	118	72	65	72	67	66	87	83	58	134	255	0	0	105	118	
29	29	51	0	0	0	0	6	35	0	0	169	123	22	125	218	31	0	0	247	0	0	0	181	215	11	0	0	180	155	128	0	0	0	0	0	215	0	0	0	0	0	0	0	0	178	117	162	169	115	58	58	40	0	0	0	0	0	0	77	48	129	13	0	0	242	255	0	0	0	255	0	0	57	44	0	154	18	0	135	10	106	255	255	255	148	0	15	0	0	71	0	53	43	0	14	25	0	0	0	0	55	19	0	0	144	251	140	66	37	28	96	138	95	52	49	71	34	45	73	58	49	146	255	0	0	152	94	
64	64	74	52	66	0	0	0	0	0	0	172	145	31	121	185	0	0	28	255	0	0	0	212	236	23	0	0	97	44	0	16	61	112	117	129	182	0	0	0	41	0	0	0	53	170	68	0	0	0	0	0	0	0	0	0	0	97	133	99	72	121	0	0	0	216	255	0	0	0	255	0	0	24	12	0	119	177	39	89	0	57	0	0	0	0	0	48	30	46	24	0	5	26	7	25	37	3	8	0	25	88	23	0	0	186	255	151	80	24	64	118	132	76	25	45	75	29	48	99	80	71	183	246	0	0	143	25	
31	31	28	0	0	0	0	67	155	0	0	176	56	100	122	42	0	4	121	234	0	0	3	139	0	0	0	0	132	223	96	91	110	147	181	255	255	194	0	0	0	159	37	154	0	0	0	0	0	0	50	106	194	198	227	0	163	173	107	27	40	78	0	0	0	255	255	0	0	0	255	0	0	21	16	0	0	0	0	0	0	0	0	0	0	12	0	37	0	0	0	0	1	27	13	50	2	34	77	49	52	68	14	0	0	255	237	141	51	0	34	131	104	37	70	76	76	58	71	86	76	83	136	255	0	0	135	66	
22	22	0	0	55	12	94	160	221	0	0	215	153	154	224	164	110	113	172	223	13	0	10	100	80	255	152	0	242	255	255	255	180	79	2	0	0	0	0	0	87	255	42	230	213	123	251	255	255	255	255	118	85	44	126	0	99	74	25	35	30	80	0	0	0	255	56	0	0	0	255	0	0	51	0	0	0	0	0	124	0	0	255	255	255	165	20	34	17	38	8	0	34	54	32	44	14	0	0	0	0	0	0	0	0	255	205	123	35	0	43	141	97	40	87	83	64	65	70	71	74	103	129	255	0	0	98	56	
4	4	0	22	87	42	73	103	169	0	0	251	255	43	77	24	0	0	0	98	0	0	15	35	0	224	26	0	0	0	0	0	0	0	0	0	0	36	91	95	45	212	0	85	137	0	0	0	0	0	0	0	0	0	14	0	159	81	21	58	32	100	0	0	0	183	135	0	31	49	255	0	0	8	0	0	154	255	255	239	0	0	211	113	98	94	0	0	30	81	1	0	37	75	43	25	44	11	0	18	67	90	34	0	0	255	200	110	33	0	82	138	92	50	78	63	50	66	69	70	71	107	177	153	0	22	72	22	
15	15	2	10	60	47	41	82	166	0	0	93	100	0	30	82	58	94	134	174	28	0	0	56	0	0	0	0	0	74	38	42	40	45	38	80	58	27	0	0	0	0	0	0	0	0	0	0	46	30	23	0	9	28	87	0	184	85	14	33	27	106	0	0	0	177	173	52	130	171	255	0	0	39	0	0	81	161	103	59	0	0	160	82	227	11	0	0	21	44	0	0	23	86	45	0	37	0	0	0	51	43	0	0	0	255	201	86	19	6	107	129	89	54	69	54	60	63	64	64	63	124	243	26	0	45	96	28	
73	73	75	2	39	82	60	85	187	0	0	173	255	161	157	66	0	11	0	0	0	0	0	90	49	0	0	21	21	0	0	0	63	114	142	23	0	0	0	0	22	36	26	33	61	36	0	0	69	53	55	0	69	73	71	0	147	94	37	31	31	120	0	0	0	159	77	37	94	193	216	0	0	4	0	0	185	244	154	101	0	0	145	37	211	0	0	36	48	31	0	0	15	62	46	0	31	44	0	25	108	65	0	0	0	255	190	73	16	19	129	106	78	54	62	51	58	70	69	70	73	136	255	0	0	39	95	5	
100	100	126	0	47	118	64	78	192	0	25	0	0	0	0	0	0	0	0	0	0	41	18	126	125	72	0	187	182	183	187	138	31	0	0	0	0	0	43	17	0	0	59	192	219	0	0	0	108	43	37	0	0	0	43	0	162	100	23	31	19	128	0	0	0	163	133	118	79	203	128	0	0	37	0	0	123	152	56	40	0	0	202	107	255	0	0	3	10	1	0	8	8	57	79	16	34	11	0	0	22	0	0	0	0	255	176	54	0	31	131	86	70	63	61	59	64	62	64	62	72	137	255	0	0	14	59	25	
147	147	204	0	30	127	61	81	147	0	0	12	16	165	72	50	25	15	48	92	134	85	64	120	53	17	71	132	0	0	0	0	0	0	18	49	26	19	73	122	143	147	158	182	127	0	0	0	125	25	57	0	22	12	79	0	188	100	18	26	36	120	0	0	0	151	109	89	28	158	121	0	0	20	0	0	161	253	119	76	0	0	149	0	255	0	0	11	17	12	0	17	28	61	75	34	18	21	0	0	67	55	0	0	16	255	168	51	14	36	142	86	65	62	67	71	32	89	39	87	92	152	243	0	14	47	44	37	
144	144	242	0	67	160	67	79	62	0	0	0	0	11	0	3	0	0	34	0	56	10	0	0	0	0	0	0	0	0	0	25	47	68	83	79	99	124	126	86	22	21	60	103	73	0	0	0	137	3	50	0	0	0	71	0	175	97	19	30	50	118	0	0	0	135	139	115	71	153	121	0	0	16	0	0	134	243	90	30	0	51	181	0	255	0	0	22	15	0	0	0	53	53	27	26	8	6	0	7	46	37	0	0	39	255	163	31	31	47	149	89	44	53	71	83	0	146	17	108	100	178	141	0	0	66	14	6	
101	101	198	0	0	0	0	0	0	0	0	0	19	0	0	25	0	0	53	0	0	0	0	0	0	0	0	78	57	16	67	99	98	100	118	95	64	31	14	2	3	21	64	100	80	0	0	0	109	1	38	0	0	16	75	0	172	96	17	27	49	118	0	0	0	115	155	137	84	162	124	0	0	21	0	0	148	252	96	20	0	74	169	0	255	0	0	7	4	0	0	3	60	62	40	46	32	20	0	21	43	47	0	0	101	255	137	0	12	88	132	75	51	62	80	80	7	147	28	65	87	206	25	0	28	29	17	52	
63	63	98	0	0	66	117	115	113	121	21	0	139	0	16	94	6	0	148	37	0	105	63	82	96	109	149	210	165	104	106	97	69	52	32	41	22	22	31	47	67	33	64	106	81	0	0	0	138	47	56	3	26	13	76	0	177	93	18	29	43	121	0	0	0	89	153	145	83	153	105	0	0	20	0	0	154	248	79	0	0	112	167	5	255	0	0	14	15	4	0	1	58	56	33	40	30	3	0	3	31	35	0	0	138	255	125	0	18	126	105	68	54	63	81	74	18	124	48	52	112	255	0	0	65	0	49	45	
0	0	0	0	77	121	54	0	0	13	0	0	229	0	52	146	140	0	141	0	0	247	126	76	55	50	62	99	45	0	1	33	55	56	44	14	29	42	50	45	34	9	49	100	88	0	0	0	168	69	41	0	0	0	74	0	171	91	17	30	36	126	0	0	0	77	168	169	106	158	93	0	0	18	0	0	163	255	76	0	0	140	142	9	255	0	0	27	26	2	0	0	42	43	21	29	22	0	0	0	24	18	0	0	161	245	126	18	37	144	85	62	48	64	71	72	18	94	67	74	162	227	0	0	35	0	117	51	
0	0	0	139	232	199	0	0	0	0	0	0	255	0	12	128	28	0	159	17	0	162	53	8	0	8	28	79	60	33	30	41	49	27	11	33	41	44	34	21	7	17	54	98	88	0	0	0	167	63	12	0	0	0	79	0	174	97	15	19	35	126	0	0	0	75	173	182	119	154	88	0	0	28	0	0	176	253	72	0	0	162	129	15	251	0	0	29	24	9	0	0	44	48	26	36	21	0	0	0	28	21	0	0	231	224	96	20	41	141	65	54	61	63	80	69	32	56	78	106	170	129	0	0	47	34	154	23	
0	0	0	125	189	173	0	0	61	0	33	0	255	0	8	125	72	0	198	31	0	255	85	0	0	15	41	80	57	13	9	31	57	41	24	27	23	15	4	40	70	41	60	93	79	0	0	0	185	95	7	0	11	0	71	0	185	101	16	2	13	109	0	0	16	139	220	233	144	155	73	0	0	25	0	0	202	253	60	0	0	164	123	34	237	0	0	36	18	0	0	2	56	57	31	42	37	0	0	0	55	18	0	0	255	191	49	19	47	136	52	58	59	78	76	51	18	45	74	110	177	25	0	0	113	69	113	0	
0	0	0	107	56	0	0	0	34	0	0	0	141	0	0	98	116	0	115	0	0	180	45	32	43	61	53	48	41	14	28	34	31	28	30	38	36	32	42	65	91	0	0	76	84	0	9	0	85	122	0	0	64	40	77	0	154	45	20	0	83	171	0	0	41	64	0	4	2	75	38	0	0	30	0	0	210	140	50	0	0	136	150	87	164	0	0	35	0	0	0	0	15	27	30	56	23	0	0	18	60	0	0	0	255	218	60	35	98	105	42	94	60	34	69	51	14	173	83	157	195	0	0	60	71	12	16	0	
0	0	0	98	98	55	68	0	38	26	0	0	173	0	28	86	155	0	105	4	0	214	72	40	30	38	35	43	46	22	31	35	34	33	33	35	40	34	35	46	80	0	5	101	104	0	2	3	100	111	0	0	48	33	71	0	118	47	44	0	72	149	0	0	31	27	171	157	53	69	32	0	19	0	0	0	197	156	71	0	0	236	139	117	125	0	0	22	0	0	4	0	29	49	49	59	25	0	0	3	63	9	0	0	255	194	33	29	94	92	53	86	57	42	79	53	34	127	58	150	194	0	0	77	88	13	10	4	
43	43	30	94	107	76	90	0	16	39	0	0	152	0	39	93	106	0	98	21	0	207	79	39	30	38	35	43	46	22	31	35	34	31	38	40	37	34	27	47	76	0	6	109	113	0	17	6	57	81	0	0	50	31	39	0	134	51	37	0	61	134	0	0	38	24	157	172	154	231	85	0	0	0	0	31	202	140	93	0	0	195	13	101	46	0	0	13	0	0	21	0	30	55	50	65	25	0	0	2	53	24	0	0	255	187	28	41	105	79	59	74	51	55	68	50	68	103	81	174	187	0	0	67	97	4	0	45	
37	37	20	82	87	57	91	0	0	41	0	0	120	1	17	75	0	0	98	36	0	171	94	38	29	38	35	43	46	22	31	35	34	30	35	45	42	32	30	41	66	0	25	114	118	0	0	0	9	24	0	0	0	0	45	0	193	34	0	13	66	125	0	0	50	17	192	129	84	151	0	0	16	18	0	69	189	164	126	0	0	193	92	214	88	0	0	10	0	0	29	0	32	56	48	59	20	0	0	0	42	0	0	0	255	157	4	46	99	56	77	46	48	68	55	38	102	71	107	211	80	0	14	62	72	0	0	100	
0	0	0	102	79	20	92	0	0	33	0	0	93	25	1	46	0	0	86	42	0	169	104	42	28	38	35	43	46	22	31	35	34	30	34	52	39	31	31	43	56	0	27	109	123	0	0	0	0	0	0	0	0	5	141	0	171	32	0	17	78	117	0	0	51	12	190	127	124	217	0	0	6	0	0	0	98	118	106	0	0	246	102	81	0	0	0	11	0	0	31	0	31	49	48	44	5	0	0	12	25	0	0	0	255	153	0	61	103	43	93	35	44	81	60	40	109	53	131	236	0	0	13	38	52	9	16	119	
0	0	0	116	66	0	109	0	0	27	0	0	73	33	1	31	120	6	34	64	0	170	103	43	28	38	34	38	38	12	23	28	29	27	34	54	44	35	34	33	42	0	29	74	41	0	0	0	0	0	11	12	92	182	215	0	117	70	38	15	96	132	0	0	63	13	163	103	111	218	0	0	0	0	3	121	215	171	90	0	0	56	0	0	0	0	0	19	0	0	22	0	31	52	49	45	0	0	0	39	38	0	0	28	255	136	0	65	121	35	109	21	51	97	50	50	99	56	138	241	0	0	0	35	46	28	45	135	
11	11	0	114	90	101	121	0	0	50	0	0	46	99	0	71	49	0	9	83	0	158	90	47	31	41	38	42	47	47	45	53	46	46	44	55	37	22	11	40	60	0	40	55	0	0	78	149	121	188	171	238	183	189	147	0	140	58	35	0	70	80	0	0	113	14	203	163	137	253	0	0	0	0	0	38	28	0	0	0	0	54	0	0	0	20	42	48	14	5	27	20	16	26	45	29	0	0	0	21	17	0	0	145	255	81	27	56	66	71	54	36	63	74	39	50	130	0	163	158	0	0	64	88	12	0	55	98	
0	0	0	113	64	98	88	0	0	44	0	0	33	120	0	58	22	0	36	120	0	183	111	35	29	37	35	40	35	31	37	32	37	29	28	46	34	19	26	30	45	0	3	94	144	191	230	148	118	215	42	0	0	0	61	0	74	14	25	0	79	85	0	0	107	27	50	39	69	238	0	0	0	26	15	23	6	0	0	12	0	6	0	0	0	3	26	20	0	0	15	17	10	30	48	34	0	0	0	9	15	0	0	192	255	57	44	70	64	93	52	39	67	76	40	62	116	31	181	110	0	0	48	43	0	0	79	110	
0	0	0	135	61	103	70	0	0	39	0	0	18	140	0	44	24	0	6	126	0	123	97	33	28	38	33	36	31	26	31	28	22	27	27	35	36	34	39	37	15	35	53	128	136	35	0	0	0	99	0	0	0	0	87	0	129	69	65	0	87	91	0	0	80	0	66	46	52	212	0	0	0	44	19	0	0	1	0	0	0	0	0	39	193	0	37	22	0	0	42	23	17	29	52	29	0	0	0	15	18	0	0	218	229	45	53	73	68	89	53	41	72	69	47	73	74	56	188	50	0	0	73	26	0	25	94	106	
0	0	0	135	43	110	58	0	0	24	1	0	0	178	0	46	81	1	0	186	0	101	100	43	20	29	25	29	33	37	41	36	41	35	38	28	41	45	34	34	16	35	72	146	76	0	0	0	0	180	0	0	11	115	130	59	126	44	57	0	96	98	0	0	95	0	185	121	82	220	0	0	8	9	0	0	0	0	0	0	22	107	138	127	255	0	8	20	0	8	58	17	14	30	45	34	0	0	0	32	14	0	0	234	202	40	54	83	67	92	46	35	66	66	44	81	42	95	196	9	0	23	105	27	0	37	83	73	
0	0	0	146	41	128	49	0	9	2	9	0	0	217	0	34	0	0	0	224	0	76	110	48	34	33	40	47	45	41	44	38	43	34	33	45	44	42	27	30	27	12	66	158	82	0	0	0	14	246	0	0	39	89	120	34	0	0	9	23	95	94	0	0	105	0	133	129	143	255	0	0	0	0	0	5	66	147	161	96	157	153	160	6	241	0	0	8	0	0	25	20	6	25	50	31	0	0	0	35	0	0	0	255	173	41	62	85	62	77	42	31	71	71	41	69	46	124	168	0	0	0	102	33	0	42	63	58	
0	0	0	148	34	147	54	0	29	9	30	5	0	232	0	0	0	16	11	255	0	50	129	36	26	27	36	52	54	43	49	52	45	37	33	69	55	37	26	33	37	53	53	125	65	0	0	0	0	236	0	0	0	0	65	35	0	0	55	78	73	81	0	0	96	0	106	134	138	222	0	0	0	0	0	180	182	145	136	0	90	64	113	0	235	0	0	34	9	13	37	27	12	23	39	21	0	0	0	39	0	0	0	255	168	47	66	86	59	65	46	33	64	63	39	71	46	142	143	0	0	19	126	32	0	37	67	79	
0	0	0	180	126	182	46	0	0	0	0	0	0	96	0	7	0	50	107	220	0	64	166	82	51	37	40	76	63	10	14	17	17	18	16	40	31	20	23	13	14	81	115	86	114	0	0	0	0	167	0	0	60	165	108	46	0	0	113	58	76	75	0	0	71	11	141	89	144	255	0	0	18	0	10	187	138	74	53	14	89	63	55	0	142	0	1	56	0	0	28	0	0	28	48	31	0	0	0	0	0	0	57	255	144	30	76	82	54	42	47	50	60	61	42	66	79	144	108	0	0	120	97	20	0	37	63	56	
0	0	0	190	157	97	0	0	0	0	23	39	0	149	62	100	112	84	131	185	0	47	136	29	21	35	63	83	35	0	0	0	1	0	0	8	11	9	1	0	0	167	112	0	0	0	0	0	136	255	255	90	2	0	0	0	0	0	142	219	120	0	0	0	121	0	169	213	247	224	0	0	80	0	61	198	164	129	49	0	0	0	59	114	138	0	0	30	0	0	22	0	0	46	63	43	0	0	0	0	0	0	198	255	93	29	79	87	42	44	48	54	61	51	54	58	140	142	73	0	0	118	56	0	0	46	44	48	
0	0	0	211	166	98	0	80	105	169	148	209	125	255	168	125	83	0	5	119	0	13	164	87	44	66	70	17	0	22	42	57	50	52	53	56	53	54	38	27	33	174	39	0	61	153	222	191	94	0	0	0	0	0	0	0	47	39	3	0	47	0	0	0	183	22	27	129	110	1	0	0	0	0	0	83	63	43	0	13	102	189	170	22	0	0	0	26	0	0	56	13	0	44	82	30	0	0	0	37	0	0	189	243	72	39	84	82	38	49	43	56	58	56	51	69	149	140	0	0	51	13	43	0	0	51	57	97	
0	0	0	205	136	70	0	104	110	147	119	39	41	165	0	0	0	0	32	193	0	69	197	76	16	39	54	4	0	37	38	41	37	35	32	39	41	36	34	24	36	181	67	0	0	0	0	0	0	0	36	83	43	0	0	0	135	29	0	134	17	0	0	0	83	234	23	0	119	162	0	0	0	0	86	188	165	151	100	100	16	0	0	0	0	0	24	28	0	0	32	0	0	10	69	27	0	0	0	41	0	0	185	230	65	40	88	69	34	52	45	57	57	59	60	76	136	171	0	0	10	8	36	11	0	50	89	105	
0	0	0	217	120	75	0	68	66	59	61	0	0	160	0	0	0	0	98	225	0	0	189	84	41	51	41	3	15	75	69	62	61	61	62	64	59	57	46	32	35	110	44	0	0	0	20	39	29	28	21	2	0	0	0	0	147	210	99	114	56	0	40	32	20	150	0	0	125	106	0	0	45	0	91	118	54	11	0	0	0	0	0	0	0	23	43	33	10	0	15	18	0	22	101	51	0	0	0	19	0	0	183	215	63	53	92	56	31	55	45	55	55	56	61	110	174	154	0	0	0	64	46	34	0	51	119	93	
0	0	0	219	105	130	0	118	70	33	0	0	0	255	0	0	201	44	207	255	0	115	227	93	82	61	6	0	15	79	51	43	36	37	29	33	32	32	23	10	13	153	87	0	3	0	67	74	69	79	43	4	0	0	74	162	102	32	0	0	67	83	197	90	6	0	0	0	30	0	0	13	64	0	0	0	0	0	0	0	0	0	20	58	96	25	35	21	0	0	15	44	0	31	134	56	0	0	0	0	0	0	208	185	66	60	95	50	22	66	42	53	58	59	61	136	255	0	0	0	89	59	61	10	0	43	96	66	
0	0	0	215	79	88	0	0	0	0	0	0	13	255	0	0	0	0	0	188	0	0	0	0	14	29	2	34	32	67	53	52	48	43	37	60	51	43	37	35	35	165	39	0	0	0	0	0	0	0	0	0	18	18	11	0	0	19	0	0	123	183	64	0	0	44	42	0	20	25	117	38	32	0	7	0	2	110	43	13	34	67	105	61	4	0	0	0	0	0	2	5	0	17	73	15	0	0	27	15	0	0	187	173	76	71	81	39	25	55	51	48	65	52	103	173	255	0	0	0	133	11	41	16	18	60	76	78	
0	0	0	218	90	91	59	0	50	0	169	0	22	250	0	0	0	5	104	255	0	30	36	0	127	90	0	58	0	51	58	35	17	1	0	17	0	0	0	0	0	67	0	0	2	80	100	86	48	53	51	40	18	29	48	13	46	0	0	0	0	0	0	0	0	62	94	77	52	11	0	0	7	0	41	30	19	147	39	0	32	6	47	0	0	0	0	0	26	30	23	59	0	33	0	0	26	0	72	55	0	0	0	117	97	68	57	41	44	67	88	57	72	34	143	220	88	0	0	55	39	31	0	25	0	49	49	76	
0	0	0	210	139	34	86	0	29	0	51	0	34	255	0	0	102	255	255	255	0	6	42	0	118	155	17	15	5	12	15	5	23	50	68	28	46	74	95	96	67	255	137	44	90	35	0	7	27	36	44	22	7	11	14	0	8	0	0	0	0	77	101	0	4	252	12	0	0	0	62	112	181	89	103	50	15	129	60	0	0	0	24	0	0	0	0	15	38	26	30	65	0	0	0	14	95	105	54	48	0	0	0	223	122	80	60	52	50	63	50	53	70	30	164	255	0	0	1	25	56	27	0	23	0	48	34	64	
0	0	0	255	238	48	61	7	36	239	17	0	0	136	81	51	153	123	0	0	0	0	0	0	10	146	41	0	74	57	24	8	15	9	2	75	80	104	105	84	63	0	0	0	16	53	82	59	32	36	21	4	0	0	4	0	0	1	10	0	0	4	106	126	8	0	0	0	0	0	15	19	0	0	0	42	79	76	2	0	0	13	59	0	40	19	56	76	29	3	1	46	0	0	0	28	93	127	63	0	0	0	0	220	116	77	60	49	42	64	56	45	69	84	197	165	0	0	42	29	0	0	0	68	12	88	59	79	
0	0	0	255	174	0	0	118	22	0	7	59	82	140	97	0	0	0	0	0	0	13	35	21	0	133	91	0	53	28	52	124	177	170	152	98	54	0	0	0	0	0	0	25	54	9	2	0	0	0	0	0	0	7	7	0	0	0	4	0	0	43	152	138	46	126	150	123	83	38	0	0	0	0	0	0	49	0	0	0	0	1	58	0	46	0	30	44	0	0	3	37	0	0	0	0	29	0	93	0	0	18	118	194	124	71	62	47	49	67	79	41	77	162	221	0	0	0	0	55	0	0	23	40	0	47	0	23	
0	0	0	255	72	0	94	200	66	8	22	0	0	0	0	0	0	14	93	108	135	172	100	36	0	51	132	44	150	229	164	103	50	0	0	0	0	0	0	47	72	0	21	35	2	0	0	45	40	19	0	0	31	8	0	0	0	40	97	63	67	0	28	36	15	111	9	0	0	0	0	58	86	133	0	0	32	0	0	10	78	9	40	0	0	0	32	42	0	0	42	21	0	56	87	107	148	26	57	0	0	104	254	166	87	75	62	47	48	74	75	44	78	168	195	0	0	12	0	43	0	0	49	53	4	67	12	45	
0	0	0	255	66	0	0	0	0	0	0	0	9	24	123	147	181	69	130	140	74	0	0	0	0	32	255	172	45	0	0	0	0	0	0	50	53	56	59	24	0	0	0	0	0	0	28	34	0	0	0	0	27	56	54	55	41	88	97	18	36	0	37	0	0	0	105	111	120	87	122	47	70	165	99	67	70	0	112	215	255	34	1	1	0	111	143	91	0	0	72	72	0	93	102	58	34	0	0	0	0	197	245	42	60	63	68	50	58	70	49	47	85	148	180	0	0	146	6	0	0	0	0	54	16	75	13	52	
0	0	0	255	63	0	0	0	0	135	147	158	89	74	104	72	42	41	0	0	0	0	42	130	236	200	9	0	0	0	124	128	36	7	55	66	50	0	0	9	0	43	47	57	98	84	0	0	0	0	0	16	36	5	0	0	17	0	3	72	0	0	69	0	0	0	0	0	0	0	0	0	0	49	0	0	0	0	100	40	0	0	0	0	138	0	0	27	0	21	9	5	39	125	101	0	0	22	6	0	125	255	255	140	86	99	74	37	47	83	56	90	131	198	111	0	0	0	19	77	0	0	45	64	80	15	9	33	
0	0	0	255	35	0	19	97	77	80	68	91	72	78	48	0	0	0	0	0	42	114	136	72	0	0	19	74	88	104	52	0	0	0	43	0	0	15	17	14	0	0	0	0	0	20	0	0	31	48	53	51	26	27	20	12	19	0	0	0	84	0	115	20	0	92	94	255	23	0	116	0	0	121	116	255	132	110	205	0	0	0	97	119	136	0	0	80	0	73	165	102	47	49	17	0	0	43	31	34	56	101	94	70	131	103	102	104	83	44	52	62	144	217	0	0	6	0	61	68	0	0	20	73	81	34	7	0	
0	0	0	255	110	0	22	74	7	0	0	0	0	0	0	0	74	6	0	0	48	70	63	0	0	19	111	88	5	0	0	0	0	0	0	0	38	0	0	0	0	0	0	41	73	40	0	1	20	0	0	0	0	0	0	0	0	2	0	0	0	77	167	7	0	100	42	143	0	0	0	0	15	17	23	53	0	0	0	0	0	116	28	74	139	33	0	77	0	0	94	30	0	15	53	8	19	19	31	58	0	0	0	0	0	0	0	63	120	127	116	101	163	179	0	0	35	0	46	22	0	0	0	65	65	18	0	0	
0	0	0	219	0	0	0	0	0	0	0	33	112	133	44	0	0	27	77	152	119	14	4	0	0	93	0	0	0	0	40	42	0	0	0	35	43	0	0	7	72	94	16	0	0	0	59	43	5	0	0	0	9	39	19	38	122	131	101	94	141	29	0	42	114	40	0	1	0	12	0	170	255	177	44	226	108	81	71	95	177	255	119	103	63	14	0	93	92	0	107	42	0	14	38	0	0	0	23	62	61	35	17	0	0	0	0	0	0	23	70	117	242	142	0	3	33	0	2	0	0	0	20	17	2	0	0	12	
0	0	0	105	0	4	145	204	218	214	149	43	0	0	0	74	92	88	86	67	25	0	0	0	15	27	0	0	0	10	0	0	0	0	0	0	38	45	55	93	100	0	0	29	47	22	0	0	0	0	0	70	212	199	9	43	74	18	0	0	0	27	0	130	243	48	0	4	0	0	0	0	0	0	80	0	0	0	93	0	0	0	0	30	0	0	0	45	64	0	64	96	35	0	0	0	0	24	2	5	49	20	0	0	37	55	45	18	0	0	0	16	169	0	0	0	13	28	0	41	0	55	146	0	0	16	13	33	
30	30	0	255	177	146	67	0	0	0	0	30	90	18	0	16	23	14	0	0	0	0	12	59	0	0	97	93	0	0	0	0	39	60	55	60	65	18	4	21	0	0	0	0	0	10	41	14	9	91	152	175	171	77	0	0	34	0	0	67	47	0	43	85	4	83	0	0	21	0	122	103	0	0	0	0	0	0	84	88	20	0	38	93	0	10	0	2	64	0	93	44	34	47	29	7	5	12	0	0	25	8	0	3	11	0	0	15	22	21	11	0	74	0	0	24	0	90	0	77	0	110	252	0	0	59	33	5	
27	27	44	0	0	0	0	6	60	118	31	5	0	11	55	139	0	0	20	18	2	0	0	0	0	0	0	0	0	19	77	77	29	27	53	24	36	15	23	35	0	0	48	25	49	79	67	41	48	88	189	214	33	0	0	0	0	81	90	142	0	0	16	172	90	0	0	17	0	43	242	50	0	144	99	193	0	91	127	233	170	0	0	10	3	38	0	81	38	0	31	41	47	9	0	20	36	65	78	44	20	0	7	43	0	0	0	13	59	0	30	44	20	0	10	16	18	53	28	0	0	151	164	0	0	24	43	0	
66	66	93	0	19	111	135	86	19	0	15	0	0	0	0	0	0	0	0	0	0	0	0	0	0	44	93	114	81	38	58	41	17	7	1	0	0	0	0	0	39	30	71	0	0	32	0	67	51	0	46	114	0	0	127	212	190	255	112	0	0	1	99	123	61	108	0	170	17	3	58	0	0	198	126	92	0	134	255	0	0	69	44	52	44	30	49	70	45	34	0	62	61	5	0	34	38	50	40	0	0	4	97	125	0	0	32	107	121	0	14	55	7	0	0	0	39	68	59	0	0	83	98	0	38	22	57	9	
49	49	75	0	9	14	0	0	0	0	0	7	9	0	0	0	141	39	0	0	0	0	56	89	124	112	85	45	20	0	0	0	0	0	0	86	16	57	92	64	126	86	92	0	0	27	0	0	0	0	2	148	154	169	110	170	39	121	0	0	221	255	234	0	0	0	0	82	0	0	22	0	116	252	223	192	70	138	255	37	14	108	0	0	0	0	64	0	18	0	0	95	123	63	36	53	76	41	22	15	35	73	99	55	0	4	105	48	35	0	25	49	3	0	2	6	66	87	44	0	0	37	81	0	31	5	47	0	
84	84	135	52	193	39	0	0	0	0	41	23	0	0	0	0	0	0	42	95	118	82	55	26	0	0	0	0	0	0	0	0	23	50	62	24	0	49	73	0	0	77	105	0	0	0	0	0	81	213	213	181	85	36	16	0	0	0	0	1	255	255	28	0	0	122	0	134	0	0	8	0	138	193	5	0	59	0	81	0	0	0	0	0	42	0	18	34	129	0	6	116	97	41	6	0	23	17	5	48	52	22	0	0	0	90	100	0	0	2	49	29	1	0	4	12	75	67	0	0	0	77	79	0	19	0	27	0	
86	86	148	0	0	0	0	12	28	0	0	0	0	0	0	32	183	99	2	0	0	0	14	19	25	23	0	0	0	0	19	92	95	76	46	46	186	216	25	0	0	0	49	0	0	51	142	255	255	11	0	41	136	59	60	51	173	6	39	26	79	5	0	0	0	7	0	31	0	43	62	36	49	0	0	0	86	0	101	0	0	197	119	46	28	76	40	134	139	0	0	108	72	32	0	0	20	48	36	22	0	0	14	22	0	0	6	0	23	0	65	0	0	0	1	21	74	48	0	0	36	133	91	0	34	6	42	31	
104	104	171	0	0	155	155	17	0	0	0	0	53	145	166	155	0	0	0	38	61	49	3	0	0	0	0	0	68	241	213	200	183	125	74	17	154	28	0	0	0	0	47	33	138	215	161	0	0	0	32	164	91	0	0	0	12	0	0	0	0	0	52	141	88	120	190	255	105	0	0	0	0	0	12	133	0	0	79	119	0	188	0	0	0	113	96	133	0	0	0	66	21	0	0	0	5	21	0	0	0	11	27	42	0	0	23	28	65	8	40	0	0	31	31	44	80	54	0	0	74	59	26	0	9	0	55	40	
93	93	158	0	0	0	0	0	0	70	134	65	34	19	0	0	40	55	30	0	0	0	0	0	13	115	234	255	255	140	0	0	0	0	2	64	4	0	0	9	0	89	81	0	156	186	0	0	44	2	0	0	119	72	0	0	34	108	248	94	0	95	193	18	0	0	64	113	0	0	0	93	255	255	231	172	8	61	63	171	188	95	9	0	54	0	0	13	17	39	103	147	0	0	0	12	65	95	48	49	42	34	6	0	0	20	54	18	46	82	16	0	0	37	11	10	71	59	0	0	30	11	0	0	0	43	52	28	
12	12	42	0	0	33	105	86	71	55	20	0	28	54	50	93	0	0	0	0	0	34	128	241	255	202	143	15	0	0	0	0	0	0	126	56	0	0	0	0	0	192	106	0	198	235	0	0	0	0	0	0	203	68	0	0	247	255	255	133	0	0	40	0	0	0	91	92	0	0	0	77	3	52	0	0	0	0	0	0	119	0	0	0	0	0	0	43	208	0	132	0	0	0	0	61	103	0	0	47	0	0	71	34	0	22	38	50	63	113	0	0	2	60	14	0	92	58	0	0	20	23	29	73	0	101	48	10	
9	9	0	102	110	95	0	0	0	22	46	54	78	32	0	0	0	0	17	91	220	255	129	56	2	0	0	0	0	0	45	61	56	1	133	0	0	0	56	67	88	50	0	0	147	190	0	0	4	3	0	115	255	32	0	92	215	243	255	22	0	0	21	76	95	157	109	72	0	95	0	0	0	48	117	39	198	0	24	0	159	16	19	48	90	0	42	231	37	0	0	108	133	71	0	40	193	72	49	30	0	3	66	0	0	27	64	44	27	38	0	0	48	54	0	0	142	59	0	0	53	29	33	57	0	66	24	0	
0	0	0	0	0	0	47	101	126	117	5	0	0	0	0	39	80	177	214	193	98	0	0	0	0	0	0	4	1	20	88	0	34	0	0	0	0	0	56	117	173	0	0	0	200	210	0	0	3	0	0	111	220	0	0	35	193	139	239	0	0	0	0	0	0	16	48	255	113	0	89	0	105	223	90	46	69	0	0	0	37	57	98	40	17	0	49	130	29	0	0	94	0	0	59	81	80	28	0	0	2	64	104	0	0	58	71	42	0	0	0	0	15	0	0	0	150	22	0	0	53	3	19	66	0	49	0	0	
0	0	0	151	168	141	93	18	0	0	0	0	60	149	193	177	116	93	6	0	0	0	0	9	34	59	49	26	0	0	53	0	60	0	0	0	26	80	144	148	86	0	0	0	184	173	0	0	34	4	19	87	186	43	0	84	255	255	255	173	0	0	115	123	0	255	251	3	0	49	162	0	144	0	0	0	0	55	0	11	36	75	54	0	31	77	43	0	121	0	0	168	255	165	69	15	0	55	57	70	1	0	13	0	20	69	69	26	0	0	16	31	0	0	19	53	122	0	0	22	41	0	15	63	0	37	0	0	
21	21	9	114	0	0	0	0	0	46	148	205	169	95	15	0	0	0	0	5	46	32	22	0	1	10	0	0	0	0	157	0	116	64	11	90	127	131	142	78	0	0	0	0	200	192	0	0	49	41	0	0	18	0	0	64	61	19	18	15	77	0	0	0	0	103	192	96	112	32	0	0	0	0	0	0	0	73	152	189	0	0	50	36	30	54	0	22	31	50	93	161	170	0	0	0	200	197	0	0	1	144	164	43	59	70	45	10	0	21	57	44	0	11	80	67	55	0	0	51	25	0	27	75	0	34	0	9	
0	0	0	0	0	0	106	179	183	134	109	48	0	0	0	0	20	74	53	22	34	30	38	0	0	0	0	0	5	164	255	0	99	51	6	82	63	0	0	0	0	0	0	0	188	183	0	0	55	51	0	0	15	82	149	255	83	66	116	156	170	255	209	22	105	0	16	30	0	0	255	0	0	255	0	0	0	0	255	255	246	242	159	0	0	0	54	32	40	75	235	255	48	0	215	0	2	74	0	0	0	0	6	0	18	15	0	0	1	38	40	15	0	31	75	4	8	0	13	66	24	6	48	62	0	24	0	29	
0	0	0	134	190	158	67	47	30	0	0	0	0	39	0	0	31	83	44	23	0	0	0	0	0	49	193	255	0	66	255	0	64	68	0	0	0	0	0	0	0	4	39	0	255	204	0	18	4	0	0	11	164	0	0	83	0	0	80	146	0	0	0	79	31	0	144	41	17	177	240	0	0	236	0	0	0	24	255	255	0	5	46	0	0	19	121	71	10	172	153	0	0	0	0	162	0	23	0	0	77	84	0	23	44	19	8	18	45	45	23	5	20	51	43	17	6	0	90	0	38	10	67	0	0	0	15	32	
32	32	27	129	63	4	0	0	0	0	15	0	0	54	0	37	38	61	0	0	0	0	85	181	174	157	200	193	0	23	255	0	56	84	31	0	0	0	0	0	0	73	103	0	172	97	0	5	40	7	0	0	162	44	0	56	28	0	0	7	0	39	105	98	40	0	0	51	0	0	0	0	0	1	0	0	0	255	244	255	47	255	0	0	0	22	178	112	0	19	0	0	0	24	56	144	0	0	0	0	100	126	0	12	177	58	23	55	73	66	0	0	21	56	49	29	4	0	97	14	27	0	16	0	0	34	49	42	
58	58	67	8	0	0	0	4	24	27	44	9	0	22	0	0	0	0	0	234	255	255	204	83	46	0	74	173	0	134	255	0	33	67	34	0	0	6	26	0	0	171	5	0	214	116	0	14	8	0	10	137	255	176	0	168	0	0	0	0	135	127	0	0	0	0	177	116	255	166	255	255	255	0	0	0	255	255	255	230	0	167	0	0	14	114	35	0	0	0	52	0	0	201	255	0	0	89	41	253	255	241	133	4	163	18	0	51	46	8	0	0	47	63	38	10	10	0	100	0	10	0	28	0	0	58	52	31	
0	0	8	0	0	20	60	51	27	28	16	0	0	0	0	0	255	255	104	255	0	0	0	0	14	38	91	136	0	119	255	0	0	33	53	55	0	0	18	0	0	63	0	15	240	0	0	0	107	255	130	0	0	0	0	0	0	0	85	0	1	0	57	0	0	186	111	0	216	0	255	0	0	74	0	116	255	255	255	255	228	14	0	0	29	51	0	0	163	0	0	35	254	0	222	0	84	0	0	149	76	0	0	0	72	16	31	70	33	0	0	33	67	49	20	8	15	0	72	0	24	23	69	18	40	47	11	30	
50	50	63	17	23	42	54	0	0	0	0	0	0	67	13	190	249	95	0	233	15	0	0	0	39	106	88	138	0	87	255	0	0	66	74	91	36	0	0	46	59	31	0	0	0	0	0	172	170	62	15	0	0	0	113	98	0	127	255	53	84	0	0	0	255	255	255	0	114	37	200	255	0	15	0	66	255	118	129	0	46	0	0	8	82	85	0	0	82	0	0	0	255	0	130	0	22	0	131	59	0	0	0	0	122	92	87	61	23	0	8	43	63	27	12	33	14	0	70	0	40	51	45	0	48	45	0	13	
22	22	23	0	0	0	0	0	0	0	92	178	255	227	22	103	173	112	0	249	0	0	0	0	89	227	136	148	18	134	255	0	39	93	57	33	39	0	0	15	26	42	55	0	0	255	139	0	52	30	0	1	20	167	255	150	0	0	0	0	0	16	0	132	255	255	78	0	0	255	255	129	0	0	26	217	255	247	99	0	0	19	0	0	0	25	81	255	110	212	0	204	255	177	0	0	0	0	175	0	0	0	116	20	159	149	79	24	0	24	2	36	52	11	12	39	0	0	60	0	25	0	0	0	47	36	0	10	
1	1	0	0	0	0	6	69	255	255	255	0	106	143	0	66	82	81	0	255	0	0	0	0	19	0	0	0	0	4	0	0	0	0	0	55	123	255	116	111	137	0	0	0	63	255	0	0	0	111	0	19	0	0	0	0	0	0	0	255	255	165	255	200	0	0	0	255	137	117	8	0	0	0	20	201	0	192	0	0	0	255	124	0	0	21	0	0	0	0	0	255	255	255	207	255	0	59	0	0	0	0	0	0	155	68	23	3	0	4	20	51	0	62	0	27	53	54	124	134	114	55	0	59	119	108	63	1	
0	0	0	0	119	255	255	209	99	0	0	0	15	230	0	0	156	133	0	255	0	0	0	0	82	26	31	57	0	100	54	255	244	0	119	50	80	176	49	129	0	0	0	10	204	16	21	0	0	178	230	113	0	0	0	0	172	255	255	255	255	44	0	1	0	255	189	113	21	0	47	230	122	219	255	177	82	0	255	143	223	220	3	0	0	2	129	0	255	255	221	194	171	0	109	255	0	19	0	0	0	38	0	21	216	114	53	42	30	32	25	0	22	3	35	53	81	40	85	52	7	0	0	48	56	36	7	0	
0	0	0	32	255	254	0	0	0	0	0	13	0	255	0	27	144	97	0	150	0	0	26	39	77	77	151	194	0	0	0	0	0	0	62	0	191	61	0	0	0	0	157	255	159	0	0	0	0	52	217	51	0	0	255	255	255	203	127	209	182	0	0	0	0	26	0	0	43	15	0	0	0	0	255	100	0	255	0	0	0	73	0	0	0	0	0	0	0	0	0	0	54	0	0	255	207	164	115	0	0	194	186	28	153	91	43	25	20	22	19	0	162	53	113	67	51	2	55	27	0	0	0	45	34	3	0	0	
0	0	0	0	255	108	0	0	0	0	91	117	0	255	0	47	122	80	0	125	14	0	17	0	51	8	82	215	7	0	37	181	85	73	8	0	124	82	0	0	111	0	240	143	111	131	0	0	0	0	0	0	0	151	213	255	90	76	0	0	0	254	217	255	207	58	0	0	181	0	0	0	0	0	255	81	0	0	0	164	255	199	0	82	0	0	0	104	0	203	255	37	255	222	239	255	208	255	0	0	255	120	141	58	52	50	30	12	12	16	14	0	166	41	54	0	0	0	41	33	0	0	0	14	15	21	8	0	
0	0	0	0	255	117	0	14	59	13	103	156	0	255	0	0	80	61	0	77	76	38	0	19	139	0	0	255	168	0	0	82	43	57	0	0	0	1	99	0	255	62	69	0	0	0	0	0	0	255	255	255	255	112	0	226	226	166	0	0	0	44	251	0	85	0	0	0	117	9	0	0	0	255	255	28	0	0	9	118	0	182	0	137	255	79	49	154	170	126	52	0	112	255	255	0	0	250	0	73	255	54	147	77	25	56	36	26	20	5	0	0	0	64	0	0	0	0	59	37	0	0	0	20	38	31	17	0	
0	0	0	58	217	220	0	0	0	24	0	67	0	251	0	2	108	97	0	42	83	6	0	11	3	0	36	182	0	27	167	225	255	37	8	0	46	201	0	93	255	0	0	0	0	0	87	234	0	226	255	252	0	9	153	245	151	64	0	0	0	51	0	226	197	60	0	18	30	0	0	0	255	179	40	0	0	0	11	210	0	2	0	0	0	103	255	0	128	221	0	0	0	0	5	0	0	141	0	0	255	63	0	32	5	42	23	22	12	0	11	0	0	255	0	0	1	0	133	124	0	21	42	22	12	0	3	48	
0	0	0	150	161	170	0	0	0	8	7	26	0	231	0	0	137	80	0	9	121	6	0	0	0	0	53	5	0	0	66	0	0	0	105	0	7	149	0	0	0	0	0	219	255	194	30	18	0	24	215	108	0	0	255	0	130	114	0	128	0	0	111	190	255	153	141	0	0	100	0	31	255	255	222	0	90	0	236	0	0	208	35	255	255	255	255	7	39	142	0	0	195	114	0	161	210	255	171	255	223	0	0	26	52	0	55	13	39	0	40	98	0	255	0	0	19	0	127	126	0	0	0	26	14	0	0	83	
0	0	0	167	78	135	0	20	53	10	90	32	0	235	0	0	125	125	0	39	166	89	24	0	0	43	255	128	141	118	24	0	0	80	172	0	0	0	0	16	0	0	255	255	123	0	159	206	53	0	100	255	0	254	255	255	255	248	255	238	0	0	0	255	255	0	128	170	255	255	89	142	255	28	14	0	117	111	0	107	0	255	165	59	255	0	17	112	0	0	0	0	255	255	0	38	70	255	0	117	141	0	0	0	50	46	37	0	0	94	0	0	8	173	60	0	59	0	57	77	0	15	31	104	37	8	0	154	
0	0	0	179	64	122	0	107	127	28	0	0	0	203	0	0	114	183	39	0	90	25	11	0	0	51	98	0	0	90	22	0	0	0	0	0	0	0	255	214	255	255	255	0	255	84	0	0	0	0	255	255	0	0	0	255	255	0	0	217	0	185	255	0	0	0	0	255	162	255	255	0	255	255	205	0	0	255	255	255	68	255	255	0	25	0	0	0	176	0	0	255	0	0	0	0	34	255	255	255	0	0	0	51	49	0	0	67	0	0	187	103	6	90	0	0	10	0	0	86	60	30	0	0	0	63	50	102	
0	0	0	202	52	117	0	50	87	13	0	0	0	239	13	0	121	171	7	0	88	1	94	0	0	180	150	53	102	0	25	0	0	0	39	24	0	176	221	255	0	0	0	255	255	243	0	0	0	0	0	39	0	145	255	5	0	0	0	0	0	206	255	0	0	125	0	99	111	162	0	0	130	4	0	0	255	255	255	202	111	0	255	255	0	254	69	0	0	0	51	0	0	0	0	229	0	255	255	172	0	0	129	0	45	16	0	64	0	119	83	223	255	0	127	29	0	0	0	73	48	0	79	27	0	0	0	0	
0	0	0	250	25	168	0	19	39	0	0	114	19	253	35	0	125	161	0	0	166	12	0	0	0	108	74	0	0	49	84	148	108	215	145	255	8	109	191	153	176	242	91	255	255	0	0	0	0	255	255	255	185	108	255	255	0	162	0	0	255	54	0	0	0	230	243	255	255	190	0	0	212	135	81	156	255	255	255	255	55	0	255	255	0	0	8	0	0	58	0	255	0	0	117	255	44	191	255	64	0	34	42	0	0	51	45	37	0	92	255	0	141	101	0	116	0	63	34	87	59	0	255	127	0	0	82	69	
0	0	0	255	15	174	0	25	40	0	12	135	0	197	19	0	14	107	0	0	110	0	0	0	8	241	255	92	0	98	190	114	0	26	85	27	47	0	23	0	0	0	0	24	0	255	255	10	63	0	0	0	0	0	60	50	0	0	0	0	113	139	148	202	0	0	114	0	0	0	0	0	0	253	255	251	255	217	0	0	0	0	27	47	0	148	209	14	0	0	255	0	176	0	0	59	157	0	84	0	0	18	0	89	11	12	82	13	32	5	255	31	0	0	101	0	0	110	19	0	0	0	198	0	0	107	98	104	
0	0	0	255	5	196	0	19	48	22	8	66	0	150	50	0	101	173	63	0	112	0	4	151	84	39	0	22	0	0	108	0	0	0	255	30	0	0	0	0	255	0	0	70	171	255	156	0	255	0	0	57	0	160	123	0	0	0	180	204	0	0	0	0	0	0	247	196	0	0	0	29	12	77	255	33	0	163	0	0	0	0	13	255	255	0	0	0	176	0	255	255	195	52	60	92	195	255	0	0	78	68	99	0	36	0	42	0	17	255	9	0	0	228	0	90	54	37	0	0	12	48	218	0	21	47	0	0	
0	0	0	255	0	197	0	17	31	45	0	30	0	147	129	0	215	167	68	0	131	0	0	90	191	165	126	234	0	0	120	0	0	255	255	255	0	112	17	115	255	17	0	255	220	0	96	27	255	0	0	0	0	0	41	0	0	172	22	189	0	46	0	0	255	74	255	255	0	0	0	174	237	18	0	0	95	255	0	244	0	0	0	255	0	0	15	165	255	0	255	255	169	69	151	96	229	255	0	0	70	83	0	64	52	0	0	0	243	255	0	35	64	19	76	19	105	0	0	0	69	0	0	0	0	0	0	0	
0	0	0	255	24	192	22	140	108	33	0	0	0	80	133	0	13	72	3	0	173	0	24	255	162	60	54	0	0	0	186	0	0	255	255	255	0	0	0	0	0	0	3	187	0	0	0	67	35	0	19	0	0	0	246	17	0	0	0	0	0	137	119	165	0	65	255	255	255	192	109	255	255	255	39	79	255	255	0	255	255	87	255	255	255	0	48	146	255	0	0	0	208	137	132	112	185	255	0	0	108	109	39	48	0	7	0	28	255	255	0	0	28	48	255	135	0	118	106	75	0	0	104	122	0	184	131	0	
0	0	0	228	0	158	34	0	0	0	0	0	0	68	148	0	68	142	0	0	188	75	155	232	80	36	0	0	143	64	64	0	6	136	43	194	0	0	121	34	45	83	230	0	0	0	255	255	135	228	0	5	41	255	255	255	49	0	221	132	30	255	30	129	0	187	0	161	0	15	161	255	0	255	255	152	48	45	0	99	0	86	255	71	0	0	42	143	255	0	0	0	255	194	125	69	255	255	13	0	41	38	0	0	0	0	101	0	0	255	0	0	3	41	0	0	0	17	0	59	0	0	170	64	0	16	0	0	
0	0	0	219	46	160	0	0	0	0	0	53	217	154	144	0	54	118	0	0	195	111	154	184	21	0	0	64	37	0	0	0	0	9	0	0	51	125	7	123	255	75	0	0	0	0	19	0	0	0	0	0	48	0	83	29	0	0	0	71	79	62	34	82	0	185	0	195	9	27	0	255	70	0	65	0	0	235	0	7	64	255	77	0	0	0	92	185	52	0	0	249	255	0	0	123	0	255	0	0	1	7	34	24	19	0	18	77	26	0	0	249	187	0	0	223	0	0	0	0	0	52	255	127	0	0	85	0	
200	200	173	202	50	0	0	0	0	104	173	121	63	36	124	0	115	145	0	0	79	0	0	22	0	0	0	0	0	39	98	14	0	211	85	12	255	252	255	165	69	255	0	65	255	49	0	221	255	96	33	0	255	113	255	44	63	27	12	13	255	0	163	255	0	137	0	248	0	74	63	255	99	0	221	0	0	239	0	0	21	255	163	45	0	0	153	255	50	0	137	248	182	130	132	0	255	8	0	0	26	16	85	55	0	0	24	73	0	0	0	255	255	255	255	212	0	0	0	0	0	41	255	0	103	255	226	0	
0	0	0	120	0	0	164	144	171	87	60	20	0	57	179	0	50	0	0	0	64	0	139	255	0	0	0	0	41	0	0	0	0	234	50	255	0	115	0	171	0	0	36	9	0	0	9	245	0	242	42	0	0	0	97	0	0	197	164	0	0	0	0	0	31	199	255	0	12	0	114	51	176	0	20	128	0	28	145	0	66	117	200	33	0	0	43	220	71	60	248	255	223	209	199	0	255	0	0	28	59	1	84	48	28	11	16	175	84	111	193	0	255	0	0	0	0	0	123	0	0	0	255	33	236	255	255	0	
0	0	0	255	95	0	161	0	0	0	19	14	46	0	226	0	67	227	0	175	92	0	0	103	0	0	46	0	0	0	44	0	0	39	146	197	160	0	97	73	0	0	0	89	5	120	0	15	0	36	23	0	0	18	102	0	0	172	55	59	0	254	140	0	163	0	255	255	31	109	214	55	100	125	101	0	0	255	190	156	159	133	182	113	50	211	244	0	0	0	0	0	236	0	80	255	0	0	28	0	147	33	134	48	0	0	102	56	0	47	244	0	222	0	0	39	0	125	139	0	0	234	0	0	0	0	255	0	
0	0	0	255	83	0	93	0	25	111	8	83	0	0	255	0	0	148	0	43	223	202	59	149	95	0	0	16	0	0	105	0	0	155	128	0	55	0	18	0	0	255	0	0	40	255	0	0	0	255	202	0	0	0	219	229	73	119	170	36	0	60	114	0	0	0	255	0	0	0	187	138	209	201	255	199	0	0	127	0	0	146	115	123	101	176	0	0	0	0	0	0	116	0	0	255	0	0	4	11	237	50	0	121	0	10	40	56	56	52	148	0	0	253	27	197	255	98	0	0	0	247	0	0	0	0	255	0	
0	0	0	255	30	0	160	0	15	54	0	0	0	72	211	0	0	86	0	0	0	0	0	0	166	99	58	93	0	145	101	106	0	199	0	56	255	217	0	0	78	46	209	0	0	0	244	0	249	8	140	0	19	255	255	255	2	255	0	43	17	94	40	0	0	16	182	0	255	82	255	0	200	101	227	255	0	0	36	255	255	148	0	0	1	176	0	0	0	0	0	0	0	44	120	251	0	0	0	255	70	16	0	30	0	0	40	56	47	5	15	47	0	131	0	163	71	0	0	0	0	255	0	0	0	210	255	0	
0	0	0	255	0	0	207	0	0	17	5	0	35	213	13	0	0	11	73	22	0	3	87	0	0	41	0	0	0	79	0	72	0	200	160	0	255	45	0	0	54	255	13	0	105	132	0	0	159	0	0	125	0	120	196	0	0	79	0	0	33	213	0	255	102	0	239	255	10	255	107	162	54	57	255	255	17	0	54	251	0	76	0	0	24	231	0	0	0	0	0	110	62	161	255	0	0	10	27	255	0	0	116	0	0	0	173	101	0	47	50	67	112	0	35	174	0	0	65	42	0	255	255	255	235	255	129	255	
0	0	0	111	0	0	183	0	0	57	0	0	131	64	0	0	56	0	0	0	100	71	157	0	0	47	41	15	0	0	161	45	0	0	129	0	215	255	28	138	139	255	0	255	101	198	255	40	0	177	144	255	174	0	75	255	0	70	0	255	139	228	164	0	0	0	113	255	254	39	0	0	0	202	251	255	0	0	8	255	89	0	0	66	134	255	0	0	0	114	73	49	0	223	194	54	130	107	106	145	46	12	91	60	44	49	216	131	0	91	13	0	65	0	22	82	0	0	37	82	0	255	255	56	185	0	0	255	
0	0	0	86	0	0	139	0	0	0	0	27	199	0	0	255	255	255	172	238	255	0	69	0	78	35	99	199	0	0	0	0	0	0	0	13	0	0	82	0	0	255	210	97	172	0	114	13	0	0	65	255	255	0	0	26	0	0	0	28	0	0	255	0	0	255	255	255	249	0	0	136	13	255	255	255	56	0	112	46	52	0	93	206	214	255	152	46	0	0	0	95	241	255	52	65	31	24	0	0	29	0	87	0	3	3	25	13	1	3	176	0	48	0	31	98	94	0	0	0	0	255	112	0	0	255	255	68	
