0	0	0	0	0	0	0	0	0	0	0	0	0	0	0	0	0	0	0	0	0	0	0	0	0	0	0	0	0	0	0	0	0	0	0	0	0	0	0	0	0	0	0	0	0	0	0	0	0	0	0	0	0	0	0	0	0	0	0	0	0	0	0	0	0	0	0	0	0	0	0	0	0	0	0	0	0	0	0	0	0	0	0	0	0	0	0	0	0	0	0	0	0	0	0	0	0	0	0	0	0	0	0	0	0	0	0	0	0	0	0	0	0	0	0	0	0	0	0	0	0	0	0	0	0	0	0	0	
0	0	0	255	255	255	255	255	255	255	255	255	255	255	255	255	255	255	255	255	255	255	255	255	255	255	255	255	255	255	255	255	255	255	255	255	255	255	255	255	255	255	255	255	255	255	255	255	255	255	255	255	255	255	255	255	255	255	255	255	255	255	255	255	255	255	255	255	255	255	255	255	255	255	255	255	255	255	255	255	255	255	255	255	255	255	255	255	255	255	255	255	255	255	255	255	255	255	255	255	255	255	255	255	255	255	255	255	255	255	255	255	255	255	255	255	255	255	255	255	255	255	255	255	255	255	255	255	
255	255	255	255	218	82	82	82	82	82	82	82	82	82	82	82	82	82	82	82	82	82	82	84	88	76	85	87	79	72	82	64	71	60	67	68	61	62	54	63	46	55	46	44	43	38	41	42	42	42	42	42	42	42	42	42	42	42	42	42	42	42	42	42	42	42	42	42	42	42	42	42	42	42	42	42	42	42	42	42	42	42	42	42	42	42	42	40	36	47	37	54	44	55	47	48	67	59	67	57	72	62	70	71	80	71	79	78	88	84	82	82	82	82	82	82	82	82	82	82	82	82	82	82	82	82	82	82	
82	82	82	78	74	70	70	70	70	70	70	70	70	70	70	70	70	70	70	70	70	70	70	72	76	64	73	77	61	55	75	58	68	59	67	68	61	63	56	66	60	62	55	64	53	58	60	61	61	61	61	61	61	61	61	61	61	61	61	61	61	61	61	61	61	61	61	61	61	61	61	61	61	61	61	61	61	61	61	61	61	61	61	61	61	61	61	59	55	66	57	63	61	70	63	54	71	60	67	57	72	61	68	68	65	65	72	61	78	72	70	70	70	70	70	70	70	70	70	70	70	70	70	70	70	70	70	70	
70	70	70	70	70	70	70	70	70	70	70	70	70	70	70	70	70	70	70	70	70	70	70	72	76	64	73	77	62	57	77	59	68	59	67	68	61	63	56	66	59	61	54	63	52	56	58	58	58	58	58	58	58	58	58	58	58	58	58	58	58	58	58	58	58	58	58	58	58	58	58	58	58	58	58	58	58	58	58	58	58	58	58	58	58	58	58	56	52	63	54	61	59	68	60	52	70	60	67	57	72	61	68	68	66	66	73	62	79	73	70	70	70	70	70	70	70	70	70	70	70	70	70	70	70	70	70	70	
62	62	58	58	58	58	58	58	58	58	58	58	58	58	58	58	58	58	58	58	58	58	58	61	67	56	66	71	58	54	74	57	67	59	69	71	65	66	60	71	65	68	62	73	63	68	70	70	70	70	70	70	70	70	70	70	70	70	70	70	70	70	70	70	70	70	70	70	70	70	70	70	70	70	70	70	70	70	70	70	70	70	70	70	70	70	70	67	62	71	62	68	66	73	65	56	73	61	67	56	70	58	64	62	58	57	63	51	67	61	58	58	58	58	58	58	58	58	58	58	58	58	58	58	58	58	58	58	
56	56	51	85	81	81	81	81	81	81	81	81	81	81	81	81	81	81	81	81	81	81	81	85	92	75	75	91	70	60	80	64	75	58	68	72	48	61	55	68	54	57	52	53	45	41	44	44	44	44	44	44	44	44	44	44	44	44	44	44	44	44	44	44	44	44	44	44	44	44	44	44	44	44	44	44	44	44	44	44	44	44	44	44	44	44	44	41	35	53	42	58	44	60	49	51	57	54	68	56	69	66	70	66	70	77	82	68	92	84	81	81	81	81	81	81	81	81	81	81	81	81	81	81	81	81	81	81	
81	81	80	85	80	76	76	76	76	76	76	76	76	76	76	76	76	76	76	76	76	76	76	80	88	62	75	81	72	53	76	61	72	56	67	71	58	63	59	72	51	55	50	62	45	52	55	56	56	56	56	56	56	56	56	56	56	56	56	56	56	56	56	56	56	56	56	56	56	56	56	56	56	56	56	56	56	56	56	56	56	56	56	56	56	56	56	53	47	64	53	57	53	66	65	54	70	57	71	57	69	65	68	62	75	70	74	59	81	81	76	76	76	76	76	76	76	76	76	76	76	76	76	76	76	76	76	76	
76	76	76	75	74	73	73	73	73	73	73	73	73	73	73	73	73	73	73	73	73	73	73	77	85	60	73	80	70	52	75	61	72	56	67	71	57	62	58	72	52	57	53	64	47	53	56	56	56	56	56	56	56	56	56	56	56	56	56	56	56	56	56	56	56	56	56	56	56	56	56	56	56	56	56	56	56	56	56	56	56	56	56	56	56	56	56	53	47	64	53	58	54	67	64	53	68	56	70	57	69	65	68	62	74	69	73	59	81	80	74	73	73	73	73	73	73	73	73	73	73	73	73	73	73	73	73	73	
73	73	73	73	73	73	73	73	73	73	73	73	73	73	73	73	73	73	73	73	73	73	73	76	84	58	71	77	68	51	75	61	72	56	67	71	57	62	58	72	52	58	55	67	50	56	59	59	59	59	59	59	59	59	59	59	59	59	59	59	59	59	59	59	59	59	59	59	59	59	59	59	59	59	59	59	59	59	59	59	59	59	59	59	59	59	59	56	50	66	55	59	56	68	65	53	68	56	70	57	68	64	66	60	71	66	70	57	80	80	74	73	73	73	73	73	73	73	73	73	73	73	73	73	73	73	73	73	
65	65	61	61	61	61	61	61	61	61	61	61	61	61	61	61	61	61	61	61	61	61	61	65	72	56	61	80	70	54	70	59	71	56	68	73	61	67	64	78	59	65	64	69	54	61	64	64	64	64	64	64	64	64	64	64	64	64	64	64	64	64	64	64	64	64	64	64	64	64	64	64	64	64	64	64	64	64	64	64	64	64	64	64	64	64	64	59	51	66	53	66	51	75	60	57	69	56	69	55	65	59	70	53	72	65	68	54	77	67	62	61	61	61	61	61	61	61	61	61	61	61	61	61	61	61	61	61	
61	61	57	91	87	87	87	87	87	87	87	87	87	87	87	87	87	87	87	87	87	87	87	91	99	73	88	98	73	57	83	63	78	55	68	74	54	61	50	65	46	53	43	59	37	37	41	41	41	41	41	41	41	41	41	41	41	41	41	41	41	41	41	41	41	41	41	41	41	41	41	41	41	41	41	41	41	41	41	41	41	41	41	41	41	41	41	36	26	58	43	54	49	61	58	43	64	57	69	54	73	65	75	67	75	76	85	70	92	92	87	87	87	87	87	87	87	87	87	87	87	87	87	87	87	87	87	87	
87	87	87	83	79	75	75	75	75	75	75	75	75	75	75	75	75	75	75	75	75	75	75	79	87	62	77	88	65	52	79	59	74	53	67	74	55	63	54	70	52	59	50	66	45	46	52	53	53	53	53	53	53	53	53	53	53	53	53	53	53	53	53	53	53	53	53	53	53	53	53	53	53	53	53	53	53	53	53	53	53	53	53	53	53	53	53	48	38	68	51	60	54	66	62	48	68	60	70	54	72	63	72	63	71	71	79	62	83	82	76	75	75	75	75	75	75	75	75	75	75	75	75	75	75	75	75	75	
75	75	75	75	75	75	75	75	75	75	75	75	75	75	75	75	75	75	75	75	75	75	75	79	87	62	77	88	65	52	79	59	74	53	67	74	55	63	54	70	52	59	50	66	45	46	52	53	53	53	53	53	53	53	53	53	53	53	53	53	53	53	53	53	53	53	53	53	53	53	53	53	53	53	53	53	53	53	53	53	53	53	53	53	53	53	53	48	38	68	51	60	54	66	62	48	68	60	70	54	72	63	72	63	71	71	79	62	83	82	76	75	75	75	75	75	75	75	75	75	75	75	75	75	75	75	75	75	
75	75	75	75	75	75	75	75	75	75	75	75	75	75	75	75	75	75	75	75	75	75	75	78	86	60	75	85	63	51	79	59	74	53	67	74	55	63	54	70	52	60	52	69	48	49	55	56	56	56	56	56	56	56	56	56	56	56	56	56	56	56	56	56	56	56	56	56	56	56	56	56	56	56	56	56	56	56	56	56	56	56	56	56	56	56	56	50	40	69	53	61	56	67	63	48	68	60	70	54	71	62	70	61	68	68	76	60	82	82	76	75	75	75	75	75	75	75	75	75	75	75	75	75	75	75	75	75	
67	67	63	63	63	63	63	63	63	63	63	63	63	63	63	63	63	63	63	63	63	63	63	68	76	61	67	89	65	54	74	57	73	53	68	76	59	68	60	76	59	68	62	70	50	52	58	59	59	59	59	59	59	59	59	59	59	59	59	59	59	59	59	59	59	59	59	59	59	59	59	59	59	59	59	59	59	59	59	59	59	59	59	59	59	59	59	54	43	80	50	68	51	74	58	53	70	61	69	52	68	57	74	55	71	69	76	58	79	69	64	63	63	63	63	63	63	63	63	63	63	63	63	63	63	63	63	63	
63	63	59	93	89	89	89	89	89	89	89	89	89	89	89	89	89	89	89	89	89	89	89	94	104	70	87	100	69	57	87	62	81	52	68	77	51	63	46	63	46	56	41	52	33	35	41	42	42	42	42	42	42	42	42	42	42	42	42	42	42	42	42	42	42	42	42	42	42	42	42	42	42	42	42	42	42	42	42	42	42	42	42	42	42	42	42	37	27	54	33	56	49	60	56	39	65	54	70	51	75	64	79	69	75	73	87	67	95	94	89	89	89	89	89	89	89	89	89	89	89	89	89	89	89	89	89	89	
89	89	89	85	81	77	77	77	77	77	77	77	77	77	77	77	77	77	77	77	77	77	77	82	92	60	78	93	63	53	83	58	77	50	67	77	52	65	50	68	52	62	48	60	42	44	50	51	51	51	51	51	51	51	51	51	51	51	51	51	51	51	51	51	51	51	51	51	51	51	51	51	51	51	51	51	51	51	51	51	51	51	51	51	51	51	51	46	36	64	43	65	55	65	60	44	69	58	72	52	74	62	76	65	71	69	83	62	88	85	78	77	77	77	77	77	77	77	77	77	77	77	77	77	77	77	77	77	
77	77	77	77	77	77	77	77	77	77	77	77	77	77	77	77	77	77	77	77	77	77	77	82	92	59	76	91	63	54	85	59	78	50	67	77	52	65	50	68	52	63	50	63	45	47	53	54	54	54	54	54	54	54	54	54	54	54	54	54	54	54	54	54	54	54	54	54	54	54	54	54	54	54	54	54	54	54	54	54	54	54	54	54	54	54	54	48	38	65	45	66	56	65	60	44	69	58	72	52	74	63	76	65	69	68	81	61	87	85	78	77	77	77	77	77	77	77	77	77	77	77	77	77	77	77	77	77	
69	69	65	65	65	65	65	65	65	65	65	65	65	65	65	65	65	65	65	65	65	65	65	71	82	50	66	91	64	50	72	58	67	51	69	80	56	68	56	77	63	73	61	66	50	53	59	60	60	60	60	60	60	60	60	60	60	60	60	60	60	60	60	60	60	60	60	60	60	60	60	60	60	60	60	60	60	60	60	60	60	60	60	60	60	60	60	53	41	77	47	78	55	71	65	48	72	59	71	50	71	59	71	47	68	56	79	48	84	72	66	65	65	65	65	65	65	65	65	65	65	65	65	65	65	65	65	65	
65	65	61	95	91	91	91	91	91	91	91	91	91	91	91	91	91	91	91	91	91	91	91	97	109	70	87	111	84	51	87	63	85	50	69	81	39	62	49	73	34	45	41	46	22	27	33	34	34	34	34	34	34	34	34	34	34	34	34	34	34	34	34	34	34	34	34	34	34	34	34	34	34	34	34	34	34	34	34	34	34	34	34	34	34	34	34	28	15	59	29	50	26	59	50	42	56	52	72	49	79	65	76	61	89	85	98	66	110	97	91	91	91	91	91	91	91	91	91	91	91	91	91	91	91	91	91	91	
91	91	91	87	83	79	79	79	79	79	79	79	79	79	79	79	79	79	79	79	79	79	79	85	97	59	78	93	76	44	81	59	80	47	67	80	50	64	53	76	40	54	51	63	39	44	51	52	52	52	52	52	52	52	52	52	52	52	52	52	52	52	52	52	52	52	52	52	52	52	52	52	52	52	52	52	52	52	52	52	52	52	52	52	52	52	52	46	34	68	47	58	45	76	65	45	70	55	75	50	78	63	73	57	83	77	79	58	91	87	79	79	79	79	79	79	79	79	79	79	79	79	79	79	79	79	79	79	
79	79	79	79	79	79	79	79	79	79	79	79	79	79	79	79	79	79	79	79	79	79	79	85	97	59	78	94	77	45	81	59	80	47	67	80	49	63	52	76	40	54	51	62	37	41	48	49	49	49	49	49	49	49	49	49	49	49	49	49	49	49	49	49	49	49	49	49	49	49	49	49	49	49	49	49	49	49	49	49	49	49	49	49	49	49	49	43	31	66	45	57	43	74	62	43	68	54	74	50	78	63	73	57	83	77	80	59	93	88	80	79	79	79	79	79	79	79	79	79	79	79	79	79	79	79	79	79	
71	71	67	67	67	67	67	67	67	67	67	67	67	67	67	67	67	67	67	67	67	67	67	73	86	48	69	86	71	41	79	59	80	47	67	81	52	68	58	82	48	64	63	74	49	53	60	61	61	61	61	61	61	61	61	61	61	61	61	61	61	61	61	61	61	61	61	61	61	61	61	61	61	61	61	61	61	61	61	61	61	61	61	61	61	61	61	54	42	75	53	63	49	80	66	45	68	54	74	50	77	60	68	51	75	68	69	48	81	76	68	67	67	67	67	67	67	67	67	67	67	67	67	67	67	67	67	67	
65	65	60	94	90	90	90	90	90	90	90	90	90	90	90	90	90	90	90	90	90	90	90	97	110	74	85	115	82	54	94	57	80	47	67	81	53	62	44	69	35	53	35	48	23	27	34	35	35	35	35	35	35	35	35	35	35	35	35	35	35	35	35	35	35	35	35	35	35	35	35	35	35	35	35	35	35	35	35	35	35	35	35	35	35	35	35	29	16	59	24	52	36	67	53	30	70	54	74	50	77	59	75	65	88	78	96	63	105	99	91	90	90	90	90	90	90	90	90	90	90	90	90	90	90	90	90	90	
90	90	89	93	88	84	84	84	84	84	84	84	84	84	84	84	84	84	84	84	84	84	84	91	105	60	83	103	73	46	88	53	78	47	67	81	53	63	47	74	41	59	43	58	35	39	46	47	47	47	47	47	47	47	47	47	47	47	47	47	47	47	47	47	47	47	47	47	47	47	47	47	47	47	47	47	47	47	47	47	47	47	47	47	47	47	47	41	29	61	36	61	44	73	59	36	74	56	74	50	77	59	74	62	83	72	87	61	101	94	85	84	84	84	84	84	84	84	84	84	84	84	84	84	84	84	84	84	
84	84	84	83	82	81	81	81	81	81	81	81	81	81	81	81	81	81	81	81	81	81	81	88	102	58	81	102	72	46	88	53	78	47	67	81	53	63	47	74	41	59	43	58	35	39	46	47	47	47	47	47	47	47	47	47	47	47	47	47	47	47	47	47	47	47	47	47	47	47	47	47	47	47	47	47	47	47	47	47	47	47	47	47	47	47	47	41	29	62	37	62	44	73	59	36	74	56	74	50	77	59	74	62	83	72	87	60	99	91	82	81	81	81	81	81	81	81	81	81	81	81	81	81	81	81	81	81	
81	81	81	81	81	81	81	81	81	81	81	81	81	81	81	81	81	81	81	81	81	81	81	87	101	57	81	102	72	45	87	52	78	47	67	80	51	60	45	74	43	62	46	61	38	42	49	50	50	50	50	50	50	50	50	50	50	50	50	50	50	50	50	50	50	50	50	50	50	50	50	50	50	50	50	50	50	50	50	50	50	50	50	50	50	50	50	43	31	64	40	64	45	72	58	35	74	56	73	48	74	57	73	62	83	72	87	60	99	91	82	81	81	81	81	81	81	81	81	81	81	81	81	81	81	81	81	81	
75	75	72	72	72	72	72	72	72	72	72	72	72	72	72	72	72	72	72	72	72	72	72	79	93	59	74	97	68	42	83	58	75	46	69	84	56	72	57	87	49	61	46	64	42	48	55	56	56	56	56	56	56	56	56	56	56	56	56	56	56	56	56	56	56	56	56	56	56	56	56	56	56	56	56	56	56	56	56	56	56	56	56	56	56	56	55	46	31	72	39	63	41	77	62	49	76	57	73	46	79	61	76	56	77	66	80	52	90	82	73	72	72	72	72	72	72	72	72	72	72	72	72	72	72	72	72	72	
70	70	66	92	89	89	89	89	89	89	89	89	89	89	89	89	89	89	89	89	89	89	89	96	111	67	83	107	81	49	90	65	82	54	67	85	40	58	42	80	34	48	35	55	26	24	32	33	33	33	33	33	33	33	33	33	33	33	33	33	33	33	33	33	33	33	33	33	33	33	33	33	33	33	33	33	33	33	33	33	33	33	33	33	33	33	32	22	14	62	28	52	30	73	57	32	59	49	74	47	79	68	80	57	87	76	90	61	107	99	90	89	89	89	89	89	89	89	89	89	89	89	89	89	89	89	89	89	
89	89	88	93	89	86	86	86	86	86	86	86	86	86	86	86	86	86	86	86	86	86	86	93	108	66	82	108	82	43	87	54	81	42	66	83	50	61	48	86	30	54	41	61	33	33	43	45	45	45	45	45	45	45	45	45	45	45	45	45	45	45	45	45	45	45	45	45	45	45	45	45	45	45	45	45	45	45	45	45	45	45	45	45	45	45	44	34	25	71	35	58	36	78	61	35	71	61	76	48	80	60	70	54	90	77	91	62	107	97	87	86	86	86	86	86	86	86	86	86	86	86	86	86	86	86	86	86	
86	86	86	85	84	83	83	83	83	83	83	83	83	83	83	83	83	83	83	83	83	83	83	90	105	63	79	105	79	41	86	55	82	44	67	84	49	60	47	86	31	55	42	61	33	33	43	45	45	45	45	45	45	45	45	45	45	45	45	45	45	45	45	45	45	45	45	45	45	45	45	45	45	45	45	45	45	45	45	45	45	45	45	45	45	45	44	34	25	71	35	58	36	78	61	35	70	59	74	47	80	61	72	56	90	75	88	59	104	94	84	83	83	83	83	83	83	83	83	83	83	83	83	83	83	83	83	83	
85	85	86	86	86	86	86	86	86	86	86	86	86	86	86	86	86	86	86	86	86	86	86	93	108	66	82	108	82	43	88	56	83	44	67	83	47	58	45	85	30	55	42	61	33	33	43	45	45	45	45	45	45	45	45	45	45	45	45	45	45	45	45	45	45	45	45	45	45	45	45	45	45	45	45	45	45	45	45	45	45	45	45	45	45	45	44	34	25	71	35	58	36	77	60	34	70	59	74	47	80	62	74	59	93	78	91	62	107	97	87	86	86	86	86	86	86	86	86	86	86	86	86	86	86	86	86	86	
78	78	75	67	68	68	68	68	68	68	68	68	68	68	68	68	68	68	68	68	68	68	68	75	90	47	65	91	67	28	74	53	71	44	69	87	52	72	59	90	46	61	51	72	45	45	55	57	57	57	57	57	57	57	57	57	57	57	57	57	57	57	57	57	57	57	57	57	57	57	57	57	57	57	57	57	57	57	57	57	57	57	57	57	57	57	56	45	35	79	42	64	42	83	65	48	73	61	73	44	74	54	66	43	77	61	72	43	88	79	69	68	68	68	68	68	68	68	68	68	68	68	68	68	68	68	68	68	
66	66	61	96	93	94	94	94	94	94	94	94	94	94	94	94	94	94	94	94	94	94	94	101	116	73	92	119	86	50	97	68	87	52	68	87	35	57	44	76	22	48	39	53	19	19	29	31	31	31	31	31	31	31	31	31	31	31	31	31	31	31	31	31	31	31	31	31	31	31	31	31	31	31	31	31	31	31	31	31	31	31	31	31	31	31	31	20	9	61	21	52	29	70	51	33	58	45	75	44	82	67	86	62	97	80	99	69	114	105	95	94	94	94	94	94	94	94	94	94	94	94	94	94	94	94	94	94	
94	94	93	97	92	88	88	88	88	88	88	88	88	88	88	88	88	88	88	88	88	88	88	95	110	68	86	115	73	47	97	50	81	47	65	85	45	68	49	82	29	55	46	61	19	31	41	43	43	43	43	43	43	43	43	43	43	43	43	43	43	43	43	43	43	43	43	43	43	43	43	43	43	43	43	43	43	43	43	43	43	43	43	43	43	43	43	33	13	73	31	60	36	76	57	38	73	50	79	46	82	55	80	63	87	70	97	65	109	99	89	88	88	88	88	88	88	88	88	88	88	88	88	88	88	88	88	88	
88	88	88	87	86	85	85	85	85	85	85	85	85	85	85	85	85	85	85	85	85	85	85	92	107	65	83	112	71	45	95	49	81	48	65	85	44	66	47	81	29	55	46	61	20	32	42	43	43	43	43	43	43	43	43	43	43	43	43	43	43	43	43	43	43	43	43	43	43	43	43	43	43	43	43	43	43	43	43	43	43	43	43	43	43	43	43	33	14	74	32	60	36	76	57	38	72	49	78	46	82	56	81	63	86	69	96	63	106	96	86	85	85	85	85	85	85	85	85	85	85	85	85	85	85	85	85	85	
79	79	76	76	76	76	76	76	76	76	76	76	76	76	76	76	76	76	76	76	76	76	76	84	100	59	78	108	68	42	92	48	81	49	66	88	50	74	54	86	35	64	57	72	31	44	54	55	55	55	55	55	55	55	55	55	55	55	55	55	55	55	55	55	55	55	55	55	55	55	55	55	55	55	55	55	55	55	55	55	55	55	55	55	55	55	54	44	25	83	39	66	44	85	64	42	73	49	77	44	79	53	78	59	81	63	89	55	97	87	77	76	76	76	76	76	76	76	76	76	76	76	76	76	76	76	76	76	
74	74	70	96	93	93	93	93	93	93	93	93	93	93	93	93	93	93	93	93	93	93	93	102	119	69	88	119	71	47	97	55	90	39	67	89	44	62	35	66	33	62	30	46	15	17	28	29	29	29	29	29	29	29	29	29	29	29	29	29	29	29	29	29	29	29	29	29	29	29	29	29	29	29	29	29	29	29	29	29	29	29	29	29	29	29	29	18	8	57	11	64	31	66	45	23	68	51	77	43	85	58	81	63	85	75	99	64	114	104	94	93	93	93	93	93	93	93	93	93	93	93	93	93	93	93	93	93	
93	93	92	97	93	90	90	90	90	90	90	90	90	90	90	90	90	90	90	90	90	90	90	99	117	59	89	119	72	49	102	51	87	38	67	90	45	66	32	75	41	60	29	57	17	29	39	41	41	41	41	41	41	41	41	41	41	41	41	41	41	41	41	41	41	41	41	41	41	41	41	41	41	41	41	41	41	41	41	41	41	41	41	41	41	41	41	31	11	69	23	65	39	72	54	23	77	47	79	43	84	55	86	67	89	69	101	64	114	102	91	90	90	90	90	90	90	90	90	90	90	90	90	90	90	90	90	90	
90	90	90	89	88	87	87	87	87	87	87	87	87	87	87	87	87	87	87	87	87	87	87	96	114	57	87	117	69	46	99	49	86	38	67	90	45	66	33	76	42	61	31	59	19	30	40	41	41	41	41	41	41	41	41	41	41	41	41	41	41	41	41	41	41	41	41	41	41	41	41	41	41	41	41	41	41	41	41	41	41	41	41	41	41	41	41	31	12	70	24	66	40	73	54	24	78	49	80	44	84	55	85	65	86	67	99	62	111	99	88	87	87	87	87	87	87	87	87	87	87	87	87	87	87	87	87	87	
87	87	87	87	87	87	87	87	87	87	87	87	87	87	87	87	87	87	87	87	87	87	87	95	113	56	87	118	71	48	100	49	86	38	67	90	45	66	34	78	44	63	32	61	21	33	43	44	44	44	44	44	44	44	44	44	44	44	44	44	44	44	44	44	44	44	44	44	44	44	44	44	44	44	44	44	44	44	44	44	44	44	44	44	44	44	43	33	14	73	27	68	41	73	54	24	78	49	80	44	84	56	86	65	85	66	99	62	111	99	88	87	87	87	87	87	87	87	87	87	87	87	87	87	87	87	87	87	
77	77	72	72	72	72	72	72	72	72	72	72	72	72	72	72	72	72	72	72	72	72	72	82	101	55	77	110	65	36	88	48	85	38	68	92	48	69	39	85	44	62	43	62	33	34	45	46	46	46	46	46	46	46	46	46	46	46	46	46	46	46	46	46	46	46	46	46	46	46	46	46	46	46	46	46	46	46	46	46	46	46	46	46	46	46	46	34	24	71	27	66	38	77	57	26	79	49	79	42	81	52	81	49	77	67	87	49	96	84	73	72	72	72	72	72	72	72	72	72	72	72	72	72	72	72	72	72	
72	72	67	110	105	105	105	105	105	105	105	105	105	105	105	105	105	105	105	105	105	105	105	115	136	72	95	129	86	49	104	55	93	37	68	93	41	63	33	80	23	53	23	54	5	18	28	30	30	30	30	30	30	30	30	30	30	30	30	30	30	30	30	30	30	30	30	30	30	30	30	30	30	30	30	30	30	30	30	30	30	30	30	30	30	30	30	19	0	62	16	56	27	73	52	20	72	50	79	41	89	58	86	63	100	78	107	66	130	117	106	105	105	105	105	105	105	105	105	105	105	105	105	105	105	105	105	105	
105	105	105	100	95	90	90	90	90	90	90	90	90	90	90	90	90	90	90	90	90	90	90	100	121	59	84	120	77	41	97	50	89	35	67	93	42	65	36	83	28	59	31	61	14	27	38	39	39	39	39	39	39	39	39	39	39	39	39	39	39	39	39	39	39	39	39	39	39	39	39	39	39	39	39	39	39	39	39	39	39	39	39	39	39	39	39	28	7	71	24	62	33	78	56	23	75	52	80	41	88	56	83	59	94	71	99	58	119	104	91	90	90	90	90	90	90	90	90	90	90	90	90	90	90	90	90	90	
92	92	93	93	93	93	93	93	93	93	93	93	93	93	93	93	93	93	93	93	93	93	93	103	124	62	86	122	79	43	98	50	89	35	67	93	41	64	34	82	26	58	29	60	13	27	38	39	39	39	39	39	39	39	39	39	39	39	39	39	39	39	39	39	39	39	39	39	39	39	39	39	39	39	39	39	39	39	39	39	39	39	39	39	39	39	38	27	6	71	24	62	33	77	55	22	75	52	80	41	88	57	84	60	95	73	102	61	122	107	94	93	93	93	93	93	93	93	93	93	93	93	93	93	93	93	93	93	
85	85	82	73	74	74	74	74	74	74	74	74	74	74	74	74	74	74	74	74	74	74	74	84	105	43	70	105	73	28	87	50	89	35	67	94	44	68	49	87	42	65	50	72	37	41	53	54	54	54	54	54	54	54	54	54	54	54	54	54	54	54	54	54	54	54	54	54	54	54	54	54	54	54	54	54	54	54	54	54	54	54	54	54	54	54	53	40	27	80	32	68	39	83	58	32	74	52	80	40	86	52	79	44	87	63	82	42	104	88	75	74	74	74	74	74	74	74	74	74	74	74	74	74	74	74	74	74	
72	72	67	102	99	100	100	100	100	100	100	100	100	100	100	100	100	100	100	100	100	100	100	110	131	69	97	135	85	51	110	58	89	35	67	94	45	61	34	74	20	54	29	45	1	7	19	21	21	21	21	21	21	21	21	21	21	21	21	21	21	21	21	21	21	21	21	21	21	21	21	21	21	21	21	21	21	21	21	21	21	21	21	21	21	21	20	7	0	54	3	57	26	70	45	16	75	51	80	40	85	60	84	67	98	81	107	67	130	114	101	100	100	100	100	100	100	100	100	100	100	100	100	100	100	100	100	100	
100	100	99	104	99	95	95	95	95	95	95	95	95	95	95	95	95	95	95	95	95	95	95	105	126	64	91	131	74	42	102	51	85	34	67	94	45	62	37	79	27	62	29	55	13	21	34	36	36	36	36	36	36	36	36	36	36	36	36	36	36	36	36	36	36	36	36	36	36	36	36	36	36	36	36	36	36	36	36	36	36	36	36	36	36	36	35	22	8	68	16	67	34	76	51	22	79	53	80	40	85	59	82	62	92	72	106	63	124	109	96	95	95	95	95	95	95	95	95	95	95	95	95	95	95	95	95	95	
95	95	95	94	93	92	92	92	92	92	92	92	92	92	92	92	92	92	92	92	92	92	92	102	123	61	88	128	72	41	102	51	85	34	67	94	45	62	37	79	27	62	30	56	14	21	34	36	36	36	36	36	36	36	36	36	36	36	36	36	36	36	36	36	36	36	36	36	36	36	36	36	36	36	36	36	36	36	36	36	36	36	36	36	36	36	35	22	8	68	16	67	34	76	51	22	79	53	80	40	85	59	82	62	92	72	105	61	121	106	93	92	92	92	92	92	92	92	92	92	92	92	92	92	92	92	92	92	
94	94	95	95	95	95	95	95	95	95	95	95	95	95	95	95	95	95	95	95	95	95	95	105	126	64	91	131	75	43	103	51	85	34	67	94	45	62	36	78	26	62	30	56	14	21	34	36	36	36	36	36	36	36	36	36	36	36	36	36	36	36	36	36	36	36	36	36	36	36	36	36	36	36	36	36	36	36	36	36	36	36	36	36	36	36	35	22	8	68	16	67	34	76	51	22	79	53	80	40	85	60	84	64	94	74	108	64	124	109	96	95	95	95	95	95	95	95	95	95	95	95	95	95	95	95	95	95	
87	87	84	75	76	76	76	76	76	76	76	76	76	76	76	76	76	76	76	76	76	76	75	85	107	46	74	114	60	31	92	49	83	33	69	97	49	65	42	86	45	71	39	66	25	33	46	48	48	48	48	48	48	48	48	48	48	48	48	48	48	48	48	48	48	48	48	48	48	48	48	48	48	48	48	48	48	48	48	48	48	48	48	48	48	48	47	33	18	78	27	77	41	80	55	26	82	54	79	38	82	56	78	47	74	65	89	46	106	90	77	76	76	76	76	76	76	76	76	76	76	76	76	76	76	76	76	76	
74	74	69	104	101	102	102	102	102	102	102	102	102	102	102	102	102	102	102	102	102	102	102	112	144	74	93	144	91	45	109	56	91	41	67	98	32	60	36	83	15	43	20	47	8	6	20	22	22	22	22	22	22	22	22	22	22	22	22	22	22	22	22	22	22	22	22	22	22	22	22	22	22	22	22	22	22	22	22	22	22	22	22	22	22	22	21	7	0	60	8	50	13	68	48	20	66	47	80	37	89	62	83	60	104	92	116	63	133	116	103	102	102	102	102	102	102	102	102	102	102	102	102	102	102	102	102	102	
102	102	101	106	101	97	97	97	97	97	97	97	97	97	97	97	97	97	97	97	97	97	97	108	130	60	90	132	80	35	101	51	87	38	65	96	42	62	40	86	21	52	31	58	8	17	31	34	34	34	34	34	34	34	34	34	34	34	34	34	34	34	34	34	34	34	34	34	34	34	34	34	34	34	34	34	34	34	34	34	34	34	34	34	34	34	33	19	3	71	18	60	24	78	55	23	78	50	83	38	88	60	80	56	97	82	103	59	128	112	98	97	97	97	97	97	97	97	97	97	97	97	97	97	97	97	97	97	
97	97	97	96	95	94	94	94	94	94	94	94	94	94	94	94	94	94	94	94	94	94	94	105	128	59	89	131	79	35	101	51	87	38	65	96	41	61	39	86	21	52	31	58	9	18	32	34	34	34	34	34	34	34	34	34	34	34	34	34	34	34	34	34	34	34	34	34	34	34	34	34	34	34	34	34	34	34	34	34	34	34	34	34	34	34	33	19	3	71	18	60	24	78	55	23	77	49	82	38	88	60	80	56	97	82	103	58	126	109	95	94	94	94	94	94	94	94	94	94	94	94	94	94	94	94	94	94	
88	88	85	85	85	85	85	85	85	85	85	85	85	85	85	85	85	85	85	85	85	85	84	94	117	49	81	125	75	32	98	49	86	39	67	99	44	64	42	90	26	59	39	68	20	30	44	46	46	46	46	46	46	46	46	46	46	46	46	46	46	46	46	46	46	46	46	46	46	46	46	46	46	46	46	46	46	46	46	46	46	46	46	46	46	46	44	28	11	78	25	65	28	81	58	26	80	51	82	36	84	56	75	51	90	74	94	49	117	100	86	85	85	85	85	85	85	85	85	85	85	85	85	85	85	85	85	85	
83	83	79	104	101	101	101	101	101	101	101	101	101	101	101	101	101	101	101	101	101	101	100	109	141	73	97	144	86	36	103	56	93	38	69	92	40	59	38	86	24	48	31	52	6	6	21	23	23	23	23	23	23	23	23	23	23	23	23	23	23	23	23	23	23	23	23	23	23	23	23	23	23	23	23	23	23	23	23	23	23	23	23	23	23	23	22	5	0	70	7	56	17	79	55	21	75	45	74	36	92	61	89	54	103	84	112	66	134	116	102	101	101	101	101	101	101	101	101	101	101	101	101	101	101	101	101	101	
101	101	100	106	102	99	99	99	99	99	99	99	99	99	99	99	99	99	99	99	99	99	99	109	139	71	94	142	76	37	107	52	90	36	67	93	32	64	34	82	19	44	28	50	0	8	23	26	26	26	26	26	26	26	26	26	26	26	26	26	26	26	26	26	26	26	26	26	26	26	26	26	26	26	26	26	26	26	26	26	26	26	26	26	26	26	25	10	0	71	5	55	16	77	51	17	69	49	77	38	92	59	84	59	98	79	113	64	131	114	100	99	99	99	99	99	99	99	99	99	99	99	99	99	99	99	99	99	
99	99	99	98	97	96	96	96	96	96	96	96	96	96	96	96	96	96	96	96	96	96	96	107	129	60	93	131	75	35	105	50	89	36	67	92	42	64	36	84	21	55	29	61	6	18	33	35	35	35	35	35	35	35	35	35	35	35	35	35	35	35	35	35	35	35	35	35	35	35	35	35	35	35	35	35	35	35	35	35	35	35	35	35	35	35	34	19	1	73	17	64	27	79	54	19	81	50	78	38	92	59	84	58	97	79	104	63	128	111	97	96	96	96	96	96	96	96	96	96	96	96	96	96	96	96	96	96	
96	96	96	96	96	96	96	96	96	96	96	96	96	96	96	96	96	96	96	96	96	96	96	107	130	61	94	132	76	36	105	50	89	36	67	92	41	63	35	84	21	55	30	62	7	18	33	35	35	35	35	35	35	35	35	35	35	35	35	35	35	35	35	35	35	35	35	35	35	35	35	35	35	35	35	35	35	35	35	35	35	35	35	35	35	35	34	18	0	72	16	62	24	77	53	19	80	49	78	39	93	59	84	58	96	78	104	64	129	111	97	96	96	96	96	96	96	96	96	96	96	96	96	96	96	96	96	96	
88	88	84	84	84	84	84	84	84	84	84	84	84	84	84	84	84	84	84	84	84	84	83	95	120	54	87	134	69	31	101	48	88	36	69	95	46	68	41	91	30	65	41	63	10	21	36	38	38	38	38	38	38	38	38	38	38	38	38	38	38	38	38	38	38	38	38	38	38	38	38	38	38	38	38	38	38	38	38	38	38	38	38	38	38	38	37	21	1	83	15	70	30	83	59	24	83	50	77	38	80	55	78	52	90	71	104	53	117	99	85	84	84	84	84	84	84	84	84	84	84	84	84	84	84	84	84	84	
82	82	77	111	107	107	107	107	107	107	107	107	107	107	107	107	107	107	107	107	107	107	107	119	154	72	98	146	81	43	115	53	96	35	68	96	29	64	27	78	18	46	13	46	0	4	19	21	21	21	21	21	21	21	21	21	21	21	21	21	21	21	21	21	21	21	21	21	21	21	21	21	21	21	21	21	21	21	21	21	21	21	21	21	21	21	20	5	0	67	0	51	19	70	45	10	68	43	78	37	89	61	93	65	103	83	115	61	142	122	108	107	107	107	107	107	107	107	107	107	107	107	107	107	107	107	107	107	
107	107	106	110	105	101	101	101	101	101	101	101	101	101	101	101	101	101	101	101	101	101	101	114	140	59	96	138	75	37	109	48	92	33	67	95	39	66	32	83	24	53	22	56	2	13	28	30	30	30	30	30	30	30	30	30	30	30	30	30	30	30	30	30	30	30	30	30	30	30	30	30	30	30	30	30	30	30	30	30	30	30	30	30	30	30	29	14	0	67	8	60	27	77	51	15	82	47	81	38	88	59	89	60	97	77	108	64	132	119	102	101	101	101	101	101	101	101	101	101	101	101	101	101	101	101	101	101	
103	103	104	103	102	101	101	101	101	101	101	101	101	101	101	101	101	101	101	101	101	101	100	113	140	60	96	138	76	39	110	48	92	33	67	95	38	65	31	82	22	51	20	55	1	13	28	30	30	30	30	30	30	30	30	30	30	30	30	30	30	30	30	30	30	30	30	30	30	30	30	30	30	30	30	30	30	30	30	30	30	30	30	30	30	30	28	12	0	66	8	60	27	77	51	15	81	46	80	38	88	60	90	61	97	78	109	65	133	120	103	101	101	101	101	101	101	101	101	101	101	101	101	101	101	101	101	101	
99	99	99	91	92	92	92	92	92	92	92	92	92	92	92	92	92	92	92	92	92	92	91	103	139	49	86	136	74	30	101	49	92	33	67	95	38	65	32	84	24	61	31	57	14	15	31	33	33	33	33	33	33	33	33	33	33	33	33	33	33	33	33	33	33	33	33	33	33	33	33	33	33	33	33	33	33	33	33	33	33	33	33	33	33	33	32	15	5	77	9	70	27	77	51	15	81	46	80	38	88	59	89	49	95	75	107	53	132	110	94	92	92	92	92	92	92	92	92	92	92	92	92	92	92	92	92	92	
84	84	79	88	88	89	89	89	89	89	89	89	89	89	89	89	89	89	89	89	89	89	89	102	139	50	87	140	78	34	108	48	92	33	68	97	41	68	36	91	25	62	31	58	8	21	36	39	39	39	39	39	39	39	39	39	39	39	39	39	39	39	39	39	39	39	39	39	39	39	39	39	39	39	39	39	39	39	39	39	39	39	39	39	39	39	38	21	0	77	7	68	22	80	54	17	82	46	79	36	85	56	84	53	97	76	106	51	129	106	90	89	89	89	89	89	89	89	89	89	89	89	89	89	89	89	89	89	
89	89	85	118	113	112	112	112	112	112	112	112	112	112	112	112	112	112	112	112	112	112	112	126	154	66	105	149	89	37	111	53	98	32	68	98	34	61	29	85	13	43	13	50	0	0	14	16	16	16	16	16	16	16	16	16	16	16	16	16	16	16	16	16	16	16	16	16	16	16	16	16	16	16	16	16	16	16	16	16	16	16	16	16	16	16	15	0	0	62	0	49	12	77	49	10	75	47	79	35	92	63	91	57	109	86	115	68	144	130	113	112	112	112	112	112	112	112	112	112	112	112	112	112	112	112	112	112	
112	112	112	108	104	100	100	100	100	100	100	100	100	100	100	100	100	100	100	100	100	100	100	114	143	56	96	141	82	32	107	50	95	30	67	98	35	63	32	88	17	49	21	58	0	7	25	28	28	28	28	28	28	28	28	28	28	28	28	28	28	28	28	28	28	28	28	28	28	28	28	28	28	28	28	28	28	28	28	28	28	28	28	28	28	28	27	10	0	73	9	57	19	83	53	13	78	49	80	35	91	61	88	54	105	81	109	61	136	120	102	100	100	100	100	100	100	100	100	100	100	100	100	100	100	100	100	100	
100	100	100	100	100	100	100	100	100	100	100	100	100	100	100	100	100	100	100	100	100	100	99	113	142	55	95	140	82	32	107	50	95	30	67	98	35	63	32	88	17	50	23	61	3	10	28	31	31	31	31	31	31	31	31	31	31	31	31	31	31	31	31	31	31	31	31	31	31	31	31	31	31	31	31	31	31	31	31	31	31	31	31	31	31	31	30	12	0	74	10	57	19	83	53	13	78	49	80	35	91	61	88	53	103	79	107	60	135	120	102	100	100	100	100	100	100	100	100	100	100	100	100	100	100	100	100	100	
92	92	88	88	88	88	88	88	88	88	88	88	88	88	88	88	88	88	88	88	88	88	87	100	139	42	84	140	75	28	105	50	95	30	67	98	37	67	39	95	26	60	36	66	9	15	33	36	36	36	36	36	36	36	36	36	36	36	36	36	36	36	36	36	36	36	36	36	36	36	36	36	36	36	36	36	36	36	36	36	36	36	36	36	36	36	35	17	0	86	11	65	26	89	57	15	78	49	80	35	89	57	82	47	94	76	102	46	132	107	90	88	88	88	88	88	88	88	88	88	88	88	88	88	88	88	88	88	
88	88	84	118	114	114	114	114	114	114	114	114	114	114	114	114	114	114	114	114	114	114	114	127	165	67	109	167	85	40	120	48	95	30	67	98	37	69	23	81	1	47	5	38	0	0	7	10	10	10	10	10	10	10	10	10	10	10	10	10	10	10	10	10	10	10	10	10	10	10	10	10	10	10	10	10	10	10	10	10	10	10	10	10	10	10	9	0	0	60	0	54	5	77	44	0	80	49	80	35	89	55	97	60	107	86	129	71	157	132	115	114	114	114	114	114	114	114	114	114	114	114	114	114	114	114	114	114	
114	114	114	110	106	102	102	102	102	102	102	102	102	102	102	102	102	102	102	102	102	102	102	116	144	56	97	155	75	32	114	44	93	30	67	98	37	69	25	84	16	61	21	54	0	8	26	29	29	29	29	29	29	29	29	29	29	29	29	29	29	29	29	29	29	29	29	29	29	29	29	29	29	29	29	29	29	29	29	29	29	29	29	29	29	29	28	11	0	70	1	71	21	83	51	6	84	51	80	35	89	55	95	56	101	80	121	62	136	121	103	102	102	102	102	102	102	102	102	102	102	102	102	102	102	102	102	102	
102	102	102	102	102	102	102	102	102	102	102	102	102	102	102	102	102	102	102	102	102	102	102	116	145	57	98	155	75	32	114	44	93	30	67	98	37	69	25	84	15	59	18	51	0	5	23	26	26	26	26	26	26	26	26	26	26	26	26	26	26	26	26	26	26	26	26	26	26	26	26	26	26	26	26	26	26	26	26	26	26	26	26	26	26	26	25	8	0	68	0	69	18	81	50	6	84	51	80	35	89	55	95	56	101	80	121	62	137	122	104	102	102	102	102	102	102	102	102	102	102	102	102	102	102	102	102	102	
102	102	102	102	102	102	102	102	102	102	102	102	102	102	102	102	102	102	102	102	102	102	101	115	144	57	98	156	77	35	116	45	93	30	67	98	37	68	25	85	18	62	21	54	0	8	26	29	29	29	29	29	29	29	29	29	29	29	29	29	29	29	29	29	29	29	29	29	29	29	29	29	29	29	29	29	29	29	29	29	29	29	29	29	29	29	28	10	0	70	2	70	17	79	49	6	84	51	80	36	91	58	97	57	101	80	120	61	136	122	104	102	102	102	102	102	102	102	102	102	102	102	102	102	102	102	102	102	
94	94	90	90	90	90	90	90	90	90	90	90	90	90	90	90	90	90	90	90	90	90	89	103	143	47	89	148	71	21	104	33	92	30	69	102	43	74	30	102	17	64	24	59	6	13	31	34	34	34	34	34	34	34	34	34	34	34	34	34	34	34	34	34	34	34	34	34	34	34	34	34	34	34	34	34	34	34	34	34	34	34	34	34	34	34	33	14	0	81	4	71	16	93	62	11	88	53	78	32	86	44	83	42	93	71	110	49	133	109	92	90	90	90	90	90	90	90	90	90	90	90	90	90	90	90	90	90	
90	90	86	120	116	116	116	116	116	116	116	116	116	116	116	116	116	116	116	116	116	116	115	129	169	65	107	169	92	35	120	50	110	28	67	101	25	58	15	86	3	42	5	40	0	0	5	8	8	8	8	8	8	8	8	8	8	8	8	8	8	8	8	8	8	8	8	8	8	8	8	8	8	8	8	8	8	8	8	8	8	8	8	8	8	8	7	0	0	61	0	53	0	80	45	0	71	36	80	31	102	58	98	57	115	92	130	68	159	134	117	116	116	116	116	116	116	116	116	116	116	116	116	116	116	116	116	116	
116	116	116	112	108	104	104	104	104	104	104	104	104	104	104	104	104	104	104	104	104	104	103	117	157	54	97	160	84	19	114	45	96	25	64	109	33	69	28	99	7	56	19	56	0	5	24	27	27	27	27	27	27	27	27	27	27	27	27	27	27	27	27	27	27	27	27	27	27	27	27	27	27	27	27	27	27	27	27	27	27	27	27	27	27	27	26	7	0	79	1	69	5	87	60	6	83	49	92	33	92	55	92	51	108	84	121	59	149	123	105	104	104	104	104	104	104	104	104	104	104	104	104	104	104	104	104	104	
104	104	104	104	104	104	104	104	104	104	104	104	104	104	104	104	104	104	104	104	104	104	103	117	157	54	97	160	84	20	115	46	97	26	65	108	31	66	25	96	5	54	17	53	0	2	21	24	24	24	24	24	24	24	24	24	24	24	24	24	24	24	24	24	24	24	24	24	24	24	24	24	24	24	24	24	24	24	24	24	24	24	24	24	24	24	23	4	0	76	0	66	3	86	59	4	80	46	89	31	92	56	93	51	108	84	121	59	149	123	105	104	104	104	104	104	104	104	104	104	104	104	104	104	104	104	104	104	
96	96	92	92	92	92	92	92	92	92	92	92	92	92	92	92	92	92	92	92	92	92	91	105	146	45	90	153	77	13	108	41	95	28	69	112	36	71	31	103	13	63	27	64	4	14	33	36	36	36	36	36	36	36	36	36	36	36	36	36	36	36	36	36	36	36	36	36	36	36	36	36	36	36	36	36	36	36	36	36	36	36	36	36	36	36	34	14	0	85	6	73	9	92	65	9	84	49	89	28	86	50	87	45	102	77	113	49	138	111	93	92	92	92	92	92	92	92	92	92	92	92	92	92	92	92	92	92	
90	90	85	119	115	115	115	115	115	115	115	115	115	115	115	115	115	115	115	115	115	115	114	129	171	71	108	163	87	33	119	53	118	26	61	105	20	66	17	90	1	43	8	45	0	0	7	10	10	10	10	10	10	10	10	10	10	10	10	10	10	10	10	10	10	10	10	10	10	10	10	10	10	10	10	10	10	10	10	10	10	10	10	10	10	10	9	0	0	65	0	53	0	79	51	0	69	43	82	18	101	61	97	55	112	88	123	67	153	135	116	115	115	115	115	115	115	115	115	115	115	115	115	115	115	115	115	115	
115	115	114	119	114	110	110	110	110	110	110	110	110	110	110	110	110	110	110	110	110	110	109	124	166	58	96	161	88	24	120	45	111	21	59	106	33	69	22	95	7	50	16	54	0	0	19	22	22	22	22	22	22	22	22	22	22	22	22	22	22	22	22	22	22	22	22	22	22	22	22	22	22	22	22	22	22	22	22	22	22	22	22	22	22	22	21	1	0	76	0	62	5	86	57	0	84	47	86	21	101	57	99	55	113	88	124	58	153	132	112	110	110	110	110	110	110	110	110	110	110	110	110	110	110	110	110	110	
110	110	110	109	108	107	107	107	107	107	107	107	107	107	107	107	107	107	107	107	107	107	106	121	163	56	95	160	86	22	118	44	110	21	59	106	32	68	21	95	7	50	16	54	0	0	19	22	22	22	22	22	22	22	22	22	22	22	22	22	22	22	22	22	22	22	22	22	22	22	22	22	22	22	22	22	22	22	22	22	22	22	22	22	22	22	21	1	0	77	0	62	5	86	57	0	83	46	85	21	101	57	98	53	110	85	121	56	151	130	109	107	107	107	107	107	107	107	107	107	107	107	107	107	107	107	107	107	
107	107	107	107	107	107	107	107	107	107	107	107	107	107	107	107	107	107	107	107	107	107	106	120	161	54	94	159	85	21	118	44	110	21	60	107	33	69	22	97	9	53	19	57	0	2	22	25	25	25	25	25	25	25	25	25	25	25	25	25	25	25	25	25	25	25	25	25	25	25	25	25	25	25	25	25	25	25	25	25	25	25	25	25	25	25	23	3	0	80	0	64	7	88	59	1	84	46	85	21	101	57	98	53	110	84	120	55	151	130	109	107	107	107	107	107	107	107	107	107	107	107	107	107	107	107	107	107	
99	99	95	95	95	95	95	95	95	95	95	95	95	95	95	95	95	95	95	95	95	95	94	110	152	54	94	152	79	26	113	42	109	21	61	112	31	78	31	96	19	53	22	62	0	7	27	30	30	30	30	30	30	30	30	30	30	30	30	30	30	30	30	30	30	30	30	30	30	30	30	30	30	30	30	30	30	30	30	30	30	30	30	30	30	30	29	7	0	81	0	63	16	88	57	9	78	49	84	19	98	53	93	47	103	77	110	54	138	118	97	95	95	95	95	95	95	95	95	95	95	95	95	95	95	95	95	95	
95	95	91	125	121	121	121	121	121	121	121	121	121	121	121	121	121	121	121	121	121	121	120	136	180	64	104	172	91	29	127	47	117	20	61	113	27	58	11	86	0	44	4	46	0	0	4	7	7	7	7	7	7	7	7	7	7	7	7	7	7	7	7	7	7	7	7	7	7	7	7	7	7	7	7	7	7	7	7	7	7	7	7	7	7	7	6	0	0	65	0	55	0	78	47	0	77	34	87	18	105	60	98	61	116	89	132	63	165	143	123	121	121	121	121	121	121	121	121	121	121	121	121	121	121	121	121	121	
121	121	121	117	113	109	109	109	109	109	109	109	109	109	109	109	109	109	109	109	109	109	108	124	168	54	96	165	84	23	122	43	113	18	60	113	28	62	18	94	7	51	12	54	0	0	16	19	19	19	19	19	19	19	19	19	19	19	19	19	19	19	19	19	19	19	19	19	19	19	19	19	19	19	19	19	19	19	19	19	19	19	19	19	19	19	18	0	0	77	0	63	5	85	54	0	83	40	90	20	104	58	95	57	111	83	125	56	156	133	111	109	109	109	109	109	109	109	109	109	109	109	109	109	109	109	109	109	
109	109	109	109	109	109	109	109	109	109	109	109	109	109	109	109	109	109	109	109	109	109	108	123	166	52	95	165	85	24	124	44	114	18	60	113	28	62	18	95	8	53	13	56	0	0	19	22	22	22	22	22	22	22	22	22	22	22	22	22	22	22	22	22	22	22	22	22	22	22	22	22	22	22	22	22	22	22	22	22	22	22	22	22	22	22	20	0	0	80	0	64	5	85	54	0	83	40	90	20	104	59	96	57	110	81	124	55	156	133	111	109	109	109	109	109	109	109	109	109	109	109	109	109	109	109	109	109	
101	101	97	97	97	97	97	97	97	97	97	97	97	97	97	97	97	97	97	97	97	97	96	112	155	51	94	157	79	21	111	43	103	19	62	116	32	66	24	103	18	54	25	59	0	3	25	28	28	28	28	28	28	28	28	28	28	28	28	28	28	28	28	28	28	28	28	28	28	28	28	28	28	28	28	28	28	28	28	28	28	28	28	28	28	28	26	3	0	82	0	64	12	89	59	0	86	41	89	18	101	55	91	41	101	81	112	52	143	121	99	97	97	97	97	97	97	97	97	97	97	97	97	97	97	97	97	97	
97	97	93	127	123	123	123	123	123	123	123	123	123	123	123	123	123	123	123	123	123	123	122	139	184	70	113	175	100	25	127	48	121	18	62	117	15	59	18	88	0	33	5	40	0	0	0	2	2	2	2	2	2	2	2	2	2	2	2	2	2	2	2	2	2	2	2	2	2	2	2	2	2	2	2	2	2	2	2	2	2	2	2	2	2	2	1	0	0	62	0	46	0	85	42	0	70	35	90	17	109	61	98	57	124	102	131	70	169	146	125	123	123	123	123	123	123	123	123	123	123	123	123	123	123	123	123	123	
123	123	123	119	115	111	111	111	111	111	111	111	111	111	111	111	111	111	111	111	111	111	110	127	173	52	96	168	83	19	121	44	116	15	60	116	25	61	21	100	0	50	12	58	0	0	16	20	20	20	20	20	20	20	20	20	20	20	20	20	20	20	20	20	20	20	20	20	20	20	20	20	20	20	20	20	20	20	20	20	20	20	20	20	20	20	19	0	0	81	0	63	0	91	57	0	83	38	93	18	108	59	95	54	111	87	124	52	160	135	113	111	111	111	111	111	111	111	111	111	111	111	111	111	111	111	111	111	
111	111	111	111	111	111	111	111	111	111	111	111	111	111	111	111	111	111	111	111	111	111	110	127	173	53	98	170	85	20	122	44	116	15	60	116	24	60	20	99	0	48	11	56	0	0	14	17	17	17	17	17	17	17	17	17	17	17	17	17	17	17	17	17	17	17	17	17	17	17	17	17	17	17	17	17	17	17	17	17	17	17	17	17	17	17	16	0	0	79	0	60	0	90	56	0	81	37	92	18	108	59	95	54	112	89	126	54	161	136	113	111	111	111	111	111	111	111	111	111	111	111	111	111	111	111	111	111	
111	111	111	111	111	111	111	111	111	111	111	111	111	111	111	111	111	111	111	111	111	111	110	126	171	51	97	170	85	20	122	44	116	15	60	116	24	60	20	99	0	49	12	58	0	0	17	20	20	20	20	20	20	20	20	20	20	20	20	20	20	20	20	20	20	20	20	20	20	20	20	20	20	20	20	20	20	20	20	20	20	20	20	20	20	20	18	0	0	81	0	60	0	90	56	0	81	37	92	18	108	59	95	54	112	88	125	53	161	136	113	111	111	111	111	111	111	111	111	111	111	111	111	111	111	111	111	111	
105	105	102	102	102	102	102	102	102	102	102	102	102	102	102	102	102	102	102	102	102	102	101	117	161	48	95	161	80	17	121	44	116	15	60	116	25	63	24	103	4	56	22	58	0	0	20	23	23	23	23	23	23	23	23	23	23	23	23	23	23	23	23	23	23	23	23	23	23	23	23	23	23	23	23	23	23	23	23	23	23	23	23	23	23	23	21	0	0	80	0	64	1	94	59	0	81	37	92	18	106	56	90	49	104	79	114	53	151	127	104	102	102	102	102	102	102	102	102	102	102	102	102	102	102	102	102	102	
100	100	96	121	118	118	118	118	118	118	118	118	118	118	118	118	118	118	118	118	118	118	117	134	180	67	112	188	89	30	126	43	116	15	60	116	26	65	19	90	2	53	3	41	0	0	2	6	6	6	6	6	6	6	6	6	6	6	6	6	6	6	6	6	6	6	6	6	6	6	6	6	6	6	6	6	6	6	6	6	6	6	6	6	6	6	5	0	0	64	0	64	0	91	45	0	82	37	92	18	106	53	105	52	118	90	142	68	166	142	120	118	118	118	118	118	118	118	118	118	118	118	118	118	118	118	118	118	
118	118	117	123	119	116	116	116	116	116	116	116	116	116	116	116	116	116	116	116	116	116	115	132	178	57	103	178	80	21	130	39	115	15	60	116	26	66	12	95	0	51	0	50	0	0	11	15	15	15	15	15	15	15	15	15	15	15	15	15	15	15	15	15	15	15	15	15	15	15	15	15	15	15	15	15	15	15	15	15	15	15	15	15	15	15	14	0	0	74	0	64	0	86	51	0	86	38	92	18	106	53	102	58	112	85	134	58	164	140	118	116	116	116	116	116	116	116	116	116	116	116	116	116	116	116	116	116	
116	116	116	115	114	113	113	113	113	113	113	113	113	113	113	113	113	113	113	113	113	113	112	129	175	55	102	178	80	21	129	38	114	15	60	116	26	66	13	96	0	53	3	52	0	0	12	15	15	15	15	15	15	15	15	15	15	15	15	15	15	15	15	15	15	15	15	15	15	15	15	15	15	15	15	15	15	15	15	15	15	15	15	15	15	15	14	0	0	75	0	65	0	89	53	0	87	39	92	18	106	53	102	57	111	84	134	58	163	138	115	113	113	113	113	113	113	113	113	113	113	113	113	113	113	113	113	113	
113	113	113	113	113	113	113	113	113	113	113	113	113	113	113	113	113	113	113	113	113	113	112	129	175	55	101	177	80	22	131	39	115	15	60	116	26	66	13	96	0	54	4	54	0	0	15	18	18	18	18	18	18	18	18	18	18	18	18	18	18	18	18	18	18	18	18	18	18	18	18	18	18	18	18	18	18	18	18	18	18	18	18	18	18	18	16	0	0	77	0	65	0	89	53	0	87	39	92	18	106	54	102	57	110	84	134	58	163	138	115	113	113	113	113	113	113	113	113	113	113	113	113	113	113	113	113	113	
103	103	98	98	98	98	98	98	98	98	98	98	98	98	98	98	98	98	98	98	98	98	97	115	163	45	93	170	83	18	117	38	105	16	61	118	29	69	17	102	8	62	14	54	0	0	18	21	21	21	21	21	21	21	21	21	21	21	21	21	21	21	21	21	21	21	21	21	21	21	21	21	21	21	21	21	21	21	21	21	21	21	21	21	21	21	20	0	0	76	0	73	3	92	56	0	88	39	91	16	103	50	98	40	111	74	123	45	148	123	100	98	98	98	98	98	98	98	98	98	98	98	98	98	98	98	98	98	
98	98	93	135	130	130	130	130	130	130	130	130	130	130	130	130	130	130	130	130	130	130	129	147	197	71	111	191	95	21	132	44	123	15	62	119	22	63	10	97	0	41	0	45	0	0	0	4	4	4	4	4	4	4	4	4	4	4	4	4	4	4	4	4	4	4	4	4	4	4	4	4	4	4	4	4	4	4	4	4	4	4	4	4	4	4	3	0	0	67	0	54	0	88	49	0	81	40	91	15	110	57	103	55	123	94	142	63	182	155	132	130	130	130	130	130	130	130	130	130	130	130	130	130	130	130	130	130	
130	130	130	125	120	115	115	115	115	115	115	115	115	115	115	115	115	115	115	115	115	115	114	132	182	57	99	181	87	15	127	40	118	12	60	119	23	65	13	100	0	47	2	53	0	0	10	13	13	13	13	13	13	13	13	13	13	13	13	13	13	13	13	13	13	13	13	13	13	13	13	13	13	13	13	13	13	13	13	13	13	13	13	13	13	13	12	0	0	76	0	61	0	95	54	0	84	42	92	15	109	55	100	51	118	87	134	54	171	142	117	115	115	115	115	115	115	115	115	115	115	115	115	115	115	115	115	115	
117	117	118	118	118	118	118	118	118	118	118	118	118	118	118	118	118	118	118	118	118	118	117	135	185	59	100	181	88	16	129	41	119	12	60	119	23	65	13	100	0	47	1	52	0	0	10	13	13	13	13	13	13	13	13	13	13	13	13	13	13	13	13	13	13	13	13	13	13	13	13	13	13	13	13	13	13	13	13	13	13	13	13	13	13	13	11	0	0	76	0	61	0	95	54	0	84	42	92	15	109	56	101	52	118	88	136	57	174	145	120	118	118	118	118	118	118	118	118	118	118	118	118	118	118	118	118	118	
110	110	107	99	100	100	100	100	100	100	100	100	100	100	100	100	100	100	100	100	100	100	99	117	166	41	84	175	81	10	114	38	107	13	63	123	27	69	18	106	5	54	11	64	0	1	25	28	28	28	28	28	28	28	28	28	28	28	28	28	28	28	28	28	28	28	28	28	28	28	28	28	28	28	28	28	28	28	28	28	28	28	28	28	28	28	26	0	0	83	0	67	0	100	59	0	88	44	92	12	104	49	95	36	111	78	126	37	156	127	102	100	100	100	100	100	100	100	100	100	100	100	100	100	100	100	100	100	
98	98	93	128	125	126	126	126	126	126	126	126	126	126	126	126	126	126	126	126	126	126	125	143	192	68	113	196	94	22	136	51	123	20	63	116	11	63	13	92	0	41	0	46	0	0	0	0	0	0	0	0	0	0	0	0	0	0	0	0	0	0	0	0	0	0	0	0	0	0	0	0	0	0	0	0	0	0	0	0	0	0	0	0	0	0	0	0	0	65	0	55	0	87	44	0	72	38	85	12	111	63	107	58	123	99	142	62	181	153	128	126	126	126	126	126	126	126	126	126	126	126	126	126	126	126	126	126	
126	126	125	129	124	120	120	120	120	120	120	120	120	120	120	120	120	120	120	120	120	120	119	137	187	63	108	184	85	15	129	44	116	15	60	115	22	66	17	96	0	47	5	53	0	0	7	11	11	11	11	11	11	11	11	11	11	11	11	11	11	11	11	11	11	11	11	11	11	11	11	11	11	11	11	11	11	11	11	11	11	11	11	11	11	11	9	0	0	78	0	63	0	93	50	0	85	41	89	14	111	60	102	51	116	91	133	60	176	147	122	120	120	120	120	120	120	120	120	120	120	120	120	120	120	120	120	120	
120	120	120	119	118	117	117	117	117	117	117	117	117	117	117	117	117	117	117	117	117	117	116	134	184	60	105	182	84	15	129	44	116	15	60	115	21	65	16	96	0	47	5	53	0	0	7	11	11	11	11	11	11	11	11	11	11	11	11	11	11	11	11	11	11	11	11	11	11	11	11	11	11	11	11	11	11	11	11	11	11	11	11	11	11	11	9	0	0	78	0	63	0	93	50	0	84	40	88	14	111	60	102	51	116	91	133	59	174	144	119	117	117	117	117	117	117	117	117	117	117	117	117	117	117	117	117	117	
111	111	108	108	108	108	108	108	108	108	108	108	108	108	108	108	108	108	108	108	108	108	107	126	177	53	98	175	79	11	126	42	115	15	61	117	25	70	22	102	5	57	17	65	0	0	19	23	23	23	23	23	23	23	23	23	23	23	23	23	23	23	23	23	23	23	23	23	23	23	23	23	23	23	23	23	23	23	23	23	23	23	23	23	23	23	21	0	0	88	0	68	0	99	55	0	86	41	88	13	109	57	98	46	109	84	125	51	165	135	110	108	108	108	108	108	108	108	108	108	108	108	108	108	108	108	108	108	
106	106	102	128	125	125	125	125	125	125	125	125	125	125	125	125	125	125	125	125	125	125	124	143	194	63	109	197	90	24	131	48	123	14	61	119	19	66	8	90	0	47	0	39	0	0	0	0	0	0	0	0	0	0	0	0	0	0	0	0	0	0	0	0	0	0	0	0	0	0	0	0	0	0	0	0	0	0	0	0	0	0	0	0	0	0	0	0	0	63	0	58	0	85	42	0	81	34	89	13	108	63	104	51	123	95	146	60	184	152	127	125	125	125	125	125	125	125	125	125	125	125	125	125	125	125	125	125	
125	125	124	129	125	122	122	122	122	122	122	122	122	122	122	122	122	122	122	122	122	122	121	140	192	61	110	189	83	16	134	43	120	12	60	119	21	59	13	95	0	45	0	49	0	0	5	9	9	9	9	9	9	9	9	9	9	9	9	9	9	9	9	9	9	9	9	9	9	9	9	9	9	9	9	9	9	9	9	9	9	9	9	9	9	9	7	0	0	75	0	61	0	91	47	0	86	38	91	14	108	62	101	56	118	90	138	61	174	151	124	122	122	122	122	122	122	122	122	122	122	122	122	122	122	122	122	122	
122	122	122	121	120	119	119	119	119	119	119	119	119	119	119	119	119	119	119	119	119	119	118	137	189	58	107	187	82	16	133	42	119	12	60	119	21	60	14	96	0	46	0	50	0	0	5	9	9	9	9	9	9	9	9	9	9	9	9	9	9	9	9	9	9	9	9	9	9	9	9	9	9	9	9	9	9	9	9	9	9	9	9	9	9	9	7	0	0	75	0	62	0	93	48	0	86	38	91	14	108	62	101	55	117	89	138	60	173	149	122	119	119	119	119	119	119	119	119	119	119	119	119	119	119	119	119	119	
119	119	119	119	119	119	119	119	119	119	119	119	119	119	119	119	119	119	119	119	119	119	118	137	189	58	107	187	82	16	133	42	119	12	60	119	21	60	14	96	0	46	0	50	0	0	5	9	9	9	9	9	9	9	9	9	9	9	9	9	9	9	9	9	9	9	9	9	9	9	9	9	9	9	9	9	9	9	9	9	9	9	9	9	9	9	7	0	0	75	0	62	0	93	48	0	86	38	91	14	108	62	101	55	117	89	138	60	173	149	122	119	119	119	119	119	119	119	119	119	119	119	119	119	119	119	119	119	
113	113	110	110	110	110	110	110	110	110	110	110	110	110	110	110	110	110	110	110	110	110	109	129	182	51	98	179	76	13	130	40	118	11	60	120	24	63	20	104	10	55	9	61	0	0	17	21	21	21	21	21	21	21	21	21	21	21	21	21	21	21	21	21	21	21	21	21	21	21	21	21	21	21	21	21	21	21	21	21	21	21	21	21	21	21	19	0	0	84	0	71	1	97	51	0	86	37	88	11	104	59	95	47	107	81	129	51	163	140	113	110	110	110	110	110	110	110	110	110	110	110	110	110	110	110	110	110	
108	108	104	0	0	0	0	0	0	0	0	0	0	0	0	0	0	0	0	0	0	0	0	0	0	61	109	198	106	17	137	47	125	10	59	129	15	57	13	101	0	37	0	42	0	0	0	0	0	0	0	0	0	0	0	0	0	0	0	0	0	0	0	0	0	0	0	0	0	0	0	0	0	0	0	0	0	0	0	0	0	0	0	0	0	0	0	0	0	66	0	52	0	84	46	0	78	37	97	9	121	65	101	50	136	97	148	59	190	0	0	0	0	0	0	0	0	0	0	0	0	0	0	0	0	0	0	0	
0	0	0	0	0	0	0	0	0	0	0	0	0	0	0	0	0	0	0	0	0	0	0	0	0	60	109	190	97	9	131	44	122	8	58	128	15	58	16	104	0	37	0	51	0	0	3	7	7	7	7	7	7	7	7	7	7	7	7	7	7	7	7	7	7	7	7	7	7	7	7	7	7	7	7	7	7	7	7	7	7	7	7	7	7	7	5	0	0	77	0	53	0	101	52	0	81	39	97	9	109	63	97	47	129	98	136	60	179	0	0	0	0	0	0	0	0	0	0	0	0	0	0	0	0	0	0	0	
0	0	0	0	0	0	0	0	0	0	0	0	0	0	0	0	0	0	0	0	0	0	0	0	0	57	106	188	96	9	131	44	122	8	58	128	15	58	16	104	0	38	1	52	0	0	3	7	7	7	7	7	7	7	7	7	7	7	7	7	7	7	7	7	7	7	7	7	7	7	7	7	7	7	7	7	7	7	7	7	7	7	7	7	7	7	5	0	0	77	0	54	0	101	51	0	81	39	97	9	110	64	98	47	129	97	135	58	178	0	0	0	0	0	0	0	0	0	0	0	0	0	0	0	0	0	0	0	
0	0	0	0	0	0	0	0	0	0	0	0	0	0	0	0	0	0	0	0	0	0	0	0	0	56	105	187	96	9	131	44	122	8	58	128	15	58	16	104	0	40	4	55	0	0	6	10	10	10	10	10	10	10	10	10	10	10	10	10	10	10	10	10	10	10	10	10	10	10	10	10	10	10	10	10	10	10	10	10	10	10	10	10	10	10	8	0	0	79	0	54	0	101	51	0	81	39	97	9	110	64	98	47	128	96	133	57	177	0	0	0	0	0	0	0	0	0	0	0	0	0	0	0	0	0	0	0	
0	0	0	0	0	0	0	0	0	0	0	0	0	0	0	0	0	0	0	0	0	0	0	0	0	44	94	188	89	5	129	44	122	8	58	127	16	61	22	109	0	47	5	58	0	0	8	12	12	12	12	12	12	12	12	12	12	12	12	12	12	12	12	12	12	12	12	12	12	12	12	12	12	12	12	12	12	12	12	12	12	12	12	12	12	12	10	0	0	80	0	60	0	107	55	0	81	39	97	9	107	59	91	40	119	84	129	41	170	0	0	0	0	0	0	0	0	0	0	0	0	0	0	0	0	0	0	0	
0	0	0	0	0	0	0	0	0	0	0	0	0	0	0	0	0	0	0	0	0	0	0	0	0	69	120	215	99	17	144	42	122	8	58	127	15	71	6	96	0	42	0	39	0	0	0	0	0	0	0	0	0	0	0	0	0	0	0	0	0	0	0	0	0	0	0	0	0	0	0	0	0	0	0	0	0	0	0	0	0	0	0	0	0	0	0	0	0	63	0	58	0	94	42	0	83	39	97	9	107	56	115	52	131	103	155	65	0	0	0	0	0	0	0	0	0	0	0	0	0	0	0	0	0	0	0	0	
0	0	0	0	0	0	0	0	0	0	0	0	0	0	0	0	0	0	0	0	0	0	0	0	0	55	107	203	89	9	138	38	120	8	58	127	15	70	7	99	0	47	0	45	0	0	1	5	5	5	5	5	5	5	5	5	5	5	5	5	5	5	5	5	5	5	5	5	5	5	5	5	5	5	5	5	5	5	5	5	5	5	5	5	5	5	3	0	0	72	0	65	0	99	48	0	87	41	97	9	107	56	112	47	124	96	146	54	0	0	0	0	0	0	0	0	0	0	0	0	0	0	0	0	0	0	0	0	
0	0	0	0	0	0	0	0	0	0	0	0	0	0	0	0	0	0	0	0	0	0	0	0	0	58	110	206	92	12	141	40	121	8	58	127	15	70	7	99	0	47	0	45	0	0	1	5	5	5	5	5	5	5	5	5	5	5	5	5	5	5	5	5	5	5	5	5	5	5	5	5	5	5	5	5	5	5	5	5	5	5	5	5	5	5	3	0	0	72	0	65	0	99	48	0	87	41	97	10	109	59	115	50	127	99	149	57	0	0	0	0	0	0	0	0	0	0	0	0	0	0	0	0	0	0	0	0	
0	0	0	0	0	0	0	0	0	0	0	0	0	0	0	0	0	0	0	0	0	0	0	0	0	42	95	192	80	0	128	29	112	9	60	131	21	75	13	106	0	56	8	57	0	0	16	20	20	20	20	20	20	20	20	20	20	20	20	20	20	20	20	20	20	20	20	20	20	20	20	20	20	20	20	20	20	20	20	20	20	20	20	20	20	20	18	0	0	81	0	73	0	105	54	0	91	43	95	6	104	45	101	35	112	84	132	39	0	0	0	0	0	0	0	0	0	0	0	0	0	0	0	0	0	0	0	0	
0	0	0	0	0	0	0	0	0	0	0	0	0	0	0	0	0	0	0	0	0	0	0	0	0	61	114	213	103	7	145	45	130	9	60	131	3	60	0	103	0	37	0	41	0	0	0	0	0	0	0	0	0	0	0	0	0	0	0	0	0	0	0	0	0	0	0	0	0	0	0	0	0	0	0	0	0	0	0	0	0	0	0	0	0	0	0	0	0	64	0	54	0	91	38	0	77	28	97	4	119	59	115	48	132	104	153	59	0	0	0	0	0	0	0	0	0	0	0	0	0	0	0	0	0	0	0	0	
0	0	0	0	0	0	0	0	0	0	0	0	0	0	0	0	0	0	0	0	0	0	0	0	0	56	111	210	102	0	139	40	124	5	58	130	13	71	12	107	0	44	0	51	0	0	0	2	2	2	2	2	2	2	2	2	2	2	2	2	2	2	2	2	2	2	2	2	2	2	2	2	2	2	2	2	2	2	2	2	2	2	2	2	2	2	0	0	0	77	0	63	0	98	52	0	91	33	101	6	117	55	109	41	133	103	151	48	0	0	0	0	0	0	0	0	0	0	0	0	0	0	0	0	0	0	0	0	
0	0	0	0	0	0	0	0	0	0	0	0	0	0	0	0	0	0	0	0	0	0	0	0	0	53	108	207	99	0	138	40	124	5	58	130	12	69	9	105	0	44	0	51	0	0	0	3	2	2	2	2	2	2	2	2	2	2	2	2	2	2	2	2	2	2	2	2	2	2	2	2	2	2	2	2	2	2	2	2	2	2	2	2	2	2	0	0	0	77	0	63	0	98	51	0	88	31	100	6	117	55	109	41	132	101	148	46	0	0	0	0	0	0	0	0	0	0	0	0	0	0	0	0	0	0	0	0	
0	0	0	0	0	0	0	0	0	0	0	0	0	0	0	0	0	0	0	0	0	0	0	0	0	44	100	199	92	0	134	38	123	5	59	133	17	74	13	109	0	52	5	57	0	0	9	12	11	11	11	11	11	11	11	11	11	11	11	11	11	11	11	11	11	11	11	11	11	11	11	11	11	11	11	11	11	11	11	11	11	11	11	11	11	11	7	0	0	85	0	68	0	103	56	0	89	32	100	5	114	51	104	36	126	93	140	38	0	0	0	0	0	0	0	0	0	0	0	0	0	0	0	0	0	0	0	0	
0	0	0	0	0	0	0	0	0	0	0	0	0	0	0	0	0	0	0	0	0	0	0	0	0	62	117	218	101	10	146	44	130	5	61	136	12	62	2	106	0	42	0	37	0	0	0	0	0	0	0	0	0	0	0	0	0	0	0	0	0	0	0	0	0	0	0	0	0	0	0	0	0	0	0	0	0	0	0	0	0	0	0	0	0	0	0	0	0	66	0	59	0	102	45	0	85	35	102	0	122	56	108	48	138	93	158	65	0	0	0	0	0	0	0	0	0	0	0	0	0	0	0	0	0	0	0	0	
0	0	0	0	0	0	0	0	0	0	0	0	0	0	0	0	0	0	0	0	0	0	0	0	0	62	117	218	92	11	147	37	126	3	60	128	4	66	0	104	0	37	0	37	0	0	0	0	0	0	0	0	0	0	0	0	0	0	0	0	0	0	0	0	0	0	0	0	0	0	0	0	0	0	0	0	0	0	0	0	0	0	0	0	0	0	0	0	0	64	0	58	0	98	41	0	83	31	96	0	122	54	112	53	133	99	161	65	0	0	0	0	0	0	0	0	0	0	0	0	0	0	0	0	0	0	0	0	
0	0	0	0	0	0	0	0	0	0	0	0	0	0	0	0	0	0	0	0	0	0	0	0	0	51	116	207	92	0	146	35	125	3	60	128	14	66	9	105	0	49	0	48	0	0	0	0	0	0	0	0	0	0	0	0	0	0	0	0	0	0	0	0	0	0	0	0	0	0	0	0	0	0	0	0	0	0	0	0	0	0	0	0	0	0	0	0	0	73	0	68	0	99	51	0	93	33	99	0	123	54	111	51	132	89	153	56	0	0	0	0	0	0	0	0	0	0	0	0	0	0	0	0	0	0	0	0	
0	0	0	0	0	0	0	0	0	0	0	0	0	0	0	0	0	0	0	0	0	0	0	0	0	52	117	209	93	2	147	36	125	3	60	128	13	65	7	104	0	48	0	46	0	0	0	0	0	0	0	0	0	0	0	0	0	0	0	0	0	0	0	0	0	0	0	0	0	0	0	0	0	0	0	0	0	0	0	0	0	0	0	0	0	0	0	0	0	71	0	65	0	97	49	0	90	31	98	0	123	54	111	51	132	90	155	59	0	0	0	0	0	0	0	0	0	0	0	0	0	0	0	0	0	0	0	0	
