0	0	0	0	0	0	0	0	0	0	0	0	0	0	0	0	0	0	0	0	0	0	0	0	0	0	0	0	0	0	0	0	0	0	0	0	0	0	0	0	0	0	0	0	0	0	0	0	0	0	0	0	0	0	0	0	0	0	0	0	0	0	0	0	0	0	0	0	0	0	0	0	0	0	0	0	0	0	0	0	0	0	0	0	0	0	0	0	0	0	0	0	0	0	0	0	0	0	0	0	0	0	0	0	0	0	0	0	0	0	0	0	0	0	0	0	0	0	0	0	0	0	0	0	0	0	0	0	
0	0	0	255	255	255	255	255	255	255	255	255	255	255	255	255	188	255	255	255	255	255	255	255	255	255	255	255	255	255	255	255	255	255	255	255	255	255	255	255	255	255	255	255	255	255	68	139	255	255	255	255	255	218	120	247	255	255	255	255	111	255	255	255	255	116	255	255	255	253	255	32	255	255	224	255	85	235	255	255	255	42	252	255	235	132	93	255	223	247	224	113	200	208	164	88	220	167	255	45	203	180	226	109	255	255	109	187	255	250	165	201	119	163	96	201	146	91	157	255	0	219	255	171	104	227	152	70	
81	81	0	255	192	75	63	17	0	31	39	53	56	54	39	0	0	24	118	192	207	159	164	23	0	19	0	3	67	0	0	0	0	0	0	0	0	79	203	106	0	0	94	181	228	54	0	71	255	14	117	104	87	6	0	78	107	167	9	16	0	102	112	32	119	0	0	147	102	88	184	0	146	68	68	50	0	50	128	81	83	0	94	150	72	24	0	69	111	223	12	0	0	91	6	0	56	24	67	0	90	84	0	0	132	6	0	70	195	77	0	90	43	37	40	40	0	0	15	163	0	71	120	0	16	170	39	0	
0	0	0	188	156	96	76	69	67	75	95	78	41	49	61	18	68	139	237	255	255	255	152	51	0	70	107	148	145	128	101	100	218	160	84	194	255	229	171	144	5	65	70	116	241	21	0	45	119	35	127	102	142	11	0	158	148	130	52	0	0	126	34	25	101	0	0	255	112	172	47	0	105	0	162	110	0	166	195	134	146	0	81	123	118	11	0	127	67	121	0	0	30	108	0	12	53	59	87	0	117	62	0	4	187	151	0	102	173	113	0	141	43	0	82	61	0	0	56	31	0	106	146	0	91	169	0	0	
0	0	0	218	152	90	81	79	88	101	79	64	53	56	40	0	105	122	136	136	202	236	143	41	16	81	109	107	60	52	21	42	209	255	255	255	164	148	85	34	222	210	0	43	27	137	0	0	0	0	0	0	0	0	0	52	0	64	15	16	0	192	162	153	162	0	99	255	136	190	134	0	146	67	170	62	0	33	125	52	48	0	4	65	67	82	0	182	167	118	0	0	146	164	0	49	85	92	14	0	178	183	0	33	193	190	0	47	180	127	0	34	0	0	43	26	0	40	114	26	0	224	252	0	184	94	0	87	
77	77	77	123	79	22	16	30	44	71	14	6	42	68	39	4	78	56	43	47	97	135	153	94	13	50	45	23	0	0	0	0	0	0	0	0	0	0	0	148	0	0	0	130	135	255	0	72	230	182	0	26	0	0	0	0	0	0	0	0	0	0	0	0	0	0	0	18	0	0	0	0	81	144	140	95	58	152	216	127	152	0	221	235	206	21	0	204	151	6	0	78	129	78	0	24	100	149	0	15	94	107	0	57	159	164	0	53	174	15	0	65	27	0	128	150	0	26	70	21	0	139	125	0	200	45	0	209	
56	56	78	12	0	0	0	0	2	5	0	0	26	35	0	0	56	60	44	54	63	95	224	227	61	17	0	0	0	0	0	0	0	0	0	0	21	72	135	71	0	0	116	255	255	58	0	0	204	177	237	255	255	186	67	208	255	240	140	74	3	19	29	100	78	0	6	98	41	41	31	0	28	0	0	0	0	0	0	0	0	0	0	0	0	0	0	223	123	0	0	130	62	114	11	106	154	167	0	122	181	135	0	117	143	127	0	136	166	0	0	57	29	0	118	149	0	60	107	0	0	122	50	0	160	47	0	179	
55	55	84	0	0	10	34	37	22	18	51	0	19	6	0	0	65	49	46	43	28	55	176	163	85	64	16	0	135	255	255	255	217	87	126	198	207	196	0	0	0	168	255	255	89	0	0	17	205	0	0	0	0	0	0	0	61	0	24	0	24	157	183	235	188	0	193	255	199	110	49	0	67	29	98	0	0	105	8	94	118	0	110	54	32	0	0	0	0	0	0	0	0	0	0	0	0	0	0	0	76	29	0	62	109	85	0	139	99	0	29	129	107	6	162	206	0	180	176	0	0	237	78	0	193	63	19	161	
70	70	92	20	3	53	68	71	47	25	45	0	10	10	0	0	162	104	75	37	0	24	180	204	148	71	0	0	40	84	59	86	125	98	230	1	0	57	0	0	255	255	112	100	0	0	0	0	202	0	152	0	48	0	128	0	116	8	61	0	0	53	0	31	79	0	0	32	17	0	0	0	116	96	253	48	0	160	30	116	112	0	126	117	133	34	99	146	241	236	27	255	255	255	152	255	255	255	172	0	50	0	0	0	0	0	0	0	0	0	0	30	13	0	71	100	0	126	97	0	48	173	0	33	189	0	26	118	
0	0	0	0	0	0	0	0	0	0	0	0	0	0	0	0	0	50	0	0	0	0	116	190	106	142	0	0	0	0	0	0	0	0	0	79	255	209	208	255	0	57	255	86	0	119	73	128	91	0	0	122	85	0	59	0	79	12	192	12	0	62	142	30	0	0	51	68	223	255	0	0	88	160	213	18	0	187	23	213	0	0	171	68	47	0	70	15	115	45	0	162	0	0	0	21	0	0	0	53	88	208	54	29	69	23	152	100	146	70	49	76	17	37	0	1	0	16	0	0	0	40	18	0	0	0	0	13	
0	0	0	15	0	27	27	18	0	0	45	25	0	0	10	43	85	84	0	0	4	44	153	195	134	77	0	192	157	153	130	102	158	255	255	255	186	141	0	0	35	255	255	0	0	0	16	83	44	0	0	63	77	32	22	106	171	80	146	0	38	75	117	11	0	0	228	95	106	255	0	0	47	202	95	0	0	255	0	157	0	0	191	71	35	0	63	42	137	81	0	30	39	0	0	255	0	0	66	0	0	0	0	0	0	0	209	85	57	0	0	55	0	64	44	75	34	111	51	66	78	103	33	22	0	0	36	69	
0	0	0	165	93	99	101	92	94	108	131	137	125	104	84	60	175	137	35	84	63	46	113	178	216	70	16	255	6	0	0	0	4	0	0	0	109	0	0	0	236	255	26	0	0	0	78	84	0	0	0	11	29	67	0	0	73	0	120	24	37	45	72	1	0	0	168	0	0	187	0	0	0	242	0	0	0	255	0	37	0	0	132	39	21	0	86	52	0	0	0	0	83	62	11	255	0	0	167	0	0	0	94	0	106	110	188	0	0	21	0	121	0	82	0	0	0	45	0	0	14	0	0	0	53	77	197	114	
50	50	20	151	103	65	59	57	55	69	10	59	80	36	0	0	84	29	0	35	28	16	69	154	187	0	0	218	0	0	0	0	0	1	0	0	233	21	0	0	0	109	0	0	0	32	111	58	0	11	16	18	7	90	89	0	106	21	206	31	0	0	0	0	0	17	120	16	44	255	0	0	0	255	0	0	0	255	0	17	6	5	76	38	31	0	57	9	0	0	101	146	174	99	54	142	0	0	179	0	0	7	155	0	0	17	0	0	0	2	0	80	0	118	57	0	34	142	22	26	85	0	14	106	0	0	80	30	
8	8	0	113	39	18	10	5	4	26	46	52	29	1	35	96	135	17	0	0	0	28	148	255	156	0	0	235	84	0	0	0	0	0	0	17	183	41	0	0	0	198	118	0	0	0	43	0	0	0	0	0	0	0	0	0	75	83	155	0	29	55	74	0	0	140	33	14	42	215	0	0	0	210	0	0	0	186	0	28	32	9	0	8	23	46	0	7	17	105	53	0	0	0	67	0	0	0	163	0	0	128	153	0	0	198	0	0	0	76	88	133	5	121	47	0	15	68	0	0	0	0	0	62	0	0	170	91	
5	5	0	79	50	43	44	33	33	34	4	0	0	0	0	0	0	0	0	96	65	86	100	193	47	0	0	179	173	86	154	161	176	196	204	193	226	59	0	0	0	179	78	0	101	77	232	223	104	114	118	152	170	207	127	255	0	41	0	0	78	62	56	0	0	190	27	13	34	185	34	0	23	196	24	30	23	98	31	0	26	31	0	68	87	35	0	7	0	83	44	3	0	0	128	49	0	0	46	0	0	117	0	0	0	135	0	0	55	122	93	72	0	8	0	0	0	15	0	43	37	59	82	108	0	0	136	99	
62	62	42	117	33	0	55	93	90	86	69	58	58	0	25	30	71	0	0	143	115	117	89	118	103	0	68	102	112	0	24	0	0	93	4	0	0	1	0	0	0	203	94	81	108	60	107	102	55	65	111	80	101	121	0	128	13	71	0	87	61	46	12	0	5	132	73	0	82	255	0	9	0	232	0	0	0	176	30	5	29	47	52	86	91	0	0	0	0	0	0	0	0	1	85	108	69	70	57	0	40	137	84	6	0	0	0	0	0	41	19	23	15	26	54	72	81	47	26	37	6	0	0	0	0	0	95	85	
0	0	0	113	27	60	135	113	78	102	143	182	220	59	154	88	245	123	94	200	72	1	33	114	117	0	19	0	0	0	0	0	0	0	0	0	0	35	46	0	0	219	101	66	32	0	0	0	0	0	0	0	0	0	0	0	43	136	38	40	61	34	29	57	154	255	157	0	81	246	0	0	0	255	0	78	67	178	0	0	12	33	46	52	63	0	17	35	33	28	22	71	49	19	0	0	0	0	0	73	13	0	0	0	0	8	177	146	102	174	55	21	48	20	0	0	0	0	0	4	0	1	0	0	0	66	150	81	
31	31	20	95	0	57	98	26	0	0	0	0	0	0	0	0	0	0	0	0	0	0	6	133	127	0	0	0	0	0	0	0	0	0	0	34	90	43	20	0	0	196	96	63	17	0	0	30	50	40	36	8	28	0	0	223	194	69	0	63	52	54	37	54	75	101	31	0	43	219	0	20	0	255	0	23	19	79	0	0	20	35	47	46	35	0	0	16	0	0	0	0	0	0	45	69	80	18	37	52	0	0	0	0	0	34	144	68	9	61	0	0	0	0	23	111	0	24	92	84	42	51	0	0	0	79	126	31	
64	64	53	90	31	64	112	53	0	0	0	0	0	46	121	35	14	94	142	63	0	10	105	185	152	0	0	39	251	104	214	233	255	255	255	208	255	95	0	0	0	183	95	75	46	0	48	42	47	40	19	9	32	40	34	80	123	79	52	18	21	41	61	60	40	0	0	0	121	227	0	9	18	247	0	0	45	114	39	20	39	55	65	56	43	0	63	90	55	36	43	25	23	34	64	69	35	20	32	0	0	16	40	16	34	44	18	0	0	10	0	53	22	57	117	10	0	50	119	82	18	14	17	10	0	42	81	0	
42	42	30	95	52	49	105	67	0	0	0	0	0	89	58	0	0	255	176	0	0	0	131	195	151	0	0	69	255	0	238	244	216	255	68	0	156	0	0	0	27	209	120	95	33	0	0	1	25	25	0	9	47	46	0	0	117	98	59	36	86	65	46	56	69	86	18	40	93	94	0	0	0	99	0	0	5	40	12	24	38	55	63	39	26	0	2	18	4	0	0	0	0	0	11	2	0	0	13	11	0	0	4	65	27	63	41	9	34	112	113	96	0	0	74	0	0	63	77	27	0	22	77	82	0	31	65	0	
23	23	20	66	9	34	96	25	0	0	255	232	190	255	209	0	0	255	224	0	0	0	160	144	100	0	0	0	180	69	255	194	255	0	11	0	255	15	0	0	0	187	110	79	0	0	0	0	26	24	0	0	48	0	0	0	229	71	5	102	84	43	22	37	37	25	10	4	21	114	0	78	107	252	46	143	219	81	31	28	46	53	54	8	0	0	0	0	24	8	0	0	0	48	95	93	41	0	44	68	0	0	46	71	46	103	73	37	48	72	75	0	0	3	59	115	147	136	64	0	16	60	63	25	0	8	69	13	
96	96	100	82	26	75	92	68	0	0	255	255	175	240	40	0	78	255	255	0	0	0	83	167	101	0	0	18	100	78	145	45	155	0	139	0	255	0	0	0	0	231	92	24	0	0	0	39	50	0	0	43	92	49	0	0	202	121	42	64	27	10	23	63	68	32	54	50	83	160	132	171	112	146	48	78	90	0	0	49	62	67	44	5	0	98	67	48	68	65	16	116	73	87	68	0	0	51	50	11	82	113	94	91	107	76	9	0	38	23	0	0	76	212	149	115	209	0	0	0	31	5	0	0	0	16	63	36	
79	79	72	79	11	68	61	107	0	0	250	154	245	255	199	0	61	111	200	0	0	1	66	199	106	0	0	122	113	48	92	8	48	25	101	0	246	15	0	0	0	244	75	0	23	0	77	118	29	0	47	85	111	95	11	99	119	81	50	65	50	41	40	46	45	61	32	55	68	58	20	0	0	0	0	0	0	0	12	8	22	5	0	0	0	0	0	0	0	0	0	0	22	9	0	0	90	70	0	0	12	6	0	0	0	7	0	0	11	0	0	84	105	65	33	0	69	0	0	50	127	0	0	57	65	40	53	44	
34	34	13	84	16	61	65	119	0	0	82	58	171	199	0	0	0	255	243	0	0	36	101	196	99	0	0	42	47	16	64	0	45	25	55	0	254	14	0	0	0	223	58	0	44	58	120	112	5	24	95	24	13	65	32	69	90	60	46	46	55	62	68	48	54	65	41	57	51	39	20	16	16	24	46	48	43	20	23	42	18	17	26	26	7	131	118	115	104	116	134	109	60	0	0	93	36	0	27	111	145	132	84	15	0	119	75	0	0	0	87	90	48	0	0	3	0	0	14	51	79	0	0	0	0	27	56	60	
37	37	4	108	34	57	77	130	0	0	1	102	139	0	0	0	145	255	208	10	0	12	74	138	29	0	0	0	75	76	91	48	92	90	110	0	255	10	0	0	0	242	83	0	31	61	60	90	18	63	171	76	0	69	113	98	88	73	64	55	43	34	34	67	72	54	66	66	49	26	29	39	55	64	42	26	0	0	1	32	0	0	58	89	38	0	0	0	0	0	18	0	0	0	119	0	0	0	90	98	41	83	63	0	81	100	0	0	16	73	54	48	57	58	85	132	115	64	54	69	72	98	0	0	8	75	95	62	
9	9	0	126	39	54	76	148	0	0	47	101	51	0	0	0	187	255	0	17	0	50	75	69	0	0	0	30	115	59	48	38	87	97	94	0	255	24	0	0	0	255	101	0	40	95	48	22	0	35	111	51	0	0	68	27	43	58	56	47	52	42	72	123	99	44	36	36	22	6	16	34	24	14	0	0	0	0	17	40	0	0	21	65	0	0	58	89	78	54	51	0	61	89	0	0	0	51	142	63	20	80	68	0	0	0	0	0	66	50	36	25	53	40	0	3	64	0	0	62	25	71	67	23	35	117	113	28	
1	1	0	147	40	38	78	155	0	0	2	79	57	171	146	0	175	255	0	44	0	114	34	40	0	0	0	0	97	83	51	62	103	107	80	0	255	24	0	0	0	228	59	0	24	98	1	0	30	91	85	63	22	43	144	83	54	64	44	15	41	95	129	88	19	0	0	0	0	0	0	16	0	0	0	0	12	46	68	109	74	0	65	98	0	0	44	65	9	0	0	32	64	0	0	243	190	87	111	65	45	50	14	0	0	0	24	103	117	51	32	24	57	46	0	24	49	0	25	100	35	20	4	0	0	70	96	24	
19	19	0	147	42	40	82	158	0	0	48	138	25	111	161	51	89	9	0	193	0	85	11	0	0	2	17	64	164	89	46	41	84	85	41	0	255	19	0	0	0	239	104	0	64	83	0	0	60	111	34	45	84	53	36	19	39	70	69	66	6	101	143	0	0	0	0	0	0	0	0	0	3	13	13	37	50	46	0	0	0	0	0	22	0	0	13	0	0	0	6	138	12	0	12	0	0	0	45	77	27	0	0	0	2	63	55	57	71	30	56	33	43	18	2	48	81	102	76	22	23	12	31	31	0	92	93	20	
34	34	0	131	63	57	92	152	0	0	18	143	24	63	89	52	82	43	40	213	0	62	0	0	0	0	17	99	116	60	56	27	97	78	78	0	255	3	0	0	0	255	199	3	52	0	39	62	118	115	97	57	0	17	77	77	73	68	44	50	66	80	204	0	0	39	73	71	44	36	32	38	55	35	13	49	89	67	26	62	83	11	51	87	8	103	61	5	20	79	143	0	0	0	96	71	0	51	93	29	0	0	36	99	101	109	26	2	36	19	23	2	0	7	37	57	22	0	0	46	42	45	88	84	0	91	67	118	
26	26	0	115	56	60	81	144	0	0	64	188	71	105	144	114	94	7	12	219	0	15	0	10	173	139	29	0	10	70	60	48	115	94	84	17	255	8	0	0	0	255	123	0	13	0	67	57	70	62	56	42	24	48	75	61	60	51	49	51	60	143	154	0	0	69	19	24	30	28	31	62	46	39	52	22	0	16	21	0	0	0	0	29	0	0	0	0	54	101	17	0	0	14	135	67	0	45	60	0	0	41	119	64	0	0	0	0	81	95	122	87	71	88	89	75	33	15	59	98	43	51	44	18	0	58	50	64	
67	67	41	86	70	64	68	151	0	0	14	142	12	8	40	11	95	0	0	222	0	0	0	131	110	0	0	0	122	88	86	63	124	107	83	20	255	0	0	0	0	244	90	0	33	29	43	62	74	77	57	47	29	50	69	65	57	58	54	64	68	161	67	0	0	36	0	34	89	60	23	27	0	16	36	0	0	0	45	10	17	5	81	104	7	0	57	116	108	67	41	0	2	40	101	18	0	31	57	0	0	87	92	3	0	13	89	141	138	82	0	0	0	0	5	0	22	41	56	12	0	0	1	10	0	82	68	69	
59	59	37	53	67	85	60	145	5	0	0	131	31	26	86	84	112	0	0	212	0	0	86	234	80	17	0	0	171	82	83	70	128	99	90	0	255	0	0	0	12	162	0	0	0	49	25	60	53	39	30	38	85	78	52	55	52	43	48	58	61	127	0	0	0	0	0	0	0	0	0	13	41	55	83	71	64	80	89	58	38	14	40	18	0	0	67	84	0	0	0	0	0	29	99	51	35	35	25	39	25	37	14	0	0	30	89	64	22	26	89	85	111	126	110	80	0	16	23	0	13	49	58	41	0	89	61	80	
61	61	40	31	73	97	51	146	17	0	0	159	86	107	145	144	68	0	0	255	0	0	44	179	57	24	0	0	155	68	73	54	102	89	74	0	255	7	0	0	0	90	0	0	71	153	48	80	60	40	31	47	95	73	33	56	56	56	49	55	64	128	0	0	0	0	0	0	0	0	17	0	0	0	10	5	0	0	0	0	0	8	9	15	20	54	52	65	77	63	37	0	19	23	55	0	0	0	12	65	29	29	36	11	0	0	0	0	0	0	0	0	0	0	0	0	0	0	0	21	81	89	71	63	0	72	63	101	
49	49	20	19	78	106	32	144	18	0	0	182	92	78	64	29	8	0	67	255	0	0	31	218	112	64	0	0	200	86	65	32	92	80	84	0	255	44	0	0	2	4	0	214	255	255	41	77	59	23	26	46	105	76	31	54	58	51	48	52	68	148	0	0	0	138	221	159	214	255	203	0	0	72	71	26	1	54	91	57	78	30	0	0	35	17	50	38	0	0	8	0	13	24	71	0	0	54	79	49	4	18	45	0	0	0	91	175	154	157	104	97	99	76	29	0	0	0	0	0	0	0	0	0	0	0	9	103	
31	31	0	44	98	53	38	111	151	0	0	112	106	54	91	56	95	13	12	255	0	0	15	161	150	24	0	0	170	38	79	25	87	145	21	0	255	0	0	0	0	17	0	255	242	255	156	0	0	3	16	66	110	61	39	42	14	23	32	72	72	103	65	0	0	175	219	164	123	251	121	0	0	58	48	0	0	0	0	0	0	32	0	0	2	9	0	46	68	27	47	0	14	26	0	4	28	48	65	41	22	68	100	20	0	40	255	226	196	167	105	124	145	185	209	233	238	255	254	248	255	255	255	255	58	133	138	62	
7	7	0	26	84	78	104	144	112	0	0	168	168	92	111	65	18	0	36	255	0	0	23	188	189	39	0	0	215	68	23	69	84	84	57	3	255	0	0	0	64	223	0	120	0	16	0	0	0	53	53	39	79	48	8	66	101	94	67	41	82	106	56	0	0	230	232	34	52	117	145	0	1	21	0	0	80	60	140	165	21	20	80	106	239	255	30	67	30	6	0	0	13	25	0	27	53	62	74	24	0	5	0	0	0	64	255	141	90	60	16	47	86	116	110	108	58	75	60	50	93	49	103	255	0	0	61	40	
115	115	104	51	163	133	143	151	131	0	0	127	107	17	60	63	106	107	97	255	0	0	0	172	204	17	0	0	193	97	51	98	77	67	100	0	255	0	0	0	188	152	48	49	0	17	0	0	31	157	90	34	71	85	93	64	43	35	33	54	64	114	45	0	0	254	255	0	0	0	204	0	0	95	76	0	255	119	17	255	53	0	137	0	0	255	0	2	0	13	0	0	30	46	15	48	62	57	61	34	23	78	73	0	0	116	255	151	102	64	43	84	132	142	115	87	75	85	73	75	90	60	112	255	0	0	88	96	
93	93	106	78	174	93	44	26	18	0	0	152	111	5	91	154	51	0	0	241	0	0	0	178	220	7	0	0	234	253	255	137	85	130	126	0	255	12	0	0	0	0	0	0	0	0	0	45	123	201	164	158	182	180	171	136	104	82	70	66	67	129	44	0	0	255	255	0	0	0	255	14	0	0	0	0	231	0	0	43	0	0	96	0	0	255	0	80	0	0	0	0	69	68	30	46	56	63	61	16	7	43	19	0	0	120	255	140	90	52	17	85	136	118	73	51	93	75	74	82	80	63	128	255	0	0	107	109	
34	34	36	0	0	0	17	33	59	0	0	177	132	10	105	179	14	0	0	255	0	0	0	209	218	17	0	0	182	119	124	0	0	0	0	0	220	0	0	0	0	109	31	0	37	190	118	165	199	146	81	82	29	0	0	0	0	0	0	90	64	142	25	0	0	255	255	0	0	0	255	0	0	77	59	0	164	30	0	165	31	126	255	255	255	163	0	28	0	5	84	1	55	57	15	33	40	18	2	0	0	70	40	0	0	168	255	146	85	37	24	104	133	94	49	43	94	50	56	84	70	60	154	255	0	0	160	86	
54	54	38	42	103	11	0	0	24	0	0	180	135	1	81	134	0	0	37	255	0	0	0	197	207	0	0	0	123	59	23	44	81	114	124	135	185	0	0	0	21	116	6	4	70	139	79	0	0	0	0	0	0	0	0	0	0	94	131	104	79	138	19	0	0	255	255	0	0	0	255	0	0	56	41	0	144	184	64	119	9	73	0	0	0	0	0	50	34	49	23	0	12	43	19	41	60	39	35	28	52	119	60	0	0	180	255	138	67	0	39	105	118	65	26	43	87	26	41	92	62	63	162	229	0	0	137	0	
8	8	0	9	57	0	18	97	180	0	0	170	50	89	120	50	0	14	132	237	0	0	7	158	0	0	0	0	200	184	83	80	113	144	190	255	255	210	0	0	0	207	49	135	0	0	0	0	0	0	45	86	155	185	255	0	179	180	138	49	80	132	27	0	0	255	255	0	0	0	255	0	0	39	24	3	0	0	0	0	0	0	0	0	0	27	0	46	0	0	0	0	20	34	26	68	29	56	94	66	54	74	23	0	0	255	246	151	63	0	50	143	118	50	78	85	81	61	71	84	83	86	147	255	0	0	132	38	
73	73	41	49	138	68	123	186	228	0	0	195	140	142	217	166	93	93	162	219	18	0	33	134	147	255	227	24	255	255	251	238	170	75	0	0	0	0	0	0	121	255	10	203	204	115	255	255	255	255	246	105	57	30	173	0	114	81	64	60	78	130	31	0	0	232	88	0	0	0	255	0	0	67	0	0	0	0	0	138	0	0	255	255	255	177	37	44	30	51	22	0	40	61	47	56	36	1	0	0	0	0	0	0	0	255	218	130	49	1	61	156	108	47	93	76	58	67	68	76	74	108	129	255	0	0	95	31	
58	58	30	10	130	70	79	111	173	0	0	251	255	44	75	24	0	0	1	113	0	0	38	88	0	255	61	0	0	0	0	0	0	0	0	0	3	66	118	127	92	219	0	100	166	0	0	0	0	0	0	0	0	0	56	0	170	84	46	69	64	144	18	0	0	171	167	0	47	66	255	0	0	27	0	0	164	255	255	255	0	0	223	128	116	106	0	0	41	92	12	0	40	89	56	38	58	33	0	31	76	95	54	0	0	255	210	112	49	11	89	150	102	48	79	60	59	65	74	70	76	116	181	160	0	20	73	0	
54	54	39	0	107	81	55	89	176	0	0	100	100	0	39	88	70	113	146	188	41	0	6	98	0	0	0	0	0	36	37	57	66	58	59	97	81	48	0	0	0	0	0	0	0	0	0	0	71	48	38	0	13	33	122	0	194	97	39	55	70	153	19	0	0	170	188	68	143	189	255	0	0	60	0	0	97	169	100	71	0	0	174	88	237	24	0	0	33	55	0	0	34	98	56	16	59	21	0	0	62	51	0	0	0	255	208	96	32	16	120	138	96	58	67	49	64	65	73	69	72	127	252	30	0	57	100	12	
94	94	94	0	85	107	55	84	189	0	0	162	255	158	144	59	0	34	10	0	0	0	0	125	105	48	0	60	14	0	0	15	75	137	164	48	0	0	0	0	50	44	45	73	87	76	0	0	108	83	76	0	81	79	101	0	156	104	60	51	63	165	10	0	0	165	94	58	111	208	235	0	0	28	0	0	191	252	156	125	0	0	158	54	223	0	0	45	60	42	0	0	16	81	63	5	54	65	1	39	119	73	0	0	0	255	195	79	26	37	140	113	83	56	57	51	57	76	71	68	74	142	255	0	0	36	95	0	
122	122	138	0	93	139	77	95	215	0	58	0	0	0	0	0	0	0	0	0	0	60	49	156	159	101	12	151	161	213	210	162	62	0	0	0	0	29	69	40	0	0	90	225	244	12	0	0	118	51	42	0	5	0	70	0	173	102	56	49	61	174	2	0	0	168	131	114	80	207	140	0	0	53	0	0	132	142	55	65	0	0	223	121	255	0	0	22	21	13	0	16	12	69	97	32	55	32	0	0	31	0	0	0	0	255	189	68	17	47	141	92	73	72	52	54	65	70	69	63	77	145	255	0	0	23	73	28	
134	134	174	0	76	154	76	95	159	0	0	23	27	183	84	55	59	54	65	94	128	96	94	150	92	60	88	100	0	0	0	0	0	0	43	62	35	42	93	140	170	170	192	203	147	0	0	23	130	38	73	0	23	13	107	0	198	101	41	44	76	164	0	0	0	166	107	83	37	173	137	0	0	50	0	0	172	237	120	107	0	10	162	0	255	0	0	21	27	23	0	24	40	73	85	51	38	41	0	17	85	60	11	0	21	255	176	61	29	50	150	91	66	69	65	61	46	96	44	90	99	162	244	0	25	54	47	33	
133	133	210	0	118	190	92	110	90	0	0	11	0	54	0	39	49	2	70	0	53	11	0	0	0	0	0	0	0	0	0	41	60	88	100	94	112	145	144	103	39	42	92	119	95	0	0	1	139	12	59	0	0	0	113	0	183	106	50	58	82	164	0	0	0	164	122	108	68	161	140	0	0	49	0	0	135	229	82	58	0	61	194	0	255	0	0	33	27	12	0	4	65	64	37	44	28	27	0	30	52	51	5	0	49	255	176	47	45	59	155	91	54	58	75	69	2	156	20	119	97	178	154	0	0	73	17	14	
84	84	160	0	0	0	0	0	0	0	0	0	41	7	0	16	10	0	56	0	0	0	0	0	0	0	7	26	38	65	84	116	112	120	124	108	83	48	28	17	22	37	92	123	96	0	0	0	102	0	38	0	0	8	116	0	180	104	47	53	80	162	0	0	0	151	117	105	76	162	130	0	0	47	0	0	139	228	85	53	0	86	182	0	255	0	0	18	16	3	0	12	63	76	51	65	53	40	0	25	54	51	1	0	112	255	156	9	20	98	136	95	57	66	72	72	20	151	33	75	93	217	39	0	31	37	30	59	
59	59	80	0	0	91	147	144	143	156	53	42	173	32	33	82	71	0	162	32	0	99	84	121	146	156	157	150	151	150	129	109	78	63	49	52	40	35	41	65	89	48	87	127	97	0	0	0	140	53	60	0	5	13	114	0	186	102	48	46	75	169	0	0	0	142	114	118	89	160	125	0	0	50	0	0	156	225	76	43	0	124	180	21	255	0	0	21	27	7	0	9	70	69	45	50	52	23	0	18	43	43	0	0	145	255	134	2	23	142	116	74	57	60	79	62	27	132	57	63	117	255	0	0	79	5	55	51	
0	0	0	0	86	133	64	11	12	31	0	0	228	0	29	85	197	25	135	0	0	223	135	108	111	99	83	54	40	32	32	50	69	73	62	34	43	62	65	70	61	38	81	127	107	0	0	0	163	67	33	0	0	0	120	0	181	101	49	49	79	164	0	0	0	124	112	122	92	159	108	0	0	50	0	0	162	222	61	15	0	159	155	23	255	0	0	43	35	14	0	0	54	55	32	49	43	10	0	5	34	25	0	0	175	255	133	28	52	157	94	66	60	71	75	64	29	106	71	80	171	240	0	0	50	5	125	52	
16	16	0	167	235	194	0	0	0	0	0	0	249	0	0	39	93	0	143	0	0	143	71	67	71	71	48	32	47	74	58	56	68	60	25	67	75	72	67	51	49	41	92	136	105	0	0	0	175	66	11	0	0	0	125	0	181	97	38	41	71	167	0	0	11	127	114	136	110	158	102	0	0	58	0	0	175	214	51	0	0	182	142	30	255	0	0	43	32	17	0	0	45	60	38	46	44	14	0	9	36	26	0	0	248	239	110	38	54	152	78	65	61	69	73	51	50	83	88	110	188	138	0	0	60	52	166	28	
0	0	0	111	171	170	0	0	53	0	0	0	255	0	0	38	138	0	150	0	0	255	124	66	66	62	44	33	53	65	41	62	84	73	52	65	65	50	54	70	82	43	97	130	109	0	0	0	191	107	35	0	37	11	114	0	175	94	50	42	86	178	0	0	43	170	143	176	132	162	93	0	3	50	0	0	187	203	49	0	0	179	131	35	240	0	0	41	26	0	0	1	56	59	41	70	62	22	0	11	61	26	0	0	255	211	68	39	71	157	72	69	74	77	69	50	51	68	87	126	194	44	0	11	129	79	119	0	
0	0	0	146	141	31	17	0	34	0	0	0	216	0	45	113	147	0	128	0	0	234	95	60	54	54	57	67	70	48	51	49	45	40	42	48	44	45	43	48	51	43	94	131	110	0	0	0	73	134	0	0	14	0	66	0	183	106	74	25	97	152	0	0	47	125	0	0	16	97	59	0	9	49	0	0	223	154	77	10	0	158	163	103	183	0	0	54	1	0	0	14	58	66	67	81	37	0	0	14	60	2	0	0	255	221	55	33	99	102	35	94	57	30	85	67	15	162	74	140	188	0	0	59	70	13	23	0	
0	0	0	144	161	74	70	0	29	16	1	0	211	0	21	60	164	0	116	13	0	235	99	60	55	55	57	61	59	49	55	58	58	58	59	62	57	52	52	60	56	48	94	127	106	0	0	0	102	137	0	0	38	18	76	0	151	96	80	36	87	148	0	0	55	97	144	121	49	79	41	0	39	22	0	0	203	156	72	0	0	246	150	129	139	0	0	40	0	0	0	13	54	67	60	76	37	0	0	11	71	30	0	0	255	199	47	38	98	101	58	87	63	52	85	66	34	121	60	155	198	0	0	73	103	26	27	17	
31	31	0	142	166	106	91	0	17	33	0	1	190	0	24	69	116	0	110	31	0	218	105	57	54	55	57	61	59	48	53	55	54	53	53	56	52	49	53	55	65	49	98	129	107	0	0	0	48	86	0	0	35	15	46	0	166	99	74	49	76	132	0	0	65	98	127	140	162	243	98	0	0	0	0	49	212	133	86	0	0	210	29	118	64	0	0	28	0	0	15	25	60	77	75	77	41	0	0	11	73	36	0	0	255	191	40	48	109	88	76	78	59	64	72	51	65	93	78	183	186	0	0	80	106	14	1	60	
23	23	0	132	152	81	96	0	0	34	10	0	152	10	13	51	0	0	111	45	0	184	113	58	53	55	57	61	59	48	53	55	54	50	57	59	58	57	53	59	62	41	81	123	99	0	0	0	38	70	0	0	0	0	40	0	222	89	33	55	80	121	0	0	72	101	144	95	79	160	0	0	40	28	6	83	195	150	132	0	0	210	101	225	103	0	4	23	0	0	24	23	61	74	68	63	29	0	0	0	52	0	0	0	255	163	17	52	111	65	83	49	47	70	68	46	106	77	119	214	92	0	17	61	87	12	16	110	
0	0	0	151	136	49	92	0	0	29	0	0	127	38	0	15	0	0	88	51	0	181	124	63	53	55	57	61	59	48	53	55	54	50	54	72	60	52	52	50	67	40	84	126	102	0	0	0	0	13	0	0	0	18	128	0	210	85	33	67	93	123	0	0	82	95	156	98	127	224	0	0	28	0	0	0	101	113	107	0	0	255	117	100	0	0	0	25	0	0	19	19	60	68	57	56	17	0	0	17	38	0	0	0	255	160	1	69	115	51	98	37	53	84	65	46	107	51	134	232	0	0	16	51	62	17	33	131	
0	0	0	162	123	9	103	0	0	25	1	0	111	48	0	3	134	24	47	82	0	191	122	64	53	55	55	54	48	35	42	45	47	45	52	71	60	62	51	52	70	35	73	82	19	0	0	0	0	24	53	46	129	188	182	0	154	122	65	70	106	128	0	0	92	98	125	62	111	222	0	0	0	0	11	140	224	162	89	0	0	63	0	0	0	0	13	36	3	0	12	22	61	72	61	59	8	0	0	45	44	0	0	51	255	139	4	73	125	45	114	33	57	108	53	53	101	57	145	240	0	0	0	37	56	37	54	147	
7	7	0	159	148	124	117	0	0	41	7	0	85	105	0	33	63	0	12	92	0	175	106	66	56	57	57	55	65	77	72	77	69	70	59	80	60	45	35	56	89	25	69	57	0	0	75	166	159	240	218	255	209	186	118	0	174	105	71	32	96	80	0	0	153	111	152	123	130	255	0	0	26	0	0	47	38	0	0	0	0	67	0	15	0	29	56	48	18	4	11	46	45	44	44	42	0	0	0	32	26	0	0	160	255	85	36	72	70	82	60	37	70	75	41	50	135	8	170	159	0	0	77	99	20	0	74	110	
0	0	0	155	124	125	89	0	0	46	12	0	68	131	0	32	36	0	49	131	0	203	127	62	54	55	54	61	58	58	50	53	57	48	48	65	54	39	45	52	74	0	39	101	125	185	236	172	164	255	86	0	0	0	30	0	104	68	65	39	91	82	0	0	143	115	0	0	64	245	0	0	16	39	31	34	7	0	0	42	0	24	0	0	0	21	42	23	0	0	3	48	43	48	63	51	7	0	0	25	19	0	0	216	254	63	57	75	76	93	60	52	76	79	42	59	124	32	186	108	0	0	52	53	0	9	99	124	
0	0	0	171	110	123	64	0	0	35	10	0	45	154	0	9	39	3	17	134	0	135	114	60	51	54	53	47	52	49	53	46	51	45	46	63	53	62	56	58	51	58	78	131	120	42	0	0	0	155	0	0	0	0	56	0	164	119	102	28	105	83	0	0	124	84	16	3	46	219	0	0	10	58	37	0	0	0	0	0	0	0	0	47	201	2	41	25	0	0	20	54	42	40	57	42	0	0	0	25	24	0	0	243	222	50	56	80	79	99	60	45	71	73	50	70	86	68	201	58	0	0	86	36	4	32	105	111	
0	0	0	169	92	132	55	0	0	16	19	0	20	195	0	15	87	31	0	206	0	121	119	61	44	45	45	41	53	68	57	62	56	60	52	53	56	60	60	52	49	54	96	157	84	0	0	0	0	226	0	0	0	76	128	67	168	101	100	24	112	99	0	0	127	78	125	71	71	223	0	0	23	21	0	0	0	0	0	17	46	120	150	138	255	0	20	30	0	3	37	57	37	40	61	36	0	0	0	44	22	0	0	255	195	45	66	90	79	99	52	38	76	70	48	68	54	103	213	17	0	40	119	39	11	57	104	90	
0	0	0	179	91	150	46	0	1	0	21	0	6	224	0	0	0	0	0	226	0	94	135	65	58	58	59	59	65	70	68	60	66	56	56	67	67	65	51	47	58	38	95	164	74	0	0	0	56	255	49	0	0	57	133	62	0	0	51	73	110	93	0	0	146	88	77	82	137	255	0	0	10	0	0	18	70	130	154	140	175	169	174	21	247	0	0	14	0	0	2	46	33	37	60	40	0	0	0	49	2	0	0	255	176	45	73	91	73	85	46	43	70	75	42	63	54	139	172	0	0	0	113	42	0	47	80	66	
0	0	0	192	103	170	39	0	3	0	38	4	0	205	0	0	0	0	0	253	0	74	153	73	59	63	63	65	68	61	60	61	54	46	42	78	64	46	35	49	64	78	79	138	70	0	0	0	40	255	0	0	0	0	84	74	0	0	105	117	66	56	0	0	130	86	53	84	140	239	0	0	30	0	0	207	199	126	134	24	101	72	119	0	238	0	0	23	6	0	0	47	40	43	61	42	0	0	5	56	3	0	0	255	163	52	77	91	69	71	48	39	66	61	38	63	62	164	154	0	0	33	137	40	0	52	84	104	
0	0	0	209	109	160	22	0	0	0	0	0	0	101	0	0	39	120	162	255	0	92	197	96	67	52	44	58	65	42	45	45	45	45	42	66	56	45	49	49	70	105	136	112	128	0	0	0	13	174	0	0	41	168	142	65	0	0	146	94	95	93	0	0	133	119	79	46	136	255	0	0	39	0	18	188	127	41	31	53	109	79	68	0	148	0	10	72	6	0	2	38	48	61	55	32	0	0	0	21	0	0	33	255	141	40	81	90	63	56	46	51	72	65	51	63	97	157	120	0	0	124	100	40	0	54	82	87	
0	0	0	196	68	56	0	0	0	0	42	55	9	184	109	153	249	199	220	255	0	89	145	38	16	34	61	77	62	39	44	54	51	48	55	60	60	56	56	52	63	188	116	0	0	0	0	0	126	255	255	92	32	8	0	0	2	0	170	251	156	36	0	0	163	57	55	113	189	179	0	0	63	0	41	177	128	89	32	4	0	20	72	133	152	0	15	50	0	0	16	47	67	77	61	32	0	0	0	1	0	0	118	234	120	42	89	86	52	46	53	61	67	67	61	77	145	150	79	0	0	124	70	7	0	57	59	74	
0	0	0	242	131	97	0	114	139	206	168	231	137	255	181	133	140	1	19	137	0	8	161	82	57	79	92	41	27	48	51	53	50	56	61	59	60	56	54	49	64	171	39	0	75	172	232	203	100	0	0	0	0	13	0	0	67	61	27	0	78	3	0	0	214	84	0	114	138	47	0	0	5	0	0	114	85	52	12	55	122	198	174	30	0	0	0	24	0	0	33	59	41	46	53	14	0	0	0	68	0	0	167	255	101	50	88	85	48	60	55	61	63	69	64	71	152	148	0	0	59	20	57	0	0	64	74	117	
0	0	0	241	114	69	0	130	143	180	144	55	55	183	0	0	11	0	60	216	0	72	202	72	31	48	69	48	38	62	60	58	57	54	59	57	60	58	56	58	74	191	78	0	20	0	0	0	0	0	43	92	68	0	0	2	151	49	0	164	50	0	11	0	101	254	0	0	128	172	0	0	19	0	102	197	172	146	102	125	36	0	0	0	0	0	35	46	11	3	17	45	0	19	53	7	0	0	0	62	0	0	173	246	79	57	92	73	45	62	55	58	70	63	64	88	138	180	0	0	21	15	50	24	0	63	106	135	
0	0	0	241	119	75	0	104	92	97	81	0	0	188	0	0	40	0	120	240	0	3	188	83	51	60	64	48	48	58	57	55	55	54	61	60	63	62	52	50	79	119	53	0	0	0	26	37	37	41	25	17	8	0	0	0	158	241	129	148	90	0	64	54	31	171	0	0	166	157	0	0	108	24	141	158	87	20	0	0	0	0	0	0	0	31	47	42	14	0	0	62	0	21	85	21	0	0	0	49	0	0	196	221	67	57	105	69	43	65	55	57	67	68	63	113	184	161	0	0	11	73	61	46	0	63	136	113	
0	0	0	252	129	154	37	169	134	83	16	0	0	255	0	0	217	52	205	255	0	108	227	103	106	86	49	23	48	62	57	56	57	56	55	55	59	56	47	49	83	154	93	0	15	2	76	73	78	93	58	20	21	1	80	174	119	45	0	0	89	90	215	105	26	22	16	0	68	0	0	51	102	0	0	0	0	0	0	16	0	0	24	60	95	31	38	21	5	0	0	61	0	22	102	31	0	0	0	40	0	0	255	211	64	69	107	52	25	66	52	64	62	63	73	147	255	0	0	0	101	68	68	25	11	57	113	96	
0	0	0	248	93	103	0	10	0	0	29	0	38	255	0	0	0	0	0	197	0	4	0	0	25	47	22	83	56	49	50	58	62	52	52	73	60	61	63	70	106	167	32	0	0	0	0	0	0	0	0	0	43	36	16	4	0	40	0	0	153	201	84	0	0	79	67	6	51	62	157	72	73	10	31	9	0	73	20	54	44	77	123	66	8	0	0	0	0	0	0	34	0	14	52	0	0	0	49	58	5	0	237	184	50	74	89	49	27	69	63	59	66	66	108	175	255	0	0	0	142	29	46	31	33	65	94	108	
0	0	0	255	122	117	104	0	105	14	207	0	44	253	0	0	0	3	98	255	0	28	36	0	154	121	27	110	0	51	70	69	43	37	29	61	33	24	43	22	24	68	0	0	25	94	114	83	58	68	60	51	46	50	57	28	58	21	0	2	0	0	0	0	0	108	100	85	64	20	0	0	14	0	23	7	0	58	0	49	49	12	42	0	0	0	0	0	25	21	10	79	0	25	0	0	21	0	103	113	8	0	14	137	65	72	68	51	55	78	91	59	85	46	148	224	99	0	0	57	50	39	0	39	0	63	57	107	
0	0	0	255	138	28	101	18	75	43	75	0	55	255	0	0	96	255	255	255	0	4	45	0	134	174	44	50	31	32	42	43	58	81	102	66	78	101	126	131	129	255	126	60	109	46	0	17	33	52	43	45	27	24	17	0	17	1	0	0	0	87	118	0	34	255	9	0	0	0	78	123	188	94	94	36	0	67	28	37	0	6	34	0	0	0	0	18	38	27	17	85	0	0	0	0	78	111	80	101	20	0	18	229	97	82	71	54	53	76	53	66	73	34	167	255	0	0	12	37	67	37	0	29	0	63	53	96	
0	0	0	255	233	58	98	49	85	255	58	18	0	134	73	62	138	128	0	0	0	0	0	0	38	168	73	0	104	84	61	46	47	44	49	114	130	145	156	122	115	0	0	0	30	71	95	61	46	42	36	22	4	15	14	3	0	12	15	6	5	19	111	152	36	0	0	0	0	0	21	7	0	0	0	16	33	4	0	12	0	16	65	0	39	20	59	80	33	0	0	71	0	0	0	10	85	134	102	0	0	0	0	226	94	69	72	51	56	69	62	50	83	98	203	179	0	0	44	30	0	0	0	87	19	106	69	102	
0	0	0	255	123	0	0	142	66	24	49	79	87	136	89	0	0	0	0	0	0	22	49	28	8	150	118	0	80	56	73	147	205	198	171	117	70	0	0	0	0	0	0	50	68	33	13	0	0	0	0	0	0	22	14	0	0	0	1	0	0	44	152	142	74	141	146	123	98	63	0	19	0	1	0	8	60	0	0	0	0	22	70	2	54	0	43	50	0	0	0	52	0	0	0	0	21	1	116	0	0	30	145	184	99	77	74	51	52	81	84	48	82	166	225	0	0	0	4	58	0	0	30	47	0	54	16	47	
0	0	0	255	15	0	129	255	136	61	0	0	0	0	0	0	0	2	93	108	142	179	102	52	0	71	156	68	177	255	181	119	72	0	0	0	0	0	8	34	45	29	56	63	27	0	8	41	52	20	2	12	43	26	0	0	0	43	93	51	60	2	25	56	40	133	21	0	0	0	0	91	120	160	14	17	38	0	0	42	94	17	50	0	0	0	32	44	0	0	28	46	0	58	80	90	141	37	82	0	0	121	255	174	80	74	66	50	63	79	80	58	84	173	208	0	0	17	0	44	0	0	56	67	19	83	32	69	
0	0	0	255	0	0	5	0	0	0	0	0	24	3	95	118	141	36	111	132	81	0	0	0	0	98	255	255	107	0	0	0	0	0	0	79	70	67	69	38	3	14	54	31	0	0	47	28	0	0	0	0	5	36	37	30	20	61	76	0	9	0	11	0	0	0	143	149	127	74	95	0	7	99	8	0	0	0	0	36	147	0	0	0	0	8	39	5	0	0	31	85	0	56	48	9	21	0	0	0	0	255	255	56	49	69	66	58	54	66	44	52	81	145	182	0	0	150	11	0	0	0	16	73	26	79	15	67	
0	0	0	255	81	0	0	0	0	105	110	129	68	69	117	103	78	75	22	0	0	0	50	126	230	184	0	0	0	0	102	104	11	0	32	47	34	0	0	4	0	0	0	0	22	29	0	0	0	0	36	70	85	64	26	41	63	23	18	98	0	0	96	51	0	0	0	0	0	22	10	0	8	162	0	0	0	0	255	255	255	84	0	15	172	81	71	211	35	122	62	31	65	153	134	0	0	48	0	0	51	233	197	56	93	107	83	51	68	101	84	116	149	218	128	0	0	0	42	87	0	0	42	53	84	24	30	77	
0	0	0	255	40	0	28	105	83	93	77	97	76	88	68	0	0	0	0	0	57	121	143	87	0	0	25	78	93	127	66	0	0	13	56	0	8	27	16	28	0	0	0	0	10	33	0	7	52	72	77	64	40	44	41	31	23	0	0	0	80	4	125	51	0	132	87	255	37	27	144	0	0	153	155	255	172	143	255	0	0	0	53	89	114	0	0	154	28	71	131	89	58	55	26	0	3	55	36	38	50	90	88	80	170	127	112	110	85	51	66	66	147	232	0	0	29	23	72	80	0	0	24	71	94	48	25	29	
0	0	0	255	113	0	36	85	26	0	5	0	0	0	0	0	82	20	0	0	55	77	69	0	0	33	126	93	15	0	0	0	0	7	0	0	59	8	0	0	0	0	0	43	76	53	0	22	47	25	7	0	0	7	0	0	6	7	0	0	0	82	173	31	0	119	45	148	0	0	0	32	80	70	77	99	0	0	49	61	75	125	0	32	131	69	0	143	36	0	55	42	0	29	65	21	26	25	31	46	0	0	0	9	4	0	0	69	124	140	129	104	177	192	0	0	64	6	51	24	0	0	0	71	77	35	5	0	
0	0	0	238	0	0	0	0	0	0	0	47	121	139	58	0	8	31	84	159	127	29	20	0	11	100	12	0	4	0	50	44	1	0	0	41	47	0	0	3	56	114	43	0	0	15	78	53	17	0	0	0	0	13	26	31	99	109	76	56	126	28	0	73	139	51	36	68	16	70	0	200	255	211	104	255	221	236	218	236	255	255	133	115	96	65	0	149	115	0	100	62	27	44	73	38	0	32	65	103	110	90	91	62	0	0	0	0	4	33	81	123	239	149	0	0	60	0	11	0	0	0	29	28	23	6	3	48	
0	0	0	137	0	6	151	217	229	222	162	54	0	0	0	83	102	102	93	76	32	12	0	0	23	35	0	0	10	28	4	0	0	0	0	0	47	52	58	89	67	0	12	40	64	40	0	0	0	0	0	75	207	202	39	57	68	17	0	0	0	37	12	158	255	49	32	81	6	0	12	0	0	42	164	98	0	35	184	75	12	0	0	32	0	31	0	87	81	0	70	110	61	25	0	0	11	44	26	26	61	37	0	0	10	56	64	16	4	0	0	14	171	0	0	0	27	46	0	47	0	55	147	0	0	36	35	67	
44	44	19	255	170	142	78	15	0	0	0	36	102	29	0	22	36	18	3	0	0	8	18	66	0	0	105	104	0	0	0	0	40	69	63	69	65	16	9	8	0	0	6	21	4	18	56	20	8	82	137	156	134	51	0	0	13	0	0	42	36	0	51	119	25	97	102	77	110	0	159	127	0	8	0	27	0	0	149	210	98	0	69	134	25	46	24	34	67	0	139	56	55	65	47	33	40	44	0	11	66	46	19	32	0	0	0	20	40	29	16	0	79	0	0	39	8	104	0	74	0	115	255	0	0	75	54	29	
47	47	74	0	0	0	0	10	70	117	47	18	0	18	68	140	0	9	26	25	22	0	0	0	0	0	0	0	0	28	91	78	38	33	58	28	30	20	24	31	0	5	86	41	67	88	77	44	45	78	179	192	8	0	0	0	0	60	77	123	0	0	18	209	105	0	38	106	0	55	217	0	0	72	54	146	0	0	52	255	247	0	12	74	45	72	0	88	43	27	125	25	25	0	0	24	36	60	78	49	33	0	7	50	9	0	22	45	78	15	45	67	27	0	32	52	27	55	33	0	0	159	172	0	13	32	63	1	
90	90	130	3	7	110	149	87	36	0	26	2	0	0	0	0	0	0	0	0	0	0	0	0	0	60	100	123	94	38	66	55	29	8	9	0	0	0	0	0	16	81	119	3	17	36	0	57	39	0	18	95	0	0	136	206	184	255	97	0	0	18	118	161	99	143	112	255	69	16	40	0	0	164	110	113	0	43	255	143	92	115	104	109	97	51	58	62	40	70	93	22	26	0	0	34	48	57	54	0	0	17	98	134	0	0	44	123	141	0	32	70	16	0	24	25	39	49	63	0	0	94	117	0	53	43	75	28	
83	83	123	0	0	21	7	0	0	2	0	13	25	9	3	0	154	49	0	0	0	0	60	110	133	128	93	54	33	0	0	0	0	0	9	94	22	61	92	68	115	124	121	0	0	23	0	0	0	0	0	142	140	169	131	180	35	111	0	0	205	255	236	0	0	5	0	118	0	0	0	0	24	148	128	104	0	0	255	218	96	154	51	0	11	11	52	0	4	18	26	35	62	43	24	43	63	32	13	4	23	59	77	46	0	54	138	81	67	0	44	60	17	2	26	42	61	65	46	0	0	51	92	0	41	27	61	6	
113	113	179	29	201	45	0	0	3	3	50	39	0	0	0	0	1	7	51	104	127	93	65	36	0	0	0	3	2	0	0	5	40	57	70	30	0	51	74	0	0	89	116	0	0	0	0	0	77	222	226	189	103	53	36	1	0	0	0	0	252	255	31	0	0	172	7	128	0	0	0	0	138	198	31	0	98	0	104	48	0	0	40	19	98	0	0	0	113	50	143	89	78	62	34	17	46	30	25	62	67	47	2	0	0	127	117	0	0	6	47	23	1	0	13	28	66	45	0	0	0	96	104	0	40	8	46	5	
130	130	210	0	0	0	0	19	33	0	0	0	0	0	0	44	203	112	10	0	0	9	21	35	41	30	4	0	0	0	23	102	100	87	56	48	188	225	32	0	0	7	55	0	0	54	138	255	255	2	0	31	132	69	71	59	171	1	30	4	77	14	0	0	0	98	0	5	0	0	9	0	0	0	0	0	47	0	121	8	0	255	220	148	91	72	10	90	125	0	74	58	21	29	0	0	9	46	38	23	5	0	28	55	7	20	36	0	45	0	77	5	0	17	17	35	72	26	0	0	45	148	110	0	51	12	58	34	
133	133	223	0	0	161	165	25	0	0	0	0	62	153	167	153	0	0	0	33	67	48	3	0	0	0	0	0	62	239	210	207	179	129	76	14	147	13	0	0	2	0	43	22	131	192	111	0	0	0	58	216	175	4	20	0	46	0	0	0	0	0	0	61	44	117	39	102	0	0	0	0	12	0	146	255	139	0	171	9	0	208	45	15	0	50	31	67	10	27	28	94	45	20	0	0	69	89	45	38	35	56	85	86	0	0	24	28	62	0	25	0	0	13	3	29	63	45	0	0	77	83	50	0	37	5	55	41	
118	118	203	0	0	12	0	0	0	85	146	72	46	26	0	0	47	69	43	6	0	0	0	0	33	120	237	255	255	169	3	3	0	0	6	60	0	0	0	39	56	98	67	0	125	133	0	0	69	68	0	4	124	81	0	0	19	68	175	23	0	65	195	47	0	35	6	44	0	0	0	179	255	255	255	222	62	132	106	165	248	216	118	82	98	0	0	40	66	87	122	169	0	20	14	50	91	106	57	54	47	48	38	0	9	43	70	28	54	80	5	0	0	36	29	46	65	35	0	0	57	46	37	0	0	36	49	50	
37	37	83	0	0	34	98	83	64	53	13	0	23	55	41	73	0	0	0	0	17	73	165	255	255	223	157	31	0	0	0	25	27	0	141	70	0	0	21	37	75	139	8	0	135	170	0	0	79	90	1	10	113	17	0	0	221	255	255	199	0	120	255	156	137	70	200	182	52	193	166	255	159	193	0	0	94	181	0	0	255	210	59	10	92	0	28	84	208	0	66	43	6	95	18	99	118	0	0	30	0	0	111	81	1	52	61	49	64	95	0	0	3	76	43	40	73	21	0	0	61	66	62	72	0	90	58	60	
37	37	37	82	115	98	7	0	0	30	60	73	94	53	0	0	0	0	25	95	232	255	132	58	3	0	0	0	0	11	60	69	55	0	126	0	0	0	76	79	111	81	0	0	164	178	0	0	59	49	32	93	145	0	0	101	166	174	255	0	0	0	9	74	77	161	0	0	0	91	0	0	0	89	152	81	255	0	68	0	117	0	0	27	89	0	73	255	93	0	25	167	134	55	0	0	164	57	31	28	0	47	135	24	0	45	70	50	33	30	0	0	45	65	20	15	118	19	0	8	86	57	47	63	0	67	33	37	
0	0	0	0	0	0	47	108	129	116	18	0	0	0	0	33	116	209	234	210	115	0	0	0	0	0	0	15	14	53	109	1	39	0	0	0	0	0	74	124	165	0	0	0	173	198	0	10	61	27	20	87	121	0	0	56	168	91	210	0	0	0	11	0	0	81	15	255	131	1	169	0	173	255	171	125	146	0	32	0	69	96	153	96	72	24	97	177	77	0	0	112	0	0	67	83	71	29	0	0	28	105	164	31	0	64	88	41	8	0	0	0	9	0	0	27	129	0	0	27	89	36	39	70	0	50	0	28	
0	0	0	131	177	151	101	34	0	0	0	3	72	162	208	193	145	116	17	0	0	0	0	16	31	56	53	34	0	0	69	0	60	0	0	0	30	84	165	151	86	0	0	0	199	191	0	0	40	3	0	21	38	0	0	60	229	160	168	32	0	0	38	52	0	249	166	0	0	36	187	37	191	42	0	0	0	58	0	0	6	77	67	7	63	121	103	0	192	0	0	96	174	102	10	0	0	31	51	93	24	16	80	18	7	71	86	31	0	0	9	34	2	0	38	89	92	0	0	52	72	16	35	67	0	31	0	35	
29	29	11	100	0	0	0	0	10	61	162	216	188	112	37	0	0	0	4	13	44	40	27	3	1	20	0	0	0	0	148	0	96	53	2	83	134	138	156	92	0	0	0	0	185	154	0	0	28	37	0	0	0	0	95	231	135	66	20	35	112	25	0	0	0	170	137	23	83	18	0	0	35	63	0	23	9	0	106	225	0	0	76	54	48	41	0	0	0	0	0	167	219	42	0	38	254	255	19	0	44	185	238	67	31	71	48	3	0	30	63	51	0	18	97	89	37	0	0	93	59	16	43	71	0	24	0	56	
0	0	0	0	0	11	121	193	196	149	115	64	0	0	0	26	27	80	62	34	42	36	43	0	0	0	0	0	13	162	255	0	90	51	0	85	71	8	0	1	0	25	12	0	176	158	0	0	27	37	0	0	0	64	255	255	30	0	0	51	91	237	175	0	104	0	0	0	0	0	255	9	48	255	0	0	0	0	255	255	255	255	195	0	0	0	31	0	0	0	13	255	99	0	207	0	14	92	0	0	0	0	79	14	0	29	0	0	7	47	41	28	0	40	86	29	0	0	31	102	56	37	73	68	0	20	0	63	
0	0	0	143	227	183	77	68	42	0	0	0	0	58	4	19	24	77	43	32	0	0	0	0	0	44	198	255	0	47	255	0	62	67	0	0	0	0	0	0	0	0	0	0	219	158	0	0	0	0	0	91	190	96	255	255	0	0	179	253	83	110	67	213	183	129	89	20	29	175	255	3	90	255	0	0	0	25	255	255	0	0	0	0	0	0	64	16	0	98	0	11	0	0	0	255	0	138	31	12	104	100	11	34	0	0	0	29	50	55	34	19	30	63	53	18	0	0	99	32	64	33	86	0	0	0	10	71	
22	22	0	150	91	20	0	0	0	0	17	10	0	51	9	58	28	63	0	0	0	0	92	176	187	167	220	206	0	29	255	0	70	92	40	0	0	1	0	0	82	13	36	0	162	98	0	0	17	0	0	0	147	144	221	188	63	0	0	71	0	183	252	192	147	0	0	38	0	0	0	0	0	85	0	0	0	255	178	240	0	255	0	0	0	19	194	152	0	83	19	148	0	73	121	211	0	0	7	0	150	173	0	70	90	44	23	59	73	66	0	3	27	60	46	18	0	0	109	43	65	7	35	0	0	32	51	76	
50	50	44	25	10	0	0	19	41	38	59	28	5	44	0	0	0	0	0	230	255	255	194	86	42	0	69	165	0	113	255	0	24	61	37	6	0	24	38	0	18	59	0	0	179	107	0	17	21	0	104	255	255	255	255	255	0	78	0	0	255	255	0	78	0	0	163	100	255	188	255	255	255	0	0	0	255	255	255	0	0	41	0	0	0	142	104	65	33	132	215	175	68	255	255	14	32	169	88	255	255	236	255	48	50	0	3	53	67	16	0	9	62	73	34	5	0	0	104	32	51	2	42	0	0	51	50	59	
0	0	0	16	7	35	73	57	36	31	24	0	0	0	0	0	255	255	112	255	0	0	0	0	45	59	116	162	0	160	255	0	3	69	70	75	0	0	25	0	4	0	0	19	255	70	0	0	119	239	98	0	0	0	0	0	0	0	76	4	124	0	207	23	0	78	168	119	255	0	255	0	0	105	0	184	255	255	100	255	183	32	0	0	105	153	0	44	255	74	0	21	176	0	195	0	169	23	38	249	165	45	181	0	0	0	27	63	35	0	1	46	74	55	6	0	0	0	85	11	50	58	87	7	18	38	11	43	
38	38	34	58	39	52	57	0	0	0	0	0	0	71	29	195	252	93	0	234	24	8	0	0	58	121	93	153	0	115	255	0	0	90	80	102	47	0	0	51	67	0	0	0	10	70	58	206	167	37	0	12	0	3	80	37	0	109	255	142	204	96	1	0	202	255	255	151	149	0	145	255	0	71	0	144	255	0	0	21	89	0	0	86	157	158	0	46	133	0	0	0	197	0	134	0	106	0	194	142	54	2	95	10	0	23	84	68	37	11	30	59	77	25	0	0	0	0	83	17	78	79	58	0	32	36	0	34	
38	38	46	78	46	0	0	0	0	0	134	205	255	202	0	79	161	126	0	255	0	0	0	0	53	173	67	84	0	94	255	0	0	82	64	79	105	0	0	0	0	0	0	0	0	255	135	0	6	0	0	0	51	133	58	11	0	0	14	10	0	168	0	28	199	70	255	19	0	207	255	0	0	0	115	255	255	34	86	0	104	209	110	28	0	0	5	255	40	110	0	137	255	255	0	9	102	55	255	66	60	0	255	203	0	36	58	9	0	20	0	32	48	5	0	13	0	0	85	35	79	57	0	0	48	43	0	17	
10	10	13	0	0	0	0	76	255	255	230	0	33	136	0	148	115	97	0	255	0	0	0	0	74	21	20	11	0	0	0	0	0	12	0	0	0	107	0	0	0	21	255	0	255	255	135	0	0	48	0	56	94	0	0	0	0	0	0	246	255	34	229	196	2	0	0	255	55	26	0	0	0	0	107	222	0	0	0	0	0	255	71	0	0	153	151	0	0	0	0	255	255	255	84	193	0	58	60	244	148	216	119	0	0	0	46	29	38	35	55	84	20	68	0	12	24	0	105	131	131	51	0	0	43	50	33	1	
24	24	0	0	53	252	255	242	126	0	0	0	0	240	0	20	158	136	0	255	0	0	0	0	117	81	80	24	0	55	67	255	255	0	81	0	10	99	0	68	0	109	198	119	247	71	110	9	39	129	191	59	0	0	0	0	157	255	255	255	255	91	0	75	0	255	179	34	0	0	58	255	201	255	255	141	0	0	255	253	255	224	21	0	0	86	211	0	255	227	154	255	230	0	75	247	0	136	170	214	10	184	124	0	0	39	56	55	58	53	44	11	27	0	12	31	51	10	97	78	37	0	0	24	17	9	0	0	
6	6	0	11	255	222	0	0	0	0	0	7	0	255	0	57	170	127	0	173	0	0	34	32	99	95	148	46	0	255	255	75	171	116	247	0	255	255	19	93	73	0	255	255	59	0	255	88	5	0	42	0	0	0	223	255	255	216	136	233	231	0	0	5	17	22	0	0	49	78	8	0	0	0	255	0	0	255	0	0	0	110	0	29	40	54	24	0	0	0	0	0	14	0	0	216	185	217	235	57	0	218	146	0	0	39	50	43	43	39	34	0	159	36	92	40	35	3	82	68	16	0	0	26	12	3	10	14	
0	0	0	0	194	84	0	14	0	0	88	115	0	255	0	65	176	147	0	152	9	0	0	0	19	0	21	26	0	255	229	220	76	68	69	64	255	255	0	0	0	0	255	30	59	255	255	152	0	0	0	0	0	172	229	255	93	102	186	0	202	255	147	255	125	0	0	0	255	13	75	0	0	0	255	0	0	6	0	220	255	234	16	94	0	26	8	163	0	240	255	110	255	237	185	255	143	255	0	0	213	6	0	0	0	37	24	22	14	28	15	0	180	46	60	0	0	0	85	69	2	13	8	22	27	36	31	10	
0	0	0	0	219	92	0	54	83	40	95	138	0	255	0	9	151	120	0	81	58	0	0	0	97	0	0	140	248	255	0	169	83	89	81	42	5	255	245	0	152	183	149	0	0	177	74	209	65	255	255	255	244	163	47	246	237	0	0	169	0	18	210	0	18	0	0	39	248	206	3	87	0	255	181	0	0	17	175	138	0	233	0	167	255	151	101	217	199	127	36	0	97	255	173	0	0	203	0	94	255	0	21	0	45	53	51	32	23	22	3	0	0	59	0	0	7	0	101	66	0	0	0	18	51	56	38	3	
0	0	0	48	139	204	0	0	26	66	1	57	0	253	0	30	171	142	0	38	57	0	0	0	0	0	19	127	30	186	131	7	10	0	0	23	127	255	0	0	0	0	0	0	0	146	165	212	0	111	255	255	0	0	159	205	138	72	0	0	178	0	0	120	86	0	0	174	182	73	0	0	255	46	0	0	0	116	157	229	0	16	0	0	0	120	255	0	179	255	0	91	0	0	68	0	0	144	0	0	255	43	0	43	26	54	28	25	17	0	23	0	4	255	0	37	62	29	173	118	0	13	32	22	30	19	21	0	
0	0	0	153	97	154	0	0	0	54	23	20	0	238	0	5	168	96	0	0	103	0	0	0	0	0	131	83	3	130	128	0	0	0	209	170	125	255	0	0	0	0	0	195	255	162	17	21	0	55	229	101	0	0	198	255	122	156	0	145	0	0	18	160	255	170	255	0	0	124	0	0	255	255	179	0	132	0	229	0	0	170	0	255	255	255	255	28	65	165	19	0	255	108	0	97	161	255	142	255	231	0	56	80	42	1	54	11	36	0	27	99	0	255	6	0	60	14	128	82	0	0	0	32	53	37	0	0	
0	0	0	151	1	113	0	69	81	49	104	19	0	229	0	0	146	135	0	24	143	65	5	0	0	66	255	244	255	255	82	0	0	76	255	69	254	255	0	0	0	0	255	255	102	0	68	179	155	0	161	255	0	207	125	239	255	247	255	231	255	255	255	255	255	0	255	255	255	255	1	36	214	0	38	0	207	124	3	201	0	246	112	11	255	0	70	166	0	0	0	0	255	255	0	36	73	255	0	176	196	0	91	15	5	36	40	0	1	90	0	0	23	189	104	15	93	0	54	32	0	0	0	80	40	17	0	14	
18	18	5	163	0	109	0	176	182	105	8	0	0	213	0	0	101	174	25	0	79	30	41	0	0	178	255	37	161	163	35	0	0	0	117	27	16	0	255	224	255	255	255	255	247	0	0	82	255	0	91	239	0	0	0	153	255	0	0	255	0	154	255	0	0	0	0	255	93	142	255	255	247	255	255	0	0	58	255	255	21	167	255	0	0	0	0	0	192	0	0	255	255	185	255	0	0	234	255	252	0	0	2	38	23	0	14	64	0	0	165	79	0	104	9	0	42	0	0	1	0	0	0	21	36	150	81	0	
24	24	4	150	0	104	0	102	142	68	0	0	0	235	10	0	137	191	16	0	88	4	95	0	0	238	252	255	240	0	0	0	0	0	128	125	74	255	183	255	0	0	0	167	255	111	0	0	57	0	0	0	0	127	139	0	0	130	0	70	0	153	200	0	0	255	0	52	68	119	0	0	156	38	0	0	229	214	205	255	120	0	255	255	0	255	141	0	0	5	182	255	255	111	224	191	0	255	255	154	0	0	158	0	56	34	0	62	0	103	71	212	250	0	132	22	21	65	0	11	0	0	88	105	0	39	17	0	
0	0	0	148	0	143	0	82	93	33	0	117	10	239	19	0	135	170	3	0	192	25	0	0	0	199	216	158	11	0	0	83	65	220	187	255	32	76	99	0	1	169	31	255	171	0	0	165	255	255	225	220	160	52	255	169	35	255	0	0	255	0	0	0	0	255	185	163	255	102	0	0	255	160	72	99	209	255	255	255	41	0	255	255	0	0	61	48	0	101	0	212	107	54	0	203	0	103	255	0	0	0	13	0	35	79	47	38	0	70	255	0	139	118	0	75	20	141	7	0	0	0	255	174	0	51	114	0	
0	0	0	174	0	180	1	119	115	46	36	130	0	201	5	0	112	190	20	0	97	0	0	0	7	236	255	170	0	0	153	187	0	136	164	39	1	0	0	0	0	0	174	140	0	255	141	0	0	0	0	84	0	2	75	169	83	96	112	0	104	47	54	185	0	215	0	0	0	0	0	0	90	195	178	89	171	253	44	0	0	0	38	100	0	255	255	118	0	0	255	255	117	36	89	196	255	0	153	0	0	48	23	147	58	48	88	2	0	0	255	0	0	0	73	0	0	255	51	0	0	0	247	24	215	255	233	71	
67	67	105	188	0	205	0	84	100	63	9	63	0	153	63	0	163	189	50	0	110	0	20	177	120	78	23	117	0	0	135	0	0	53	255	31	0	0	7	0	229	98	12	0	20	195	115	0	255	0	0	29	0	186	129	0	23	0	255	227	0	0	0	0	0	0	149	137	0	0	0	54	0	0	240	0	0	195	0	0	0	0	0	255	255	0	0	0	215	0	255	221	142	75	113	130	208	255	0	0	52	58	146	30	66	21	47	0	0	255	0	0	0	241	0	51	176	175	29	0	0	0	229	0	144	241	0	0	
89	89	165	144	0	165	0	0	21	29	9	39	0	164	121	0	102	66	49	0	235	106	62	112	141	49	2	165	0	0	80	0	0	219	255	255	0	23	0	46	172	55	0	255	255	139	236	120	255	0	0	29	171	0	6	0	0	147	0	171	0	94	46	0	255	65	255	255	0	0	0	87	176	3	0	0	130	255	0	255	0	0	0	227	0	0	72	249	255	0	255	226	150	78	124	49	176	255	0	0	95	136	52	131	69	6	0	0	202	255	0	3	52	46	68	0	183	0	21	0	0	0	143	248	137	246	0	0	
232	232	255	95	0	176	36	154	137	63	9	0	0	89	107	0	94	160	98	0	179	0	0	146	62	22	104	175	0	0	255	33	0	255	255	255	0	0	0	0	0	48	60	218	0	0	0	60	20	0	21	0	0	43	170	0	0	0	0	29	0	167	135	161	0	132	206	223	247	188	101	255	255	255	16	73	255	255	0	255	255	73	255	255	255	0	140	246	255	0	0	0	191	135	125	97	170	255	0	0	105	133	65	60	15	35	0	29	255	255	0	0	23	62	255	48	0	235	255	46	0	0	177	255	63	235	10	0	
222	222	255	0	0	134	41	0	0	0	0	0	15	72	138	0	147	210	27	0	155	9	71	119	6	19	0	163	227	22	74	0	19	135	26	188	0	0	124	30	37	131	255	0	0	45	255	255	120	218	0	58	194	255	242	255	78	0	255	170	71	255	42	120	6	255	255	110	0	20	154	255	255	255	255	133	26	18	0	145	0	50	240	26	0	83	126	239	255	0	0	0	255	190	106	57	242	255	5	0	57	54	3	0	0	0	104	0	0	246	0	0	6	61	0	0	0	113	97	49	0	0	255	255	0	42	0	0	
70	70	229	0	0	139	4	0	0	10	29	85	241	159	155	0	136	174	0	0	136	25	87	126	29	74	96	255	156	0	0	0	4	79	0	0	91	155	37	163	255	99	0	0	7	0	42	0	0	0	0	13	207	46	14	27	0	0	0	114	117	84	43	74	0	255	255	130	0	12	0	228	23	0	43	0	0	255	22	79	94	255	85	0	0	0	174	255	94	0	0	207	255	218	144	108	255	237	0	0	1	18	21	36	58	22	21	73	0	0	0	213	169	0	0	102	48	30	73	87	0	0	255	255	0	0	0	199	
255	255	255	0	0	0	0	0	3	133	213	155	77	41	167	0	24	20	0	0	129	0	30	150	0	0	73	21	0	165	216	92	40	255	102	24	255	250	255	179	82	255	0	76	255	89	0	223	255	95	47	0	255	185	255	51	91	60	46	37	255	0	179	255	0	255	255	179	0	63	36	236	53	0	205	0	0	255	37	0	19	255	159	60	0	11	201	0	53	0	126	210	154	133	132	255	255	0	0	0	35	22	52	49	41	0	31	67	0	0	0	255	255	255	255	106	0	0	198	0	0	0	255	11	41	255	59	116	
43	43	107	0	0	0	167	165	198	117	92	45	0	62	217	0	0	0	0	0	167	0	255	255	30	50	0	0	66	83	91	0	0	255	82	255	0	132	0	196	0	0	38	35	39	0	45	255	0	248	69	9	28	22	55	0	0	244	207	0	21	0	0	0	62	255	255	255	0	0	65	6	121	0	4	134	0	133	225	0	70	124	219	82	0	0	126	0	82	66	0	246	195	212	185	255	255	0	0	24	56	5	60	59	101	49	9	159	52	75	155	0	255	0	0	0	0	0	255	0	0	0	255	81	233	255	255	255	
0	0	0	54	0	0	175	0	0	5	52	42	75	0	238	0	0	58	0	255	255	161	114	251	49	0	40	0	2	193	199	0	0	66	133	162	114	0	65	49	0	0	0	94	33	160	0	24	0	32	34	0	0	62	64	0	0	203	59	69	0	255	148	0	232	64	255	255	5	90	197	13	70	102	110	0	0	255	246	50	91	114	182	135	58	204	204	0	0	0	0	0	234	0	83	255	0	0	23	0	145	26	99	31	38	0	97	44	0	25	226	0	214	0	0	0	0	255	255	9	0	0	255	255	27	255	206	0	
0	0	0	195	0	0	107	0	53	141	41	120	14	0	236	0	0	143	28	172	255	255	84	123	40	0	0	114	109	88	223	0	0	170	102	0	31	0	20	0	0	255	0	0	82	255	14	0	0	248	200	0	0	0	210	247	94	135	178	34	0	67	120	0	0	110	255	0	0	0	185	107	185	195	255	220	0	57	176	250	0	152	155	155	148	0	0	0	0	0	0	0	128	0	0	255	0	0	0	11	251	46	0	129	27	51	41	41	35	36	126	0	0	255	25	136	255	247	145	0	0	50	255	248	255	224	191	0	
52	52	71	159	0	0	165	22	44	86	18	31	0	81	172	0	0	163	78	0	0	0	0	0	125	115	136	255	83	219	193	137	0	198	0	1	255	157	0	0	89	31	182	0	0	21	255	0	255	24	169	0	105	255	255	255	31	255	0	63	16	105	49	0	0	149	100	0	246	49	255	255	175	83	245	255	0	0	76	255	255	120	0	0	28	150	0	0	0	0	0	0	0	36	105	239	0	0	0	255	61	12	0	38	0	6	27	36	10	0	0	5	0	127	0	84	36	0	0	0	0	232	255	255	183	139	241	134	
49	49	60	158	0	0	225	17	4	53	43	0	49	227	0	0	28	165	179	78	0	0	0	0	0	51	57	45	15	88	44	92	0	202	117	0	255	39	0	0	160	255	0	0	154	177	0	0	154	0	0	92	0	115	211	0	0	67	0	0	3	187	0	255	172	0	198	255	40	255	143	213	99	104	255	255	26	0	6	101	0	120	0	0	99	225	0	0	0	0	0	0	60	164	255	0	10	22	49	255	0	0	134	0	0	0	166	92	0	40	42	79	145	0	59	143	0	104	255	162	0	255	255	255	255	255	0	255	
0	0	0	0	0	0	194	0	2	87	0	0	160	73	0	0	169	79	0	8	93	42	143	0	0	126	142	154	76	27	238	83	0	0	89	0	203	255	38	190	253	251	0	255	146	251	255	70	0	155	134	255	199	0	121	255	0	80	0	255	138	221	174	2	0	0	65	0	249	51	0	0	0	212	255	255	0	0	0	255	34	0	0	113	200	255	0	99	0	120	141	45	0	227	184	47	130	104	97	150	49	15	112	75	58	65	209	121	0	68	0	0	65	0	12	27	0	0	255	159	0	255	252	182	233	0	0	217	
0	0	0	2	0	0	205	0	0	40	0	70	173	0	0	163	128	252	43	164	216	0	79	0	86	28	117	194	0	121	10	0	0	0	90	134	0	0	198	0	0	143	103	75	183	0	94	0	0	0	0	208	255	0	0	30	0	0	0	90	0	0	255	43	0	255	255	234	230	0	0	117	0	255	255	255	0	0	0	0	11	58	235	255	255	255	111	24	0	105	130	106	224	255	54	62	35	27	0	0	70	39	143	30	19	16	14	0	0	0	170	0	90	29	111	138	255	113	224	0	0	229	183	53	0	210	187	0	
