0	0	0	0	0	0	0	0	0	0	0	0	0	0	0	0	0	0	0	0	0	0	0	0	0	0	0	0	0	0	0	0	0	0	0	0	0	0	0	0	0	0	0	0	0	0	0	0	0	0	0	0	0	0	0	0	0	0	0	0	0	0	0	0	0	0	0	0	0	0	0	0	0	0	0	0	0	0	0	0	0	0	0	0	0	0	0	0	0	0	0	0	0	0	0	0	0	0	0	0	0	0	0	0	0	0	0	0	0	0	0	0	0	0	0	0	0	0	0	0	0	0	0	0	0	0	0	0	
0	0	0	255	255	255	255	255	255	255	255	255	255	255	255	255	255	255	255	255	255	255	255	255	255	255	255	255	255	255	255	255	255	255	255	255	255	255	255	255	255	255	255	255	255	255	255	255	255	255	255	255	255	255	255	255	255	255	255	255	255	255	255	255	255	255	255	255	255	255	255	255	255	255	255	255	255	255	255	255	255	255	255	255	255	255	255	255	255	255	255	255	255	255	255	255	255	255	255	255	255	255	255	255	255	255	255	255	255	255	255	255	255	255	255	255	255	255	255	255	255	255	255	255	255	255	255	255	
255	255	255	255	157	56	56	40	60	51	59	60	69	61	61	69	58	76	68	77	68	85	77	88	84	82	82	82	82	82	82	82	82	82	82	82	82	82	82	82	82	82	82	82	82	82	82	82	82	82	82	82	82	82	82	82	82	82	82	82	82	82	82	82	82	82	84	89	80	81	73	80	69	76	75	65	65	66	71	58	52	51	57	46	56	39	48	37	40	42	42	42	42	42	42	42	42	42	42	42	42	42	42	42	42	42	42	42	42	42	42	42	42	42	42	42	42	42	42	42	42	42	42	42	42	42	42	42	
42	42	39	45	56	66	64	56	66	57	63	62	70	61	61	69	58	74	64	71	61	76	66	76	72	70	70	70	70	70	70	70	70	70	70	70	70	70	70	70	70	70	70	70	70	70	70	70	70	70	70	70	70	70	70	70	70	70	70	70	70	70	70	70	70	70	72	77	68	70	63	72	62	70	70	62	64	66	71	58	52	62	70	62	63	57	67	47	60	61	61	61	61	61	61	61	61	61	61	61	61	61	61	61	61	61	61	61	61	61	61	61	61	61	61	61	61	61	61	61	61	61	61	61	61	61	61	61	
61	61	59	52	59	65	63	55	65	56	63	62	70	61	61	69	58	74	64	71	61	76	66	76	72	70	70	70	70	70	70	70	70	70	70	70	70	70	70	70	70	70	70	70	70	70	70	70	70	70	70	70	70	70	70	70	70	70	70	70	70	70	70	70	70	70	72	77	68	70	63	72	62	70	70	62	64	66	71	58	52	61	68	59	61	55	65	45	58	59	58	58	58	58	58	58	58	58	58	58	58	58	58	58	58	58	58	58	58	58	58	58	58	58	58	58	58	58	58	58	58	58	58	58	58	58	58	58	
65	65	66	59	67	73	69	59	68	60	66	64	70	60	59	66	55	70	58	63	53	67	56	64	60	58	58	58	58	58	58	58	58	58	58	58	58	58	58	58	58	58	58	58	58	58	58	58	58	58	58	58	58	58	58	58	58	58	58	58	58	58	58	58	58	58	62	68	60	62	57	68	59	67	67	60	63	67	73	62	57	68	76	68	70	64	75	56	70	71	70	70	70	70	70	70	70	70	70	70	70	70	70	70	70	70	70	70	70	70	70	70	70	70	70	70	70	70	70	70	70	70	70	70	70	70	70	70	
70	70	70	37	47	54	50	47	63	53	60	47	72	60	58	74	62	75	62	75	72	87	64	90	83	81	81	81	81	81	81	81	81	81	81	81	81	81	81	81	81	81	81	81	81	81	81	81	81	81	81	81	81	81	81	81	81	81	81	81	81	81	81	81	81	82	86	95	69	81	76	80	64	73	74	67	70	66	74	54	51	53	64	48	51	46	57	39	43	45	44	44	44	44	44	44	44	44	44	44	44	44	44	44	44	44	44	44	44	44	44	44	44	44	44	44	44	44	44	44	44	44	44	44	44	44	44	44	
44	44	41	36	54	63	60	47	70	57	62	59	74	62	58	73	60	72	58	79	65	78	65	79	81	76	76	76	76	76	76	76	76	76	76	76	76	76	76	76	76	76	76	76	76	76	76	76	76	76	76	76	76	76	76	76	76	76	76	76	76	76	76	76	76	77	82	81	68	71	67	80	57	69	71	64	67	64	73	55	52	66	68	55	59	56	59	40	54	56	56	56	56	56	56	56	56	56	56	56	56	56	56	56	56	56	56	56	56	56	56	56	56	56	56	56	56	56	56	56	56	56	56	56	56	56	56	56	
56	56	53	45	59	64	60	48	71	58	62	58	73	61	58	73	60	72	58	78	64	77	64	78	79	74	73	73	73	73	73	73	73	73	73	73	73	73	73	73	73	73	73	73	73	73	73	73	73	73	73	73	73	73	73	73	73	73	73	73	73	73	73	73	73	74	79	79	66	70	66	79	56	68	71	64	67	64	73	55	52	65	67	54	59	56	60	42	56	57	56	56	56	56	56	56	56	56	56	56	56	56	56	56	56	56	56	56	56	56	56	56	56	56	56	56	56	56	56	56	56	56	56	56	56	56	56	56	
58	58	56	47	60	64	60	48	71	58	62	58	73	61	58	73	59	70	55	75	62	75	63	77	79	74	73	73	73	73	73	73	73	73	73	73	73	73	73	73	73	73	73	73	73	73	73	73	73	73	73	73	73	73	73	73	73	73	73	73	73	73	73	73	73	73	78	77	64	68	64	77	53	66	70	64	67	64	73	56	53	67	68	56	61	59	63	45	59	60	59	59	59	59	59	59	59	59	59	59	59	59	59	59	59	59	59	59	59	59	59	59	59	59	59	59	59	59	59	59	59	59	59	59	59	59	59	59	
66	66	66	46	59	71	66	54	76	62	64	59	73	60	56	69	55	65	60	77	61	72	50	75	66	62	61	61	61	61	61	61	61	61	61	61	61	61	61	61	61	61	61	61	61	61	61	61	61	61	61	61	61	61	61	61	61	61	61	61	61	61	61	61	61	62	66	76	54	70	68	71	58	70	74	61	66	65	76	60	59	62	75	52	69	60	66	51	64	65	64	64	64	64	64	64	64	64	64	64	64	64	64	64	64	64	64	64	64	64	64	64	64	64	64	64	64	64	64	64	64	64	64	64	64	64	64	64	
63	63	61	25	49	60	54	41	63	48	58	52	74	60	55	76	60	80	64	81	62	90	76	90	92	87	87	87	87	87	87	87	87	87	87	87	87	87	87	87	87	87	87	87	87	87	87	87	87	87	87	87	87	87	87	87	87	87	87	87	87	87	87	87	87	88	93	92	81	88	69	84	61	74	78	65	73	64	77	53	44	59	61	50	56	49	57	26	41	42	41	41	41	41	41	41	41	41	41	41	41	41	41	41	41	41	41	41	41	41	41	41	41	41	41	41	41	41	41	41	41	41	41	41	41	41	41	41	
40	40	34	34	55	67	60	47	69	54	63	56	76	61	55	75	58	76	60	77	59	85	68	80	81	76	75	75	75	75	75	75	75	75	75	75	75	75	75	75	75	75	75	75	75	75	75	75	75	75	75	75	75	75	75	75	75	75	75	75	75	75	75	75	75	76	81	81	70	78	61	78	57	70	75	62	70	62	76	54	47	63	66	54	61	54	63	34	51	54	53	53	53	53	53	53	53	53	53	53	53	53	53	53	53	53	53	53	53	53	53	53	53	53	53	53	53	53	53	53	53	53	53	53	53	53	53	53	
52	52	46	42	59	67	60	47	69	54	63	56	76	61	55	75	58	76	60	77	59	85	68	80	81	76	75	75	75	75	75	75	75	75	75	75	75	75	75	75	75	75	75	75	75	75	75	75	75	75	75	75	75	75	75	75	75	75	75	75	75	75	75	75	75	76	81	81	70	78	61	78	57	70	75	62	70	62	76	54	47	63	66	54	61	54	63	34	51	54	53	53	53	53	53	53	53	53	53	53	53	53	53	53	53	53	53	53	53	53	53	53	53	53	53	53	53	53	53	53	53	53	53	53	53	53	53	53	
54	54	49	44	60	67	60	47	69	54	63	56	76	61	54	74	56	74	57	74	57	83	67	79	81	76	75	75	75	75	75	75	75	75	75	75	75	75	75	75	75	75	75	75	75	75	75	75	75	75	75	75	75	75	75	75	75	75	75	75	75	75	75	75	75	75	80	79	68	76	59	76	54	68	74	62	70	62	76	55	48	65	67	56	62	56	65	37	54	57	56	56	56	56	56	56	56	56	56	56	56	56	56	56	56	56	56	56	56	56	56	56	56	56	56	56	56	56	56	56	56	56	56	56	56	56	56	56	
61	61	59	45	60	75	66	53	74	58	65	57	75	59	51	69	61	68	62	77	58	82	55	77	68	64	63	63	63	63	63	63	63	63	63	63	63	63	63	63	63	63	63	63	63	63	63	63	63	63	63	63	63	63	63	63	63	63	63	63	63	63	63	63	63	64	69	80	60	79	63	70	59	72	78	59	69	63	79	59	54	60	75	54	74	57	77	38	57	60	59	59	59	59	59	59	59	59	59	59	59	59	59	59	59	59	59	59	59	59	59	59	59	59	59	59	59	59	59	59	59	59	59	59	59	59	59	59	
58	58	55	25	43	57	55	40	61	44	60	49	76	58	59	76	65	82	65	81	60	92	73	93	94	89	89	89	89	89	89	89	89	89	89	89	89	89	89	89	89	89	89	89	89	89	89	89	89	89	89	89	89	89	89	89	89	89	89	89	89	89	89	89	89	90	96	97	79	90	65	83	62	76	82	64	75	62	80	53	39	57	61	53	54	41	50	22	39	43	42	42	42	42	42	42	42	42	42	42	42	42	42	42	42	42	42	42	42	42	42	42	42	42	42	42	42	42	42	42	42	42	42	42	42	42	42	42	
41	41	35	33	50	66	63	47	67	50	65	53	78	59	58	74	62	78	61	77	57	88	67	85	84	78	77	77	77	77	77	77	77	77	77	77	77	77	77	77	77	77	77	77	77	77	77	77	77	77	77	77	77	77	77	77	77	77	77	77	77	77	77	77	77	78	84	86	69	82	59	78	58	72	79	61	72	60	79	54	42	61	66	57	60	48	60	32	49	52	51	51	51	51	51	51	51	51	51	51	51	51	51	51	51	51	51	51	51	51	51	51	51	51	51	51	51	51	51	51	51	51	51	51	51	51	51	51	
52	52	47	41	54	66	63	47	67	50	65	53	78	60	59	76	63	78	60	75	56	86	66	84	84	78	77	77	77	77	77	77	77	77	77	77	77	77	77	77	77	77	77	77	77	77	77	77	77	77	77	77	77	77	77	77	77	77	77	77	77	77	77	77	77	77	83	84	68	81	59	78	58	73	80	62	72	60	79	54	42	62	67	59	61	50	62	35	52	55	54	54	54	54	54	54	54	54	54	54	54	54	54	54	54	54	54	54	54	54	54	54	54	54	54	54	54	54	54	54	54	54	54	54	54	54	54	54	
61	61	59	43	56	78	72	53	70	54	68	55	78	58	57	62	60	62	50	73	44	85	53	81	71	66	65	65	65	65	65	65	65	65	65	65	65	65	65	65	65	65	65	65	65	65	65	65	65	65	65	65	65	65	65	65	65	65	65	65	65	65	65	65	65	65	71	83	56	78	48	71	54	69	78	51	73	61	81	58	47	70	77	60	72	51	75	39	58	61	60	60	60	60	60	60	60	60	60	60	60	60	60	60	60	60	60	60	60	60	60	60	60	60	60	60	60	60	60	60	60	60	60	60	60	60	60	60	
57	57	53	12	39	61	46	24	66	46	61	38	80	58	55	79	67	80	64	103	71	103	72	107	96	91	91	91	91	91	91	91	91	91	91	91	91	91	91	91	91	91	91	91	91	91	91	91	91	91	91	91	91	91	91	91	91	91	91	91	91	91	91	91	91	92	98	111	75	96	75	99	67	75	83	68	72	62	82	49	39	53	64	30	53	32	56	11	31	35	34	34	34	34	34	34	34	34	34	34	34	34	34	34	34	34	34	34	34	34	34	34	34	34	34	34	34	34	34	34	34	34	34	34	34	34	34	34	
33	33	25	30	54	70	56	35	75	52	63	51	82	60	55	77	64	76	52	87	63	84	64	88	86	79	79	79	79	79	79	79	79	79	79	79	79	79	79	79	79	79	79	79	79	79	79	79	79	79	79	79	79	79	79	79	79	79	79	79	79	79	79	79	79	80	87	90	66	77	66	89	49	69	79	64	69	60	82	50	40	64	76	46	60	50	63	29	48	53	52	52	52	52	52	52	52	52	52	52	52	52	52	52	52	52	52	52	52	52	52	52	52	52	52	52	52	52	52	52	52	52	52	52	52	52	52	52	
51	51	44	36	56	68	55	35	75	52	63	50	81	59	55	77	64	76	53	89	65	86	65	90	87	80	79	79	79	79	79	79	79	79	79	79	79	79	79	79	79	79	79	79	79	79	79	79	79	79	79	79	79	79	79	79	79	79	79	79	79	79	79	79	79	80	87	91	67	79	67	90	50	70	80	64	69	60	82	50	40	63	74	43	58	48	62	27	46	50	49	49	49	49	49	49	49	49	49	49	49	49	49	49	49	49	49	49	49	49	49	49	49	49	49	49	49	49	49	49	49	49	49	49	49	49	49	49	
56	56	53	45	64	75	61	41	79	54	63	50	81	59	55	75	60	70	47	81	56	75	54	78	75	68	67	67	67	67	67	67	67	67	67	67	67	67	67	67	67	67	67	67	67	67	67	67	67	67	67	67	67	67	67	67	67	67	67	67	67	67	67	67	67	68	76	80	58	71	61	84	45	67	79	64	69	60	84	54	46	69	81	52	68	59	73	39	58	62	61	61	61	61	61	61	61	61	61	61	61	61	61	61	61	61	61	61	61	61	61	61	61	61	61	61	61	61	61	61	61	61	61	61	61	61	61	61	
60	60	57	15	37	56	49	28	66	39	65	50	81	59	55	75	58	85	60	94	66	102	68	102	98	91	90	90	90	90	90	90	90	90	90	90	90	90	90	90	90	90	90	90	90	90	90	90	90	90	90	90	90	90	90	90	90	90	90	90	90	90	90	90	90	91	99	105	74	100	72	97	58	81	86	63	69	60	84	56	31	56	68	40	50	32	56	12	32	36	35	35	35	35	35	35	35	35	35	35	35	35	35	35	35	35	35	35	35	35	35	35	35	35	35	35	35	35	35	35	35	35	35	35	35	35	35	35	
34	34	27	23	45	67	58	35	72	45	69	52	81	59	55	75	58	83	56	88	60	93	67	98	93	85	84	84	84	84	84	84	84	84	84	84	84	84	84	84	84	84	84	84	84	84	84	84	84	84	84	84	84	84	84	84	84	84	84	84	84	84	84	84	84	85	93	100	71	88	63	89	52	75	81	60	68	60	84	56	33	60	74	46	57	42	58	24	43	48	47	47	47	47	47	47	47	47	47	47	47	47	47	47	47	47	47	47	47	47	47	47	47	47	47	47	47	47	47	47	47	47	47	47	47	47	47	47	
46	46	39	31	49	67	58	35	72	45	69	52	81	59	55	75	58	83	56	88	60	93	66	96	90	82	81	81	81	81	81	81	81	81	81	81	81	81	81	81	81	81	81	81	81	81	81	81	81	81	81	81	81	81	81	81	81	81	81	81	81	81	81	81	81	82	90	97	68	86	62	89	52	75	81	60	68	60	84	56	33	60	74	46	57	42	59	25	44	48	47	47	47	47	47	47	47	47	47	47	47	47	47	47	47	47	47	47	47	47	47	47	47	47	47	47	47	47	47	47	47	47	47	47	47	47	47	47	
48	48	42	33	50	67	57	33	70	44	69	52	81	59	55	75	57	81	53	85	58	92	66	96	90	82	81	81	81	81	81	81	81	81	81	81	81	81	81	81	81	81	81	81	81	81	81	81	81	81	81	81	81	81	81	81	81	81	81	81	81	81	81	81	81	82	90	97	67	85	60	87	49	73	79	59	67	59	82	54	32	61	75	48	58	44	61	28	47	51	50	50	50	50	50	50	50	50	50	50	50	50	50	50	50	50	50	50	50	50	50	50	50	50	50	50	50	50	50	50	50	50	50	50	50	50	50	50	
56	56	52	32	49	74	62	37	82	57	71	54	81	58	53	72	54	76	55	86	59	92	57	87	81	73	72	72	72	72	72	72	72	72	72	72	72	72	72	72	72	72	72	72	72	72	72	72	72	72	72	72	72	72	72	72	72	72	72	72	72	72	72	72	72	73	82	90	61	78	64	81	53	76	83	55	75	60	85	67	44	64	81	45	67	45	74	32	53	57	56	56	56	56	56	56	56	56	56	56	56	56	56	56	56	56	56	56	56	56	56	56	56	56	56	56	56	56	56	56	56	56	56	56	56	56	56	56	
54	54	48	12	41	66	52	24	76	39	64	36	83	58	52	80	61	82	60	97	68	100	64	103	98	90	89	89	89	89	89	89	89	89	89	89	89	89	89	89	89	89	89	89	89	89	89	89	89	89	89	89	89	89	89	89	89	89	89	89	89	89	89	89	89	90	99	107	71	89	76	95	60	83	89	61	81	58	86	51	28	57	75	33	56	35	55	7	29	34	33	33	33	33	33	33	33	33	33	33	33	33	33	33	33	33	33	33	33	33	33	33	33	33	33	33	33	33	33	33	33	33	33	33	33	33	33	33	
31	31	21	21	48	65	51	22	82	44	67	49	85	60	52	79	59	80	47	102	62	93	65	103	96	87	86	86	86	86	86	86	86	86	86	86	86	86	86	86	86	86	86	86	86	86	86	86	86	86	86	86	86	86	86	86	86	86	86	86	86	86	86	86	86	87	96	105	69	90	68	99	46	72	78	60	70	57	85	53	32	62	79	38	52	42	62	16	40	46	45	45	45	45	45	45	45	45	45	45	45	45	45	45	45	45	45	45	45	45	45	45	45	45	45	45	45	45	45	45	45	45	45	45	45	45	45	45	
43	43	33	29	52	66	53	25	84	45	67	48	84	59	52	79	59	80	48	102	62	92	64	101	93	84	83	83	83	83	83	83	83	83	83	83	83	83	83	83	83	83	83	83	83	83	83	83	83	83	83	83	83	83	83	83	83	83	83	83	83	83	83	83	83	84	93	102	66	87	66	97	46	73	81	62	72	58	86	53	32	62	79	38	53	43	63	16	40	46	45	45	45	45	45	45	45	45	45	45	45	45	45	45	45	45	45	45	45	45	45	45	45	45	45	45	45	45	45	45	45	45	45	45	45	45	45	45	
43	43	33	28	50	63	51	23	83	44	67	48	84	60	53	81	60	82	49	103	63	94	67	104	96	87	86	86	86	86	86	86	86	86	86	86	86	86	86	86	86	86	86	86	86	86	86	86	86	86	86	86	86	86	86	86	86	86	86	86	86	86	86	86	86	87	96	105	68	89	67	98	46	74	82	63	72	57	84	51	31	62	78	37	52	43	63	16	40	46	45	45	45	45	45	45	45	45	45	45	45	45	45	45	45	45	45	45	45	45	45	45	45	45	45	45	45	45	45	45	45	45	45	45	45	45	45	45	
51	51	44	37	56	78	65	38	87	58	70	50	83	57	49	65	54	65	43	86	54	83	48	85	78	69	68	68	68	68	68	68	68	68	68	68	68	68	68	68	68	68	68	68	68	68	68	68	68	68	68	68	68	68	68	68	68	68	68	68	68	68	68	68	68	69	78	86	52	72	61	80	38	66	76	50	71	59	87	64	44	67	84	43	69	52	74	28	52	58	57	57	57	57	57	57	57	57	57	57	57	57	57	57	57	57	57	57	57	57	57	57	57	57	57	57	57	57	57	57	57	57	57	57	57	57	57	57	
56	56	49	7	36	65	51	13	72	41	54	33	85	56	56	80	66	85	63	107	63	109	72	110	104	95	94	94	94	94	94	94	94	94	94	94	94	94	94	94	94	94	94	94	94	94	94	94	94	94	94	94	94	94	94	94	94	94	94	94	94	94	94	94	94	95	104	112	79	102	72	101	57	86	97	63	87	58	89	48	29	52	70	30	56	30	55	1	26	32	31	31	31	31	31	31	31	31	31	31	31	31	31	31	31	31	31	31	31	31	31	31	31	31	31	31	31	31	31	31	31	31	31	31	31	31	31	31	
30	30	20	6	44	74	58	20	79	47	67	47	88	58	55	78	52	87	62	97	54	108	68	105	98	89	88	88	88	88	88	88	88	88	88	88	88	88	88	88	88	88	88	88	88	88	88	88	88	88	88	88	88	88	88	88	88	88	88	88	88	88	88	88	88	89	98	107	73	98	61	91	56	84	87	55	80	54	87	50	33	58	76	36	62	37	63	11	37	44	43	43	43	43	43	43	43	43	43	43	43	43	43	43	43	43	43	43	43	43	43	43	43	43	43	43	43	43	43	43	43	43	43	43	43	43	43	43	
42	42	32	15	49	75	58	20	79	47	66	45	86	57	55	78	53	87	61	95	53	107	66	102	95	86	85	85	85	85	85	85	85	85	85	85	85	85	85	85	85	85	85	85	85	85	85	85	85	85	85	85	85	85	85	85	85	85	85	85	85	85	85	85	85	86	95	104	70	95	59	90	55	82	85	54	80	54	87	50	33	58	76	36	62	37	63	11	37	44	43	43	43	43	43	43	43	43	43	43	43	43	43	43	43	43	43	43	43	43	43	43	43	43	43	43	43	43	43	43	43	43	43	43	43	43	43	43	
49	49	43	24	56	79	63	27	86	52	68	46	87	57	54	75	50	84	57	90	47	100	58	93	86	77	76	76	76	76	76	76	76	76	76	76	76	76	76	76	76	76	76	76	76	76	76	76	76	76	76	76	76	76	76	76	76	76	76	76	76	76	76	76	76	77	87	97	64	90	55	87	52	79	83	53	80	54	90	56	42	66	83	44	72	49	75	23	49	56	55	55	55	55	55	55	55	55	55	55	55	55	55	55	55	55	55	55	55	55	55	55	55	55	55	55	55	55	55	55	55	55	55	55	55	55	55	55	
54	54	47	5	29	69	58	24	66	32	64	38	88	58	45	83	54	87	62	94	59	110	67	110	103	94	93	93	93	93	93	93	93	93	93	93	93	93	93	93	93	93	93	93	93	93	93	93	93	93	93	93	93	93	93	93	93	93	93	93	93	93	93	93	93	94	104	114	74	101	67	89	56	84	88	61	79	55	92	61	21	46	64	33	62	21	49	0	23	30	29	29	29	29	29	29	29	29	29	29	29	29	29	29	29	29	29	29	29	29	29	29	29	29	29	29	29	29	29	29	29	29	29	29	29	29	29	29	
28	28	18	3	38	70	58	29	72	30	72	43	90	59	46	83	52	92	65	98	53	112	68	110	101	91	90	90	90	90	90	90	90	90	90	90	90	90	90	90	90	90	90	90	90	90	90	90	90	90	90	90	90	90	90	90	90	90	90	90	90	90	90	90	90	91	101	112	73	101	59	92	58	87	93	57	77	54	93	54	16	53	73	42	60	30	59	9	35	42	41	41	41	41	41	41	41	41	41	41	41	41	41	41	41	41	41	41	41	41	41	41	41	41	41	41	41	41	41	41	41	41	41	41	41	41	41	41	
40	40	30	12	43	72	60	31	73	31	73	44	90	59	46	83	52	91	63	95	51	110	66	107	98	88	87	87	87	87	87	87	87	87	87	87	87	87	87	87	87	87	87	87	87	87	87	87	87	87	87	87	87	87	87	87	87	87	87	87	87	87	87	87	87	88	98	109	70	98	57	90	56	84	90	55	76	54	93	55	18	55	74	42	61	31	60	9	35	42	41	41	41	41	41	41	41	41	41	41	41	41	41	41	41	41	41	41	41	41	41	41	41	41	41	41	41	41	41	41	41	41	41	41	41	41	41	41	
41	41	32	14	46	75	62	32	73	31	73	44	90	60	47	85	54	93	63	94	50	110	66	107	98	88	87	87	87	87	87	87	87	87	87	87	87	87	87	87	87	87	87	87	87	87	87	87	87	87	87	87	87	87	87	87	87	87	87	87	87	87	87	87	87	88	98	109	69	97	57	91	57	85	91	56	76	54	93	55	18	56	76	45	64	34	63	12	38	45	44	44	44	44	44	44	44	44	44	44	44	44	44	44	44	44	44	44	44	44	44	44	44	44	44	44	44	44	44	44	44	44	44	44	44	44	44	44	
49	49	41	23	45	76	61	29	77	34	75	45	90	58	45	71	52	79	50	86	50	98	53	92	83	73	72	72	72	72	72	72	72	72	72	72	72	72	72	72	72	72	72	72	72	72	72	72	72	72	72	72	72	72	72	72	72	72	72	72	72	72	72	72	72	73	85	98	61	88	59	86	46	82	88	44	76	55	95	58	21	60	82	44	64	35	64	15	40	47	46	46	46	46	46	46	46	46	46	46	46	46	46	46	46	46	46	46	46	46	46	46	46	46	46	46	46	46	46	46	46	46	46	46	46	46	46	46	
45	45	37	0	35	65	52	10	74	29	68	38	91	58	43	88	58	96	55	111	61	118	69	126	116	106	105	105	105	105	105	105	105	105	105	105	105	105	105	105	105	105	105	105	105	105	105	105	105	105	105	105	105	105	105	105	105	105	105	105	105	105	105	105	105	106	118	132	78	109	69	107	50	90	94	60	83	55	96	50	15	54	76	31	53	25	55	0	24	31	30	30	30	30	30	30	30	30	30	30	30	30	30	30	30	30	30	30	30	30	30	30	30	30	30	30	30	30	30	30	30	30	30	30	30	30	30	30	
29	29	18	1	42	73	58	17	80	34	71	41	93	59	43	86	55	91	51	105	55	110	61	115	103	91	90	90	90	90	90	90	90	90	90	90	90	90	90	90	90	90	90	90	90	90	90	90	90	90	90	90	90	90	90	90	90	90	90	90	90	90	90	90	90	91	103	117	65	98	61	99	44	85	91	56	79	52	95	51	17	57	79	35	58	31	61	4	32	40	39	39	39	39	39	39	39	39	39	39	39	39	39	39	39	39	39	39	39	39	39	39	39	39	39	39	39	39	39	39	39	39	39	39	39	39	39	39	
37	37	26	6	45	72	57	15	79	33	71	41	93	59	43	87	56	92	51	106	57	113	64	118	106	94	93	93	93	93	93	93	93	93	93	93	93	93	93	93	93	93	93	93	93	93	93	93	93	93	93	93	93	93	93	93	93	93	93	93	93	93	93	93	93	94	106	120	67	99	61	99	44	85	91	56	79	52	94	50	16	57	79	35	58	31	61	4	32	40	39	39	39	39	39	39	39	39	39	39	39	39	39	39	39	39	39	39	39	39	39	39	39	39	39	39	39	39	39	39	39	39	39	39	39	39	39	39	
47	47	39	26	52	79	63	30	81	43	70	41	93	59	42	83	51	77	45	96	46	92	46	100	87	75	74	74	74	74	74	74	74	74	74	74	74	74	74	74	74	74	74	74	74	74	74	74	74	74	74	74	74	74	74	74	74	74	74	74	74	74	74	74	74	75	87	102	50	82	55	93	39	82	90	56	79	52	96	53	30	62	85	43	68	44	75	19	47	55	54	54	54	54	54	54	54	54	54	54	54	54	54	54	54	54	54	54	54	54	54	54	54	54	54	54	54	54	54	54	54	54	54	54	54	54	54	54	
52	52	44	0	25	68	51	8	68	26	71	40	93	59	42	82	56	100	58	109	64	127	70	126	113	101	100	100	100	100	100	100	100	100	100	100	100	100	100	100	100	100	100	100	100	100	100	100	100	100	100	100	100	100	100	100	100	100	100	100	100	100	100	100	100	101	113	128	77	111	77	106	52	96	97	55	79	52	96	55	14	48	72	31	58	16	50	0	14	22	21	21	21	21	21	21	21	21	21	21	21	21	21	21	21	21	21	21	21	21	21	21	21	21	21	21	21	21	21	21	21	21	21	21	21	21	21	21	
19	19	6	0	35	70	60	15	75	33	75	42	93	59	42	82	55	96	52	102	57	116	65	119	108	96	95	95	95	95	95	95	95	95	95	95	95	95	95	95	95	95	95	95	95	95	95	95	95	95	95	95	95	95	95	95	95	95	95	95	95	95	95	95	95	96	108	122	71	107	65	97	45	90	92	52	78	52	96	55	16	52	78	38	55	25	60	0	28	37	36	36	36	36	36	36	36	36	36	36	36	36	36	36	36	36	36	36	36	36	36	36	36	36	36	36	36	36	36	36	36	36	36	36	36	36	36	36	
34	34	21	7	40	71	61	16	75	33	75	42	93	59	42	82	55	96	52	102	57	116	64	117	105	93	92	92	92	92	92	92	92	92	92	92	92	92	92	92	92	92	92	92	92	92	92	92	92	92	92	92	92	92	92	92	92	92	92	92	92	92	92	92	92	93	105	119	68	104	63	96	45	90	92	52	78	52	96	55	16	52	78	38	56	26	61	0	28	37	36	36	36	36	36	36	36	36	36	36	36	36	36	36	36	36	36	36	36	36	36	36	36	36	36	36	36	36	36	36	36	36	36	36	36	36	36	36	
34	34	21	6	38	68	59	15	75	33	75	42	93	60	43	84	56	98	53	103	58	118	67	120	108	96	95	95	95	95	95	95	95	95	95	95	95	95	95	95	95	95	95	95	95	95	95	95	95	95	95	95	95	95	95	95	95	95	95	95	95	95	95	95	95	96	108	122	70	106	64	97	45	91	93	53	78	52	96	55	16	52	77	37	55	26	61	0	28	37	36	36	36	36	36	36	36	36	36	36	36	36	36	36	36	36	36	36	36	36	36	36	36	36	36	36	36	36	36	36	36	36	36	36	36	36	36	36	
41	41	31	16	49	89	76	28	78	38	79	44	92	57	40	71	53	81	45	83	50	109	49	102	89	77	76	76	76	76	76	76	76	76	76	76	76	76	76	76	76	76	76	76	76	76	76	76	76	76	76	76	76	76	76	76	76	76	76	76	76	76	76	76	76	77	90	105	54	86	56	81	42	87	90	42	78	53	98	58	20	59	87	47	74	35	72	11	40	49	48	48	48	48	48	48	48	48	48	48	48	48	48	48	48	48	48	48	48	48	48	48	48	48	48	48	48	48	48	48	48	48	48	48	48	48	48	48	
46	46	35	0	30	62	39	0	72	30	63	28	94	56	46	87	59	97	55	122	66	127	65	128	115	103	102	102	102	102	102	102	102	102	102	102	102	102	102	102	102	102	102	102	102	102	102	102	102	102	102	102	102	102	102	102	102	102	102	102	102	102	102	102	102	103	116	133	72	116	73	120	54	93	95	58	86	53	99	51	14	53	75	19	46	15	53	0	14	23	22	22	22	22	22	22	22	22	22	22	22	22	22	22	22	22	22	22	22	22	22	22	22	22	22	22	22	22	22	22	22	22	22	22	22	22	22	22	
20	20	6	0	37	72	51	10	82	35	75	40	97	58	45	84	55	92	50	112	65	114	64	124	111	98	97	97	97	97	97	97	97	97	97	97	97	97	97	97	97	97	97	97	97	97	97	97	97	97	97	97	97	97	97	97	97	97	97	97	97	97	97	97	97	98	111	127	69	103	72	107	44	85	91	54	82	50	98	52	16	56	79	26	56	26	63	0	25	35	34	34	34	34	34	34	34	34	34	34	34	34	34	34	34	34	34	34	34	34	34	34	34	34	34	34	34	34	34	34	34	34	34	34	34	34	34	34	
32	32	18	2	42	73	51	10	82	35	74	38	95	57	45	84	55	92	50	112	64	113	62	122	108	95	94	94	94	94	94	94	94	94	94	94	94	94	94	94	94	94	94	94	94	94	94	94	94	94	94	94	94	94	94	94	94	94	94	94	94	94	94	94	94	95	108	124	66	101	70	106	43	85	91	54	82	50	98	52	16	56	79	26	56	26	63	0	25	35	34	34	34	34	34	34	34	34	34	34	34	34	34	34	34	34	34	34	34	34	34	34	34	34	34	34	34	34	34	34	34	34	34	34	34	34	34	34	
39	39	28	10	48	77	54	13	85	38	77	40	96	56	43	81	51	87	44	104	55	103	53	113	99	86	85	85	85	85	85	85	85	85	85	85	85	85	85	85	85	85	85	85	85	85	85	85	85	85	85	85	85	85	85	85	85	85	85	85	85	85	85	85	85	86	99	115	58	94	64	100	37	80	88	53	83	52	101	55	19	60	84	33	64	36	74	6	37	47	46	46	46	46	46	46	46	46	46	46	46	46	46	46	46	46	46	46	46	46	46	46	46	46	46	46	46	46	46	46	46	46	46	46	46	46	46	46	
46	46	35	0	31	67	52	10	81	34	72	35	88	57	42	87	56	91	58	116	64	129	68	130	115	102	101	101	101	101	101	101	101	101	101	101	101	101	101	101	101	101	101	101	101	101	101	101	101	101	101	101	101	101	101	101	101	101	101	101	101	101	101	101	101	102	115	132	75	114	76	113	50	93	102	59	82	53	94	50	15	57	82	22	55	19	58	0	14	24	23	23	23	23	23	23	23	23	23	23	23	23	23	23	23	23	23	23	23	23	23	23	23	23	23	23	23	23	23	23	23	23	23	23	23	23	23	23	
19	19	4	0	30	68	51	7	78	30	68	29	92	59	43	86	53	97	53	112	58	130	66	126	113	100	99	99	99	99	99	99	99	99	99	99	99	99	99	99	99	99	99	99	99	99	99	99	99	99	99	99	99	99	99	99	99	99	99	99	99	99	99	99	99	100	113	130	74	113	67	106	44	87	96	54	79	52	95	53	11	52	77	17	52	17	58	0	16	27	26	26	26	26	26	26	26	26	26	26	26	26	26	26	26	26	26	26	26	26	26	26	26	26	26	26	26	26	26	26	26	26	26	26	26	26	26	26	
24	24	8	0	45	71	54	10	81	33	70	41	93	60	43	86	53	96	52	111	59	120	65	123	110	97	96	96	96	96	96	96	96	96	96	96	96	96	96	96	96	96	96	96	96	96	96	96	96	96	96	96	96	96	96	96	96	96	96	96	96	96	96	96	96	97	110	127	72	102	66	105	44	87	96	54	79	52	95	53	12	54	79	29	53	29	59	0	25	36	35	35	35	35	35	35	35	35	35	35	35	35	35	35	35	35	35	35	35	35	35	35	35	35	35	35	35	35	35	35	35	35	35	35	35	35	35	35	
35	35	21	1	45	69	53	10	81	33	70	40	92	60	44	87	53	96	52	110	58	120	66	124	110	97	96	96	96	96	96	96	96	96	96	96	96	96	96	96	96	96	96	96	96	96	96	96	96	96	96	96	96	96	96	96	96	96	96	96	96	96	96	96	96	97	110	126	71	102	67	106	44	88	97	55	79	52	95	53	12	54	79	29	53	29	60	0	26	36	35	35	35	35	35	35	35	35	35	35	35	35	35	35	35	35	35	35	35	35	35	35	35	35	35	35	35	35	35	35	35	35	35	35	35	35	35	35	
39	39	28	0	43	76	59	16	86	38	73	42	92	58	42	74	49	90	46	104	51	121	55	112	98	85	84	84	84	84	84	84	84	84	84	84	84	84	84	84	84	84	84	84	84	84	84	84	84	84	84	84	84	84	84	84	84	84	84	84	84	84	84	84	84	85	100	118	64	104	60	100	38	82	93	44	79	53	98	58	18	60	85	36	62	29	71	0	29	39	38	38	38	38	38	38	38	38	38	38	38	38	38	38	38	38	38	38	38	38	38	38	38	38	38	38	38	38	38	38	38	38	38	38	38	38	38	38	
36	36	24	0	25	66	47	3	73	23	67	25	94	58	40	91	55	105	59	117	63	132	63	137	121	108	107	107	107	107	107	107	107	107	107	107	107	107	107	107	107	107	107	107	107	107	107	107	107	107	107	107	107	107	107	107	107	107	107	107	107	107	107	107	107	109	124	145	74	116	72	112	51	95	106	59	86	53	99	52	4	47	72	23	51	11	53	0	11	22	21	21	21	21	21	21	21	21	21	21	21	21	21	21	21	21	21	21	21	21	21	21	21	21	21	21	21	21	21	21	21	21	21	21	21	21	21	21	
19	19	4	0	32	74	54	9	79	29	71	38	96	60	40	89	52	100	54	111	57	125	65	127	118	102	101	101	101	101	101	101	101	101	101	101	101	101	101	101	101	101	101	101	101	101	101	101	101	101	101	101	101	101	101	101	101	101	101	101	101	101	101	101	101	103	119	131	72	107	66	106	45	89	100	53	81	50	98	53	7	52	78	29	57	19	53	0	20	31	30	30	30	30	30	30	30	30	30	30	30	30	30	30	30	30	30	30	30	30	30	30	30	30	30	30	30	30	30	30	30	30	30	30	30	30	30	30	
27	27	12	0	33	72	53	9	79	29	71	37	95	60	41	91	53	101	55	112	59	126	66	128	119	103	101	101	101	101	101	101	101	101	101	101	101	101	101	101	101	101	101	101	101	101	101	101	101	101	101	101	101	101	101	101	101	101	101	101	101	101	101	101	101	102	118	130	72	107	66	106	45	90	101	54	81	50	98	53	7	52	77	28	55	18	53	0	21	31	30	30	30	30	30	30	30	30	30	30	30	30	30	30	30	30	30	30	30	30	30	30	30	30	30	30	30	30	30	30	30	30	30	30	30	30	30	30	
30	30	15	4	34	83	63	9	79	29	71	37	95	59	41	80	54	90	54	110	47	125	55	127	109	94	92	92	92	92	92	92	92	92	92	92	92	92	92	92	92	92	92	92	92	92	92	92	92	92	92	92	92	92	92	92	92	92	92	92	92	92	92	92	92	93	108	129	61	106	55	106	45	89	101	44	82	50	98	53	7	53	79	30	67	19	64	0	24	34	33	33	33	33	33	33	33	33	33	33	33	33	33	33	33	33	33	33	33	33	33	33	33	33	33	33	33	33	33	33	33	33	33	33	33	33	33	33	
38	38	26	0	35	82	60	4	82	32	73	38	95	58	38	87	50	97	47	111	47	124	53	124	105	90	89	89	89	89	89	89	89	89	89	89	89	89	89	89	89	89	89	89	89	89	89	89	89	89	89	89	89	89	89	89	89	89	89	89	89	89	89	89	89	91	107	130	61	107	58	111	42	86	97	52	81	52	100	56	10	57	86	29	67	20	67	0	29	40	39	39	39	39	39	39	39	39	39	39	39	39	39	39	39	39	39	39	39	39	39	39	39	39	39	39	39	39	39	39	39	39	39	39	39	39	39	39	
36	36	22	0	27	66	43	0	78	26	67	31	96	58	37	93	55	101	52	122	66	132	71	139	129	113	112	112	112	112	112	112	112	112	112	112	112	112	112	112	112	112	112	112	112	112	112	112	112	112	112	112	112	112	112	112	112	112	112	112	112	112	112	112	112	114	131	145	79	115	76	121	46	92	104	57	88	50	101	48	3	51	81	17	48	12	50	0	6	17	16	16	16	16	16	16	16	16	16	16	16	16	16	16	16	16	16	16	16	16	16	16	16	16	16	16	16	16	16	16	16	16	16	16	16	16	16	16	
13	13	0	0	33	74	51	2	84	30	70	34	98	59	37	92	53	98	49	118	60	125	63	131	119	102	100	100	100	100	100	100	100	100	100	100	100	100	100	100	100	100	100	100	100	100	100	100	100	100	100	100	100	100	100	100	100	100	100	100	100	100	100	100	100	102	119	134	69	107	68	114	40	88	101	54	85	48	100	49	5	54	84	21	54	19	58	0	17	29	28	28	28	28	28	28	28	28	28	28	28	28	28	28	28	28	28	28	28	28	28	28	28	28	28	28	28	28	28	28	28	28	28	28	28	28	28	28	
27	27	10	0	38	74	51	2	84	30	70	34	98	59	37	92	53	98	49	117	59	123	62	130	119	102	100	100	100	100	100	100	100	100	100	100	100	100	100	100	100	100	100	100	100	100	100	100	100	100	100	100	100	100	100	100	100	100	100	100	100	100	100	100	100	101	118	132	68	106	68	114	40	88	101	54	85	48	100	49	5	54	84	22	55	21	60	0	20	32	31	31	31	31	31	31	31	31	31	31	31	31	31	31	31	31	31	31	31	31	31	31	31	31	31	31	31	31	31	31	31	31	31	31	31	31	31	31	
36	36	23	0	40	83	58	9	88	32	70	34	98	59	36	89	48	91	42	108	48	120	48	127	106	90	88	88	88	88	88	88	88	88	88	88	88	88	88	88	88	88	88	88	88	88	88	88	88	88	88	88	88	88	88	88	88	88	88	88	88	88	88	88	88	89	105	129	56	105	60	106	33	83	99	54	85	48	102	53	11	61	92	32	67	25	74	0	25	37	36	36	36	36	36	36	36	36	36	36	36	36	36	36	36	36	36	36	36	36	36	36	36	36	36	36	36	36	36	36	36	36	36	36	36	36	36	36	
31	31	16	0	12	62	46	0	75	16	71	34	98	59	36	88	55	106	55	131	58	148	74	152	131	115	114	114	114	114	114	114	114	114	114	114	114	114	114	114	114	114	114	114	114	114	114	114	114	114	114	114	114	114	114	114	114	114	114	114	114	114	114	114	114	116	132	155	81	132	70	127	44	104	113	52	85	48	102	55	0	47	78	9	46	0	47	0	0	11	10	10	10	10	10	10	10	10	10	10	10	10	10	10	10	10	10	10	10	10	10	10	10	10	10	10	10	10	10	10	10	10	10	10	10	10	10	10	
7	7	0	0	27	80	61	2	81	22	83	35	98	59	36	88	54	103	51	115	52	139	65	131	120	103	102	102	102	102	102	102	102	102	102	102	102	102	102	102	102	102	102	102	102	102	102	102	102	102	102	102	102	102	102	102	102	102	102	102	102	102	102	102	102	104	121	134	70	120	61	110	38	96	106	47	83	48	102	55	0	51	83	23	61	14	56	0	17	30	29	29	29	29	29	29	29	29	29	29	29	29	29	29	29	29	29	29	29	29	29	29	29	29	29	29	29	29	29	29	29	29	29	29	29	29	29	29	
26	26	8	0	29	77	58	0	79	21	82	34	97	59	36	88	54	103	51	116	53	140	65	132	121	104	102	102	102	102	102	102	102	102	102	102	102	102	102	102	102	102	102	102	102	102	102	102	102	102	102	102	102	102	102	102	102	102	102	102	102	102	102	102	102	104	121	135	71	121	61	111	39	97	106	47	83	48	102	55	0	51	83	22	59	11	54	0	15	27	26	26	26	26	26	26	26	26	26	26	26	26	26	26	26	26	26	26	26	26	26	26	26	26	26	26	26	26	26	26	26	26	26	26	26	26	26	26	
25	25	8	0	31	80	59	0	78	21	82	34	97	60	38	91	56	103	50	115	53	139	64	131	121	104	102	102	102	102	102	102	102	102	102	102	102	102	102	102	102	102	102	102	102	102	102	102	102	102	102	102	102	102	102	102	102	102	102	102	102	102	102	102	102	103	120	134	71	120	60	111	41	100	108	48	83	48	102	54	0	50	84	25	61	13	56	0	18	30	29	29	29	29	29	29	29	29	29	29	29	29	29	29	29	29	29	29	29	29	29	29	29	29	29	29	29	29	29	29	29	29	29	29	29	29	29	29	
34	34	20	0	34	81	60	0	94	26	86	36	96	57	34	78	43	89	42	115	43	129	52	128	108	92	90	90	90	90	90	90	90	90	90	90	90	90	90	90	90	90	90	90	90	90	90	90	90	90	90	90	90	90	90	90	90	90	90	90	90	90	90	90	90	91	108	133	61	111	51	112	35	87	96	38	83	50	106	60	1	64	100	26	63	16	69	0	23	35	34	34	34	34	34	34	34	34	34	34	34	34	34	34	34	34	34	34	34	34	34	34	34	34	34	34	34	34	34	34	34	34	34	34	34	34	34	34	
29	29	13	0	14	63	40	0	79	10	69	19	97	56	41	93	59	106	57	135	62	147	70	154	133	117	116	116	116	116	116	116	116	116	116	116	116	116	116	116	116	116	116	116	116	116	116	116	116	116	116	116	116	116	116	116	116	116	116	116	116	116	116	116	116	117	134	159	78	130	72	133	47	100	111	55	90	48	105	42	0	48	84	1	42	0	50	0	0	9	8	8	8	8	8	8	8	8	8	8	8	8	8	8	8	8	8	8	8	8	8	8	8	8	8	8	8	8	8	8	8	8	8	8	8	8	8	8	
5	5	0	0	29	79	57	0	93	23	82	31	109	57	40	90	54	101	42	129	54	138	61	144	122	105	104	104	104	104	104	104	104	104	104	104	104	104	104	104	104	104	104	104	104	104	104	104	104	104	104	104	104	104	104	104	104	104	104	104	104	104	104	104	104	105	122	147	67	120	63	125	30	94	105	49	85	44	112	51	0	62	88	16	56	12	65	0	14	28	27	27	27	27	27	27	27	27	27	27	27	27	27	27	27	27	27	27	27	27	27	27	27	27	27	27	27	27	27	27	27	27	27	27	27	27	27	27	
24	24	5	0	31	76	54	0	91	21	79	28	106	55	39	90	54	101	43	130	55	138	61	144	122	105	104	104	104	104	104	104	104	104	104	104	104	104	104	104	104	104	104	104	104	104	104	104	104	104	104	104	104	104	104	104	104	104	104	104	104	104	104	104	104	105	122	147	67	120	63	125	31	95	106	49	85	44	111	49	0	59	86	14	54	9	62	0	11	25	24	24	24	24	24	24	24	24	24	24	24	24	24	24	24	24	24	24	24	24	24	24	24	24	24	24	24	24	24	24	24	24	24	24	24	24	24	24	
29	29	13	0	37	82	60	0	97	27	84	32	108	54	36	85	48	94	35	122	46	129	51	133	110	93	92	92	92	92	92	92	92	92	92	92	92	92	92	92	92	92	92	92	92	92	92	92	92	92	92	92	92	92	92	92	92	92	92	92	92	92	92	92	92	94	112	139	59	113	55	118	24	89	100	45	84	47	116	55	0	65	92	21	63	20	74	0	23	37	36	36	36	36	36	36	36	36	36	36	36	36	36	36	36	36	36	36	36	36	36	36	36	36	36	36	36	36	36	36	36	36	36	36	36	36	36	36	
33	33	17	0	17	70	47	0	84	14	71	18	102	46	34	99	51	105	56	131	64	146	68	148	134	116	115	115	115	115	115	115	115	115	115	115	115	115	115	115	115	115	115	115	115	115	115	115	115	115	115	115	115	115	115	115	115	115	115	115	115	115	115	115	115	117	137	155	79	122	75	127	44	99	112	58	99	46	109	41	0	52	79	8	51	1	48	0	0	11	10	10	10	10	10	10	10	10	10	10	10	10	10	10	10	10	10	10	10	10	10	10	10	10	10	10	10	10	10	10	10	10	10	10	10	10	10	10	
7	7	0	0	24	79	54	0	90	20	77	24	107	50	36	97	55	107	48	133	54	145	65	146	131	112	110	110	110	110	110	110	110	110	110	110	110	110	110	110	110	110	110	110	110	110	110	110	110	110	110	110	110	110	110	110	110	110	110	110	110	110	110	110	110	112	132	152	67	122	65	128	34	99	113	51	93	42	108	44	0	58	85	14	57	8	58	0	10	23	22	22	22	22	22	22	22	22	22	22	22	22	22	22	22	22	22	22	22	22	22	22	22	22	22	22	22	22	22	22	22	22	22	22	22	22	22	22	
19	19	0	0	28	79	54	0	90	20	77	24	107	50	36	97	54	105	46	131	53	143	63	143	128	109	107	107	107	107	107	107	107	107	107	107	107	107	107	107	107	107	107	107	107	107	107	107	107	107	107	107	107	107	107	107	107	107	107	107	107	107	107	107	107	109	129	149	65	120	64	126	33	97	111	49	92	42	108	44	0	58	85	14	57	8	58	0	11	24	22	22	22	22	22	22	22	22	22	22	22	22	22	22	22	22	22	22	22	22	22	22	22	22	22	22	22	22	22	22	22	22	22	22	22	22	22	22	
21	21	2	0	31	81	56	0	91	20	77	24	107	50	36	97	53	104	44	130	52	143	63	143	128	109	107	107	107	107	107	107	107	107	107	107	107	107	107	107	107	107	107	107	107	107	107	107	107	107	107	107	107	107	107	107	107	107	107	107	107	107	107	107	107	109	128	148	63	119	62	125	32	97	111	49	92	42	108	45	0	61	88	17	60	10	60	0	14	27	25	25	25	25	25	25	25	25	25	25	25	25	25	25	25	25	25	25	25	25	25	25	25	25	25	25	25	25	25	25	25	25	25	25	25	25	25	25	
30	30	14	0	33	83	55	0	90	28	81	26	107	49	34	93	49	98	48	122	54	132	52	131	116	97	95	95	95	95	95	95	95	95	95	95	95	95	95	95	95	95	95	95	95	95	95	95	95	95	95	95	95	95	95	95	95	95	95	95	95	95	95	95	95	97	118	138	65	111	67	118	36	92	109	48	92	44	113	52	2	59	89	18	63	15	65	0	18	32	30	30	30	30	30	30	30	30	30	30	30	30	30	30	30	30	30	30	30	30	30	30	30	30	30	30	30	30	30	30	30	30	30	30	30	30	30	30	
27	27	10	0	16	65	47	0	81	7	70	11	109	49	33	100	55	113	52	136	55	153	70	158	142	123	121	121	121	121	121	121	121	121	121	121	121	121	121	121	121	121	121	121	121	121	121	121	121	121	121	121	121	121	121	121	121	121	121	121	121	121	121	121	121	123	144	166	74	133	68	132	39	106	113	55	91	44	115	38	0	48	78	9	45	0	50	0	0	8	7	7	7	7	7	7	7	7	7	7	7	7	7	7	7	7	7	7	7	7	7	7	7	7	7	7	7	7	7	7	7	7	7	7	7	7	7	7	
4	4	0	0	24	75	55	0	88	15	77	18	113	51	33	99	53	109	48	131	51	147	63	148	131	111	109	109	109	109	109	109	109	109	109	109	109	109	109	109	109	109	109	109	109	109	109	109	109	109	109	109	109	109	109	109	109	109	109	109	109	109	109	109	109	111	132	154	64	124	62	126	35	101	109	51	89	43	115	40	0	55	85	15	52	6	59	0	7	21	19	19	19	19	19	19	19	19	19	19	19	19	19	19	19	19	19	19	19	19	19	19	19	19	19	19	19	19	19	19	19	19	19	19	19	19	19	19	
17	17	0	0	30	76	56	0	88	15	77	18	113	52	34	101	54	110	47	130	50	147	63	148	131	111	109	109	109	109	109	109	109	109	109	109	109	109	109	109	109	109	109	109	109	109	109	109	109	109	109	109	109	109	109	109	109	109	109	109	109	109	109	109	109	111	131	153	62	123	61	127	36	103	110	52	89	43	115	40	0	56	86	17	53	7	60	0	10	24	22	22	22	22	22	22	22	22	22	22	22	22	22	22	22	22	22	22	22	22	22	22	22	22	22	22	22	22	22	22	22	22	22	22	22	22	22	22	
26	26	8	0	31	87	56	0	92	18	79	19	113	50	32	88	52	96	41	120	50	136	52	136	119	99	97	97	97	97	97	97	97	97	97	97	97	97	97	97	97	97	97	97	97	97	97	97	97	97	97	97	97	97	97	97	97	97	97	97	97	97	97	97	97	99	120	142	62	112	63	120	33	90	108	41	89	44	117	44	0	62	94	18	64	9	72	0	15	30	28	28	28	28	28	28	28	28	28	28	28	28	28	28	28	28	28	28	28	28	28	28	28	28	28	28	28	28	28	28	28	28	28	28	28	28	28	28	
23	23	3	0	11	68	36	0	79	13	72	12	114	50	30	105	57	113	46	143	69	154	69	163	145	125	123	123	123	123	123	123	123	123	123	123	123	123	123	123	123	123	123	123	123	123	123	123	123	123	123	123	123	123	123	123	123	123	123	123	123	123	123	123	123	125	147	170	81	131	81	141	35	106	114	58	97	44	118	35	0	45	89	0	45	0	54	0	0	3	2	2	2	2	2	2	2	2	2	2	2	2	2	2	2	2	2	2	2	2	2	2	2	2	2	2	2	2	2	2	2	2	2	2	2	2	2	2	
0	0	0	0	28	76	54	0	95	18	76	15	116	51	30	103	54	108	42	138	54	146	60	153	134	113	111	111	111	111	111	111	111	111	111	111	111	111	111	111	111	111	111	111	111	111	111	111	111	111	111	111	111	111	111	111	111	111	111	111	111	111	111	111	111	113	135	159	62	123	64	133	28	100	110	53	93	41	117	36	0	58	91	10	50	8	62	0	5	21	20	20	20	20	20	20	20	20	20	20	20	20	20	20	20	20	20	20	20	20	20	20	20	20	20	20	20	20	20	20	20	20	20	20	20	20	20	20	
17	17	0	0	31	75	52	0	93	17	75	15	116	51	30	103	54	108	42	138	55	147	61	153	134	113	111	111	111	111	111	111	111	111	111	111	111	111	111	111	111	111	111	111	111	111	111	111	111	111	111	111	111	111	111	111	111	111	111	111	111	111	111	111	111	113	135	159	63	124	66	134	29	100	110	53	93	41	117	36	0	57	90	8	49	6	61	0	4	19	17	17	17	17	17	17	17	17	17	17	17	17	17	17	17	17	17	17	17	17	17	17	17	17	17	17	17	17	17	17	17	17	17	17	17	17	17	17	
15	15	0	0	31	75	52	0	93	17	75	15	116	51	30	103	54	108	42	138	55	147	61	153	134	113	111	111	111	111	111	111	111	111	111	111	111	111	111	111	111	111	111	111	111	111	111	111	111	111	111	111	111	111	111	111	111	111	111	111	111	111	111	111	111	113	134	158	62	124	66	134	29	100	110	53	93	41	117	36	0	57	90	9	51	8	63	0	7	22	20	20	20	20	20	20	20	20	20	20	20	20	20	20	20	20	20	20	20	20	20	20	20	20	20	20	20	20	20	20	20	20	20	20	20	20	20	20	
22	22	3	0	28	80	57	0	96	18	75	15	116	51	30	102	51	104	37	132	47	138	52	144	125	104	102	102	102	102	102	102	102	102	102	102	102	102	102	102	102	102	102	102	102	102	102	102	102	102	102	102	102	102	102	102	102	102	102	102	102	102	102	102	102	104	125	147	61	116	61	130	24	97	108	53	93	41	118	39	0	62	94	15	59	9	64	0	9	25	23	23	23	23	23	23	23	23	23	23	23	23	23	23	23	23	23	23	23	23	23	23	23	23	23	23	23	23	23	23	23	23	23	23	23	23	23	23	
20	20	0	0	9	79	44	0	82	12	76	15	116	51	30	101	49	108	51	135	58	156	69	160	141	120	118	118	118	118	118	118	118	118	118	118	118	118	118	118	118	118	118	118	118	118	118	118	118	118	118	118	118	118	118	118	118	118	118	118	118	118	118	118	118	120	142	165	79	143	71	132	38	100	124	51	93	41	119	41	0	48	92	1	56	0	48	0	0	7	6	6	6	6	6	6	6	6	6	6	6	6	6	6	6	6	6	6	6	6	6	6	6	6	6	6	6	6	6	6	6	6	6	6	6	6	6	6	
3	3	0	0	18	78	52	0	89	8	80	16	116	51	30	101	48	116	46	139	51	157	67	158	139	118	116	116	116	116	116	116	116	116	116	116	116	116	116	116	116	116	116	116	116	116	116	116	116	116	116	116	116	116	116	116	116	116	116	116	116	116	116	116	116	118	140	164	69	133	61	134	31	105	118	48	91	41	119	42	0	53	87	8	52	0	56	0	1	16	15	15	15	15	15	15	15	15	15	15	15	15	15	15	15	15	15	15	15	15	15	15	15	15	15	15	15	15	15	15	15	15	15	15	15	15	15	15	
12	12	0	0	22	80	53	0	90	10	81	17	116	51	30	101	48	115	45	137	50	155	65	155	136	115	113	113	113	113	113	113	113	113	113	113	113	113	113	113	113	113	113	113	113	113	113	113	113	113	113	113	113	113	113	113	113	113	113	113	113	113	113	113	113	115	137	161	67	132	61	133	30	103	117	47	91	41	119	42	0	54	89	9	54	0	57	0	2	17	15	15	15	15	15	15	15	15	15	15	15	15	15	15	15	15	15	15	15	15	15	15	15	15	15	15	15	15	15	15	15	15	15	15	15	15	15	15	
13	13	0	0	24	81	54	0	90	10	81	17	116	52	31	103	49	116	45	137	50	155	65	155	136	115	113	113	113	113	113	113	113	113	113	113	113	113	113	113	113	113	113	113	113	113	113	113	113	113	113	113	113	113	113	113	113	113	113	113	113	113	113	113	113	115	137	161	67	132	61	134	31	105	118	48	91	41	119	42	0	55	90	11	55	0	58	0	5	20	18	18	18	18	18	18	18	18	18	18	18	18	18	18	18	18	18	18	18	18	18	18	18	18	18	18	18	18	18	18	18	18	18	18	18	18	18	18	
21	21	1	0	22	90	50	0	93	13	83	18	116	50	29	89	46	100	38	128	41	144	52	140	121	100	98	98	98	98	98	98	98	98	98	98	98	98	98	98	98	98	98	98	98	98	98	98	98	98	98	98	98	98	98	98	98	98	98	98	98	98	98	98	98	100	124	150	58	123	53	127	27	91	116	36	91	42	121	45	0	59	97	9	65	0	69	0	7	23	21	21	21	21	21	21	21	21	21	21	21	21	21	21	21	21	21	21	21	21	21	21	21	21	21	21	21	21	21	21	21	21	21	21	21	21	21	21	
18	18	0	0	13	69	40	0	89	6	77	10	117	50	27	106	52	116	51	150	60	164	70	174	153	132	130	130	130	130	130	130	130	130	130	130	130	130	130	130	130	130	130	130	130	130	130	130	130	130	130	130	130	130	130	130	130	130	130	130	130	130	130	130	130	132	156	184	75	143	72	147	39	106	121	53	98	42	122	38	0	52	92	0	44	0	50	0	0	5	4	4	4	4	4	4	4	4	4	4	4	4	4	4	4	4	4	4	4	4	4	4	4	4	4	4	4	4	4	4	4	4	4	4	4	4	4	4	
1	1	0	0	20	78	47	0	94	10	80	13	119	51	27	104	49	111	46	143	52	155	61	163	140	117	115	115	115	115	115	115	115	115	115	115	115	115	115	115	115	115	115	115	115	115	115	115	115	115	115	115	115	115	115	115	115	115	115	115	115	115	115	115	115	117	141	169	62	132	63	138	31	99	116	48	94	39	121	39	0	55	95	1	50	0	58	0	0	15	13	13	13	13	13	13	13	13	13	13	13	13	13	13	13	13	13	13	13	13	13	13	13	13	13	13	13	13	13	13	13	13	13	13	13	13	13	13	
9	9	0	0	23	78	47	0	94	10	80	13	119	52	28	106	51	114	48	145	54	158	64	166	143	120	118	118	118	118	118	118	118	118	118	118	118	118	118	118	118	118	118	118	118	118	118	118	118	118	118	118	118	118	118	118	118	118	118	118	118	118	118	118	118	120	144	171	63	133	65	141	33	101	117	49	94	39	121	39	0	55	95	1	50	0	57	0	0	15	13	13	13	13	13	13	13	13	13	13	13	13	13	13	13	13	13	13	13	13	13	13	13	13	13	13	13	13	13	13	13	13	13	13	13	13	13	13	
19	19	0	0	29	84	53	0	99	14	84	15	119	49	24	91	45	98	33	127	45	138	45	148	125	102	100	100	100	100	100	100	100	100	100	100	100	100	100	100	100	100	100	100	100	100	100	100	100	100	100	100	100	100	100	100	100	100	100	100	100	100	100	100	100	102	126	154	46	125	57	125	19	87	114	38	95	41	124	43	0	61	101	8	59	9	71	0	13	30	28	28	28	28	28	28	28	28	28	28	28	28	28	28	28	28	28	28	28	28	28	28	28	28	28	28	28	28	28	28	28	28	28	28	28	28	28	28	
24	24	3	0	10	71	40	0	84	9	68	10	112	49	30	106	58	120	54	149	64	164	70	174	151	128	126	126	126	126	126	126	126	126	126	126	126	126	126	126	126	126	126	126	126	126	126	126	126	126	126	126	126	126	126	126	126	126	126	126	126	126	126	126	126	128	152	181	75	145	78	145	40	110	128	54	103	42	117	36	0	47	88	0	47	0	46	0	0	0	0	0	0	0	0	0	0	0	0	0	0	0	0	0	0	0	0	0	0	0	0	0	0	0	0	0	0	0	0	0	0	0	0	0	0	0	0	0	
0	0	0	0	18	81	47	0	90	13	81	13	116	51	30	103	53	113	46	140	54	162	66	168	145	122	120	120	120	120	120	120	120	120	120	120	120	120	120	120	120	120	120	120	120	120	120	120	120	120	120	120	120	120	120	120	120	120	120	120	120	120	120	120	120	122	146	175	70	133	68	136	31	101	120	47	98	39	117	38	0	51	93	1	53	0	55	0	0	13	11	11	11	11	11	11	11	11	11	11	11	11	11	11	11	11	11	11	11	11	11	11	11	11	11	11	11	11	11	11	11	11	11	11	11	11	11	11	
7	7	0	0	23	81	47	0	90	13	80	12	115	51	30	103	53	113	46	140	54	161	64	165	142	119	117	117	117	117	117	117	117	117	117	117	117	117	117	117	117	117	117	117	117	117	117	117	117	117	117	117	117	117	117	117	117	117	117	117	117	117	117	117	117	119	143	172	67	131	67	136	31	101	120	47	98	39	117	38	0	51	93	1	53	0	55	0	0	13	11	11	11	11	11	11	11	11	11	11	11	11	11	11	11	11	11	11	11	11	11	11	11	11	11	11	11	11	11	11	11	11	11	11	11	11	11	11	
15	15	0	0	31	87	53	0	95	17	82	13	115	50	28	100	50	110	42	135	48	154	56	156	133	110	108	108	108	108	108	108	108	108	108	108	108	108	108	108	108	108	108	108	108	108	108	108	108	108	108	108	108	108	108	108	108	108	108	108	108	108	108	108	108	110	135	164	60	125	63	133	28	98	118	46	98	40	120	43	0	57	99	9	62	8	66	0	8	25	23	23	23	23	23	23	23	23	23	23	23	23	23	23	23	23	23	23	23	23	23	23	23	23	23	23	23	23	23	23	23	23	23	23	23	23	23	23	
19	19	0	0	4	77	40	0	83	4	78	5	116	50	27	106	54	114	47	138	60	165	66	175	150	127	125	125	125	125	125	125	125	125	125	125	125	125	125	125	125	125	125	125	125	125	125	125	125	125	125	125	125	125	125	125	125	125	125	125	125	125	125	125	125	128	153	184	70	146	74	136	33	104	125	53	97	40	121	37	0	44	87	0	53	0	50	0	0	0	0	0	0	0	0	0	0	0	0	0	0	0	0	0	0	0	0	0	0	0	0	0	0	0	0	0	0	0	0	0	0	0	0	0	0	0	0	0	
0	0	0	0	13	79	49	0	89	11	74	10	118	51	27	105	51	118	50	143	54	167	67	166	149	124	122	122	122	122	122	122	122	122	122	122	122	122	122	122	122	122	122	122	122	122	122	122	122	122	122	122	122	122	122	122	122	122	122	122	122	122	122	122	122	125	151	173	71	137	66	137	35	108	121	50	95	39	121	38	0	49	93	4	51	0	50	0	0	11	9	9	9	9	9	9	9	9	9	9	9	9	9	9	9	9	9	9	9	9	9	9	9	9	9	9	9	9	9	9	9	9	9	9	9	9	9	9	
5	5	0	0	17	80	50	0	89	11	75	11	119	51	27	105	51	117	48	140	52	165	65	164	147	122	119	119	119	119	119	119	119	119	119	119	119	119	119	119	119	119	119	119	119	119	119	119	119	119	119	119	119	119	119	119	119	119	119	119	119	119	119	119	119	122	148	171	69	136	65	136	33	105	119	49	95	39	121	38	0	49	93	4	52	0	52	0	0	11	9	9	9	9	9	9	9	9	9	9	9	9	9	9	9	9	9	9	9	9	9	9	9	9	9	9	9	9	9	9	9	9	9	9	9	9	9	9	
5	5	0	0	17	80	50	0	89	11	75	11	119	51	27	105	51	117	48	140	52	165	65	164	147	122	119	119	119	119	119	119	119	119	119	119	119	119	119	119	119	119	119	119	119	119	119	119	119	119	119	119	119	119	119	119	119	119	119	119	119	119	119	119	119	122	148	171	69	136	65	136	33	105	119	49	95	39	121	38	0	49	93	4	52	0	52	0	0	11	9	9	9	9	9	9	9	9	9	9	9	9	9	9	9	9	9	9	9	9	9	9	9	9	9	9	9	9	9	9	9	9	9	9	9	9	9	9	
13	13	0	0	27	91	59	0	92	14	76	11	118	50	25	102	48	112	41	132	45	157	56	154	138	113	110	110	110	110	110	110	110	110	110	110	110	110	110	110	110	110	110	110	110	110	110	110	110	110	110	110	110	110	110	110	110	110	110	110	110	110	110	110	110	112	139	162	61	127	58	131	30	102	115	46	92	39	122	41	0	56	102	14	60	0	62	0	6	23	21	21	21	21	21	21	21	21	21	21	21	21	21	21	21	21	21	21	21	21	21	21	21	21	21	21	21	21	21	21	21	21	21	21	21	21	21	21	
17	17	0	0	9	73	32	0	88	7	70	3	127	49	24	110	55	118	44	150	62	167	65	181	0	0	0	0	0	0	0	0	0	0	0	0	0	0	0	0	0	0	0	0	0	0	0	0	0	0	0	0	0	0	0	0	0	0	0	0	0	0	0	0	0	0	0	190	69	145	75	152	35	109	122	53	109	36	131	32	0	50	90	0	43	0	53	0	0	0	0	0	0	0	0	0	0	0	0	0	0	0	0	0	0	0	0	0	0	0	0	0	0	0	0	0	0	0	0	0	0	0	0	0	0	0	0	0	
0	0	0	0	17	75	43	0	97	13	73	6	128	49	23	109	53	115	40	153	62	166	66	171	0	0	0	0	0	0	0	0	0	0	0	0	0	0	0	0	0	0	0	0	0	0	0	0	0	0	0	0	0	0	0	0	0	0	0	0	0	0	0	0	0	0	0	178	68	134	75	150	27	104	119	51	96	34	128	32	0	52	102	0	44	0	53	0	0	9	7	7	7	7	7	7	7	7	7	7	7	7	7	7	7	7	7	7	7	7	7	7	7	7	7	7	7	7	7	7	7	7	7	7	7	7	7	7	
3	3	0	0	21	76	44	0	97	13	73	6	128	49	23	109	53	115	40	152	60	163	63	169	0	0	0	0	0	0	0	0	0	0	0	0	0	0	0	0	0	0	0	0	0	0	0	0	0	0	0	0	0	0	0	0	0	0	0	0	0	0	0	0	0	0	0	176	66	133	73	148	25	103	119	51	97	35	129	32	0	52	101	0	44	0	55	0	0	9	7	7	7	7	7	7	7	7	7	7	7	7	7	7	7	7	7	7	7	7	7	7	7	7	7	7	7	7	7	7	7	7	7	7	7	7	7	7	
5	5	0	0	22	76	44	0	97	13	73	6	128	49	23	109	53	115	40	152	60	162	62	168	0	0	0	0	0	0	0	0	0	0	0	0	0	0	0	0	0	0	0	0	0	0	0	0	0	0	0	0	0	0	0	0	0	0	0	0	0	0	0	0	0	0	0	174	65	132	73	148	25	103	119	51	97	35	129	32	0	52	101	0	45	0	57	0	0	12	10	10	10	10	10	10	10	10	10	10	10	10	10	10	10	10	10	10	10	10	10	10	10	10	10	10	10	10	10	10	10	10	10	10	10	10	10	10	
12	12	0	0	21	82	50	0	100	14	72	6	128	49	22	106	48	109	34	144	50	149	47	161	0	0	0	0	0	0	0	0	0	0	0	0	0	0	0	0	0	0	0	0	0	0	0	0	0	0	0	0	0	0	0	0	0	0	0	0	0	0	0	0	0	0	0	169	53	133	66	142	18	98	116	51	97	34	130	35	0	58	106	0	54	0	69	0	0	14	12	12	12	12	12	12	12	12	12	12	12	12	12	12	12	12	12	12	12	12	12	12	12	12	12	12	12	12	12	12	12	12	12	12	12	12	12	12	
8	8	0	0	1	80	37	0	87	0	82	5	128	49	22	105	54	123	47	157	61	177	72	0	0	0	0	0	0	0	0	0	0	0	0	0	0	0	0	0	0	0	0	0	0	0	0	0	0	0	0	0	0	0	0	0	0	0	0	0	0	0	0	0	0	0	0	0	77	159	76	154	31	110	140	48	97	34	129	46	0	45	93	0	50	0	42	0	0	0	0	0	0	0	0	0	0	0	0	0	0	0	0	0	0	0	0	0	0	0	0	0	0	0	0	0	0	0	0	0	0	0	0	0	0	0	0	0	
0	0	0	0	8	87	43	0	93	4	85	6	127	49	22	105	53	120	42	151	55	169	62	0	0	0	0	0	0	0	0	0	0	0	0	0	0	0	0	0	0	0	0	0	0	0	0	0	0	0	0	0	0	0	0	0	0	0	0	0	0	0	0	0	0	0	0	0	63	146	66	146	25	104	133	43	94	34	129	45	0	48	99	0	55	0	50	0	0	7	5	5	5	5	5	5	5	5	5	5	5	5	5	5	5	5	5	5	5	5	5	5	5	5	5	5	5	5	5	5	5	5	5	5	5	5	5	5	
1	1	0	0	11	87	43	0	93	4	85	6	127	50	24	108	56	123	45	154	58	172	65	0	0	0	0	0	0	0	0	0	0	0	0	0	0	0	0	0	0	0	0	0	0	0	0	0	0	0	0	0	0	0	0	0	0	0	0	0	0	0	0	0	0	0	0	0	66	149	69	149	28	107	135	44	94	34	129	45	0	48	99	0	54	0	49	0	0	7	5	5	5	5	5	5	5	5	5	5	5	5	5	5	5	5	5	5	5	5	5	5	5	5	5	5	5	5	5	5	5	5	5	5	5	5	5	5	
10	10	0	0	20	96	50	0	98	10	89	8	126	47	20	94	44	109	30	138	42	155	47	0	0	0	0	0	0	0	0	0	0	0	0	0	0	0	0	0	0	0	0	0	0	0	0	0	0	0	0	0	0	0	0	0	0	0	0	0	0	0	0	0	0	0	0	0	51	133	54	136	15	94	122	32	93	36	133	51	0	55	107	0	63	0	70	0	4	22	20	20	20	20	20	20	20	20	20	20	20	20	20	20	20	20	20	20	20	20	20	20	20	20	20	20	20	20	20	20	20	20	20	20	20	20	20	20	
17	17	0	0	2	77	31	0	93	0	74	0	128	46	27	109	59	124	43	159	62	175	66	0	0	0	0	0	0	0	0	0	0	0	0	0	0	0	0	0	0	0	0	0	0	0	0	0	0	0	0	0	0	0	0	0	0	0	0	0	0	0	0	0	0	0	0	0	69	153	75	158	30	110	138	48	110	35	134	34	0	41	95	0	44	0	53	0	0	0	0	0	0	0	0	0	0	0	0	0	0	0	0	0	0	0	0	0	0	0	0	0	0	0	0	0	0	0	0	0	0	0	0	0	0	0	0	0	
0	0	0	0	10	87	40	0	99	7	86	5	131	48	26	106	54	118	36	159	60	172	63	0	0	0	0	0	0	0	0	0	0	0	0	0	0	0	0	0	0	0	0	0	0	0	0	0	0	0	0	0	0	0	0	0	0	0	0	0	0	0	0	0	0	0	0	0	65	149	72	157	21	103	132	42	104	31	132	35	0	54	100	0	52	0	63	0	0	4	2	2	2	2	2	2	2	2	2	2	2	2	2	2	2	2	2	2	2	2	2	2	2	2	2	2	2	2	2	2	2	2	2	2	2	2	2	2	
0	0	0	0	16	88	40	0	99	6	84	2	129	47	26	106	54	118	36	158	58	169	60	0	0	0	0	0	0	0	0	0	0	0	0	0	0	0	0	0	0	0	0	0	0	0	0	0	0	0	0	0	0	0	0	0	0	0	0	0	0	0	0	0	0	0	0	0	62	146	69	154	19	102	132	42	104	31	132	35	0	52	98	0	52	0	63	0	0	5	2	2	2	2	2	2	2	2	2	2	2	2	2	2	2	2	2	2	2	2	2	2	2	2	2	2	2	2	2	2	2	2	2	2	2	2	2	2	
2	2	0	0	24	94	44	0	103	10	86	4	131	48	26	103	50	112	31	152	51	162	53	0	0	0	0	0	0	0	0	0	0	0	0	0	0	0	0	0	0	0	0	0	0	0	0	0	0	0	0	0	0	0	0	0	0	0	0	0	0	0	0	0	0	0	0	0	55	141	65	149	14	98	130	41	104	31	134	39	0	57	104	0	61	0	70	0	0	14	11	11	11	11	11	11	11	11	11	11	11	11	11	11	11	11	11	11	11	11	11	11	11	11	11	11	11	11	11	11	11	11	11	11	11	11	11	11	
6	6	0	0	5	76	34	0	100	0	83	0	134	41	17	112	45	125	42	164	52	181	72	0	0	0	0	0	0	0	0	0	0	0	0	0	0	0	0	0	0	0	0	0	0	0	0	0	0	0	0	0	0	0	0	0	0	0	0	0	0	0	0	0	0	0	0	0	73	160	67	151	25	110	135	49	104	33	137	44	0	46	103	0	43	0	50	0	0	0	0	0	0	0	0	0	0	0	0	0	0	0	0	0	0	0	0	0	0	0	0	0	0	0	0	0	0	0	0	0	0	0	0	0	0	0	0	0	
0	0	0	0	0	75	34	0	96	0	79	0	129	44	19	113	44	130	46	156	54	182	72	0	0	0	0	0	0	0	0	0	0	0	0	0	0	0	0	0	0	0	0	0	0	0	0	0	0	0	0	0	0	0	0	0	0	0	0	0	0	0	0	0	0	0	0	0	74	160	66	153	28	112	137	44	102	33	129	35	0	42	99	0	40	0	51	0	0	0	0	0	0	0	0	0	0	0	0	0	0	0	0	0	0	0	0	0	0	0	0	0	0	0	0	0	0	0	0	0	0	0	0	0	0	0	0	0	
0	0	0	0	10	83	45	0	98	3	88	6	131	46	20	113	44	129	44	154	52	180	70	0	0	0	0	0	0	0	0	0	0	0	0	0	0	0	0	0	0	0	0	0	0	0	0	0	0	0	0	0	0	0	0	0	0	0	0	0	0	0	0	0	0	0	0	0	73	149	64	150	25	109	134	42	101	33	130	36	0	52	100	0	49	0	61	0	0	0	0	0	0	0	0	0	0	0	0	0	0	0	0	0	0	0	0	0	0	0	0	0	0	0	0	0	0	0	0	0	0	0	0	0	0	0	0	0	
0	0	0	0	10	81	42	0	97	2	86	3	129	45	20	113	44	129	44	154	52	180	70	0	0	0	0	0	0	0	0	0	0	0	0	0	0	0	0	0	0	0	0	0	0	0	0	0	0	0	0	0	0	0	0	0	0	0	0	0	0	0	0	0	0	0	0	0	74	151	65	151	25	109	134	42	101	33	130	36	0	50	98	0	47	0	58	0	0	0	0	0	0	0	0	0	0	0	0	0	0	0	0	0	0	0	0	0	0	0	0	0	0	0	0	0	0	0	0	0	0	0	0	0	0	0	0	0	
