0	0	0	0	0	0	0	0	0	0	0	0	0	0	0	0	0	0	0	0	0	0	0	0	0	0	0	0	0	0	0	0	0	0	0	0	0	0	0	0	0	0	0	0	0	0	0	0	0	0	0	0	0	0	0	0	0	0	0	0	0	0	0	0	0	0	0	0	0	0	0	0	0	0	0	0	0	0	0	0	0	0	0	0	0	0	0	0	0	0	0	0	0	0	0	0	0	0	0	0	0	0	0	0	0	0	0	0	0	0	0	0	0	0	0	0	0	0	0	0	0	0	0	0	0	0	0	0	
0	0	0	255	255	255	255	255	255	255	255	255	255	255	255	255	255	255	255	255	255	255	255	255	255	255	255	255	255	255	255	255	255	255	255	255	255	255	255	255	255	255	255	255	255	255	255	255	255	255	255	255	255	255	255	255	255	255	255	255	255	255	255	255	255	255	255	255	255	255	255	255	255	255	255	255	255	255	255	255	255	255	255	255	255	255	255	255	255	255	255	255	255	255	255	255	255	255	255	255	255	255	255	255	255	255	255	255	255	255	255	255	255	255	255	255	255	255	255	255	255	255	255	255	255	255	255	255	
255	255	255	255	160	42	42	42	42	42	42	42	42	42	42	42	42	42	42	42	42	42	42	42	42	42	42	42	42	42	42	42	42	42	42	42	42	42	42	42	42	42	42	42	42	40	36	45	46	53	47	55	46	59	57	71	61	69	61	69	71	81	74	64	81	90	84	82	82	82	82	82	82	82	82	82	82	82	82	82	82	82	82	82	82	82	82	82	82	82	82	82	82	82	82	82	82	82	82	82	82	82	82	82	82	82	82	82	84	87	86	86	68	75	81	72	72	63	70	61	71	57	69	53	53	52	51	59	
47	47	50	48	55	61	61	61	61	61	61	61	61	61	61	61	61	61	61	61	61	61	61	61	61	61	61	61	61	61	61	61	61	61	61	61	61	61	61	61	61	61	61	61	61	59	55	65	55	71	53	71	52	65	60	72	61	69	61	69	58	76	67	58	74	72	73	70	70	70	70	70	70	70	70	70	70	70	70	70	70	70	70	70	70	70	70	70	70	70	70	70	70	70	70	70	70	70	70	70	70	70	70	70	70	70	70	70	72	76	65	75	58	67	75	66	67	60	69	61	71	57	69	54	66	58	58	65	
66	66	70	54	57	58	58	58	58	58	58	58	58	58	58	58	58	58	58	58	58	58	58	58	58	58	58	58	58	58	58	58	58	58	58	58	58	58	58	58	58	58	58	58	58	56	52	62	53	69	52	69	51	64	60	72	61	69	61	69	59	77	68	58	74	73	74	71	70	70	70	70	70	70	70	70	70	70	70	70	70	70	70	70	70	70	70	70	70	70	70	70	70	70	70	70	70	70	70	70	70	70	70	70	70	70	70	70	72	76	66	76	59	67	75	66	67	60	69	61	71	57	69	54	65	57	57	65	
71	71	79	64	68	70	70	70	70	70	70	70	70	70	70	70	70	70	70	70	70	70	70	70	70	70	70	70	70	70	70	70	70	70	70	70	70	70	70	70	70	70	70	70	70	67	62	71	61	76	57	73	54	66	61	71	59	66	58	66	55	71	61	48	62	59	61	59	58	58	58	58	58	58	58	58	58	58	58	58	58	58	58	58	58	58	58	58	58	58	58	58	58	58	58	58	58	58	58	58	58	58	58	58	58	58	58	58	61	67	58	69	53	63	72	63	64	58	68	62	74	61	74	59	71	63	64	73	
74	74	83	34	42	44	44	44	44	44	44	44	44	44	44	44	44	44	44	44	44	44	44	44	44	44	44	44	44	44	44	44	44	44	44	44	44	44	44	44	44	44	44	44	44	41	35	52	42	57	46	59	48	60	53	72	58	74	65	72	60	74	72	68	70	93	93	81	81	81	81	81	81	81	81	81	81	81	81	81	81	81	81	81	81	81	81	81	81	81	81	81	81	81	81	81	81	81	81	81	81	81	81	81	81	81	81	82	86	93	77	78	72	74	76	69	71	65	76	61	74	53	57	55	58	53	53	62	
54	54	60	41	50	56	56	56	56	56	56	56	56	56	56	56	56	56	56	56	56	56	56	56	56	56	56	56	56	56	56	56	56	56	56	56	56	56	56	56	56	56	56	56	56	53	47	63	52	67	45	67	53	64	56	74	59	73	63	69	56	79	75	60	72	82	80	75	75	76	76	76	76	76	76	76	76	76	76	76	76	76	76	76	76	76	76	76	76	76	76	76	76	76	76	76	76	76	76	76	76	76	76	76	76	76	76	77	82	80	65	78	62	74	78	64	68	62	73	59	73	53	68	57	73	50	52	60	
63	63	69	47	53	56	56	56	56	56	56	56	56	56	56	56	56	56	56	56	56	56	56	56	56	56	56	56	56	56	56	56	56	56	56	56	56	56	56	56	56	56	56	56	56	53	47	63	52	67	46	68	54	64	56	74	59	73	63	69	56	78	73	58	70	81	79	74	73	73	73	73	73	73	73	73	73	73	73	73	73	73	73	73	73	73	73	73	73	73	73	73	73	73	73	73	73	73	73	73	73	73	73	73	73	73	73	74	79	78	64	77	61	72	76	62	67	62	73	59	73	53	67	56	71	50	53	63	
65	65	72	50	56	59	59	59	59	59	59	59	59	59	59	59	59	59	59	59	59	59	59	59	59	59	59	59	59	59	59	59	59	59	59	59	59	59	59	59	59	59	59	59	59	56	49	65	53	68	46	68	54	64	56	74	59	72	61	66	54	76	72	56	68	79	78	74	73	73	73	73	73	73	73	73	73	73	73	73	73	73	73	73	73	73	73	73	73	73	73	73	73	73	73	73	73	73	73	73	73	73	73	73	73	73	73	73	77	76	62	76	59	71	74	61	66	62	73	59	73	53	68	57	72	50	54	65	
74	74	85	54	61	64	64	64	64	64	64	64	64	64	64	64	64	64	64	64	64	64	64	64	64	64	64	64	64	64	64	64	64	64	64	64	64	64	64	64	64	64	64	64	64	59	51	64	61	64	53	73	58	66	57	73	57	69	57	70	56	78	62	56	56	77	74	61	61	61	61	61	61	61	61	61	61	61	61	61	61	61	61	61	61	61	61	61	61	61	61	61	61	61	61	61	61	61	61	61	61	61	61	61	61	61	61	62	66	74	60	66	63	64	78	55	71	59	72	60	75	57	72	63	68	57	60	72	
70	70	82	26	37	41	41	41	41	41	41	41	41	41	41	41	41	41	41	41	41	41	41	41	41	41	41	41	41	41	41	41	41	41	41	41	41	41	41	41	41	41	41	41	41	36	26	57	41	63	40	61	44	60	50	74	56	76	63	76	61	81	74	65	84	93	91	86	86	87	87	87	87	87	87	87	87	87	87	87	87	87	87	87	87	87	87	87	87	87	87	87	87	87	87	87	87	87	87	87	87	87	87	87	87	87	87	88	93	91	77	93	72	77	81	69	75	64	78	59	76	50	67	48	65	44	48	59	
60	60	70	34	46	53	53	53	53	53	53	53	53	53	53	53	53	53	53	53	53	53	53	53	53	53	53	53	53	53	53	53	53	53	53	53	53	53	53	53	53	53	53	53	53	48	38	67	50	69	46	66	50	65	54	76	57	75	61	73	58	78	70	60	76	84	81	76	75	75	75	75	75	75	75	75	75	75	75	75	75	75	75	75	75	75	75	75	75	75	75	75	75	75	75	75	75	75	75	75	75	75	75	75	75	75	75	76	81	80	67	83	63	69	76	64	71	60	75	57	75	51	69	52	69	49	53	65	
66	66	76	38	48	53	53	53	53	53	53	53	53	53	53	53	53	53	53	53	53	53	53	53	53	53	53	53	53	53	53	53	53	53	53	53	53	53	53	53	53	53	53	53	53	48	38	67	50	69	46	66	50	65	54	76	57	75	61	73	58	78	70	60	76	84	81	76	75	75	75	75	75	75	75	75	75	75	75	75	75	75	75	75	75	75	75	75	75	75	75	75	75	75	75	75	75	75	75	75	75	75	75	75	75	75	75	76	81	80	67	83	63	69	76	64	71	60	75	57	75	51	69	52	69	49	53	65	
68	68	79	41	51	56	56	56	56	56	56	56	56	56	56	56	56	56	56	56	56	56	56	56	56	56	56	56	56	56	56	56	56	56	56	56	56	56	56	56	56	56	56	56	56	51	40	69	51	70	46	66	50	65	54	76	57	74	59	70	56	76	69	58	74	82	80	76	75	75	75	75	75	75	75	75	75	75	75	75	75	75	75	75	75	75	75	75	75	75	75	75	75	75	75	75	75	75	75	75	75	75	75	75	75	75	75	75	79	78	65	82	61	68	74	63	70	60	75	57	75	51	70	53	70	49	54	67	
75	75	89	43	54	59	59	59	59	59	59	59	59	59	59	59	59	59	59	59	59	59	59	59	59	59	59	59	59	59	59	59	59	59	59	59	59	59	59	59	59	59	59	59	59	54	44	69	60	66	53	71	54	67	55	75	55	71	55	74	58	79	61	59	63	80	76	63	63	63	63	63	63	63	63	63	63	63	63	63	63	63	63	63	63	63	63	63	63	63	63	63	63	63	63	63	63	63	63	63	63	63	63	63	63	63	63	64	68	77	65	74	65	61	78	57	75	57	74	58	77	54	73	58	66	56	61	76	
71	71	84	22	36	42	42	42	42	42	42	42	42	42	42	42	42	42	42	42	42	42	42	42	42	42	42	42	42	42	42	42	42	42	42	42	42	42	42	42	42	42	42	42	42	37	27	54	32	66	40	59	40	62	47	76	54	79	62	80	63	82	74	61	83	97	93	88	88	89	89	89	89	89	89	89	89	89	89	89	89	89	89	89	89	89	89	89	89	89	89	89	89	89	89	89	89	89	89	89	89	89	89	89	89	89	89	90	95	94	83	93	67	75	81	71	79	63	81	57	78	46	66	51	62	43	49	64	
55	55	65	30	43	51	51	51	51	51	51	51	51	51	51	51	51	51	51	51	51	51	51	51	51	51	51	51	51	51	51	51	51	51	51	51	51	51	51	51	51	51	51	51	51	46	36	63	42	74	47	64	46	67	51	78	55	78	60	77	60	79	70	57	77	90	84	78	77	77	77	77	77	77	77	77	77	77	77	77	77	77	77	77	77	77	77	77	77	77	77	77	77	77	77	77	77	77	77	77	77	77	77	77	77	77	77	78	83	83	73	84	60	69	77	66	75	59	78	55	77	47	68	54	65	47	54	70	
66	66	77	39	49	54	54	54	54	54	54	54	54	54	54	54	54	54	54	54	54	54	54	54	54	54	54	54	54	54	54	54	54	54	54	54	54	54	54	54	54	54	54	54	54	49	38	65	43	75	47	64	46	67	51	79	57	80	61	76	59	78	70	57	76	89	83	78	77	77	77	77	77	77	77	77	77	77	77	77	77	77	77	77	77	77	77	77	77	77	77	77	77	77	77	77	77	77	77	77	77	77	77	77	77	77	77	77	82	82	73	84	59	69	77	68	77	61	79	55	77	47	68	54	65	47	55	72	
75	75	90	44	55	60	60	60	60	60	60	60	60	60	60	60	60	60	60	60	60	60	60	60	60	60	60	60	60	60	60	60	60	60	60	60	60	60	60	60	60	60	60	60	60	54	42	67	57	77	56	68	49	69	52	77	54	67	49	72	50	75	58	46	65	76	79	65	65	65	65	65	65	65	65	65	65	65	65	65	65	65	65	65	65	65	65	65	65	65	65	65	65	65	65	65	65	65	65	65	65	65	65	65	65	65	65	65	70	81	62	73	48	59	80	54	74	49	69	57	80	51	73	61	76	60	67	83	
69	69	83	13	28	34	34	34	34	34	34	34	34	34	34	34	34	34	34	34	34	34	34	34	34	34	34	34	34	34	34	34	34	34	34	34	34	34	34	34	34	34	34	34	34	28	16	50	38	50	19	57	44	62	45	78	52	83	65	79	55	95	84	73	85	105	105	90	90	91	91	91	91	91	91	91	91	91	91	91	91	91	91	91	91	91	91	91	91	91	91	91	91	91	91	91	91	91	91	91	91	91	91	91	91	91	91	92	97	108	79	91	75	86	99	67	78	65	86	57	81	44	56	55	61	31	31	55	
52	52	63	29	43	52	52	52	52	52	52	52	52	52	52	52	52	52	52	52	52	52	52	52	52	52	52	52	52	52	52	52	52	52	52	52	52	52	52	52	52	52	52	52	52	46	34	68	46	68	37	76	51	66	48	80	53	81	61	74	51	90	76	62	75	87	87	79	78	79	79	79	79	79	79	79	79	79	79	79	79	79	79	79	79	79	79	79	79	79	79	79	79	79	79	79	79	79	79	79	79	79	79	79	79	79	79	80	86	87	69	81	65	75	88	58	72	60	81	53	79	44	68	57	73	44	49	66	
67	67	79	33	44	49	49	49	49	49	49	49	49	49	49	49	49	49	49	49	49	49	49	49	49	49	49	49	49	49	49	49	49	49	49	49	49	49	49	49	49	49	49	49	49	43	31	65	44	66	35	73	49	65	48	80	53	81	61	74	51	90	76	62	75	88	89	81	79	79	79	79	79	79	79	79	79	79	79	79	79	79	79	79	79	79	79	79	79	79	79	79	79	79	79	79	79	79	79	79	79	79	79	79	79	79	79	80	86	88	70	82	65	75	88	58	72	60	81	53	79	44	67	56	71	42	46	64	
72	72	88	43	55	61	61	61	61	61	61	61	61	61	61	61	61	61	61	61	61	61	61	61	61	61	61	61	61	61	61	61	61	61	61	61	61	61	61	61	61	61	61	61	61	55	43	75	52	72	41	77	51	65	48	80	53	79	57	68	45	84	69	52	62	74	76	69	67	67	67	67	67	67	67	67	67	67	67	67	67	67	67	67	67	67	67	67	67	67	67	67	67	67	67	67	67	67	67	67	67	67	67	67	67	67	67	68	75	78	62	75	59	69	82	54	70	60	81	53	79	46	71	62	77	48	54	74	
76	76	92	13	29	35	35	35	35	35	35	35	35	35	35	35	35	35	35	35	35	35	35	35	35	35	35	35	35	35	35	35	35	35	35	35	35	35	35	35	35	35	35	35	35	29	17	49	24	61	28	64	36	67	48	80	53	79	55	83	58	97	81	63	79	107	107	91	90	90	90	90	90	90	90	90	90	90	90	90	90	90	90	90	90	90	90	90	90	90	90	90	90	90	90	90	90	90	90	90	90	90	90	90	90	90	90	91	98	102	79	94	71	82	95	67	85	58	81	53	79	46	73	47	64	35	41	63	
50	50	62	21	37	47	47	47	47	47	47	47	47	47	47	47	47	47	47	47	47	47	47	47	47	47	47	47	47	47	47	47	47	47	47	47	47	47	47	47	47	47	47	47	47	41	29	61	36	71	36	70	42	71	50	80	53	79	55	81	54	91	75	56	81	96	93	84	83	84	84	84	84	84	84	84	84	84	84	84	84	84	84	84	84	84	84	84	84	84	84	84	84	84	84	84	84	84	84	84	84	84	84	84	84	84	84	85	92	97	74	92	62	75	89	61	79	54	79	53	79	46	73	49	68	41	47	69	
62	62	74	29	41	47	47	47	47	47	47	47	47	47	47	47	47	47	47	47	47	47	47	47	47	47	47	47	47	47	47	47	47	47	47	47	47	47	47	47	47	47	47	47	47	41	29	61	36	71	36	70	42	71	50	80	53	79	55	81	54	91	75	56	80	95	92	83	81	81	81	81	81	81	81	81	81	81	81	81	81	81	81	81	81	81	81	81	81	81	81	81	81	81	81	81	81	81	81	81	81	81	81	81	81	81	81	82	89	94	71	89	60	74	89	61	79	54	79	53	79	46	73	49	68	41	47	69	
64	64	77	32	44	50	50	50	50	50	50	50	50	50	50	50	50	50	50	50	50	50	50	50	50	50	50	50	50	50	50	50	50	50	50	50	50	50	50	50	50	50	50	50	50	44	31	63	38	73	37	70	41	70	49	80	53	79	55	81	54	91	75	55	78	93	91	83	81	81	81	81	81	81	81	81	81	81	81	81	81	81	81	81	81	81	81	81	81	81	81	81	81	81	81	81	81	81	81	81	81	81	81	81	81	81	81	82	89	94	71	89	60	74	89	61	79	54	79	53	79	46	73	49	69	43	50	72	
73	73	90	37	50	56	56	56	56	56	56	56	56	56	56	56	56	56	56	56	56	56	56	56	56	56	56	56	56	56	56	56	56	56	56	56	56	56	56	56	56	56	56	56	55	47	32	62	46	70	34	75	46	73	58	77	50	76	52	77	49	85	69	48	69	92	90	73	72	72	72	72	72	72	72	72	72	72	72	72	72	72	72	72	72	72	72	72	72	72	72	72	72	72	72	72	72	72	72	72	72	72	72	72	72	72	72	73	80	86	64	83	54	69	85	58	76	51	76	52	81	50	78	54	75	50	49	72	
69	69	87	9	26	33	33	33	33	33	33	33	33	33	33	33	33	33	33	33	33	33	33	33	33	33	33	33	33	33	33	33	33	33	33	33	33	33	33	33	33	33	33	33	32	23	16	54	36	59	22	70	39	57	42	78	58	83	59	83	53	96	79	58	78	108	104	88	88	89	89	89	89	89	89	89	89	89	89	89	89	89	89	89	89	89	89	89	89	89	89	89	89	89	89	89	89	89	89	89	89	89	89	89	89	89	89	90	97	102	82	92	64	80	98	63	83	59	84	59	88	40	61	49	61	38	37	61	
59	59	75	17	35	45	45	45	45	45	45	45	45	45	45	45	45	45	45	45	45	45	45	45	45	45	45	45	45	45	45	45	45	45	45	45	45	45	45	45	45	45	45	45	44	35	27	64	35	66	28	75	42	69	55	82	50	82	56	80	49	99	81	58	78	108	103	85	85	86	86	86	86	86	86	86	86	86	86	86	86	86	86	86	86	86	86	86	86	86	86	86	86	86	86	86	86	86	86	86	86	86	86	86	86	86	86	87	94	100	79	90	63	81	99	57	79	56	82	47	85	47	70	51	76	34	44	67	
65	65	81	21	37	45	45	45	45	45	45	45	45	45	45	45	45	45	45	45	45	45	45	45	45	45	45	45	45	45	45	45	45	45	45	45	45	45	45	45	45	45	45	45	44	35	27	64	36	67	29	75	42	68	53	80	50	83	57	80	49	98	79	55	75	105	100	82	82	83	83	83	83	83	83	83	83	83	83	83	83	83	83	83	83	83	83	83	83	83	83	83	83	83	83	83	83	83	83	83	83	83	83	83	83	83	83	84	91	97	76	87	60	78	96	55	78	56	82	48	86	47	68	49	74	34	44	68	
65	65	81	21	37	45	45	45	45	45	45	45	45	45	45	45	45	45	45	45	45	45	45	45	45	45	45	45	45	45	45	45	45	45	45	45	45	45	45	45	45	45	45	45	44	35	26	63	35	67	29	75	42	68	53	81	52	85	59	82	52	101	82	58	78	108	103	85	85	86	86	86	86	86	86	86	86	86	86	86	86	86	86	86	86	86	86	86	86	86	86	86	86	86	86	86	86	86	86	86	86	86	86	86	86	86	86	87	94	100	79	90	63	81	98	57	80	58	83	48	86	47	68	48	73	33	44	68	
73	73	93	33	49	57	57	57	57	57	57	57	57	57	57	57	57	57	57	57	57	57	57	57	57	57	57	57	57	57	57	57	57	57	57	57	57	57	57	57	57	57	57	57	56	46	36	70	50	72	35	81	48	72	54	78	48	71	44	76	35	86	65	41	60	89	84	67	67	68	68	68	68	68	68	68	68	68	68	68	68	68	68	68	68	68	68	68	68	68	68	68	68	68	68	68	68	68	68	68	68	68	68	68	68	68	68	69	76	81	62	74	48	65	84	43	76	45	72	50	90	53	74	55	79	48	50	76	
76	76	97	3	23	31	31	31	31	31	31	31	31	31	31	31	31	31	31	31	31	31	31	31	31	31	31	31	31	31	31	31	31	31	31	31	31	31	31	31	31	31	31	31	31	21	10	51	29	59	21	67	34	58	39	79	55	85	57	88	57	107	87	60	87	115	110	93	93	94	94	94	94	94	94	94	94	94	94	94	94	94	94	94	94	94	94	94	94	94	94	94	94	94	94	94	94	94	94	94	94	94	94	94	94	94	94	95	102	107	89	103	69	87	104	64	89	60	88	59	91	36	59	41	67	26	37	63	
56	56	74	10	31	43	43	43	43	43	43	43	43	43	43	43	43	43	43	43	43	43	43	43	43	43	43	43	43	43	43	43	43	43	43	43	43	43	43	43	43	43	43	43	43	34	14	63	39	67	28	73	39	72	44	83	56	82	51	89	57	98	78	50	84	111	105	87	87	88	88	88	88	88	88	88	88	88	88	88	88	88	88	88	88	88	88	88	88	88	88	88	88	88	88	88	88	88	88	88	88	88	88	88	88	88	88	89	96	102	83	98	57	77	94	63	88	52	82	54	88	36	71	55	72	33	44	70	
65	65	83	16	34	43	43	43	43	43	43	43	43	43	43	43	43	43	43	43	43	43	43	43	43	43	43	43	43	43	43	43	43	43	43	43	43	43	43	43	43	43	43	43	43	34	15	64	40	67	28	73	39	71	43	82	56	82	51	88	55	96	77	50	83	109	102	84	84	85	85	85	85	85	85	85	85	85	85	85	85	85	85	85	85	85	85	85	85	85	85	85	85	85	85	85	85	85	85	85	85	85	85	85	85	85	85	86	93	99	80	95	55	76	94	62	86	50	81	54	88	36	70	53	70	32	44	70	
73	73	95	28	46	55	55	55	55	55	55	55	55	55	55	55	55	55	55	55	55	55	55	55	55	55	55	55	55	55	55	55	55	55	55	55	55	55	55	55	55	55	55	55	54	45	26	74	48	74	36	80	43	72	44	82	55	79	48	85	52	92	72	44	76	101	93	75	75	76	76	76	76	76	76	76	76	76	76	76	76	76	76	76	76	76	76	76	76	76	76	76	76	76	76	76	76	76	76	76	76	76	76	76	76	76	76	77	85	92	74	90	51	73	91	59	83	49	81	55	89	40	77	60	76	36	51	79	
77	77	99	0	20	29	29	29	29	29	29	29	29	29	29	29	29	29	29	29	29	29	29	29	29	29	29	29	29	29	29	29	29	29	29	29	29	29	29	29	29	29	29	29	29	19	10	48	21	63	24	60	22	67	45	83	45	87	53	89	56	97	75	56	86	110	110	92	92	93	93	93	93	93	93	93	93	93	93	93	93	93	93	93	93	93	93	93	93	93	93	93	93	93	93	93	93	93	93	93	93	93	93	93	93	93	93	94	103	110	85	101	63	75	95	63	89	56	90	46	91	43	72	39	54	33	37	77	
51	51	69	6	28	41	41	41	41	41	41	41	41	41	41	41	41	41	41	41	41	41	41	41	41	41	41	41	41	41	41	41	41	41	41	41	41	41	41	41	41	41	41	41	41	32	13	61	23	74	32	67	30	74	49	84	46	87	51	93	59	100	80	50	89	110	110	90	89	90	90	90	90	90	90	90	90	90	90	90	90	90	90	90	90	90	90	90	90	90	90	90	90	90	90	90	90	90	90	90	90	90	90	90	90	90	90	91	100	109	75	103	55	78	97	67	93	52	87	45	92	35	75	35	62	40	44	73	
63	63	81	14	32	41	41	41	41	41	41	41	41	41	41	41	41	41	41	41	41	41	41	41	41	41	41	41	41	41	41	41	41	41	41	41	41	41	41	41	41	41	41	41	41	32	14	62	25	75	33	67	30	74	49	84	46	87	51	92	57	97	77	48	87	108	107	87	86	87	87	87	87	87	87	87	87	87	87	87	87	87	87	87	87	87	87	87	87	87	87	87	87	87	87	87	87	87	87	87	87	87	87	87	87	87	87	88	97	106	73	101	54	76	95	64	90	50	86	45	92	36	76	37	63	41	44	74	
65	65	84	17	35	44	44	44	44	44	44	44	44	44	44	44	44	44	44	44	44	44	44	44	44	44	44	44	44	44	44	44	44	44	44	44	44	44	44	44	44	44	44	44	43	34	15	64	27	77	34	67	30	74	49	84	47	88	53	93	58	96	76	47	87	108	107	87	86	87	87	87	87	87	87	87	87	87	87	87	87	87	87	87	87	87	87	87	87	87	87	87	87	87	87	87	87	87	87	87	87	87	87	87	87	87	87	88	96	105	71	100	53	77	96	66	91	51	86	45	92	36	76	38	65	44	47	77	
72	72	94	18	37	46	46	46	46	46	46	46	46	46	46	46	46	46	46	46	46	46	46	46	46	46	46	46	46	46	46	46	46	46	46	46	46	46	46	46	46	46	46	46	46	35	26	63	36	75	30	71	33	76	50	83	44	85	39	89	42	89	67	46	73	93	92	72	71	72	72	72	72	72	72	72	72	72	72	72	72	72	72	72	72	72	72	72	72	72	72	72	72	72	72	72	72	72	72	72	72	72	72	72	72	72	72	73	83	93	72	90	54	68	91	52	89	39	86	45	93	38	79	43	72	44	46	76	
68	68	90	0	20	30	30	30	30	30	30	30	30	30	30	30	30	30	30	30	30	30	30	30	30	30	30	30	30	30	30	30	30	30	30	30	30	30	30	30	30	30	30	30	30	20	0	55	16	65	18	67	27	69	42	84	43	91	55	95	57	111	88	56	90	127	124	105	104	105	105	105	105	105	105	105	105	105	105	105	105	105	105	105	105	105	105	105	105	105	105	105	105	105	105	105	105	105	105	105	105	105	105	105	105	105	105	106	116	127	88	109	63	87	111	66	95	56	93	45	93	39	72	36	68	22	36	66	
58	58	78	5	27	39	39	39	39	39	39	39	39	39	39	39	39	39	39	39	39	39	39	39	39	39	39	39	39	39	39	39	39	39	39	39	39	39	39	39	39	39	39	39	39	29	9	64	25	72	25	72	31	72	45	86	44	90	52	91	52	105	80	48	82	117	111	90	89	90	90	90	90	90	90	90	90	90	90	90	90	90	90	90	90	90	90	90	90	90	90	90	90	90	90	90	90	90	90	90	90	90	90	90	90	90	90	91	101	112	75	98	55	79	103	58	89	51	89	42	92	39	73	38	71	27	42	73	
64	64	84	9	29	39	39	39	39	39	39	39	39	39	39	39	39	39	39	39	39	39	39	39	39	39	39	39	39	39	39	39	39	39	39	39	39	39	39	39	39	39	39	39	38	28	7	63	24	72	25	72	31	72	45	86	44	90	53	92	54	106	82	50	85	120	114	93	92	93	93	93	93	93	93	93	93	93	93	93	93	93	93	93	93	93	93	93	93	93	93	93	93	93	93	93	93	93	93	93	93	93	93	93	93	93	93	94	104	115	77	100	56	81	104	59	89	51	89	42	92	38	72	36	70	26	42	73	
74	74	99	24	44	54	54	54	54	54	54	54	54	54	54	54	54	54	54	54	54	54	54	54	54	54	54	54	54	54	54	54	54	54	54	54	54	54	54	54	54	54	54	54	53	41	28	71	40	77	31	77	34	73	45	86	44	88	48	86	37	100	64	41	66	101	96	74	73	74	74	74	74	74	74	74	74	74	74	74	74	74	74	74	74	74	74	74	74	74	74	74	74	74	74	74	74	74	74	74	74	74	74	74	74	74	74	75	85	97	60	83	50	65	99	46	88	51	89	42	92	40	75	52	75	42	49	83	
78	78	104	0	11	21	21	21	21	21	21	21	21	21	21	21	21	21	21	21	21	21	21	21	21	21	21	21	21	21	21	21	21	21	21	21	21	21	21	21	21	21	21	21	20	8	0	45	10	65	17	64	20	67	46	86	44	88	46	100	60	112	85	58	92	126	122	100	99	100	100	100	100	100	100	100	100	100	100	100	100	100	100	100	100	100	100	100	100	100	100	100	100	100	100	100	100	100	100	100	100	100	100	100	100	100	100	101	111	123	87	112	70	87	111	69	103	50	89	42	92	40	77	36	62	18	36	71	
52	52	74	0	21	36	36	36	36	36	36	36	36	36	36	36	36	36	36	36	36	36	36	36	36	36	36	36	36	36	36	36	36	36	36	36	36	36	36	36	36	36	36	36	35	23	9	59	23	75	25	70	26	72	49	87	44	88	46	98	55	105	77	49	89	122	116	95	94	95	95	95	95	95	95	95	95	95	95	95	95	95	95	95	95	95	95	95	95	95	95	95	95	95	95	95	95	95	95	95	95	95	95	95	95	95	95	96	106	117	81	107	58	77	103	61	96	45	87	42	92	40	77	38	66	25	43	78	
64	64	86	3	25	36	36	36	36	36	36	36	36	36	36	36	36	36	36	36	36	36	36	36	36	36	36	36	36	36	36	36	36	36	36	36	36	36	36	36	36	36	36	36	35	23	9	59	23	75	25	70	26	72	49	87	44	88	46	98	55	105	77	49	88	120	113	92	91	92	92	92	92	92	92	92	92	92	92	92	92	92	92	92	92	92	92	92	92	92	92	92	92	92	92	92	92	92	92	92	92	92	92	92	92	92	92	93	103	114	78	104	56	76	103	61	96	45	87	42	92	40	77	38	66	25	43	78	
64	64	86	3	25	36	36	36	36	36	36	36	36	36	36	36	36	36	36	36	36	36	36	36	36	36	36	36	36	36	36	36	36	36	36	36	36	36	36	36	36	36	36	36	35	23	9	59	23	75	25	70	26	72	49	87	45	90	49	101	58	107	79	51	91	123	116	95	94	95	95	95	95	95	95	95	95	95	95	95	95	95	95	95	95	95	95	95	95	95	95	95	95	95	95	95	95	95	95	95	95	95	95	95	95	95	95	96	106	117	80	106	58	79	106	64	98	46	87	42	92	40	77	37	65	24	43	78	
72	72	98	15	37	48	48	48	48	48	48	48	48	48	48	48	48	48	48	48	48	48	48	48	48	48	48	48	48	48	48	48	48	48	48	48	48	48	48	48	48	48	48	48	47	34	19	69	34	85	33	75	30	74	49	85	41	86	36	86	41	88	61	42	72	103	97	76	75	76	76	76	76	76	76	76	76	76	76	76	76	76	76	76	76	76	76	76	76	76	76	76	76	76	76	76	76	76	76	76	76	76	76	76	76	76	76	77	87	100	63	88	48	62	91	52	86	35	86	42	95	44	82	44	74	45	53	88	
75	75	102	0	11	22	22	22	22	22	22	22	22	22	22	22	22	22	22	22	22	22	22	22	22	22	22	22	22	22	22	22	22	22	22	22	22	22	22	22	22	22	22	22	21	8	0	50	16	58	4	63	15	68	42	85	49	92	51	101	54	118	88	70	90	130	132	101	101	102	102	102	102	102	102	102	102	102	102	102	102	102	102	102	102	102	102	102	102	102	102	102	102	102	102	102	102	102	102	102	102	102	102	102	102	102	102	103	114	127	92	106	76	89	121	66	102	52	94	51	94	37	65	38	61	16	26	60	
55	55	79	0	19	34	34	34	34	34	34	34	34	34	34	34	34	34	34	34	34	34	34	34	34	34	34	34	34	34	34	34	34	34	34	34	34	34	34	34	34	34	34	34	33	20	4	61	26	68	15	72	32	72	46	87	49	90	47	96	48	109	86	56	88	118	119	96	95	97	97	97	97	97	97	97	97	97	97	97	97	97	97	97	97	97	97	97	97	97	97	97	97	97	97	97	97	97	97	97	97	97	97	97	97	97	97	98	109	122	78	104	63	86	108	56	94	46	89	47	92	36	76	40	74	22	36	72	
64	64	88	0	22	34	34	34	34	34	34	34	34	34	34	34	34	34	34	34	34	34	34	34	34	34	34	34	34	34	34	34	34	34	34	34	34	34	34	34	34	34	34	34	33	20	4	61	26	68	15	72	31	71	45	87	49	90	47	96	48	109	85	55	86	117	118	95	93	94	94	94	94	94	94	94	94	94	94	94	94	94	94	94	94	94	94	94	94	94	94	94	94	94	94	94	94	94	94	94	94	94	94	94	94	94	94	95	106	119	76	102	62	84	107	55	94	46	89	47	92	36	75	39	72	21	35	72	
72	72	100	10	34	46	46	46	46	46	46	46	46	46	46	46	46	46	46	46	46	46	46	46	46	46	46	46	46	46	46	46	46	46	46	46	46	46	46	46	46	46	46	46	44	29	11	67	32	73	20	76	35	73	46	86	47	87	44	92	44	104	79	46	75	106	108	86	84	85	85	85	85	85	85	85	85	85	85	85	85	85	85	85	85	85	85	85	85	85	85	85	85	85	85	85	85	85	85	85	85	85	85	85	85	85	85	86	96	109	67	96	57	80	103	52	91	44	88	48	94	39	79	43	77	26	42	80	
77	77	107	0	11	23	23	23	23	23	23	23	23	23	23	23	23	23	23	23	23	23	23	23	23	23	23	23	23	23	23	23	23	23	23	23	23	23	23	23	23	23	23	23	22	6	0	58	22	63	9	74	21	68	38	87	46	94	49	98	48	118	82	57	91	130	132	101	100	101	101	101	101	101	101	101	101	101	101	101	101	101	101	101	101	101	101	101	101	101	101	101	101	101	101	101	101	101	101	101	101	101	101	101	101	101	101	102	112	125	93	113	69	83	117	56	98	50	95	47	96	33	76	41	65	24	31	71	
57	57	83	0	10	26	26	26	26	26	26	26	26	26	26	26	26	26	26	26	26	26	26	26	26	26	26	26	26	26	26	26	26	26	26	26	26	26	26	26	26	26	26	26	25	11	0	61	20	60	7	71	17	73	42	89	47	93	47	94	53	112	86	51	95	130	129	97	97	99	99	99	99	99	99	99	99	99	99	99	99	99	99	99	99	99	99	99	99	99	99	99	99	99	99	99	99	99	99	99	99	99	99	99	99	99	99	100	111	123	90	111	58	85	110	61	93	47	92	45	94	34	68	36	61	20	27	67	
58	58	83	0	21	35	35	35	35	35	35	35	35	35	35	35	35	35	35	35	35	35	35	35	35	35	35	35	35	35	35	35	35	35	35	35	35	35	35	35	35	35	35	35	34	20	2	64	23	71	17	72	29	74	43	89	47	93	47	94	52	111	84	50	94	120	118	95	94	96	96	96	96	96	96	96	96	96	96	96	96	96	96	96	96	96	96	96	96	96	96	96	96	96	96	96	96	96	96	96	96	96	96	96	96	96	96	97	108	121	79	109	56	83	109	59	92	46	92	45	94	33	78	36	72	21	37	76	
70	70	97	0	23	35	35	35	35	35	35	35	35	35	35	35	35	35	35	35	35	35	35	35	35	35	35	35	35	35	35	35	35	35	35	35	35	35	35	35	35	35	35	35	34	19	0	62	22	70	15	70	27	73	42	89	48	94	48	94	52	111	84	50	94	121	120	97	95	96	96	96	96	96	96	96	96	96	96	96	96	96	96	96	96	96	96	96	96	96	96	96	96	96	96	96	96	96	96	96	96	96	96	96	96	96	96	97	108	121	80	110	57	83	109	60	93	47	92	45	94	33	77	35	70	20	36	76	
74	74	104	0	25	38	38	38	38	38	38	38	38	38	38	38	38	38	38	38	38	38	38	38	38	38	38	38	38	38	38	38	38	38	38	38	38	38	38	38	38	38	38	38	37	22	2	72	30	76	21	75	31	75	43	88	45	90	34	89	46	105	78	41	82	107	107	85	83	84	84	84	84	84	84	84	84	84	84	84	84	84	84	84	84	84	84	84	84	84	84	84	84	84	84	84	84	84	84	84	84	84	84	84	84	84	84	85	97	112	73	104	51	77	103	54	89	36	92	46	97	38	83	41	76	27	44	86	
70	70	99	0	7	21	21	21	21	21	21	21	21	21	21	21	21	21	21	21	21	21	21	21	21	21	21	21	21	21	21	21	21	21	21	21	21	21	21	21	21	21	21	21	20	6	0	56	2	65	8	62	17	69	36	89	44	97	49	103	60	118	90	53	91	142	139	107	106	107	107	107	107	107	107	107	107	107	107	107	107	107	107	107	107	107	107	107	107	107	107	107	107	107	107	107	107	107	107	107	107	107	107	107	107	107	107	109	122	138	91	115	64	90	116	67	102	51	100	46	97	31	68	28	63	14	32	66	
54	54	80	0	14	30	30	30	30	30	30	30	30	30	30	30	30	30	30	30	30	30	30	30	30	30	30	30	30	30	30	30	30	30	30	30	30	30	30	30	30	30	30	30	29	15	0	57	13	74	16	68	23	74	40	91	45	96	46	98	54	112	84	46	93	132	126	100	99	101	101	101	101	101	101	101	101	101	101	101	101	101	101	101	101	101	101	101	101	101	101	101	101	101	101	101	101	101	101	101	101	101	101	101	101	101	101	103	117	125	79	114	56	84	110	61	96	45	95	43	96	31	79	32	69	20	38	73	
63	63	89	0	17	30	30	30	30	30	30	30	30	30	30	30	30	30	30	30	30	30	30	30	30	30	30	30	30	30	30	30	30	30	30	30	30	30	30	30	30	30	30	30	28	13	0	57	14	75	16	68	23	74	40	91	46	97	48	99	56	113	86	47	93	132	127	102	100	101	101	101	101	101	101	101	101	101	101	101	101	101	101	101	101	101	101	101	101	101	101	101	101	101	101	101	101	101	101	101	101	101	101	101	101	101	101	102	115	124	79	115	56	85	111	63	97	46	95	43	96	31	78	31	68	19	37	72	
65	65	92	0	20	33	33	33	33	33	33	33	33	33	33	33	33	33	33	33	33	33	33	33	33	33	33	33	33	33	33	33	33	33	33	33	33	33	33	33	33	33	33	33	32	16	6	67	16	77	17	68	23	74	40	91	45	97	37	99	45	112	75	46	82	130	125	92	91	92	92	92	92	92	92	92	92	92	92	92	92	92	92	92	92	92	92	92	92	92	92	92	92	92	92	92	92	92	92	92	92	92	92	92	92	92	92	93	105	122	77	104	55	74	111	52	98	36	96	43	96	31	78	32	70	22	39	83	
74	74	105	0	26	39	39	39	39	39	39	39	39	39	39	39	39	39	39	39	39	39	39	39	39	39	39	39	39	39	39	39	39	39	39	39	39	39	39	39	39	39	39	39	38	22	0	67	14	74	14	72	26	76	41	90	43	93	44	94	48	113	75	46	81	127	121	87	87	89	89	89	89	89	89	89	89	89	89	89	89	89	89	89	89	89	89	89	89	89	89	89	89	89	89	89	89	89	89	89	89	89	89	89	89	89	89	91	104	122	77	103	56	76	115	59	94	45	95	45	98	34	81	35	75	20	40	83	
69	69	101	0	2	16	16	16	16	16	16	16	16	16	16	16	16	16	16	16	16	16	16	16	16	16	16	16	16	16	16	16	16	16	16	16	16	16	16	16	16	16	16	16	15	0	0	51	6	64	3	69	20	70	33	91	42	100	49	99	52	124	94	54	99	144	137	111	110	112	112	112	112	112	112	112	112	112	112	112	112	112	112	112	112	112	112	112	112	112	112	112	112	112	112	112	112	112	112	112	112	112	112	112	112	112	112	114	128	137	93	121	64	95	125	61	98	49	101	43	99	26	75	29	69	16	29	64	
59	59	89	0	11	28	28	28	28	28	28	28	28	28	28	28	28	28	28	28	28	28	28	28	28	28	28	28	28	28	28	28	28	28	28	28	28	28	28	28	28	28	28	28	27	11	0	62	15	71	9	74	24	73	36	93	43	99	47	96	49	120	88	47	91	136	128	101	99	100	100	100	100	100	100	100	100	100	100	100	100	100	100	100	100	100	100	100	100	100	100	100	100	100	100	100	100	100	100	100	100	100	100	100	100	100	100	102	116	126	83	112	56	87	118	55	94	46	98	41	98	27	77	32	72	19	33	70	
67	67	98	0	16	31	31	31	31	31	31	31	31	31	31	31	31	31	31	31	31	31	31	31	31	31	31	31	31	31	31	31	31	31	31	31	31	31	31	31	31	31	31	31	30	13	0	63	16	71	9	74	24	73	36	93	43	99	47	96	49	119	87	46	90	135	127	101	99	100	100	100	100	100	100	100	100	100	100	100	100	100	100	100	100	100	100	100	100	100	100	100	100	100	100	100	100	100	100	100	100	100	100	100	100	100	100	101	115	125	82	111	55	87	118	55	94	46	98	41	98	27	77	32	72	19	34	72	
76	76	111	0	21	36	36	36	36	36	36	36	36	36	36	36	36	36	36	36	36	36	36	36	36	36	36	36	36	36	36	36	36	36	36	36	36	36	36	36	36	36	36	36	35	18	0	76	17	80	17	79	27	73	36	93	43	96	42	88	42	112	78	44	77	122	123	88	87	88	88	88	88	88	88	88	88	88	88	88	88	88	88	88	88	88	88	88	88	88	88	88	88	88	88	88	88	88	88	88	88	88	88	88	88	88	88	89	102	122	71	102	56	79	110	50	91	46	98	41	98	29	82	40	81	27	43	83	
72	72	105	0	0	10	10	10	10	10	10	10	10	10	10	10	10	10	10	10	10	10	10	10	10	10	10	10	10	10	10	10	10	10	10	10	10	10	10	10	10	10	10	10	9	0	0	50	0	61	0	67	3	76	36	93	43	96	39	113	54	134	90	54	105	148	149	113	112	114	114	114	114	114	114	114	114	114	114	114	114	114	114	114	114	114	114	114	114	114	114	114	114	114	114	114	114	114	114	114	114	114	114	114	114	114	114	116	129	148	96	129	67	91	131	61	115	43	98	41	98	28	82	23	57	4	19	70	
48	48	77	0	10	29	29	29	29	29	29	29	29	29	29	29	29	29	29	29	29	29	29	29	29	29	29	29	29	29	29	29	29	29	29	29	29	29	29	29	29	29	29	29	28	12	0	60	9	78	13	73	19	80	39	93	43	96	39	110	50	118	84	47	97	139	129	102	100	102	102	102	102	102	102	102	102	102	102	102	102	102	102	102	102	102	102	102	102	102	102	102	102	102	102	102	102	102	102	102	102	102	102	102	102	102	102	104	118	127	85	117	57	84	116	55	107	38	95	41	98	28	81	32	69	19	35	85	
66	66	96	0	12	26	26	26	26	26	26	26	26	26	26	26	26	26	26	26	26	26	26	26	26	26	26	26	26	26	26	26	26	26	26	26	26	26	26	26	26	26	26	26	25	9	0	58	7	76	10	71	17	79	38	93	43	96	39	110	50	119	85	48	97	139	130	103	101	102	102	102	102	102	102	102	102	102	102	102	102	102	102	102	102	102	102	102	102	102	102	102	102	102	102	102	102	102	102	102	102	102	102	102	102	102	102	104	118	128	86	118	57	84	117	56	108	38	95	41	98	28	81	31	67	16	32	82	
65	65	96	0	14	29	29	29	29	29	29	29	29	29	29	29	29	29	29	29	29	29	29	29	29	29	29	29	29	29	29	29	29	29	29	29	29	29	29	29	29	29	29	29	28	11	0	60	10	77	10	70	17	79	38	93	44	98	42	111	50	118	85	48	96	138	129	103	101	102	102	102	102	102	102	102	102	102	102	102	102	102	102	102	102	102	102	102	102	102	102	102	102	102	102	102	102	102	102	102	102	102	102	102	102	102	102	103	117	127	86	118	56	84	118	59	110	39	95	41	98	28	81	32	69	19	35	85	
74	74	109	0	19	34	34	34	34	34	34	34	34	34	34	34	34	34	34	34	34	34	34	34	34	34	34	34	34	34	34	34	34	34	34	34	34	34	34	34	34	34	34	34	33	15	0	71	11	79	8	85	21	81	38	90	40	93	29	98	34	119	75	38	85	125	125	90	89	90	90	90	90	90	90	90	90	90	90	90	90	90	90	90	90	90	90	90	90	90	90	90	90	90	90	90	90	90	90	90	90	90	90	90	90	90	90	91	105	126	76	109	48	76	121	45	97	28	93	41	100	33	87	38	77	19	37	87	
69	69	103	0	0	8	8	8	8	8	8	8	8	8	8	8	8	8	8	8	8	8	8	8	8	8	8	8	8	8	8	8	8	8	8	8	8	8	8	8	8	8	8	8	7	0	0	52	0	60	0	72	5	64	30	101	38	109	44	114	51	132	95	57	103	152	150	115	114	116	116	116	116	116	116	116	116	116	116	116	116	116	116	116	116	116	116	116	116	116	116	116	116	116	116	116	116	116	116	116	116	116	116	116	116	116	116	117	131	152	94	127	68	97	133	59	112	45	111	39	108	24	70	23	63	7	17	68	
51	51	82	0	8	27	27	27	27	27	27	27	27	27	27	27	27	27	27	27	27	27	27	27	27	27	27	27	27	27	27	27	27	27	27	27	27	27	27	27	27	27	27	27	26	8	0	69	8	77	0	79	20	76	42	102	39	98	41	109	37	127	88	49	94	142	139	103	102	104	104	104	104	104	104	104	104	104	104	104	104	104	104	104	104	104	104	104	104	104	104	104	104	104	104	104	104	104	104	104	104	104	104	104	104	104	104	105	119	140	83	117	59	88	126	43	107	40	97	36	105	23	79	35	76	12	23	83	
67	67	99	0	9	24	24	24	24	24	24	24	24	24	24	24	24	24	24	24	24	24	24	24	24	24	24	24	24	24	24	24	24	24	24	24	24	24	24	24	24	24	24	24	23	5	0	66	5	74	0	78	19	74	39	100	38	99	42	110	38	128	89	49	94	142	139	103	102	104	104	104	104	104	104	104	104	104	104	104	104	104	104	104	104	104	104	104	104	104	104	104	104	104	104	104	104	104	104	104	104	104	104	104	104	104	104	105	119	140	83	117	59	88	126	44	108	41	98	37	106	23	78	33	73	10	22	82	
72	72	108	0	20	36	36	36	36	36	36	36	36	36	36	36	36	36	36	36	36	36	36	36	36	36	36	36	36	36	36	36	36	36	36	36	36	36	36	36	36	36	36	36	34	15	0	73	11	80	3	84	25	77	41	97	34	94	37	104	31	122	82	40	83	130	127	91	90	92	92	92	92	92	92	92	92	92	92	92	92	92	92	92	92	92	92	92	92	92	92	92	92	92	92	92	92	92	92	92	92	92	92	92	92	92	92	94	109	131	75	110	53	81	120	39	103	37	95	38	109	28	84	39	79	17	30	91	
75	75	112	0	0	10	10	10	10	10	10	10	10	10	10	10	10	10	10	10	10	10	10	10	10	10	10	10	10	10	10	10	10	10	10	10	10	10	10	10	10	10	10	10	9	0	0	54	0	67	0	72	2	74	25	99	31	117	40	107	51	131	92	49	100	154	150	114	113	115	115	115	115	115	115	115	115	115	115	115	115	115	115	115	115	115	115	115	115	115	115	115	115	115	115	115	115	115	115	115	115	115	115	115	115	115	115	117	133	146	91	128	62	92	130	61	107	41	119	35	109	20	69	26	66	4	19	72	
55	55	89	0	2	22	22	22	22	22	22	22	22	22	22	22	22	22	22	22	22	22	22	22	22	22	22	22	22	22	22	22	22	22	22	22	22	22	22	22	22	22	22	22	21	2	0	66	0	75	0	78	9	80	31	102	33	114	35	110	44	133	92	49	99	151	146	109	108	110	110	110	110	110	110	110	110	110	110	110	110	110	110	110	110	110	110	110	110	110	110	110	110	110	110	110	110	110	110	110	110	110	110	110	110	110	110	112	128	142	88	125	60	92	132	52	109	35	114	31	106	20	81	30	72	10	25	80	
64	64	98	0	5	22	22	22	22	22	22	22	22	22	22	22	22	22	22	22	22	22	22	22	22	22	22	22	22	22	22	22	22	22	22	22	22	22	22	22	22	22	22	22	21	2	0	67	2	76	0	78	9	80	31	102	33	114	35	109	43	131	90	46	96	148	143	106	105	107	107	107	107	107	107	107	107	107	107	107	107	107	107	107	107	107	107	107	107	107	107	107	107	107	107	107	107	107	107	107	107	107	107	107	107	107	107	109	125	139	85	122	57	89	129	50	107	34	113	31	106	20	80	29	71	10	25	80	
66	66	101	0	8	25	25	25	25	25	25	25	25	25	25	25	25	25	25	25	25	25	25	25	25	25	25	25	25	25	25	25	25	25	25	25	25	25	25	25	25	25	25	25	23	4	0	69	3	78	0	79	9	80	31	102	33	114	34	108	42	131	90	46	96	148	143	106	105	107	107	107	107	107	107	107	107	107	107	107	107	107	107	107	107	107	107	107	107	107	107	107	107	107	107	107	107	107	107	107	107	107	107	107	107	107	107	109	125	139	85	122	57	88	128	49	107	34	113	31	107	21	82	31	73	12	26	82	
75	75	114	0	13	30	30	30	30	30	30	30	30	30	30	30	30	30	30	30	30	30	30	30	30	30	30	30	30	30	30	30	30	30	30	30	30	30	30	30	30	30	30	30	29	8	0	69	14	76	8	78	16	83	32	101	31	110	30	102	46	124	83	38	86	137	131	94	93	95	95	95	95	95	95	95	95	95	95	95	95	95	95	95	95	95	95	95	95	95	95	95	95	95	95	95	95	95	95	95	95	95	95	95	95	95	95	97	114	129	77	115	51	83	122	53	102	32	112	33	110	28	79	40	73	12	37	82	
72	72	111	0	0	7	7	7	7	7	7	7	7	7	7	7	7	7	7	7	7	7	7	7	7	7	7	7	7	7	7	7	7	7	7	7	7	7	7	7	7	7	7	7	6	0	0	55	0	68	0	69	0	71	26	102	30	118	36	117	49	137	95	50	107	156	158	120	119	121	121	121	121	121	121	121	121	121	121	121	121	121	121	121	121	121	121	121	121	121	121	121	121	121	121	121	121	121	121	121	121	121	121	121	121	121	121	123	140	156	95	136	63	96	136	57	116	37	120	32	112	12	77	18	63	2	17	74	
55	55	91	0	0	19	19	19	19	19	19	19	19	19	19	19	19	19	19	19	19	19	19	19	19	19	19	19	19	19	19	19	19	19	19	19	19	19	19	19	19	19	19	19	18	0	0	67	0	77	0	76	4	78	32	105	31	117	34	113	45	132	90	44	100	148	148	109	107	109	109	109	109	109	109	109	109	109	109	109	109	109	109	109	109	109	109	109	109	109	109	109	109	109	109	109	109	109	109	109	109	109	109	109	109	109	109	111	128	144	84	126	55	89	130	52	111	33	116	30	111	14	80	24	69	9	24	81	
66	66	103	0	4	22	22	22	22	22	22	22	22	22	22	22	22	22	22	22	22	22	22	22	22	22	22	22	22	22	22	22	22	22	22	22	22	22	22	22	22	22	22	22	20	0	0	69	0	78	0	76	4	78	32	106	32	118	34	113	45	131	89	42	99	147	148	109	107	109	109	109	109	109	109	109	109	109	109	109	109	109	109	109	109	109	109	109	109	109	109	109	109	109	109	109	109	109	109	109	109	109	109	109	109	109	109	111	127	143	82	125	54	89	130	52	112	34	117	30	111	14	80	24	69	10	25	83	
75	75	116	0	10	28	28	28	28	28	28	28	28	28	28	28	28	28	28	28	28	28	28	28	28	28	28	28	28	28	28	28	28	28	28	28	28	28	28	28	28	28	28	28	26	4	0	69	10	77	2	79	7	80	33	104	30	105	32	108	38	122	79	42	87	144	135	97	95	97	97	97	97	97	97	97	97	97	97	97	97	97	97	97	97	97	97	97	97	97	97	97	97	97	97	97	97	97	97	97	97	97	97	97	97	97	97	99	116	132	82	114	54	81	125	49	108	32	106	32	114	18	85	30	77	19	35	84	
70	70	110	0	0	2	2	2	2	2	2	2	2	2	2	2	2	2	2	2	2	2	2	2	2	2	2	2	2	2	2	2	2	2	2	2	2	2	2	2	2	2	2	2	1	0	0	51	0	58	0	75	0	73	25	105	28	122	38	116	43	144	99	61	105	161	161	122	121	123	123	123	123	123	123	123	123	123	123	123	123	123	123	123	123	123	123	123	123	123	123	123	123	123	123	123	123	123	123	123	123	123	123	123	123	123	123	125	143	160	101	133	72	99	145	53	115	37	123	31	115	11	68	25	63	0	15	63	
52	52	89	0	0	20	20	20	20	20	20	20	20	20	20	20	20	20	20	20	20	20	20	20	20	20	20	20	20	20	20	20	20	20	20	20	20	20	20	20	20	20	20	20	19	0	0	70	0	76	0	82	5	76	28	107	29	120	35	112	40	139	93	44	97	152	151	111	109	111	111	111	111	111	111	111	111	111	111	111	111	111	111	111	111	111	111	111	111	111	111	111	111	111	111	111	111	111	111	111	111	111	111	111	111	111	111	113	131	149	82	125	55	91	136	46	110	34	119	28	113	11	79	27	76	2	22	81	
68	68	106	0	0	17	17	17	17	17	17	17	17	17	17	17	17	17	17	17	17	17	17	17	17	17	17	17	17	17	17	17	17	17	17	17	17	17	17	17	17	17	17	17	16	0	0	68	0	74	0	81	5	76	28	107	29	120	35	112	40	139	93	45	98	153	151	111	109	111	111	111	111	111	111	111	111	111	111	111	111	111	111	111	111	111	111	111	111	111	111	111	111	111	111	111	111	111	111	111	111	111	111	111	111	111	111	113	131	149	83	126	57	92	137	46	110	34	119	28	113	11	78	26	74	1	21	80	
67	67	106	0	1	20	20	20	20	20	20	20	20	20	20	20	20	20	20	20	20	20	20	20	20	20	20	20	20	20	20	20	20	20	20	20	20	20	20	20	20	20	20	20	18	0	0	69	0	74	0	81	5	76	28	107	29	120	35	112	40	139	93	45	98	153	151	111	109	111	111	111	111	111	111	111	111	111	111	111	111	111	111	111	111	111	111	111	111	111	111	111	111	111	111	111	111	111	111	111	111	111	111	111	111	111	111	113	130	148	82	126	57	92	137	46	110	34	119	28	113	11	78	26	74	1	21	81	
74	74	116	0	4	23	23	23	23	23	23	23	23	23	23	23	23	23	23	23	23	23	23	23	23	23	23	23	23	23	23	23	23	23	23	23	23	23	23	23	23	23	23	23	21	0	0	69	4	78	0	84	7	77	28	107	29	118	31	106	35	134	87	37	89	144	142	102	100	102	102	102	102	102	102	102	102	102	102	102	102	102	102	102	102	102	102	102	102	102	102	102	102	102	102	102	102	102	102	102	102	102	102	102	102	102	102	104	121	138	82	119	52	87	131	42	108	34	119	28	113	12	81	30	78	4	26	88	
70	70	111	0	0	6	6	6	6	6	6	6	6	6	6	6	6	6	6	6	6	6	6	6	6	6	6	6	6	6	6	6	6	6	6	6	6	6	6	6	6	6	6	6	5	0	0	52	0	68	0	80	2	70	29	107	29	118	29	121	47	147	90	48	107	160	158	118	116	118	118	118	118	118	118	118	118	118	118	118	118	118	118	118	118	118	118	118	118	118	118	118	118	118	118	118	118	118	118	118	118	118	118	118	118	118	118	120	138	155	100	137	63	91	145	55	123	32	119	28	113	13	83	25	65	2	22	85	
54	54	92	0	0	15	15	15	15	15	15	15	15	15	15	15	15	15	15	15	15	15	15	15	15	15	15	15	15	15	15	15	15	15	15	15	15	15	15	15	15	15	15	15	14	0	0	63	0	78	0	77	0	74	31	108	29	118	29	119	43	140	93	41	108	159	156	116	114	116	116	116	116	116	116	116	116	116	116	116	116	116	116	116	116	116	116	116	116	116	116	116	116	116	116	116	116	116	116	116	116	116	116	116	116	116	116	118	136	154	89	136	53	93	139	50	117	28	117	28	113	13	84	18	70	0	20	82	
63	63	101	0	0	15	15	15	15	15	15	15	15	15	15	15	15	15	15	15	15	15	15	15	15	15	15	15	15	15	15	15	15	15	15	15	15	15	15	15	15	15	15	15	14	0	0	64	0	79	0	79	0	76	32	108	29	118	29	119	43	140	92	40	106	157	153	113	111	113	113	113	113	113	113	113	113	113	113	113	113	113	113	113	113	113	113	113	113	113	113	113	113	113	113	113	113	113	113	113	113	113	113	113	113	113	113	115	133	151	87	134	52	91	138	49	117	28	117	28	113	13	84	19	71	0	22	85	
65	65	104	0	0	18	18	18	18	18	18	18	18	18	18	18	18	18	18	18	18	18	18	18	18	18	18	18	18	18	18	18	18	18	18	18	18	18	18	18	18	18	18	18	16	0	0	66	0	80	0	79	0	76	32	109	30	119	29	118	42	139	92	40	106	157	153	113	111	113	113	113	113	113	113	113	113	113	113	113	113	113	113	113	113	113	113	113	113	113	113	113	113	113	113	113	113	113	113	113	113	113	113	113	113	113	113	115	133	151	87	134	51	90	137	49	118	29	118	28	113	13	84	19	71	0	22	86	
72	72	114	0	2	21	21	21	21	21	21	21	21	21	21	21	21	21	21	21	21	21	21	21	21	21	21	21	21	21	21	21	21	21	21	21	21	21	21	21	21	21	21	21	20	0	0	65	0	77	0	82	3	78	33	107	28	107	27	114	35	140	82	29	93	142	138	98	96	98	98	98	98	98	98	98	98	98	98	98	98	98	98	98	98	98	98	98	98	98	98	98	98	98	98	98	98	98	98	98	98	98	98	98	98	98	98	100	119	139	77	125	43	83	142	45	114	27	108	29	114	15	87	23	77	8	31	94	
67	67	109	0	0	4	4	4	4	4	4	4	4	4	4	4	4	4	4	4	4	4	4	4	4	4	4	4	4	4	4	4	4	4	4	4	4	4	4	4	4	4	4	4	3	0	0	57	0	68	0	79	0	71	26	108	26	124	34	121	40	152	102	47	111	176	170	130	128	130	130	130	130	130	130	130	130	130	130	130	130	130	130	130	130	130	130	130	130	130	130	130	130	130	130	130	130	130	130	130	130	130	130	130	130	130	130	132	151	172	103	144	62	104	154	50	119	33	125	28	115	16	80	16	72	0	10	74	
57	57	97	0	0	13	13	13	13	13	13	13	13	13	13	13	13	13	13	13	13	13	13	13	13	13	13	13	13	13	13	13	13	13	13	13	13	13	13	13	13	13	13	13	12	0	0	66	0	75	0	85	2	74	29	110	27	122	31	117	37	148	96	39	102	165	157	115	113	115	115	115	115	115	115	115	115	115	115	115	115	115	115	115	115	115	115	115	115	115	115	115	115	115	115	115	115	115	115	115	115	115	115	115	115	115	115	117	136	157	89	132	52	95	146	44	115	30	121	25	113	16	81	18	75	0	16	82	
63	63	103	0	0	13	13	13	13	13	13	13	13	13	13	13	13	13	13	13	13	13	13	13	13	13	13	13	13	13	13	13	13	13	13	13	13	13	13	13	13	13	13	13	11	0	0	66	0	75	0	85	2	74	29	111	28	123	31	118	39	150	98	41	105	168	160	118	116	118	118	118	118	118	118	118	118	118	118	118	118	118	118	118	118	118	118	118	118	118	118	118	118	118	118	118	118	118	118	118	118	118	118	118	118	118	118	120	139	160	91	134	54	97	147	44	116	31	122	25	113	16	81	18	75	0	16	82	
73	73	118	0	8	28	28	28	28	28	28	28	28	28	28	28	28	28	28	28	28	28	28	28	28	28	28	28	28	28	28	28	28	28	28	28	28	28	28	28	28	28	28	28	26	1	0	72	0	81	0	90	6	76	29	108	25	109	27	111	32	133	80	32	85	150	142	100	98	100	100	100	100	100	100	100	100	100	100	100	100	100	100	100	100	100	100	100	100	100	100	100	100	100	100	100	100	100	100	100	100	100	100	100	100	100	100	102	121	142	73	116	47	81	132	40	111	28	110	26	116	20	86	23	81	5	23	90	
76	76	123	0	0	0	0	0	0	0	0	0	0	0	0	0	0	0	0	0	0	0	0	0	0	0	0	0	0	0	0	0	0	0	0	0	0	0	0	0	0	0	0	0	0	0	0	52	0	68	0	77	0	71	21	108	31	125	32	126	44	155	101	51	111	175	168	126	124	126	126	126	126	126	126	126	126	126	126	126	126	126	126	126	126	126	126	126	126	126	126	126	126	126	126	126	126	126	126	126	126	126	126	126	126	126	126	128	147	168	100	145	68	103	155	54	126	32	126	33	116	12	70	19	67	0	10	78	
57	57	101	0	0	11	11	11	11	11	11	11	11	11	11	11	11	11	11	11	11	11	11	11	11	11	11	11	11	11	11	11	11	11	11	11	11	11	11	11	11	11	11	11	9	0	0	65	0	75	0	83	0	76	25	110	31	122	28	121	39	148	93	41	109	170	162	120	118	120	120	120	120	120	120	120	120	120	120	120	120	120	120	120	120	120	120	120	120	120	120	120	120	120	120	120	120	120	120	120	120	120	120	120	120	120	120	122	141	162	95	141	56	93	146	46	119	27	121	29	113	11	81	22	72	0	16	84	
66	66	110	0	0	11	11	11	11	11	11	11	11	11	11	11	11	11	11	11	11	11	11	11	11	11	11	11	11	11	11	11	11	11	11	11	11	11	11	11	11	11	11	11	9	0	0	65	0	75	0	83	0	76	25	110	31	122	28	121	39	148	93	41	108	168	159	117	115	117	117	117	117	117	117	117	117	117	117	117	117	117	117	117	117	117	117	117	117	117	117	117	117	117	117	117	117	117	117	117	117	117	117	117	117	117	117	119	138	159	92	138	54	92	146	46	119	27	121	29	113	11	80	21	71	0	16	84	
74	74	122	0	1	23	23	23	23	23	23	23	23	23	23	23	23	23	23	23	23	23	23	23	23	23	23	23	23	23	23	23	23	23	23	23	23	23	23	23	23	23	23	23	21	0	0	75	0	80	0	87	1	78	26	109	29	119	24	117	35	144	88	34	100	159	150	108	106	108	108	108	108	108	108	108	108	108	108	108	108	108	108	108	108	108	108	108	108	108	108	108	108	108	108	108	108	108	108	108	108	108	108	108	108	108	108	110	130	152	86	133	50	88	142	42	116	25	120	30	115	14	84	25	75	1	23	94	
78	78	126	0	0	0	0	0	0	0	0	0	0	0	0	0	0	0	0	0	0	0	0	0	0	0	0	0	0	0	0	0	0	0	0	0	0	0	0	0	0	0	0	0	0	0	0	49	0	69	0	73	0	71	19	110	28	127	31	122	48	147	91	47	110	178	167	125	123	125	125	125	125	125	125	125	125	125	125	125	125	125	125	125	125	125	125	125	125	125	125	125	125	125	125	125	125	125	125	125	125	125	125	125	125	125	125	128	148	171	96	144	62	91	146	57	122	32	128	29	116	8	79	21	62	0	20	83	
52	52	96	0	0	9	9	9	9	9	9	9	9	9	9	9	9	9	9	9	9	9	9	9	9	9	9	9	9	9	9	9	9	9	9	9	9	9	9	9	9	9	9	9	7	0	0	61	0	80	0	80	0	76	22	112	29	126	29	119	43	151	95	41	113	169	166	122	120	122	122	122	122	122	122	122	122	122	122	122	122	122	122	122	122	122	122	122	122	122	122	122	122	122	122	122	122	122	122	122	122	122	122	122	122	122	122	125	146	160	95	144	54	94	150	52	118	28	125	27	115	9	82	16	68	0	17	80	
64	64	108	0	0	9	9	9	9	9	9	9	9	9	9	9	9	9	9	9	9	9	9	9	9	9	9	9	9	9	9	9	9	9	9	9	9	9	9	9	9	9	9	9	7	0	0	61	0	80	0	81	0	77	23	112	29	126	29	119	43	150	93	39	111	168	164	120	117	119	119	119	119	119	119	119	119	119	119	119	119	119	119	119	119	119	119	119	119	119	119	119	119	119	119	119	119	119	119	119	119	119	119	119	119	119	119	122	143	158	93	142	52	92	148	50	117	28	125	27	115	9	82	17	69	0	19	83	
64	64	108	0	0	9	9	9	9	9	9	9	9	9	9	9	9	9	9	9	9	9	9	9	9	9	9	9	9	9	9	9	9	9	9	9	9	9	9	9	9	9	9	9	7	0	0	61	0	80	0	81	0	77	23	112	29	126	29	119	43	150	93	39	111	168	164	120	117	119	119	119	119	119	119	119	119	119	119	119	119	119	119	119	119	119	119	119	119	119	119	119	119	119	119	119	119	119	119	119	119	119	119	119	119	119	119	122	143	158	93	142	52	92	148	50	117	28	125	27	115	9	82	17	69	0	19	83	
72	72	120	0	0	21	21	21	21	21	21	21	21	21	21	21	21	21	21	21	21	21	21	21	21	21	21	21	21	21	21	21	21	21	21	21	21	21	21	21	21	21	21	21	19	0	0	71	0	90	0	85	0	79	24	111	27	123	26	114	36	141	85	30	102	158	155	111	108	110	110	110	110	110	110	110	110	110	110	110	110	110	110	110	110	110	110	110	110	110	110	110	110	110	110	110	110	110	110	110	110	110	110	110	110	110	110	112	134	150	86	134	43	85	143	47	114	26	124	28	117	12	85	23	78	8	29	92	
75	75	124	0	0	0	0	0	0	0	0	0	0	0	0	0	0	0	0	0	0	0	0	0	0	0	0	0	0	0	0	0	0	0	0	0	0	0	0	0	0	0	0	0	0	0	0	53	0	62	0	72	0	73	16	112	26	130	32	119	39	159	101	48	110	185	0	0	0	0	0	0	0	0	0	0	0	0	0	0	0	0	0	0	0	0	0	0	0	0	0	0	0	0	0	0	0	0	0	0	0	0	0	0	0	0	0	0	0	177	94	143	60	102	163	51	120	32	131	27	118	4	78	15	73	0	3	74	
55	55	101	0	0	7	7	7	7	7	7	7	7	7	7	7	7	7	7	7	7	7	7	7	7	7	7	7	7	7	7	7	7	7	7	7	7	7	7	7	7	7	7	7	5	0	0	64	0	72	0	90	0	77	19	114	27	129	30	116	35	162	101	46	110	174	0	0	0	0	0	0	0	0	0	0	0	0	0	0	0	0	0	0	0	0	0	0	0	0	0	0	0	0	0	0	0	0	0	0	0	0	0	0	0	0	0	0	0	165	93	142	60	101	162	43	115	29	128	25	117	5	80	18	75	0	12	77	
64	64	110	0	0	7	7	7	7	7	7	7	7	7	7	7	7	7	7	7	7	7	7	7	7	7	7	7	7	7	7	7	7	7	7	7	7	7	7	7	7	7	7	7	5	0	0	64	0	72	0	89	0	76	19	114	27	129	30	116	35	161	99	43	107	172	0	0	0	0	0	0	0	0	0	0	0	0	0	0	0	0	0	0	0	0	0	0	0	0	0	0	0	0	0	0	0	0	0	0	0	0	0	0	0	0	0	0	0	163	91	140	57	98	159	41	114	29	128	25	117	5	80	18	75	0	11	77	
66	66	113	0	0	10	10	10	10	10	10	10	10	10	10	10	10	10	10	10	10	10	10	10	10	10	10	10	10	10	10	10	10	10	10	10	10	10	10	10	10	10	10	10	8	0	0	66	0	72	0	89	0	76	19	114	27	129	30	116	35	161	99	42	106	171	0	0	0	0	0	0	0	0	0	0	0	0	0	0	0	0	0	0	0	0	0	0	0	0	0	0	0	0	0	0	0	0	0	0	0	0	0	0	0	0	0	0	0	162	91	140	57	98	159	41	114	29	128	25	117	5	80	18	75	0	12	79	
73	73	123	0	0	12	12	12	12	12	12	12	12	12	12	12	12	12	12	12	12	12	12	12	12	12	12	12	12	12	12	12	12	12	12	12	12	12	12	12	12	12	12	12	10	0	0	67	0	79	0	93	0	75	18	114	27	126	25	109	29	154	90	30	91	164	0	0	0	0	0	0	0	0	0	0	0	0	0	0	0	0	0	0	0	0	0	0	0	0	0	0	0	0	0	0	0	0	0	0	0	0	0	0	0	0	0	0	0	156	78	131	50	92	152	36	111	29	128	25	117	6	83	23	81	0	18	87	
70	70	119	0	0	0	0	0	0	0	0	0	0	0	0	0	0	0	0	0	0	0	0	0	0	0	0	0	0	0	0	0	0	0	0	0	0	0	0	0	0	0	0	0	0	0	0	51	0	69	0	80	0	76	27	113	27	126	22	133	41	167	102	49	117	0	0	0	0	0	0	0	0	0	0	0	0	0	0	0	0	0	0	0	0	0	0	0	0	0	0	0	0	0	0	0	0	0	0	0	0	0	0	0	0	0	0	0	0	0	110	156	69	104	165	48	135	26	128	25	117	6	84	17	67	0	4	83	
53	53	99	0	0	5	5	5	5	5	5	5	5	5	5	5	5	5	5	5	5	5	5	5	5	5	5	5	5	5	5	5	5	5	5	5	5	5	5	5	5	5	5	5	3	0	0	60	0	77	0	86	0	80	28	112	26	126	22	130	36	160	96	42	108	0	0	0	0	0	0	0	0	0	0	0	0	0	0	0	0	0	0	0	0	0	0	0	0	0	0	0	0	0	0	0	0	0	0	0	0	0	0	0	0	0	0	0	0	0	95	142	57	95	158	42	128	21	125	25	117	6	84	18	70	0	10	88	
62	62	108	0	0	5	5	5	5	5	5	5	5	5	5	5	5	5	5	5	5	5	5	5	5	5	5	5	5	5	5	5	5	5	5	5	5	5	5	5	5	5	5	5	3	0	0	60	0	77	0	86	0	80	28	113	28	129	25	133	39	163	99	45	111	0	0	0	0	0	0	0	0	0	0	0	0	0	0	0	0	0	0	0	0	0	0	0	0	0	0	0	0	0	0	0	0	0	0	0	0	0	0	0	0	0	0	0	0	0	98	145	60	98	161	45	131	23	126	25	117	6	84	18	70	0	10	88	
72	72	123	0	0	20	20	20	20	20	20	20	20	20	20	20	20	20	20	20	20	20	20	20	20	20	20	20	20	20	20	20	20	20	20	20	20	20	20	20	20	20	20	20	18	0	0	69	0	85	0	92	0	84	30	111	25	116	14	120	25	147	83	30	94	0	0	0	0	0	0	0	0	0	0	0	0	0	0	0	0	0	0	0	0	0	0	0	0	0	0	0	0	0	0	0	0	0	0	0	0	0	0	0	0	0	0	0	0	0	83	129	45	83	147	33	118	13	117	28	121	12	90	25	78	0	19	97	
75	75	128	0	0	0	0	0	0	0	0	0	0	0	0	0	0	0	0	0	0	0	0	0	0	0	0	0	0	0	0	0	0	0	0	0	0	0	0	0	0	0	0	0	0	0	0	51	0	67	0	78	0	70	15	113	23	132	29	137	31	170	103	49	114	0	0	0	0	0	0	0	0	0	0	0	0	0	0	0	0	0	0	0	0	0	0	0	0	0	0	0	0	0	0	0	0	0	0	0	0	0	0	0	0	0	0	0	0	0	102	149	65	105	171	48	134	29	135	27	122	0	74	11	67	0	1	78	
56	56	106	0	0	2	2	2	2	2	2	2	2	2	2	2	2	2	2	2	2	2	2	2	2	2	2	2	2	2	2	2	2	2	2	2	2	2	2	2	2	2	2	3	2	0	0	64	0	77	0	86	0	83	20	117	25	130	25	131	26	163	103	47	111	0	0	0	0	0	0	0	0	0	0	0	0	0	0	0	0	0	0	0	0	0	0	0	0	0	0	0	0	0	0	0	0	0	0	0	0	0	0	0	0	0	0	0	0	0	89	146	63	103	161	40	127	23	129	23	119	4	85	23	82	0	1	88	
65	65	115	0	0	2	2	2	2	2	2	2	2	2	2	2	2	2	2	2	2	2	2	2	2	2	2	2	2	2	2	2	2	2	2	2	2	2	2	2	2	2	2	3	2	0	0	65	0	77	0	87	0	81	18	116	25	130	25	131	26	163	102	45	108	0	0	0	0	0	0	0	0	0	0	0	0	0	0	0	0	0	0	0	0	0	0	0	0	0	0	0	0	0	0	0	0	0	0	0	0	0	0	0	0	0	0	0	0	0	87	144	61	100	159	39	127	23	129	23	119	3	83	20	79	0	2	90	
71	71	124	0	0	11	11	11	11	11	11	11	11	11	11	11	11	11	11	11	11	11	11	11	11	11	11	11	11	11	11	11	11	11	11	11	11	11	11	11	11	11	11	11	8	0	0	73	0	81	0	91	0	82	18	115	23	126	19	124	20	159	97	39	101	0	0	0	0	0	0	0	0	0	0	0	0	0	0	0	0	0	0	0	0	0	0	0	0	0	0	0	0	0	0	0	0	0	0	0	0	0	0	0	0	0	0	0	0	0	80	139	57	95	153	34	123	21	128	24	121	7	88	25	83	0	8	98	
76	76	130	0	0	0	0	0	0	0	0	0	0	0	0	0	0	0	0	0	0	0	0	0	0	0	0	0	0	0	0	0	0	0	0	0	0	0	0	0	0	0	0	0	0	0	0	55	0	71	0	88	0	77	20	115	22	133	23	135	38	169	100	41	123	0	0	0	0	0	0	0	0	0	0	0	0	0	0	0	0	0	0	0	0	0	0	0	0	0	0	0	0	0	0	0	0	0	0	0	0	0	0	0	0	0	0	0	0	0	99	158	58	98	165	46	137	26	135	23	123	1	85	14	72	0	6	88	
57	57	108	0	0	0	0	0	0	0	0	0	0	0	0	0	0	0	0	0	0	0	0	0	0	0	0	0	0	0	0	0	0	0	0	0	0	0	0	0	0	0	0	0	0	0	0	51	0	71	0	85	0	83	14	117	22	132	22	131	41	169	101	45	125	0	0	0	0	0	0	0	0	0	0	0	0	0	0	0	0	0	0	0	0	0	0	0	0	0	0	0	0	0	0	0	0	0	0	0	0	0	0	0	0	0	0	0	0	0	100	158	59	99	167	48	130	21	131	21	121	2	78	11	69	0	1	82	
59	59	110	0	0	0	0	0	0	0	0	0	0	0	0	0	0	0	0	0	0	0	0	0	0	0	0	0	0	0	0	0	0	0	0	0	0	0	0	0	0	0	0	0	0	0	0	61	0	82	0	88	0	85	16	118	23	132	22	132	31	168	99	33	123	0	0	0	0	0	0	0	0	0	0	0	0	0	0	0	0	0	0	0	0	0	0	0	0	0	0	0	0	0	0	0	0	0	0	0	0	0	0	0	0	0	0	0	0	0	90	157	47	97	164	45	128	20	131	21	121	1	87	11	81	0	3	93	
68	68	120	0	0	0	0	0	0	0	0	0	0	0	0	0	0	0	0	0	0	0	0	0	0	0	0	0	0	0	0	0	0	0	0	0	0	0	0	0	0	0	0	0	0	0	0	59	0	79	0	87	0	85	16	118	23	132	22	132	32	169	100	34	124	0	0	0	0	0	0	0	0	0	0	0	0	0	0	0	0	0	0	0	0	0	0	0	0	0	0	0	0	0	0	0	0	0	0	0	0	0	0	0	0	0	0	0	0	0	92	159	49	98	165	45	128	20	131	21	121	1	86	10	79	0	2	92	
