136	136	136	135	134	134	134	134	134	133	133	133	133	132	132	132	131	131	130	131	130	130	129	129	128	128	128	128	127	127	126	127	126	126	125	124	124	124	124	123	123	123	122	122	121	121	121	121	121	121	121	121	121	121	121	121	121	121	121	121	120	120	120	120	120	120	120	121	121	122	121	122	122	122	122	123	123	123	125	125	125	125	125	125	126	126	127	127	128	128	129	129	129	129	129	130	130	131	131	132	132	132	132	133	133	134	134	135	135	135	135	135	135	135	135	135	135	135	135	135	135	135	136	136	136	136	136	136	
139	139	139	139	138	137	138	137	137	136	135	135	135	134	134	134	132	132	132	132	131	131	130	130	129	129	129	128	127	127	126	126	125	125	124	123	123	122	122	121	121	120	119	119	119	119	118	118	118	118	118	118	118	118	118	118	117	117	117	117	117	117	117	117	117	117	117	117	118	118	118	119	119	120	120	121	121	121	123	123	124	124	124	124	125	125	126	126	127	127	128	128	129	129	130	131	131	132	132	133	133	134	135	135	135	136	137	138	138	138	138	138	138	138	138	138	138	138	138	138	139	139	139	139	139	139	139	139	
139	139	139	138	138	137	137	136	136	136	135	135	135	134	134	134	132	132	132	132	131	131	130	130	129	129	129	127	126	127	125	125	125	125	124	123	123	122	122	121	121	120	120	119	119	119	119	119	119	119	118	118	118	118	118	118	118	118	118	118	117	117	117	117	117	117	117	118	118	119	119	120	120	120	121	121	121	122	123	124	124	124	124	125	126	126	127	126	127	127	128	128	129	129	129	131	131	132	132	133	133	134	134	135	135	136	136	137	137	137	137	138	138	138	138	138	138	138	138	138	138	138	139	139	139	139	139	139	
139	139	139	138	138	137	137	136	136	136	135	135	135	134	134	134	132	132	132	132	131	131	130	130	129	129	129	127	126	127	125	125	125	125	124	123	123	122	122	121	121	120	120	119	119	119	119	119	119	119	118	118	118	118	118	118	118	118	118	118	117	117	117	117	117	117	117	118	118	119	119	120	120	120	121	121	121	122	123	124	124	124	124	125	126	126	127	126	127	127	128	128	129	129	129	131	131	132	132	133	133	134	134	135	135	136	136	137	137	137	137	138	138	138	138	138	138	138	138	138	138	138	139	139	139	139	139	139	
139	139	139	138	138	137	137	136	136	136	135	135	135	134	134	134	132	132	132	132	131	131	130	130	129	129	129	127	126	127	125	125	125	125	124	123	123	122	122	121	121	120	120	119	119	119	119	119	119	119	118	118	118	118	118	118	118	118	118	118	117	117	117	117	117	117	117	118	118	119	119	120	120	120	121	121	121	122	123	124	124	124	124	125	126	126	127	126	127	127	128	128	129	129	129	131	131	132	132	133	133	134	134	135	135	136	136	137	137	137	137	138	138	138	138	138	138	138	138	138	138	138	139	139	139	139	139	139	
143	143	142	141	141	140	140	139	139	138	138	137	137	136	135	135	134	134	133	133	131	132	130	130	129	129	129	127	126	126	125	125	123	123	123	121	121	120	120	119	119	118	117	116	116	116	116	116	116	116	115	115	115	115	115	115	115	115	114	114	114	114	114	114	114	114	114	115	115	116	116	117	117	118	118	119	119	120	121	122	122	122	124	124	125	125	126	126	127	127	128	128	130	130	130	131	131	133	133	134	135	135	136	137	138	138	138	140	140	140	140	141	141	141	141	141	141	141	141	141	142	142	142	142	142	142	142	142	
143	143	143	142	141	141	141	139	139	139	138	137	137	137	136	136	134	134	133	133	132	132	131	130	129	129	128	127	125	126	124	124	123	123	123	121	121	120	120	118	118	117	117	116	116	116	115	115	115	115	115	115	115	115	114	114	114	114	114	114	114	114	114	113	113	113	114	115	115	116	116	117	117	118	118	119	119	120	121	122	122	122	123	124	125	125	126	126	127	127	128	128	130	130	130	131	131	133	133	134	134	135	136	137	138	138	138	140	141	141	141	141	141	141	141	141	142	142	142	142	142	142	142	142	143	143	143	143	
143	143	143	142	141	141	141	139	139	139	138	137	137	137	136	136	134	134	133	133	132	132	131	130	129	129	128	127	125	126	124	124	123	123	123	121	121	120	120	118	118	117	117	116	116	116	115	115	115	115	115	115	115	115	114	114	114	114	114	114	114	114	114	113	113	113	114	115	115	116	116	117	117	118	118	119	119	120	121	122	122	122	123	124	125	125	126	126	127	127	128	128	130	130	130	131	131	133	133	134	134	135	136	137	138	138	138	140	141	141	141	141	141	141	141	141	142	142	142	142	142	142	142	142	143	143	143	143	
143	143	143	142	141	141	141	139	139	139	138	137	137	137	136	136	134	134	133	133	132	132	131	130	129	129	128	127	125	126	124	124	123	123	123	121	121	120	120	118	118	117	117	116	116	116	115	115	115	115	115	115	115	115	114	114	114	114	114	114	114	114	114	113	113	113	114	115	115	116	116	117	117	118	118	119	119	120	121	122	122	122	123	124	125	125	126	126	127	127	128	128	130	130	130	131	131	133	133	134	134	135	136	137	138	138	138	140	141	141	141	141	141	141	141	141	142	142	142	142	142	142	142	142	143	143	143	143	
143	143	143	142	141	141	141	139	139	139	138	137	137	137	136	136	135	134	133	133	132	132	131	131	129	129	129	127	126	126	124	124	123	123	123	121	121	120	120	118	118	117	117	115	115	115	115	115	115	115	114	114	114	114	114	114	114	114	113	113	113	113	113	113	113	113	113	114	114	115	115	116	116	117	118	118	119	119	121	122	122	122	123	123	125	125	126	126	127	127	128	128	130	130	130	132	132	133	133	134	135	136	136	138	138	139	139	141	141	141	141	141	141	141	142	142	142	142	142	142	142	142	143	143	143	143	143	143	
147	147	147	145	144	144	144	142	142	141	141	139	139	139	137	137	136	136	134	134	133	133	132	131	129	129	129	127	125	125	124	124	122	122	121	120	119	118	118	116	116	114	114	113	112	112	112	112	112	112	111	111	111	111	111	111	110	110	110	110	110	110	110	109	109	109	110	111	111	112	112	114	114	114	115	116	117	117	119	120	120	121	122	122	123	123	125	125	127	127	129	129	130	131	131	132	133	134	134	136	136	138	138	139	140	142	142	143	144	144	144	144	145	145	145	145	145	145	145	145	146	146	146	146	146	146	146	147	
147	147	147	145	144	144	144	142	142	141	141	139	139	139	137	137	136	136	134	134	133	133	132	131	129	129	129	127	125	125	124	124	122	122	121	120	119	118	118	116	116	114	114	113	112	112	112	112	112	112	111	111	111	111	111	111	110	110	110	110	110	110	110	109	109	109	110	111	111	112	112	114	114	114	115	116	117	117	119	120	120	121	122	122	123	123	125	125	127	127	129	129	130	131	131	132	133	134	134	136	136	138	138	139	140	142	142	143	144	144	144	144	145	145	145	145	145	145	145	145	146	146	146	146	146	146	146	147	
147	147	147	145	144	144	144	142	142	141	141	139	139	139	137	137	136	136	134	134	133	133	132	131	129	129	129	127	125	125	124	124	122	122	121	120	119	118	118	116	116	114	114	113	112	112	112	112	112	112	111	111	111	111	111	111	110	110	110	110	110	110	110	109	109	109	110	111	111	112	112	114	114	114	115	116	117	117	119	120	120	121	122	122	123	123	125	125	127	127	129	129	130	131	131	132	133	134	134	136	136	138	138	139	140	142	142	143	144	144	144	144	145	145	145	145	145	145	145	145	146	146	146	146	146	146	146	147	
147	147	147	145	144	144	144	142	142	141	141	139	139	139	137	137	136	136	134	134	133	133	132	131	129	129	129	127	125	125	124	124	122	122	121	120	119	118	118	116	116	114	114	113	112	112	112	112	112	112	111	111	111	111	111	111	110	110	110	110	110	110	110	109	109	109	110	111	111	112	112	114	114	114	115	116	117	117	119	120	120	121	122	122	123	123	125	125	127	127	129	129	130	131	131	132	133	134	134	136	136	138	138	139	140	142	142	143	144	144	144	144	145	145	145	145	145	145	145	145	146	146	146	146	146	146	146	147	
147	147	147	146	144	144	144	142	142	141	141	139	139	139	137	137	136	136	134	134	132	133	131	131	130	129	129	127	125	125	124	124	122	122	122	120	119	118	118	116	116	115	114	112	112	112	112	111	111	111	111	111	111	111	110	110	110	110	110	110	109	109	109	109	109	109	109	110	110	112	112	113	113	113	115	115	116	117	119	120	120	120	122	122	123	123	125	125	128	127	129	129	131	131	131	133	133	135	135	136	137	139	139	140	141	142	142	144	144	144	145	145	145	145	145	145	145	145	146	146	146	146	146	146	147	147	147	147	
150	150	150	149	147	146	146	145	145	144	143	141	141	141	139	139	137	137	136	136	134	134	132	132	130	130	129	126	125	125	123	123	121	121	120	118	118	116	116	114	114	112	111	110	109	109	109	109	108	109	108	108	108	108	107	107	107	107	107	107	106	106	106	106	106	106	106	107	108	110	110	111	111	112	113	113	115	115	117	119	119	119	120	121	123	123	125	124	127	127	129	129	131	131	131	133	134	135	135	138	138	140	140	141	142	144	144	146	147	147	147	148	148	148	148	148	148	148	149	149	149	149	149	149	150	150	150	150	
150	150	150	149	147	146	146	145	145	144	143	141	141	141	139	139	137	137	136	136	134	134	132	132	130	130	129	126	125	125	123	123	121	121	120	118	118	116	116	114	114	112	111	110	109	109	109	109	108	109	108	108	108	108	107	107	107	107	107	107	106	106	106	106	106	106	106	107	108	110	110	111	111	112	113	113	115	115	117	119	119	119	120	121	123	123	125	124	127	127	129	129	131	131	131	133	134	135	135	138	138	140	140	141	142	144	144	146	147	147	147	148	148	148	148	148	148	148	149	149	149	149	149	149	150	150	150	150	
150	150	150	149	147	146	146	145	145	144	143	141	141	141	139	139	137	137	136	136	134	134	132	132	130	130	129	126	125	125	123	123	121	121	120	118	118	116	116	114	114	112	111	110	109	109	109	109	108	109	108	108	108	108	107	107	107	107	107	107	106	106	106	106	106	106	106	107	108	110	110	111	111	112	113	113	115	115	117	119	119	119	120	121	123	123	125	124	127	127	129	129	131	131	131	133	134	135	135	138	138	140	140	141	142	144	144	146	147	147	147	148	148	148	148	148	148	148	149	149	149	149	149	149	150	150	150	150	
151	151	151	149	147	147	147	145	145	144	143	141	141	141	140	139	138	137	135	136	133	134	132	132	130	130	130	127	125	125	123	123	121	121	120	118	118	116	116	114	114	112	111	109	109	109	109	108	108	108	108	108	107	107	107	107	107	107	106	106	106	106	106	106	105	105	105	107	107	109	109	111	111	111	113	113	114	115	117	118	118	119	120	121	122	122	125	124	127	126	129	129	131	131	131	134	134	136	136	138	138	140	140	142	143	145	145	147	147	147	148	148	148	148	148	148	149	149	149	149	149	149	150	150	150	150	150	151	
154	154	154	152	150	150	150	147	147	146	146	143	143	143	141	140	139	139	136	136	134	135	132	132	130	130	130	127	124	124	122	122	120	120	119	116	116	114	114	111	111	109	109	106	106	106	106	105	105	105	105	105	104	104	104	104	103	103	103	103	103	102	102	102	102	102	102	104	104	106	106	108	108	109	110	111	112	113	115	117	117	118	120	120	122	122	124	124	127	126	129	129	131	132	132	134	135	137	137	140	140	142	142	145	146	148	147	150	150	151	151	151	151	151	151	152	152	152	152	152	153	153	153	153	154	154	154	154	
154	154	154	152	150	150	150	147	147	146	146	143	143	143	141	140	139	139	136	136	134	134	133	132	130	130	129	127	124	124	122	122	120	120	119	116	116	114	114	111	111	109	109	107	106	106	106	106	106	106	105	105	105	105	104	104	104	104	104	104	103	103	103	103	102	102	103	104	105	106	106	109	109	109	111	111	113	113	116	117	117	118	120	120	122	122	124	124	126	126	128	129	131	132	132	134	134	137	137	139	140	141	142	144	145	147	147	149	150	150	150	150	151	151	151	151	151	151	152	152	152	152	153	153	153	153	153	154	
154	154	154	152	150	150	150	147	147	146	146	143	143	143	141	140	139	139	136	136	134	134	133	132	130	130	129	127	124	124	122	122	120	120	119	116	116	114	114	111	111	109	109	107	106	106	106	106	106	106	105	105	105	105	104	104	104	104	104	104	103	103	103	103	102	102	103	104	105	106	106	109	109	109	111	111	113	113	116	117	117	118	120	120	122	122	124	124	126	126	128	129	131	132	132	134	134	137	137	139	140	141	142	144	145	147	147	149	150	150	150	150	151	151	151	151	151	151	152	152	152	152	153	153	153	153	153	154	
154	154	154	152	150	150	150	147	147	146	146	143	143	143	141	140	139	139	136	136	134	134	133	132	130	130	129	127	124	124	122	122	120	120	119	116	116	114	114	111	111	109	109	107	106	106	106	106	106	106	105	105	105	105	104	104	104	104	104	104	103	103	103	103	102	102	103	104	105	106	106	109	109	109	111	111	113	113	116	117	117	118	120	120	122	122	124	124	126	126	128	129	131	132	132	134	134	137	137	139	140	141	142	144	145	147	147	149	150	150	150	150	151	151	151	151	151	151	152	152	152	152	153	153	153	153	153	154	
158	158	157	155	153	153	153	150	150	148	148	145	145	145	143	142	140	140	138	138	135	135	133	133	130	130	130	127	124	124	121	121	118	118	118	115	114	112	112	109	109	106	106	104	103	103	103	103	102	103	102	102	102	101	101	101	101	101	100	100	100	100	99	99	99	99	99	101	101	103	103	106	106	107	109	109	111	111	114	116	116	116	118	119	121	121	124	123	126	126	129	129	132	132	132	135	136	138	138	140	141	143	144	147	147	150	149	152	153	153	153	154	154	154	154	154	155	155	155	155	156	156	156	156	157	157	157	157	
158	158	158	156	154	153	153	151	151	148	148	146	146	145	143	143	141	141	138	138	136	136	133	133	130	130	129	126	123	124	121	121	118	118	118	115	114	112	112	109	108	106	106	103	103	103	103	103	102	102	102	102	101	101	101	101	100	100	100	100	99	99	99	99	98	98	99	101	101	103	103	106	106	107	108	109	111	111	114	116	116	116	118	119	121	121	124	123	126	126	128	129	132	132	132	135	136	138	138	140	141	143	144	147	147	150	150	153	153	154	154	154	154	154	155	155	155	155	156	156	156	156	156	157	157	157	157	158	
158	158	158	156	154	153	153	151	151	148	148	146	146	145	143	143	141	141	138	138	136	136	133	133	130	130	129	126	123	124	121	121	118	118	118	115	114	112	112	109	108	106	106	103	103	103	103	103	102	102	102	102	101	101	101	101	100	100	100	100	99	99	99	99	98	98	99	101	101	103	103	106	106	107	108	109	111	111	114	116	116	116	118	119	121	121	124	123	126	126	128	129	132	132	132	135	136	138	138	140	141	143	144	147	147	150	150	153	153	154	154	154	154	154	155	155	155	155	156	156	156	156	156	157	157	157	157	158	
158	158	158	156	154	153	153	151	151	148	148	146	146	145	143	143	141	141	138	138	136	136	133	133	130	130	129	126	123	124	121	121	118	118	118	115	114	112	112	109	108	106	106	103	103	103	103	103	102	102	102	102	101	101	101	101	100	100	100	100	99	99	99	99	98	98	99	101	101	103	103	106	106	107	108	109	111	111	114	116	116	116	118	119	121	121	124	123	126	126	128	129	132	132	132	135	136	138	138	140	141	143	144	147	147	150	150	153	153	154	154	154	154	154	155	155	155	155	156	156	156	156	156	157	157	157	157	158	
158	158	158	156	154	153	153	150	150	148	148	146	146	145	143	143	141	140	138	138	135	136	133	133	130	130	129	126	123	124	121	121	118	118	118	115	115	112	112	109	108	106	105	103	103	103	102	102	102	102	101	101	101	101	100	100	100	100	99	99	99	99	99	98	98	98	98	100	101	103	103	105	105	106	108	108	110	111	113	115	115	116	118	119	121	121	123	123	126	126	128	129	132	132	133	135	136	138	138	141	142	144	144	147	148	150	150	153	153	154	154	154	154	154	155	155	155	155	156	156	156	156	157	157	157	157	157	158	
161	161	161	159	156	156	156	152	153	150	150	147	147	147	145	144	142	142	139	139	136	136	134	134	130	130	130	127	123	123	121	120	118	117	117	113	113	111	111	107	106	104	104	101	100	100	100	99	99	99	98	98	98	98	97	97	97	97	96	96	96	96	96	95	95	95	95	98	98	100	100	103	103	104	106	106	108	109	112	114	114	114	117	118	120	120	123	123	127	126	129	129	133	133	133	136	137	139	139	142	143	145	146	149	150	152	152	156	156	156	157	157	157	157	158	158	158	158	159	159	159	159	160	160	160	160	160	161	
162	162	161	159	157	156	156	153	153	151	151	148	148	147	145	145	142	142	139	139	137	137	134	134	131	130	130	127	123	123	120	120	117	117	116	113	113	110	111	106	106	104	103	101	100	100	99	99	99	99	98	98	98	97	97	97	96	96	96	96	95	95	95	95	94	94	95	97	98	100	100	103	103	104	106	106	108	109	112	114	114	114	117	118	120	120	123	123	127	126	129	129	133	133	133	136	137	139	139	142	143	145	146	149	150	152	152	156	156	157	157	157	157	158	158	158	159	159	159	159	160	160	160	160	161	161	161	161	
162	162	161	159	157	156	156	153	153	151	151	148	148	147	145	145	142	142	139	139	137	137	134	134	131	130	130	127	123	123	120	120	117	117	116	113	113	110	111	106	106	104	103	101	100	100	99	99	99	99	98	98	98	97	97	97	96	96	96	96	95	95	95	95	94	94	95	97	98	100	100	103	103	104	106	106	108	109	112	114	114	114	117	118	120	120	123	123	127	126	129	129	133	133	133	136	137	139	139	142	143	145	146	149	150	152	152	156	156	157	157	157	157	158	158	158	159	159	159	159	160	160	160	160	161	161	161	161	
162	162	161	159	157	156	156	153	153	151	151	148	148	147	145	145	142	142	139	139	137	137	134	134	131	130	130	127	123	123	120	120	117	117	116	113	113	110	111	106	106	104	103	101	100	100	99	99	99	99	98	98	98	97	97	97	96	96	96	96	95	95	95	95	94	94	95	97	98	100	100	103	103	104	106	106	108	109	112	114	114	114	117	118	120	120	123	123	127	126	129	129	133	133	133	136	137	139	139	142	143	145	146	149	150	152	152	156	156	157	157	157	157	158	158	158	159	159	159	159	160	160	160	160	161	161	161	161	
161	161	161	159	156	156	156	152	152	150	150	147	147	147	145	144	142	142	139	139	136	136	134	134	130	130	130	127	123	123	120	120	117	117	117	114	113	111	111	107	106	104	104	101	100	100	100	99	99	99	98	98	98	98	97	97	97	97	96	96	96	96	96	95	95	95	95	98	98	100	100	103	103	104	106	106	108	109	111	113	114	114	117	118	120	120	123	123	127	126	129	129	133	133	134	136	137	139	139	142	143	145	145	149	150	152	152	156	156	156	157	157	157	157	158	158	158	158	159	159	159	159	160	160	160	160	160	161	
165	165	164	162	159	158	159	155	155	153	153	149	149	148	146	145	143	143	140	140	137	137	134	134	131	131	130	127	123	123	120	120	116	116	116	112	111	109	109	105	104	102	101	98	97	97	97	96	96	96	95	95	95	95	94	94	94	94	93	93	92	92	92	92	91	91	92	94	94	97	97	100	100	101	103	104	106	107	110	112	113	113	116	116	119	119	122	122	126	126	129	129	133	133	134	137	137	140	140	144	145	147	148	151	152	155	155	158	159	159	159	160	160	160	161	161	161	161	162	162	162	163	163	163	164	164	164	164	
165	165	165	162	159	159	159	155	155	153	153	150	150	149	147	146	143	143	140	140	137	137	134	134	131	131	130	126	123	123	119	119	116	116	115	112	111	109	109	104	104	102	101	97	97	97	96	96	96	96	95	95	94	94	94	94	93	93	93	93	92	92	92	91	91	91	91	94	94	97	97	100	100	101	103	104	106	107	110	112	112	113	116	116	119	119	122	122	126	126	129	129	133	133	134	137	137	140	140	144	144	147	148	151	152	155	155	159	159	160	160	160	160	161	161	161	162	162	162	162	163	163	163	163	164	164	164	165	
165	165	165	162	159	159	159	155	155	153	153	150	150	149	147	146	143	143	140	140	137	137	134	134	131	131	130	126	123	123	119	119	116	116	115	112	111	109	109	104	104	102	101	97	97	97	96	96	96	96	95	95	94	94	94	94	93	93	93	93	92	92	92	91	91	91	91	94	94	97	97	100	100	101	103	104	106	107	110	112	112	113	116	116	119	119	122	122	126	126	129	129	133	133	134	137	137	140	140	144	144	147	148	151	152	155	155	159	159	160	160	160	160	161	161	161	162	162	162	162	163	163	163	163	164	164	164	165	
165	165	165	162	159	159	159	155	155	153	153	150	150	149	147	146	143	143	140	140	137	137	134	134	131	131	130	126	123	123	119	119	116	116	115	112	111	109	109	104	104	102	101	97	97	97	96	96	96	96	95	95	94	94	94	94	93	93	93	93	92	92	92	91	91	91	91	94	94	97	97	100	100	101	103	104	106	107	110	112	112	113	116	116	119	119	122	122	126	126	129	129	133	133	134	137	137	140	140	144	144	147	148	151	152	155	155	159	159	160	160	160	160	161	161	161	162	162	162	162	163	163	163	163	164	164	164	165	
168	168	168	165	162	161	161	158	158	155	155	152	152	151	148	148	145	144	141	141	138	138	135	135	131	131	130	126	122	123	119	119	115	115	114	111	110	107	107	103	103	99	98	95	94	94	94	94	93	93	92	92	92	92	91	91	90	90	90	90	89	89	89	88	88	88	88	91	91	94	95	97	97	98	101	102	104	105	108	111	112	112	114	115	118	119	122	122	126	125	130	130	133	133	134	138	139	142	142	146	146	149	150	153	154	157	157	161	162	162	163	163	163	163	164	164	164	164	165	165	166	166	166	167	167	167	167	168	
169	169	169	166	163	162	162	159	159	156	155	152	152	151	148	148	145	144	141	142	138	138	135	135	131	131	130	126	122	123	118	118	115	115	114	110	109	106	106	103	102	98	98	94	94	94	93	93	93	93	92	92	91	91	91	91	90	90	89	89	89	89	89	88	87	87	88	91	91	94	94	97	97	98	101	102	104	104	108	111	111	112	114	115	118	118	122	121	126	125	129	130	133	133	133	138	138	142	142	146	146	149	150	153	154	158	158	162	162	163	163	164	164	164	164	164	165	165	166	165	166	166	167	167	167	168	168	168	
169	169	169	166	163	162	162	159	159	156	155	152	152	151	148	148	145	144	141	142	138	138	135	135	131	131	130	126	122	123	118	118	115	115	114	110	109	106	106	103	102	98	98	94	94	94	93	93	93	93	92	92	91	91	91	91	90	90	89	89	89	89	89	88	87	87	88	91	91	94	94	97	97	98	101	102	104	104	108	111	111	112	114	115	118	118	122	121	126	125	129	130	133	133	133	138	138	142	142	146	146	149	150	153	154	158	158	162	162	163	163	164	164	164	164	164	165	165	166	165	166	166	167	167	167	168	168	168	
169	169	169	166	163	162	162	159	159	156	155	152	152	151	148	148	145	144	141	142	138	138	135	135	131	131	130	126	122	123	118	118	115	115	114	110	109	106	106	103	102	98	98	94	94	94	93	93	93	93	92	92	91	91	91	91	90	90	89	89	89	89	89	88	87	87	88	91	91	94	94	97	97	98	101	102	104	104	108	111	111	112	114	115	118	118	122	121	126	125	129	130	133	133	133	138	138	142	142	146	146	149	150	153	154	158	158	162	162	163	163	164	164	164	164	164	165	165	166	165	166	166	167	167	167	168	168	168	
169	169	169	166	163	162	162	159	159	156	155	152	152	151	149	148	145	145	141	141	138	138	135	135	131	131	130	126	122	122	119	119	115	115	114	110	109	106	106	102	101	98	97	94	94	93	93	93	92	92	92	92	91	91	90	90	89	90	89	89	88	88	88	87	87	87	87	90	90	93	94	97	96	97	101	101	104	104	108	111	111	111	114	115	118	118	122	122	126	125	129	130	133	134	134	138	138	142	142	146	146	150	150	154	155	158	158	162	163	163	163	164	164	164	165	165	165	165	166	166	167	167	167	167	168	168	168	169	
173	173	172	169	166	165	165	161	162	158	158	154	154	154	150	150	147	147	143	143	139	139	136	135	131	130	130	126	121	122	117	117	113	113	112	108	107	104	104	99	99	95	95	91	91	91	90	90	89	89	88	88	88	88	87	87	86	86	86	86	85	85	85	84	83	83	84	87	88	91	91	95	94	95	98	99	102	102	106	110	110	110	113	114	117	118	121	121	126	125	129	130	134	134	134	138	139	143	143	147	148	151	152	156	157	160	160	165	166	166	166	167	167	167	168	168	169	169	169	169	170	170	171	171	171	172	172	172	
173	173	172	169	166	165	165	161	162	158	158	154	154	154	150	150	147	147	143	143	139	139	136	135	131	130	130	126	121	122	117	117	113	113	112	108	107	104	104	99	99	95	95	91	91	91	90	90	89	89	88	88	88	88	87	87	86	86	86	86	85	85	85	84	83	83	84	87	88	91	91	95	94	95	98	99	102	102	106	110	110	110	113	114	117	118	121	121	126	125	129	130	134	134	134	138	139	143	143	147	148	151	152	156	157	160	160	165	166	166	166	167	167	167	168	168	169	169	169	169	170	170	171	171	171	172	172	172	
173	173	172	169	166	165	165	161	162	158	158	154	154	154	150	150	147	147	143	143	139	139	136	135	131	130	130	126	121	122	117	117	113	113	112	108	107	104	104	99	99	95	95	91	91	91	90	90	89	89	88	88	88	88	87	87	86	86	86	86	85	85	85	84	83	83	84	87	88	91	91	95	94	95	98	99	102	102	106	110	110	110	113	114	117	118	121	121	126	125	129	130	134	134	134	138	139	143	143	147	148	151	152	156	157	160	160	165	166	166	166	167	167	167	168	168	169	169	169	169	170	170	171	171	171	172	172	172	
172	172	172	169	166	165	165	161	161	158	158	154	154	153	150	150	147	146	142	143	139	139	136	135	131	130	130	126	121	122	118	118	113	113	113	108	108	104	104	100	99	96	95	92	91	91	90	90	89	90	89	89	88	88	87	87	87	87	86	86	85	85	85	84	84	84	84	88	88	91	91	95	94	96	98	99	102	102	107	109	110	110	114	114	117	118	121	121	126	125	129	130	134	134	134	138	139	143	143	147	148	151	152	156	157	160	160	165	165	166	166	167	167	167	167	167	168	168	169	169	169	170	170	170	171	171	171	172	
176	176	176	172	169	168	168	164	164	160	160	156	156	155	152	151	148	148	144	144	139	140	136	136	132	131	131	126	121	122	117	117	112	112	112	107	106	103	103	98	97	94	92	89	88	88	87	87	86	86	85	85	85	84	84	84	83	83	82	82	81	81	81	81	80	80	80	84	84	87	88	91	91	93	96	97	100	100	104	108	108	108	112	112	116	116	121	121	125	125	130	130	134	135	135	140	141	144	144	149	150	153	154	158	160	163	163	168	169	169	169	170	170	170	171	171	172	172	172	172	173	173	174	174	175	175	175	176	
177	177	176	173	169	168	168	164	164	161	160	157	157	156	153	152	148	148	144	144	140	140	136	136	132	131	131	125	121	122	117	116	112	112	111	107	106	102	102	97	97	93	92	88	87	87	86	86	86	86	85	85	84	84	83	83	83	83	82	82	81	81	81	80	79	79	80	83	84	87	88	91	91	93	96	97	99	100	104	108	108	108	112	113	116	116	120	121	125	125	130	130	134	135	135	140	141	144	144	149	150	153	154	158	160	164	164	168	169	170	170	170	171	171	171	171	172	172	173	173	174	174	174	174	175	175	175	176	
177	177	176	173	169	168	168	164	164	161	160	157	157	156	153	152	148	148	144	144	140	140	136	136	132	131	131	125	121	122	117	116	112	112	111	107	106	102	102	97	97	93	92	88	87	87	86	86	86	86	85	85	84	84	83	83	83	83	82	82	81	81	81	80	79	79	80	83	84	87	88	91	91	93	96	97	99	100	104	108	108	108	112	113	116	116	120	121	125	125	130	130	134	135	135	140	141	144	144	149	150	153	154	158	160	164	164	168	169	170	170	170	171	171	171	171	172	172	173	173	174	174	174	174	175	175	175	176	
177	177	176	173	169	168	168	164	164	161	160	157	157	156	153	152	148	148	144	144	140	140	136	136	132	131	131	125	121	122	117	116	112	112	111	107	106	102	102	97	97	93	92	88	87	87	86	86	86	86	85	85	84	84	83	83	83	83	82	82	81	81	81	80	79	79	80	83	84	87	88	91	91	93	96	97	99	100	104	108	108	108	112	113	116	116	120	121	125	125	130	130	134	135	135	140	141	144	144	149	150	153	154	158	160	164	164	168	169	170	170	170	171	171	171	171	172	172	173	173	174	174	174	174	175	175	175	176	
176	176	176	172	169	167	168	164	164	160	160	156	156	155	152	151	148	148	144	144	139	140	136	136	132	131	131	125	121	121	117	117	112	112	112	107	106	103	103	98	97	93	92	89	88	88	87	87	86	86	85	85	85	84	84	84	83	83	82	82	81	81	81	81	80	80	80	84	84	87	88	91	91	93	96	97	100	100	104	108	108	108	112	112	116	116	121	121	125	125	130	130	134	135	135	140	141	144	144	149	150	153	154	158	160	163	163	168	169	169	169	170	170	170	171	171	172	172	172	172	173	173	174	174	175	175	175	176	
180	180	179	176	172	171	171	166	166	163	163	158	158	157	154	153	149	149	144	145	140	141	137	137	132	131	131	126	121	121	116	116	111	111	111	105	104	101	101	95	94	91	90	86	85	85	84	84	83	83	82	82	81	81	80	80	80	80	79	79	78	78	78	77	76	76	77	81	81	84	84	89	89	90	94	94	98	98	102	106	106	107	111	112	115	116	120	120	125	125	129	130	135	135	136	140	142	146	146	150	151	155	156	161	163	166	166	171	172	172	172	173	173	173	174	174	175	175	176	176	176	177	177	177	178	178	178	179	
180	180	180	176	173	172	172	167	167	163	163	159	159	158	154	154	150	149	145	145	141	141	137	137	132	131	131	126	120	121	116	115	111	111	110	105	104	101	101	95	94	90	90	85	84	84	83	83	83	83	82	82	81	81	80	80	79	79	78	78	78	77	77	77	76	76	76	80	81	84	84	89	89	90	93	94	97	98	102	106	106	107	111	112	115	115	120	120	125	125	129	130	134	135	136	141	141	145	145	150	151	155	156	161	163	166	166	171	172	173	173	173	173	174	174	174	175	175	176	176	177	177	178	178	179	179	179	179	
180	180	180	176	173	172	172	167	167	163	163	159	159	158	154	154	150	149	145	145	141	141	137	137	132	131	131	126	120	121	116	115	111	111	110	105	104	101	101	95	94	90	90	85	84	84	83	83	83	83	82	82	81	81	80	80	79	79	78	78	78	77	77	77	76	76	76	80	81	84	84	89	89	90	93	94	97	98	102	106	106	107	111	112	115	115	120	120	125	125	129	130	134	135	136	141	141	145	145	150	151	155	156	161	163	166	166	171	172	173	173	173	173	174	174	174	175	175	176	176	177	177	178	178	179	179	179	179	
180	180	180	176	173	172	172	167	167	163	163	159	159	158	154	154	150	149	145	145	141	141	137	137	132	131	131	126	120	121	116	115	111	111	110	105	104	101	101	95	94	90	90	85	84	84	83	83	83	83	82	82	81	81	80	80	79	79	78	78	78	77	77	77	76	76	76	80	81	84	84	89	89	90	93	94	97	98	102	106	106	107	111	112	115	115	120	120	125	125	129	130	134	135	136	141	141	145	145	150	151	155	156	161	163	166	166	171	172	173	173	173	173	174	174	174	175	175	176	176	177	177	178	178	179	179	179	179	
183	183	182	179	175	173	173	169	169	165	165	161	160	159	155	155	151	150	146	146	141	141	137	138	133	132	131	126	120	120	116	115	110	110	109	104	103	99	99	94	92	89	87	83	82	82	81	81	80	80	79	79	78	78	77	77	76	76	76	76	75	75	74	74	73	73	73	77	77	81	82	86	86	87	91	92	95	96	101	104	105	105	110	111	114	115	119	120	126	125	130	130	135	136	137	141	142	146	147	152	153	157	158	163	165	169	169	174	174	175	175	176	176	176	177	177	178	178	179	179	180	180	180	181	181	182	182	182	
184	184	184	179	176	174	174	170	170	166	166	161	161	160	156	155	151	151	146	146	141	142	138	138	133	132	131	125	120	121	115	115	110	110	109	103	103	99	99	93	92	88	87	82	81	81	80	80	79	79	78	78	77	77	76	76	75	75	75	75	74	74	73	73	72	72	72	76	77	81	81	85	85	87	91	92	95	96	100	104	105	105	110	110	114	114	119	119	126	125	129	130	135	136	136	141	143	147	147	152	153	157	158	163	165	169	169	175	175	176	176	177	177	177	178	178	179	179	180	180	181	181	181	182	182	183	183	183	
184	184	183	179	176	174	174	170	170	166	165	161	161	160	156	155	151	151	146	146	141	142	138	137	132	132	131	125	120	120	115	115	110	109	109	104	102	98	98	93	92	88	87	82	81	81	80	80	80	80	79	79	78	78	77	77	76	76	75	75	74	74	74	73	72	72	73	77	77	81	81	86	86	87	91	92	95	96	101	105	105	106	110	111	114	115	119	119	125	125	130	130	135	136	136	141	142	146	147	152	153	157	158	163	165	169	169	174	175	175	176	176	177	177	177	178	178	178	179	179	180	180	181	181	182	182	182	183	
184	184	183	179	176	174	174	170	170	166	165	161	161	160	156	155	151	151	146	146	141	142	138	137	132	132	131	125	120	120	115	115	110	109	109	104	102	98	98	93	92	88	87	82	81	81	80	80	80	80	79	79	78	78	77	77	76	76	75	75	74	74	74	73	72	72	73	77	77	81	81	86	86	87	91	92	95	96	101	105	105	106	110	111	114	115	119	119	125	125	130	130	135	136	136	141	142	146	147	152	153	157	158	163	165	169	169	174	175	175	176	176	177	177	177	178	178	178	179	179	180	180	181	181	182	182	182	183	
184	184	184	179	176	174	174	170	170	166	165	161	161	160	156	155	151	151	146	146	141	142	138	137	132	132	131	125	120	121	115	115	110	110	109	104	103	99	99	93	92	88	87	82	81	81	80	80	79	79	78	78	77	77	76	76	75	76	75	75	74	74	73	73	72	72	72	76	77	81	81	85	85	87	91	92	95	96	100	104	105	105	109	110	114	114	119	119	126	125	130	130	135	136	136	142	143	147	147	152	153	157	158	163	165	169	169	175	175	176	176	177	177	177	178	178	179	179	180	180	181	181	181	182	182	183	183	183	
187	187	187	183	179	177	177	172	172	168	168	163	163	162	158	157	152	152	147	147	142	143	138	138	132	132	131	125	120	120	114	114	109	108	107	102	101	96	96	91	89	85	84	79	78	78	77	77	76	77	76	76	75	74	74	73	73	73	72	72	71	71	71	70	69	69	69	74	74	78	79	83	83	85	89	90	93	94	99	103	104	104	108	110	114	114	119	119	125	124	129	130	135	136	136	142	143	147	148	153	154	159	160	165	167	171	171	177	178	179	179	180	180	180	181	181	182	182	182	182	183	184	184	185	185	186	186	186	
188	188	187	183	179	178	178	173	173	169	168	164	163	162	158	157	153	153	148	148	143	143	139	138	132	132	131	125	119	120	114	114	108	108	107	102	100	96	96	90	89	85	84	79	78	78	77	77	76	76	75	75	74	74	73	73	72	72	71	71	70	70	70	69	69	68	69	73	74	78	79	83	83	84	89	90	93	94	99	103	104	104	108	109	114	114	119	119	125	124	129	130	135	136	136	142	143	147	148	153	154	159	160	165	167	171	171	177	178	179	179	180	180	180	181	181	182	182	183	183	184	184	185	185	186	186	186	187	
188	188	187	183	179	178	178	173	173	169	168	164	163	162	158	157	153	153	148	148	143	143	139	138	132	132	131	125	119	120	114	114	108	108	107	102	100	96	96	90	89	85	84	79	78	78	77	77	76	76	75	75	74	74	73	73	72	72	71	71	70	70	70	69	69	68	69	73	74	78	79	83	83	84	89	90	93	94	99	103	104	104	108	109	114	114	119	119	125	124	129	130	135	136	136	142	143	147	148	153	154	159	160	165	167	171	171	177	178	179	179	180	180	180	181	181	182	182	183	183	184	184	185	185	186	186	186	187	
187	187	186	183	178	177	177	172	172	168	168	163	163	162	158	157	153	152	147	148	142	143	138	138	132	132	131	125	119	120	114	114	109	108	107	102	101	96	96	91	90	85	84	80	78	78	77	77	76	77	76	76	75	74	74	73	73	73	72	72	71	71	71	70	69	69	69	74	74	79	79	83	83	85	89	90	93	94	99	103	104	104	108	109	114	114	119	119	125	124	130	130	135	136	136	142	143	147	148	153	154	159	160	165	167	171	171	177	178	179	179	180	180	180	181	181	182	182	182	182	183	184	184	185	185	186	186	186	
188	188	188	183	179	178	178	173	173	169	168	164	163	162	158	157	153	153	147	148	142	143	138	138	132	132	131	125	119	120	114	114	108	108	107	102	101	96	96	90	89	85	83	79	78	78	77	77	76	76	75	75	74	74	73	73	72	72	71	71	70	70	70	69	68	68	68	73	73	78	78	83	83	84	88	89	93	94	98	103	103	104	108	109	113	114	119	119	125	124	130	130	135	136	137	142	143	148	148	153	155	159	160	166	167	172	172	178	178	179	179	180	180	180	181	181	182	182	183	183	184	184	185	185	186	186	186	187	
192	192	191	186	182	181	181	175	175	171	170	166	165	164	160	159	155	154	149	149	144	144	139	138	132	132	131	125	119	119	113	113	107	107	106	100	99	95	95	88	87	82	81	76	75	75	74	74	73	73	72	72	71	71	70	69	69	69	68	68	67	66	66	65	65	64	65	70	71	75	75	80	80	82	86	87	91	92	97	101	102	102	107	108	112	113	118	118	125	124	130	130	136	137	137	143	145	149	149	155	156	161	162	168	170	174	174	181	182	182	182	183	183	184	185	185	186	186	186	186	188	188	188	189	189	190	190	191	
192	192	191	186	182	181	181	175	175	171	170	166	165	164	160	159	155	154	149	149	144	144	139	138	132	132	131	125	119	119	113	113	107	107	106	100	99	95	95	88	87	82	81	76	75	75	74	74	73	73	72	72	71	71	70	69	69	69	68	68	67	66	66	65	65	64	65	70	71	75	75	80	80	82	86	87	91	92	97	101	102	102	107	108	112	113	118	118	125	124	130	130	136	137	137	143	145	149	149	155	156	161	162	168	170	174	174	181	182	182	182	183	183	184	185	185	186	186	186	186	188	188	188	189	189	190	190	191	
192	192	191	186	182	181	181	175	175	171	170	166	165	164	160	159	155	154	149	149	144	144	139	138	132	132	131	125	119	119	113	113	107	107	106	100	99	95	95	88	87	82	81	76	75	75	74	74	73	73	72	72	71	71	70	69	69	69	68	68	67	66	66	65	65	64	65	70	71	75	75	80	80	82	86	87	91	92	97	101	102	102	107	108	112	113	118	118	125	124	130	130	136	137	137	143	145	149	149	155	156	161	162	168	170	174	174	181	182	182	182	183	183	184	185	185	186	186	186	186	188	188	188	189	189	190	190	191	
192	192	191	187	182	181	181	175	175	171	171	166	165	164	160	159	155	154	149	149	143	144	139	139	132	132	132	125	119	119	113	113	107	107	106	100	99	95	95	88	87	82	81	76	74	74	73	73	72	72	71	71	70	70	69	69	68	68	67	67	66	66	66	65	64	64	64	69	70	74	75	80	80	81	85	86	90	91	96	101	101	102	107	108	112	112	118	118	125	124	130	131	137	137	138	144	145	149	150	155	157	161	162	168	170	175	175	181	182	183	183	184	184	184	185	185	186	186	187	187	188	188	189	189	190	190	190	191	
196	196	195	190	185	184	184	178	178	173	173	168	167	166	162	161	156	156	150	150	144	145	139	139	133	132	132	125	118	119	112	112	106	106	105	99	98	92	92	85	85	79	78	73	71	71	70	70	69	69	68	68	67	67	66	66	65	65	64	64	63	63	62	61	61	60	61	66	66	71	71	77	77	78	83	84	88	89	94	99	100	101	106	107	112	112	117	117	124	124	130	131	137	138	138	145	146	150	151	157	158	163	164	170	172	178	178	184	185	186	186	187	187	187	188	188	189	189	190	190	191	191	192	192	193	194	194	195	
195	195	194	190	185	183	183	178	178	173	172	168	167	166	162	161	156	156	150	150	144	145	140	139	133	132	132	124	118	119	112	112	106	106	105	99	98	92	92	86	85	80	78	73	72	72	71	71	70	70	69	69	67	67	66	66	65	65	64	64	63	63	63	62	61	61	62	66	67	72	72	77	77	79	84	85	89	90	95	100	100	101	106	107	112	112	117	118	124	124	130	131	136	137	138	144	146	150	150	156	157	163	164	170	172	177	177	183	184	185	185	186	186	187	188	188	189	189	190	190	191	191	192	192	193	193	193	194	
195	195	194	190	185	183	183	178	178	173	172	168	167	166	162	161	156	156	150	150	144	145	140	139	133	132	132	124	118	119	112	112	106	106	105	99	98	92	92	86	85	80	78	73	72	72	71	71	70	70	69	69	67	67	66	66	65	65	64	64	63	63	63	62	61	61	62	66	67	72	72	77	77	79	84	85	89	90	95	100	100	101	106	107	112	112	117	118	124	124	130	131	136	137	138	144	146	150	150	156	157	163	164	170	172	177	177	183	184	185	185	186	186	187	188	188	189	189	190	190	191	191	192	192	193	193	193	194	
195	195	194	190	185	183	183	178	178	173	172	168	167	166	162	161	156	156	150	150	144	145	140	139	133	132	132	124	118	119	112	112	106	106	105	99	98	92	92	86	85	80	78	73	72	72	71	71	70	70	69	69	67	67	66	66	65	65	64	64	63	63	63	62	61	61	62	66	67	72	72	77	77	79	84	85	89	90	95	100	100	101	106	107	112	112	117	118	124	124	130	131	136	137	138	144	146	150	150	156	157	163	164	170	172	177	177	183	184	185	185	186	186	187	188	188	189	189	190	190	191	191	192	192	193	193	193	194	
196	196	195	190	185	184	184	178	178	173	173	168	167	166	162	161	156	156	150	150	144	145	139	139	133	132	132	125	118	118	112	112	106	106	105	99	98	92	93	85	85	79	78	73	71	71	70	70	69	69	68	68	67	67	66	66	65	65	64	64	63	63	62	61	61	60	61	66	66	71	71	77	77	79	84	84	88	89	94	99	99	100	106	107	112	112	117	117	124	124	130	131	137	138	138	145	146	150	151	157	157	163	164	170	172	178	178	184	185	186	186	187	187	187	188	188	189	189	190	190	191	191	192	192	193	194	194	195	
199	199	198	193	189	187	187	180	181	176	175	170	169	168	164	162	158	157	151	151	145	146	140	140	133	133	132	125	118	118	112	112	105	105	104	97	96	90	91	83	82	77	76	70	69	68	67	67	66	66	65	65	64	64	63	63	62	62	61	61	59	59	59	58	57	57	57	63	63	68	68	74	74	76	81	82	86	87	93	98	98	99	105	106	111	111	117	117	124	123	130	131	138	138	138	145	146	152	152	159	159	165	166	173	175	180	180	187	188	189	189	190	190	190	191	191	192	192	193	193	194	195	195	196	197	197	197	198	
199	199	198	193	188	186	187	180	180	175	175	169	169	168	163	162	158	157	151	151	145	145	140	140	133	133	132	125	117	118	111	111	105	104	104	97	96	91	91	83	83	77	76	70	69	69	68	68	67	67	66	65	64	64	63	63	62	62	61	61	60	60	59	59	58	57	58	63	64	69	69	75	75	76	81	82	87	87	93	98	98	99	105	106	111	111	117	117	124	124	130	130	137	138	138	145	146	152	152	158	159	164	166	172	174	180	180	187	187	188	188	189	190	190	191	191	192	192	193	193	194	194	195	195	196	197	197	198	
199	199	198	193	188	186	187	180	180	175	175	169	169	168	163	162	158	157	151	151	145	145	140	140	133	133	132	125	117	118	111	111	105	104	104	97	96	91	91	83	83	77	76	70	69	69	68	68	67	67	66	65	64	64	63	63	62	62	61	61	60	60	59	59	58	57	58	63	64	69	69	75	75	76	81	82	87	87	93	98	98	99	105	106	111	111	117	117	124	124	130	130	137	138	138	145	146	152	152	158	159	164	166	172	174	180	180	187	187	188	188	189	190	190	191	191	192	192	193	193	194	194	195	195	196	197	197	198	
199	199	198	193	188	186	187	180	180	175	175	169	169	168	163	162	158	157	151	151	145	145	140	140	133	133	132	125	117	118	111	111	105	104	104	97	96	91	91	83	83	77	76	70	69	69	68	68	67	67	66	65	64	64	63	63	62	62	61	61	60	60	59	59	58	57	58	63	64	69	69	75	75	76	81	82	87	87	93	98	98	99	105	106	111	111	117	117	124	124	130	130	137	138	138	145	146	152	152	158	159	164	166	172	174	180	180	187	187	188	188	189	190	190	191	191	192	192	193	193	194	194	195	195	196	197	197	198	
202	202	201	196	191	189	189	183	183	178	178	172	172	170	165	164	159	158	152	152	146	146	141	141	134	133	132	124	117	118	111	111	104	103	102	95	94	89	89	81	80	75	73	67	66	66	65	65	63	64	62	62	61	61	60	60	59	59	58	58	56	56	56	55	54	54	55	60	61	66	66	72	72	74	78	80	85	85	92	97	97	98	104	105	110	110	116	117	124	123	130	131	138	139	139	145	147	152	152	160	161	167	168	174	177	182	182	189	190	191	191	192	193	193	194	194	195	195	196	196	197	198	198	199	200	200	200	201	
203	203	202	196	191	189	190	183	184	178	178	172	172	170	165	164	159	159	152	152	146	146	141	141	133	132	132	124	117	118	111	111	103	102	102	95	94	88	89	81	80	74	73	67	66	65	64	64	63	63	62	62	61	61	59	59	58	58	57	57	56	56	56	55	54	53	54	60	60	66	66	72	71	73	78	80	85	85	92	97	97	98	103	105	110	110	117	116	124	123	130	130	137	139	139	146	147	152	152	160	161	167	168	175	177	182	182	190	191	192	192	193	193	193	194	194	196	195	197	197	198	198	199	199	200	200	200	202	
203	203	202	196	191	189	190	183	184	178	178	172	172	170	165	164	159	159	152	152	146	146	141	141	133	132	132	124	117	118	111	111	103	102	102	95	94	88	89	81	80	74	73	67	66	65	64	64	63	63	62	62	61	61	59	59	58	58	57	57	56	56	56	55	54	53	54	60	60	66	66	72	71	73	78	80	85	85	92	97	97	98	103	105	110	110	117	116	124	123	130	130	137	139	139	146	147	152	152	160	161	167	168	175	177	182	182	190	191	192	192	193	193	193	194	194	196	195	197	197	198	198	199	199	200	200	200	202	
203	203	202	196	191	189	190	183	184	178	178	172	172	170	165	164	159	159	152	152	146	146	141	141	133	132	132	124	117	118	111	111	103	102	102	95	94	88	89	81	80	74	73	67	66	65	64	64	63	63	62	62	61	61	59	59	58	58	57	57	56	56	56	55	54	53	54	60	60	66	66	72	71	73	78	80	85	85	92	97	97	98	103	105	110	110	117	116	124	123	130	130	137	139	139	146	147	152	152	160	161	167	168	175	177	182	182	190	191	192	192	193	193	193	194	194	196	195	197	197	198	198	199	199	200	200	200	202	
203	203	202	197	192	190	190	184	184	178	178	172	172	170	165	164	159	158	152	152	146	146	141	141	134	133	132	124	117	118	111	111	103	102	102	95	94	88	88	81	79	74	73	66	65	65	64	64	63	63	62	62	60	60	59	59	58	58	57	57	56	55	55	54	53	53	54	59	60	65	65	71	71	73	78	79	84	85	91	96	97	98	103	104	110	110	116	117	124	123	130	131	137	139	139	146	147	153	153	160	161	167	169	175	177	183	183	190	191	192	192	193	193	193	195	195	196	196	197	197	198	198	199	199	200	201	201	202	
207	207	206	200	195	193	193	186	187	181	181	174	174	172	167	166	160	160	153	154	147	147	142	141	133	133	132	124	117	118	110	110	102	101	101	93	92	86	86	79	77	71	70	64	62	62	61	61	60	60	59	59	57	57	56	56	54	55	53	53	52	52	52	51	50	49	50	56	57	62	62	69	68	70	76	77	82	83	90	95	95	97	102	104	109	109	116	116	124	123	130	131	138	139	139	146	148	154	154	162	163	169	171	177	179	185	185	193	194	195	195	196	196	197	198	198	199	199	200	200	202	202	203	203	204	204	204	205	
207	207	206	200	195	193	193	186	187	181	181	174	174	172	167	166	160	160	153	154	147	147	142	141	133	133	132	124	117	118	110	110	102	101	101	93	92	86	86	79	77	71	70	64	62	62	61	61	60	60	59	59	57	57	56	56	54	55	53	53	52	52	52	51	50	49	50	56	57	62	62	69	68	70	76	77	82	83	90	95	95	97	102	104	109	109	116	116	124	123	130	131	138	139	139	146	148	154	154	162	163	169	171	177	179	185	185	193	194	195	195	196	196	197	198	198	199	199	200	200	202	202	203	203	204	204	204	205	
207	207	206	200	195	193	193	186	187	181	181	174	174	172	167	166	160	160	153	154	147	147	142	141	133	133	132	124	117	118	110	110	102	101	101	93	92	86	86	79	77	71	70	64	62	62	61	61	60	60	59	59	57	57	56	56	54	55	53	53	52	52	52	51	50	49	50	56	57	62	62	69	68	70	76	77	82	83	90	95	95	97	102	104	109	109	116	116	124	123	130	131	138	139	139	146	148	154	154	162	163	169	171	177	179	185	185	193	194	195	195	196	196	197	198	198	199	199	200	200	202	202	203	203	204	204	204	205	
207	207	206	200	195	193	193	186	187	181	181	174	174	173	167	166	161	160	153	153	147	148	142	141	134	133	132	124	117	117	110	110	102	101	101	93	92	86	86	79	77	72	70	64	62	62	61	60	59	59	58	58	57	57	55	55	54	54	53	53	52	52	51	50	49	49	50	56	56	62	62	68	68	70	75	77	82	82	89	95	95	96	102	103	109	109	116	116	124	123	130	131	138	139	139	147	148	154	154	162	164	169	171	178	180	185	186	193	194	195	196	197	197	197	198	198	199	199	201	200	202	202	203	203	204	205	205	206	
211	211	209	204	198	196	196	189	189	184	183	176	176	175	169	168	162	162	154	154	148	149	142	142	134	133	132	124	116	117	109	109	101	100	100	91	90	84	84	76	74	69	67	61	59	59	57	57	56	56	55	55	54	53	52	52	51	51	50	50	48	48	48	47	46	45	46	52	53	58	59	66	65	68	73	74	80	80	88	93	94	94	101	102	108	108	115	115	124	123	130	131	139	140	140	147	149	155	155	164	165	171	173	180	183	188	188	196	197	198	199	200	200	200	201	201	203	202	204	204	205	205	206	207	208	208	208	209	
210	210	209	203	198	196	196	189	189	184	183	176	176	175	169	168	162	162	154	155	148	148	142	142	134	133	132	124	116	117	109	109	101	100	100	92	90	84	85	76	75	69	68	61	59	59	58	58	57	57	55	55	54	54	52	52	51	51	50	50	49	49	48	47	46	46	47	53	54	59	59	66	66	68	73	75	80	81	88	94	94	95	101	103	108	108	115	115	124	123	130	130	138	140	140	147	149	155	155	163	165	170	172	179	182	188	188	196	197	198	198	199	199	200	201	201	202	202	203	203	205	205	206	206	207	208	208	209	
210	210	209	203	198	196	196	189	189	184	183	176	176	175	169	168	162	162	154	155	148	148	142	142	134	133	132	124	116	117	109	109	101	100	100	92	90	84	85	76	75	69	68	61	59	59	58	58	57	57	55	55	54	54	52	52	51	51	50	50	49	49	48	47	46	46	47	53	54	59	59	66	66	68	73	75	80	81	88	94	94	95	101	103	108	108	115	115	124	123	130	130	138	140	140	147	149	155	155	163	165	170	172	179	182	188	188	196	197	198	198	199	199	200	201	201	202	202	203	203	205	205	206	206	207	208	208	209	
210	210	209	203	198	196	196	189	189	184	183	176	176	175	169	168	162	162	154	155	148	148	142	142	134	133	132	124	116	117	109	109	101	100	100	92	90	84	85	76	75	69	68	61	59	59	58	58	57	57	55	55	54	54	52	52	51	51	50	50	49	49	48	47	46	46	47	53	54	59	59	66	66	68	73	75	80	81	88	94	94	95	101	103	108	108	115	115	124	123	130	130	138	140	140	147	149	155	155	163	165	170	172	179	182	188	188	196	197	198	198	199	199	200	201	201	202	202	203	203	205	205	206	206	207	208	208	209	
211	211	209	204	198	196	196	189	189	184	183	176	176	175	169	168	162	162	154	155	148	149	142	142	134	133	132	124	116	117	109	109	101	100	100	92	90	84	85	76	75	69	67	61	59	59	57	57	56	56	55	55	54	53	52	52	51	51	50	50	48	48	48	47	46	45	46	52	53	59	59	66	65	68	73	74	80	80	88	93	93	94	101	102	108	108	115	115	124	123	130	131	139	140	140	148	149	155	155	164	165	171	173	180	182	188	188	196	197	198	199	200	200	200	201	201	203	202	204	204	205	205	206	207	208	208	208	209	
213	213	212	206	200	198	198	191	191	185	185	178	178	176	170	169	163	163	156	156	148	149	143	142	134	134	133	124	116	116	109	109	100	99	99	91	89	83	83	75	73	67	65	58	57	57	55	55	54	54	53	53	51	51	50	50	48	48	47	47	46	46	45	44	43	43	44	50	50	56	57	63	63	65	71	73	78	79	86	92	92	93	100	101	107	108	115	115	123	123	131	131	139	140	141	148	150	156	156	165	166	173	174	181	184	191	191	199	200	200	201	202	202	202	204	204	205	205	206	206	208	208	209	209	210	211	211	212	
214	214	213	207	201	199	199	192	192	186	185	178	178	177	171	170	163	163	156	156	148	149	143	142	134	133	133	124	116	117	108	108	100	99	99	91	89	82	83	74	73	66	65	58	56	56	55	55	54	54	52	52	51	51	49	49	48	48	47	47	45	45	45	44	43	42	43	50	50	56	56	63	63	65	71	73	78	79	86	92	92	94	100	101	107	108	115	115	123	122	130	131	139	140	140	148	150	156	156	165	166	173	174	181	184	191	191	199	200	201	201	202	203	203	204	204	205	205	207	207	208	208	209	210	211	211	211	212	
214	214	213	207	201	199	199	192	192	186	185	178	178	177	171	170	163	163	156	156	148	149	143	142	134	133	133	124	116	117	108	108	100	99	99	91	89	82	83	74	73	66	65	58	56	56	55	55	54	54	52	52	51	51	49	49	48	48	47	47	45	45	45	44	43	42	43	50	50	56	56	63	63	65	71	73	78	79	86	92	92	94	100	101	107	108	115	115	123	122	130	131	139	140	140	148	150	156	156	165	166	173	174	181	184	191	191	199	200	201	201	202	203	203	204	204	205	205	207	207	208	208	209	210	211	211	211	212	
214	214	213	207	201	199	199	192	192	186	185	178	178	177	171	170	163	163	156	156	148	149	143	142	134	133	133	124	116	117	108	108	100	99	99	91	89	82	83	74	73	66	65	58	56	56	55	55	54	54	52	52	51	51	49	49	48	48	47	47	45	45	45	44	43	42	43	50	50	56	56	63	63	65	71	73	78	79	86	92	92	94	100	101	107	108	115	115	123	122	130	131	139	140	140	148	150	156	156	165	166	173	174	181	184	191	191	199	200	201	201	202	203	203	204	204	205	205	207	207	208	208	209	210	211	211	211	212	
214	214	213	207	201	199	199	192	192	186	185	178	178	177	171	170	164	163	156	156	148	149	143	143	134	133	133	124	116	116	108	108	100	99	99	91	89	82	83	74	73	66	64	58	56	56	55	54	53	53	52	52	51	50	49	49	48	48	46	46	45	45	45	43	42	42	43	49	50	56	56	63	63	65	71	72	78	78	86	92	92	93	100	101	107	107	114	115	123	122	131	131	139	140	140	149	150	157	157	165	166	173	174	182	184	191	191	199	200	201	202	203	203	203	204	204	206	206	207	207	208	209	210	210	211	211	211	213	
218	218	217	210	204	202	202	195	195	189	188	181	181	179	173	172	165	165	157	157	150	150	143	143	134	133	133	123	115	115	107	107	98	97	97	89	87	80	81	71	70	63	62	54	53	53	52	52	50	50	49	49	47	47	46	46	44	44	43	43	41	41	41	40	39	38	39	47	47	53	53	60	60	63	69	70	76	77	84	91	91	92	99	100	106	107	114	114	123	122	130	131	139	141	141	149	151	157	157	166	168	174	176	184	186	193	193	202	203	204	205	206	206	206	208	208	209	209	210	210	212	212	213	213	215	215	215	216	
218	218	217	210	204	202	202	195	195	189	188	181	181	179	173	172	165	165	157	157	150	150	143	143	134	133	133	123	115	115	107	107	98	97	97	89	87	80	81	71	70	63	62	54	53	53	52	52	50	50	49	49	47	47	46	46	44	44	43	43	41	41	41	40	39	38	39	47	47	53	53	60	60	63	69	70	76	77	84	91	91	92	99	100	106	107	114	114	123	122	130	131	139	141	141	149	151	157	157	166	168	174	176	184	186	193	193	202	203	204	205	206	206	206	208	208	209	209	210	210	212	212	213	213	215	215	215	216	
218	218	217	210	204	202	202	195	195	189	188	181	181	179	173	172	165	165	157	157	150	150	143	143	134	133	133	123	115	115	107	107	98	97	97	89	87	80	81	71	70	63	62	54	53	53	52	52	50	50	49	49	47	47	46	46	44	44	43	43	41	41	41	40	39	38	39	47	47	53	53	60	60	63	69	70	76	77	84	91	91	92	99	100	106	107	114	114	123	122	130	131	139	141	141	149	151	157	157	166	168	174	176	184	186	193	193	202	203	204	205	206	206	206	208	208	209	209	210	210	212	212	213	213	215	215	215	216	
217	217	216	210	204	202	202	194	194	188	188	180	180	179	173	171	165	165	157	157	150	150	143	143	134	133	133	124	115	115	107	107	99	98	97	89	87	81	81	72	70	64	62	55	53	53	52	52	51	51	49	49	48	47	46	46	45	45	43	43	42	42	42	40	39	39	40	47	47	53	54	61	61	63	69	70	76	77	84	91	91	92	99	100	106	107	114	114	123	122	130	131	139	141	141	149	151	157	157	166	168	174	175	184	186	193	193	202	203	204	204	205	206	206	207	207	209	209	210	210	211	211	213	213	214	215	215	216	
221	221	220	213	207	205	205	197	197	191	190	183	183	180	174	173	166	166	158	158	150	151	144	144	135	134	133	123	115	116	107	107	98	97	96	87	86	79	79	70	68	62	60	52	50	50	48	48	47	47	46	46	44	44	42	42	41	41	40	40	38	38	38	36	35	35	36	43	43	50	50	57	57	60	66	67	74	75	82	89	89	90	97	99	105	106	114	114	123	123	131	131	140	141	142	150	152	159	159	168	170	177	178	186	189	196	196	205	206	207	208	209	209	209	211	211	212	212	213	213	215	215	216	217	218	218	218	220	
222	222	220	214	207	205	205	197	197	191	191	183	183	181	175	173	167	166	158	158	150	151	144	144	135	134	133	123	114	115	107	106	98	96	95	87	85	79	79	69	68	61	59	51	50	50	48	48	47	47	45	45	44	44	42	42	41	41	39	39	38	38	37	36	35	34	35	43	43	50	50	57	57	60	66	67	73	75	82	89	89	90	97	99	105	106	114	114	123	123	131	131	140	141	142	150	152	159	159	168	170	177	178	186	189	196	196	206	207	208	208	209	209	210	211	211	213	212	214	214	215	216	217	217	218	219	219	220	
222	222	220	214	207	205	205	197	197	191	191	183	183	181	175	173	167	166	158	158	150	151	144	144	135	134	133	123	114	115	107	106	98	96	95	87	85	79	79	69	68	61	59	51	50	50	48	48	47	47	45	45	44	44	42	42	41	41	39	39	38	38	37	36	35	34	35	43	43	50	50	57	57	60	66	67	73	75	82	89	89	90	97	99	105	106	114	114	123	123	131	131	140	141	142	150	152	159	159	168	170	177	178	186	189	196	196	206	207	208	208	209	209	210	211	211	213	212	214	214	215	216	217	217	218	219	219	220	
222	222	220	214	207	205	205	197	197	191	191	183	183	181	175	173	167	166	158	158	150	151	144	144	135	134	133	123	114	115	107	106	98	96	95	87	85	79	79	69	68	61	59	51	50	50	48	48	47	47	45	45	44	44	42	42	41	41	39	39	38	38	37	36	35	34	35	43	43	50	50	57	57	60	66	67	73	75	82	89	89	90	97	99	105	106	114	114	123	123	131	131	140	141	142	150	152	159	159	168	170	177	178	186	189	196	196	206	207	208	208	209	209	210	211	211	213	212	214	214	215	216	217	217	218	219	219	220	
225	225	223	217	210	207	207	200	200	193	193	185	185	182	176	174	168	167	160	159	151	152	145	144	135	134	133	123	114	115	106	106	97	95	95	86	84	77	77	68	66	59	57	49	47	47	46	45	44	44	43	43	41	41	39	39	38	38	36	36	35	35	34	33	32	31	32	40	40	47	48	55	55	57	63	65	71	73	81	87	88	89	96	97	104	105	113	113	123	122	131	132	140	142	142	151	153	160	160	169	172	178	180	188	191	198	198	208	209	210	210	212	212	212	214	214	215	215	217	217	218	218	220	220	221	222	222	223	
225	225	224	217	210	208	208	200	200	194	193	185	185	183	176	175	168	167	160	160	151	152	145	144	135	134	133	123	114	115	106	106	96	95	94	85	83	77	77	67	65	58	56	49	47	47	45	45	44	44	42	42	41	40	39	39	37	37	36	36	34	34	34	33	31	31	32	39	40	47	47	55	55	57	63	65	71	73	81	87	88	89	96	98	104	105	113	113	123	122	131	132	140	142	142	151	153	160	160	169	172	178	180	188	191	198	199	208	210	211	211	212	213	213	214	214	216	216	217	217	219	219	220	220	222	222	222	224	
225	225	224	217	210	208	208	200	200	194	193	185	185	183	176	175	168	167	160	160	151	152	145	144	135	134	133	123	114	115	106	106	96	95	94	85	83	77	77	67	65	58	56	49	47	47	45	45	44	44	42	42	41	40	39	39	37	37	36	36	34	34	34	33	31	31	32	39	40	47	47	55	55	57	63	65	71	73	81	87	88	89	96	98	104	105	113	113	123	122	131	132	140	142	142	151	153	160	160	169	172	178	180	188	191	198	199	208	210	211	211	212	213	213	214	214	216	216	217	217	219	219	220	220	222	222	222	224	
225	225	224	217	210	208	208	200	200	194	193	185	185	183	176	175	168	167	160	160	151	152	145	144	135	134	133	123	114	115	106	106	96	95	94	85	83	77	77	67	65	58	56	49	47	47	45	45	44	44	42	42	41	40	39	39	37	37	36	36	34	34	34	33	31	31	32	39	40	47	47	55	55	57	63	65	71	73	81	87	88	89	96	98	104	105	113	113	123	122	131	132	140	142	142	151	153	160	160	169	172	178	180	188	191	198	199	208	210	211	211	212	213	213	214	214	216	216	217	217	219	219	220	220	222	222	222	224	
225	225	224	217	210	208	208	200	200	194	193	185	185	183	176	175	168	167	160	160	151	152	145	144	135	134	133	123	114	115	106	106	96	95	94	85	83	77	77	67	65	58	56	49	47	47	45	45	44	44	42	42	41	40	39	39	37	37	36	36	34	34	34	33	31	31	32	39	40	47	47	55	55	57	63	65	71	73	81	87	88	89	96	98	104	105	113	113	123	122	131	132	140	142	142	151	153	160	160	169	172	178	180	188	191	198	199	208	210	211	211	212	213	213	214	214	216	216	217	217	219	219	220	220	222	222	222	224	
228	228	227	220	213	211	211	202	202	196	195	187	187	184	177	176	169	169	160	160	152	153	145	145	135	134	133	124	114	115	106	105	96	94	94	84	82	75	75	65	63	56	54	46	44	44	43	42	41	41	40	39	38	38	36	36	34	34	33	33	31	31	31	30	28	28	29	37	37	44	44	52	52	55	61	63	69	70	79	86	86	88	95	97	103	104	113	113	123	122	131	131	141	143	143	152	154	161	161	172	173	180	182	191	194	201	201	211	212	213	214	215	215	215	217	217	218	218	220	220	222	222	223	223	225	225	225	227	
229	229	227	220	214	211	211	203	203	196	196	187	187	185	178	176	170	169	160	160	152	153	146	145	135	134	133	123	113	114	105	105	95	94	94	84	82	75	75	65	62	56	54	46	44	44	42	42	41	41	39	39	38	37	36	36	34	34	33	33	31	31	30	29	28	27	29	36	37	43	44	52	52	55	61	63	69	70	79	86	86	87	95	97	103	104	112	113	123	122	130	131	141	142	143	152	154	161	161	171	173	180	182	191	194	201	201	211	212	214	214	215	215	216	217	217	219	219	220	220	222	222	223	224	225	226	226	227	
229	229	227	220	214	211	211	203	203	196	196	187	187	185	178	176	170	169	160	160	152	153	146	145	135	134	133	123	113	114	105	105	95	94	94	84	82	75	75	65	62	56	54	46	44	44	42	42	41	41	39	39	38	37	36	36	34	34	33	33	31	31	30	29	28	27	29	36	37	43	44	52	52	55	61	63	69	70	79	86	86	87	95	97	103	104	112	113	123	122	130	131	141	142	143	152	154	161	161	171	173	180	182	191	194	201	201	211	212	214	214	215	215	216	217	217	219	219	220	220	222	222	223	224	225	226	226	227	
229	229	227	220	214	211	211	203	203	196	196	187	187	185	178	176	170	169	160	160	152	153	146	145	135	134	133	123	113	114	105	105	95	94	94	84	82	75	75	65	62	56	54	46	44	44	42	42	41	41	39	39	38	37	36	36	34	34	33	33	31	31	30	29	28	27	29	36	37	43	44	52	52	55	61	63	69	70	79	86	86	87	95	97	103	104	112	113	123	122	130	131	141	142	143	152	154	161	161	171	173	180	182	191	194	201	201	211	212	214	214	215	215	216	217	217	219	219	220	220	222	222	223	224	225	226	226	227	
229	229	228	221	214	211	211	203	203	196	196	187	187	185	178	177	170	169	160	160	152	153	145	145	135	134	134	123	113	114	105	105	95	94	94	84	82	75	75	65	62	55	54	45	44	43	42	42	40	40	39	39	37	37	35	35	34	34	32	32	30	30	30	29	27	27	28	36	36	43	43	52	52	54	61	62	69	70	79	85	86	87	95	97	103	104	112	113	123	122	131	131	142	143	143	152	154	162	162	171	174	180	182	192	195	202	202	212	213	214	214	216	216	216	218	218	219	219	221	221	222	222	224	224	225	226	226	228	
233	233	231	224	217	215	215	206	206	198	198	190	190	187	180	179	172	171	162	162	153	154	146	145	135	134	134	123	113	113	104	103	94	92	92	82	80	73	73	62	60	53	51	42	41	40	39	39	37	37	36	36	34	34	32	32	30	30	29	29	27	27	27	25	24	23	24	33	33	40	41	49	49	52	59	61	67	68	77	84	85	86	94	95	103	104	112	112	122	121	131	131	141	143	143	153	155	162	162	172	174	182	184	193	197	204	204	215	216	217	217	219	219	219	221	221	223	222	224	224	226	226	227	228	229	229	229	231	
233	233	231	224	217	215	215	206	206	198	198	190	190	187	180	179	172	171	162	162	153	154	146	145	135	134	134	123	113	113	104	103	94	92	92	82	80	73	73	62	60	53	51	42	41	40	39	39	37	37	36	36	34	34	32	32	30	30	29	29	27	27	27	25	24	23	24	33	33	40	41	49	49	52	59	61	67	68	77	84	85	86	94	95	103	104	112	112	122	121	131	131	141	143	143	153	155	162	162	172	174	182	184	193	197	204	204	215	216	217	217	219	219	219	221	221	223	222	224	224	226	226	227	228	229	229	229	231	
233	233	231	224	217	215	215	206	206	198	198	190	190	187	180	179	172	171	162	162	153	154	146	145	135	134	134	123	113	113	104	103	94	92	92	82	80	73	73	62	60	53	51	42	41	40	39	39	37	37	36	36	34	34	32	32	30	30	29	29	27	27	27	25	24	23	24	33	33	40	41	49	49	52	59	61	67	68	77	84	85	86	94	95	103	104	112	112	122	121	131	131	141	143	143	153	155	162	162	172	174	182	184	193	197	204	204	215	216	217	217	219	219	219	221	221	223	222	224	224	226	226	227	228	229	229	229	231	
232	232	231	224	216	214	214	205	205	198	198	189	189	187	180	178	171	171	162	162	153	154	146	145	135	134	134	123	112	113	104	103	94	93	92	83	81	73	73	62	61	53	51	43	41	41	39	39	38	38	36	36	34	34	32	32	31	31	29	29	28	27	27	26	24	24	25	33	34	41	41	50	50	52	59	61	67	68	77	84	85	86	94	95	103	103	112	112	122	121	131	131	141	143	143	153	155	163	163	172	174	182	184	193	196	204	204	214	215	217	217	218	219	219	220	221	222	222	224	224	225	225	227	227	228	229	229	231	
236	236	234	227	220	217	217	208	208	201	200	191	191	189	182	180	173	172	163	163	154	155	146	146	136	134	134	123	112	113	104	103	93	92	91	81	79	71	71	60	58	51	49	40	38	38	36	36	34	34	33	33	31	30	29	29	27	27	25	26	24	24	23	22	20	20	21	30	30	37	38	46	46	49	56	58	65	66	75	83	83	84	92	94	101	102	111	111	122	121	131	132	142	143	144	153	156	164	164	175	176	184	186	196	199	207	207	218	219	220	220	222	222	222	224	224	226	225	227	227	229	229	230	231	232	233	233	234	
237	237	235	227	220	218	218	208	208	201	200	192	192	189	182	180	173	173	163	163	154	155	146	146	136	134	134	123	111	113	103	103	93	91	91	81	79	71	71	60	58	50	48	39	37	37	35	35	34	34	32	32	30	30	28	28	27	27	25	25	23	23	23	21	20	19	20	29	30	37	37	46	46	49	56	57	65	66	75	82	82	84	92	94	101	102	112	111	122	121	131	131	142	144	144	154	156	164	164	175	176	184	186	196	200	207	207	218	219	220	221	222	222	223	224	224	226	226	228	228	229	229	231	231	233	233	233	235	
237	237	235	227	220	218	218	208	208	201	200	192	192	189	182	180	173	173	163	163	154	155	146	146	136	134	134	123	111	113	103	103	93	91	91	81	79	71	71	60	58	50	48	39	37	37	35	35	34	34	32	32	30	30	28	28	27	27	25	25	23	23	23	21	20	19	20	29	30	37	37	46	46	49	56	57	65	66	75	82	82	84	92	94	101	102	112	111	122	121	131	131	142	144	144	154	156	164	164	175	176	184	186	196	200	207	207	218	219	220	221	222	222	223	224	224	226	226	228	228	229	229	231	231	233	233	233	235	
237	237	235	227	220	218	218	208	208	201	200	192	192	189	182	180	173	173	163	163	154	155	146	146	136	134	134	123	111	113	103	103	93	91	91	81	79	71	71	60	58	50	48	39	37	37	35	35	34	34	32	32	30	30	28	28	27	27	25	25	23	23	23	21	20	19	20	29	30	37	37	46	46	49	56	57	65	66	75	82	82	84	92	94	101	102	112	111	122	121	131	131	142	144	144	154	156	164	164	175	176	184	186	196	200	207	207	218	219	220	221	222	222	223	224	224	226	226	228	228	229	229	231	231	233	233	233	235	
239	239	237	230	223	220	220	210	210	203	202	193	194	191	183	182	174	173	164	164	155	155	148	146	136	135	134	123	112	113	103	102	92	90	90	79	77	69	70	58	56	48	46	38	35	35	33	33	31	32	30	30	28	28	26	26	24	24	23	23	21	21	20	19	17	17	18	27	27	35	35	44	44	47	54	56	63	64	73	81	82	83	92	93	101	102	110	112	122	121	131	132	143	144	144	154	157	165	164	176	178	186	188	198	201	209	209	219	221	223	223	224	225	225	227	227	228	228	230	230	232	232	233	234	235	236	236	237	
240	240	237	231	223	221	221	211	211	204	203	194	194	191	184	182	174	173	164	164	155	155	148	146	136	135	134	123	112	113	102	102	91	90	89	79	77	69	69	58	55	47	45	37	34	34	32	32	31	31	29	29	27	27	25	25	23	23	22	22	20	20	19	18	17	16	18	26	26	34	35	43	43	46	54	55	63	64	73	81	82	83	91	93	101	101	110	112	122	121	131	131	142	144	144	154	156	165	165	176	178	186	188	198	202	210	210	220	222	223	224	225	225	226	227	227	229	229	231	231	233	233	234	235	236	237	237	238	
240	240	237	230	223	221	221	211	211	203	203	194	194	191	184	182	174	173	164	164	155	155	148	146	136	135	134	123	112	113	102	102	91	90	89	79	77	69	69	58	56	47	46	37	34	34	32	32	31	31	29	29	27	27	25	25	23	23	22	22	20	20	19	18	17	16	18	26	26	34	35	43	43	46	54	55	63	64	73	81	81	83	91	93	100	101	110	112	122	121	131	132	142	144	145	155	156	165	165	176	178	186	188	198	201	210	210	220	222	223	224	225	225	226	227	227	229	229	231	231	233	233	234	234	236	237	236	238	
240	240	237	230	223	221	221	211	211	203	203	194	194	191	184	182	174	173	164	164	155	155	148	146	136	135	134	123	112	113	102	102	91	90	89	79	77	69	69	58	56	47	46	37	34	34	32	32	31	31	29	29	27	27	25	25	23	23	22	22	20	20	19	18	17	16	18	26	26	34	35	43	43	46	54	55	63	64	73	81	81	83	91	93	100	101	110	112	122	121	131	132	142	144	145	155	156	165	165	176	178	186	188	198	201	210	210	220	222	223	224	225	225	226	227	227	229	229	231	231	233	233	234	234	236	237	236	238	
240	240	237	230	223	221	221	211	211	203	203	194	194	191	184	182	174	173	164	164	155	155	148	146	136	135	134	123	112	113	102	102	91	90	89	79	77	69	69	58	56	47	46	37	34	34	32	32	31	31	29	29	27	27	25	25	23	23	22	22	20	20	19	18	17	16	18	26	26	34	35	43	43	46	54	55	63	64	73	81	81	83	91	93	100	101	110	112	122	121	131	132	142	144	145	155	156	165	165	176	178	186	188	198	201	210	210	220	222	223	224	225	225	226	227	227	229	229	231	231	233	233	234	234	236	237	236	238	
