125	125	125	125	124	124	124	124	124	123	123	123	123	122	122	122	122	122	121	121	121	121	120	120	120	120	120	121	121	121	121	121	121	121	121	122	122	122	122	122	122	122	123	123	123	123	124	124	125	124	125	125	126	126	127	127	128	128	129	128	129	129	129	130	131	131	131	131	131	132	132	132	132	132	132	133	133	133	134	135	134	134	135	135	135	135	136	136	136	136	135	135	135	135	135	135	135	135	135	134	134	134	134	134	134	134	134	133	133	133	132	132	132	132	131	131	131	131	130	130	128	128	128	128	127	127	127	126	
124	124	124	124	123	123	123	122	122	121	121	120	120	120	120	120	119	119	118	118	117	117	117	117	117	117	117	117	118	118	118	118	118	118	119	119	119	119	119	120	120	120	120	120	121	121	121	122	123	123	124	124	125	125	127	127	128	128	128	129	130	130	130	131	132	132	132	132	133	133	133	134	134	134	135	135	135	136	137	137	137	137	138	138	139	139	139	139	139	139	139	139	138	138	138	138	138	138	138	137	137	137	137	136	136	136	136	136	136	135	135	133	133	133	133	132	131	131	130	130	129	129	128	127	127	126	126	125	
124	124	124	124	123	123	123	122	122	122	121	121	121	121	120	120	119	119	119	119	118	118	117	117	117	117	118	118	118	118	119	119	119	119	119	119	119	120	120	120	120	121	121	121	121	121	122	122	123	123	124	123	125	125	127	127	127	127	128	128	130	130	130	131	131	132	132	132	133	133	133	134	134	134	135	135	135	136	136	137	137	137	138	138	138	138	139	139	139	139	138	138	138	138	138	138	138	137	137	137	137	137	136	136	136	136	136	135	135	134	134	133	133	133	132	132	131	131	130	130	129	129	127	127	127	126	126	125	
124	124	124	124	123	123	123	122	122	122	121	121	121	121	120	120	119	119	119	119	118	118	117	117	117	117	118	118	118	118	119	119	119	119	119	119	119	120	120	120	120	121	121	121	121	121	122	122	123	123	124	123	125	125	127	127	127	127	128	128	130	130	130	131	131	132	132	132	133	133	133	134	134	134	135	135	135	136	136	137	137	137	138	138	138	138	139	139	139	139	138	138	138	138	138	138	138	137	137	137	137	137	136	136	136	136	136	135	135	134	134	133	133	133	132	132	131	131	130	130	129	129	127	127	127	126	126	125	
124	124	124	124	123	123	123	122	122	122	121	121	121	121	120	120	119	119	119	119	118	118	117	117	117	117	118	118	118	118	119	119	119	119	119	119	119	120	120	120	120	121	121	121	121	121	122	122	123	123	124	123	125	125	127	127	127	127	128	128	130	130	130	131	131	132	132	132	133	133	133	134	134	134	135	135	135	136	136	137	137	137	138	138	138	138	139	139	139	139	138	138	138	138	138	138	138	137	137	137	137	137	136	136	136	136	136	135	135	134	134	133	133	133	132	132	131	131	130	130	129	129	127	127	127	126	126	125	
123	123	123	122	122	121	121	120	120	120	120	119	119	118	117	117	117	117	116	115	114	115	114	114	114	114	114	115	115	115	116	116	116	116	116	117	117	117	117	117	118	118	118	118	118	118	120	120	121	121	122	122	124	124	126	126	127	127	128	128	129	130	130	131	133	133	133	134	134	135	135	136	136	136	137	137	138	138	139	140	140	140	141	141	142	142	143	143	142	142	142	142	141	141	141	141	141	140	140	140	140	139	139	139	139	138	138	138	138	136	136	135	135	134	133	133	132	132	131	131	129	128	128	127	126	126	126	125	
123	123	123	122	122	121	121	120	120	120	119	118	118	118	117	117	116	116	115	115	114	114	113	113	114	114	114	114	115	115	115	115	116	116	116	116	116	117	117	117	117	118	118	118	118	118	119	119	121	120	122	122	123	124	126	126	127	127	128	128	130	130	130	131	133	133	133	134	135	135	135	136	136	137	137	137	138	138	139	140	140	140	141	141	142	142	143	143	143	143	142	142	142	142	142	141	141	141	141	140	140	140	140	139	139	139	139	138	138	136	136	135	135	134	133	133	132	132	131	131	129	129	127	127	126	125	125	124	
123	123	123	122	122	121	121	120	120	120	119	118	118	118	117	117	116	116	115	115	114	114	113	113	114	114	114	114	115	115	115	115	116	116	116	116	116	117	117	117	117	118	118	118	118	118	119	119	121	120	122	122	123	124	126	126	127	127	128	128	130	130	130	131	133	133	133	134	135	135	135	136	136	137	137	137	138	138	139	140	140	140	141	141	142	142	143	143	143	143	142	142	142	142	142	141	141	141	141	140	140	140	140	139	139	139	139	138	138	136	136	135	135	134	133	133	132	132	131	131	129	129	127	127	126	125	125	124	
123	123	123	122	122	121	121	120	120	120	119	118	118	118	117	117	116	116	115	115	114	114	113	113	114	114	114	114	115	115	115	115	116	116	116	116	116	117	117	117	117	118	118	118	118	118	119	119	121	120	122	122	123	124	126	126	127	127	128	128	130	130	130	131	133	133	133	134	135	135	135	136	136	137	137	137	138	138	139	140	140	140	141	141	142	142	143	143	143	143	142	142	142	142	142	141	141	141	141	140	140	140	140	139	139	139	139	138	138	136	136	135	135	134	133	133	132	132	131	131	129	129	127	127	126	125	125	124	
123	123	123	122	121	121	121	120	120	119	119	118	118	118	117	117	116	116	114	114	114	114	113	113	113	113	113	114	114	114	115	115	115	115	115	116	116	116	116	117	117	117	117	118	118	118	119	120	121	121	122	122	124	124	126	126	127	127	128	128	130	130	131	131	133	134	133	134	134	135	135	136	136	136	137	138	138	138	140	140	141	141	142	142	143	143	144	143	143	143	142	142	142	142	142	141	141	141	141	140	140	140	140	139	139	139	139	138	138	137	136	136	135	135	133	133	132	132	131	131	129	129	128	127	126	126	126	124	
122	122	121	120	119	119	119	118	118	117	117	116	116	115	114	114	113	113	112	112	110	110	109	109	110	110	110	111	111	111	112	112	112	112	112	113	113	114	114	114	114	115	115	115	116	116	118	118	120	119	121	121	123	123	125	125	127	127	128	128	130	130	131	133	134	134	135	136	136	137	137	138	138	139	139	140	141	141	142	143	143	143	144	145	146	146	147	147	146	146	146	146	145	145	145	144	144	144	144	143	143	143	143	142	142	141	141	141	140	139	139	137	137	136	135	134	133	133	131	131	129	129	127	127	126	125	125	124	
122	122	121	120	119	119	119	118	118	117	117	116	116	115	114	114	113	113	112	112	110	110	109	109	110	110	110	111	111	111	112	112	112	112	112	113	113	114	114	114	114	115	115	115	116	116	118	118	120	119	121	121	123	123	125	125	127	127	128	128	130	130	131	133	134	134	135	136	136	137	137	138	138	139	139	140	141	141	142	143	143	143	144	145	146	146	147	147	146	146	146	146	145	145	145	144	144	144	144	143	143	143	143	142	142	141	141	141	140	139	139	137	137	136	135	134	133	133	131	131	129	129	127	127	126	125	125	124	
122	122	121	120	119	119	119	118	118	117	117	116	116	115	114	114	113	113	112	112	110	110	109	109	110	110	110	111	111	111	112	112	112	112	112	113	113	114	114	114	114	115	115	115	116	116	118	118	120	119	121	121	123	123	125	125	127	127	128	128	130	130	131	133	134	134	135	136	136	137	137	138	138	139	139	140	141	141	142	143	143	143	144	145	146	146	147	147	146	146	146	146	145	145	145	144	144	144	144	143	143	143	143	142	142	141	141	141	140	139	139	137	137	136	135	134	133	133	131	131	129	129	127	127	126	125	125	124	
122	122	121	120	119	119	119	118	118	117	117	116	116	115	114	114	113	113	112	112	110	110	109	109	110	110	110	111	111	111	112	112	112	112	112	113	113	114	114	114	114	115	115	115	116	116	118	118	120	119	121	121	123	123	125	125	127	127	128	128	130	130	131	133	134	134	135	136	136	137	137	138	138	139	139	140	141	141	142	143	143	143	144	145	146	146	147	147	146	146	146	146	145	145	145	144	144	144	144	143	143	143	143	142	142	141	141	141	140	139	139	137	137	136	135	134	133	133	131	131	129	129	127	127	126	125	125	124	
122	122	121	120	119	119	119	117	117	117	116	115	115	115	114	113	112	112	111	111	110	110	109	109	109	109	109	110	111	111	111	111	112	112	112	113	113	113	113	114	114	114	115	115	115	115	118	118	119	119	121	121	123	123	125	125	127	127	129	129	131	131	132	133	135	135	135	136	136	137	137	138	138	138	140	140	141	141	142	143	144	144	145	145	146	146	148	147	147	147	146	146	146	146	145	145	145	144	144	144	143	143	143	142	142	142	142	141	141	140	139	138	137	137	135	135	133	133	132	132	129	129	128	127	126	126	126	124	
121	121	120	119	118	117	117	116	116	115	115	113	113	113	111	111	110	110	109	109	107	107	106	106	106	106	107	107	108	108	109	109	109	109	109	110	110	111	111	112	112	112	112	113	113	113	115	115	118	118	119	119	122	122	125	125	127	127	129	129	130	131	131	133	135	136	136	137	137	139	139	140	140	140	141	142	143	143	145	146	146	146	147	148	149	149	151	151	150	150	149	149	148	148	148	148	147	147	147	146	146	145	145	145	144	144	144	143	143	141	141	139	138	138	136	136	134	134	132	132	129	129	128	127	125	125	125	123	
121	121	120	119	118	117	117	116	116	115	115	113	113	113	111	111	110	110	109	109	107	107	106	106	106	106	107	107	108	108	109	109	109	109	109	110	110	111	111	112	112	112	112	113	113	113	115	115	118	118	119	119	122	122	125	125	127	127	129	129	130	131	131	133	135	136	136	137	137	139	139	140	140	140	141	142	143	143	145	146	146	146	147	148	149	149	151	151	150	150	149	149	148	148	148	148	147	147	147	146	146	145	145	145	144	144	144	143	143	141	141	139	138	138	136	136	134	134	132	132	129	129	128	127	125	125	125	123	
121	121	120	119	118	117	117	116	116	115	115	113	113	113	111	111	110	110	109	109	107	107	106	106	106	106	107	107	108	108	109	109	109	109	109	110	110	111	111	112	112	112	112	113	113	113	115	115	118	118	119	119	122	122	125	125	127	127	129	129	130	131	131	133	135	136	136	137	137	139	139	140	140	140	141	142	143	143	145	146	146	146	147	148	149	149	151	151	150	150	149	149	148	148	148	148	147	147	147	146	146	145	145	145	144	144	144	143	143	141	141	139	138	138	136	136	134	134	132	132	129	129	128	127	125	125	125	123	
120	120	120	119	117	117	117	116	116	115	114	113	113	112	111	111	110	110	108	108	106	107	105	105	106	106	106	107	108	108	108	108	109	109	109	110	110	111	111	111	111	112	112	113	113	113	115	116	118	118	120	120	122	122	125	125	127	127	129	129	131	131	131	134	135	136	136	137	137	139	139	140	140	140	142	142	143	143	145	146	146	147	148	148	149	149	151	151	150	150	149	149	149	149	149	148	148	147	147	146	146	146	146	145	145	144	144	143	143	141	141	139	138	138	136	136	134	134	132	132	130	130	128	127	126	125	125	123	
119	119	119	117	116	116	116	114	114	112	112	110	110	110	108	108	107	107	105	105	103	103	102	102	103	103	103	103	104	104	105	105	106	106	106	107	107	108	108	109	109	109	110	110	111	111	113	114	115	115	118	119	121	121	124	124	127	127	129	129	132	132	133	134	137	137	137	139	139	140	140	142	142	143	144	144	145	146	148	149	149	150	151	151	153	153	155	154	153	154	153	153	152	152	152	151	151	150	150	149	149	148	148	147	147	146	147	146	146	143	143	141	141	140	138	137	135	135	133	133	130	129	128	127	124	124	124	122	
119	119	119	118	116	116	116	114	114	113	113	111	111	110	109	109	107	107	105	105	104	104	102	102	103	103	103	104	105	105	106	106	106	106	107	107	108	108	108	109	109	110	110	111	111	111	113	113	116	115	118	118	121	121	124	124	127	127	128	128	131	132	132	134	136	137	137	139	139	140	140	142	142	142	144	144	145	146	148	149	149	149	151	151	152	153	154	154	153	153	152	152	151	151	151	151	150	150	150	149	149	148	148	147	147	146	146	145	145	143	143	141	140	140	137	137	135	135	132	132	129	129	128	127	125	124	124	122	
119	119	119	118	116	116	116	114	114	113	113	111	111	110	109	109	107	107	105	105	104	104	102	102	103	103	103	104	105	105	106	106	106	106	107	107	108	108	108	109	109	110	110	111	111	111	113	113	116	115	118	118	121	121	124	124	127	127	128	128	131	132	132	134	136	137	137	139	139	140	140	142	142	142	144	144	145	146	148	149	149	149	151	151	152	153	154	154	153	153	152	152	151	151	151	151	150	150	150	149	149	148	148	147	147	146	146	145	145	143	143	141	140	140	137	137	135	135	132	132	129	129	128	127	125	124	124	122	
119	119	119	118	116	116	116	114	114	113	113	111	111	110	109	109	107	107	105	105	104	104	102	102	103	103	103	104	105	105	106	106	106	106	107	107	108	108	108	109	109	110	110	111	111	111	113	113	116	115	118	118	121	121	124	124	127	127	128	128	131	132	132	134	136	137	137	139	139	140	140	142	142	142	144	144	145	146	148	149	149	149	151	151	152	153	154	154	153	153	152	152	151	151	151	151	150	150	150	149	149	148	148	147	147	146	146	145	145	143	143	141	140	140	137	137	135	135	132	132	129	129	128	127	125	124	124	122	
118	118	118	116	115	114	114	112	112	111	110	109	109	108	107	106	104	104	102	102	100	101	99	99	100	100	100	101	102	102	103	103	104	104	104	105	105	106	106	107	107	108	108	108	109	109	111	111	114	114	117	117	120	120	124	124	126	126	129	129	132	132	133	135	138	138	138	140	140	142	142	144	144	144	146	146	148	148	150	152	152	152	154	154	156	156	158	158	156	157	156	156	155	155	155	154	153	153	153	152	152	151	151	150	149	149	149	148	147	145	145	142	142	141	139	138	136	136	133	133	130	130	127	127	124	123	123	121	
118	118	118	116	115	114	114	112	112	110	110	108	108	108	106	106	104	104	102	102	100	100	98	98	99	99	99	100	101	101	102	102	103	103	103	104	105	105	105	106	106	107	107	108	108	108	111	111	114	114	117	117	120	120	123	123	126	126	128	128	132	132	132	135	137	138	138	140	140	142	142	144	144	145	146	147	148	148	150	152	152	152	154	155	156	157	158	158	157	157	156	156	155	155	155	154	154	153	153	152	152	151	151	150	150	149	149	148	147	145	145	142	142	141	139	138	136	136	133	133	130	130	127	127	124	123	123	121	
118	118	118	116	115	114	114	112	112	110	110	108	108	108	106	106	104	104	102	102	100	100	98	98	99	99	99	100	101	101	102	102	103	103	103	104	105	105	105	106	106	107	107	108	108	108	111	111	114	114	117	117	120	120	123	123	126	126	128	128	132	132	132	135	137	138	138	140	140	142	142	144	144	145	146	147	148	148	150	152	152	152	154	155	156	157	158	158	157	157	156	156	155	155	155	154	154	153	153	152	152	151	151	150	150	149	149	148	147	145	145	142	142	141	139	138	136	136	133	133	130	130	127	127	124	123	123	121	
118	118	118	116	115	114	114	112	112	110	110	108	108	108	106	106	104	104	102	102	100	100	98	98	99	99	99	100	101	101	102	102	103	103	103	104	105	105	105	106	106	107	107	108	108	108	111	111	114	114	117	117	120	120	123	123	126	126	128	128	132	132	132	135	137	138	138	140	140	142	142	144	144	145	146	147	148	148	150	152	152	152	154	155	156	157	158	158	157	157	156	156	155	155	155	154	154	153	153	152	152	151	151	150	150	149	149	148	147	145	145	142	142	141	139	138	136	136	133	133	130	130	127	127	124	123	123	121	
118	118	118	116	114	114	114	111	111	110	110	108	108	107	106	106	104	104	102	102	99	100	98	98	99	99	99	100	101	101	102	102	103	103	103	104	104	105	105	106	106	107	107	108	108	108	111	111	114	113	117	117	120	121	123	123	126	126	129	129	132	132	133	135	138	139	139	140	141	142	142	144	144	145	146	147	148	148	150	152	152	153	155	155	157	157	159	158	157	157	157	156	155	155	155	154	154	153	153	152	152	151	151	150	150	149	149	148	148	145	145	142	142	142	139	138	136	136	133	133	130	130	127	127	124	123	123	120	
117	117	116	114	113	112	112	110	110	108	108	106	106	105	103	103	101	101	99	99	97	97	95	95	96	96	96	97	98	98	99	99	100	100	100	101	102	102	102	104	104	105	105	106	106	106	109	110	112	112	116	116	119	120	123	123	126	126	129	129	132	133	133	136	139	140	140	142	142	143	144	146	146	146	148	148	150	150	153	154	154	155	157	157	159	159	162	161	160	160	159	159	158	158	158	157	157	156	156	155	154	154	154	153	152	152	152	150	150	148	147	144	144	143	140	140	137	137	134	134	130	130	128	127	124	123	123	120	
117	117	116	114	113	112	112	109	110	108	108	106	106	105	103	103	101	101	98	99	97	97	95	94	95	95	96	97	98	98	99	99	100	100	100	101	101	102	102	103	104	104	105	105	106	106	109	109	112	112	116	116	119	120	123	123	126	126	128	128	132	133	133	136	139	140	140	142	142	144	144	146	146	147	148	149	150	151	153	155	155	155	157	158	160	160	162	162	161	161	160	160	158	158	158	157	157	156	156	155	155	154	154	153	153	152	152	151	150	148	147	144	144	143	140	139	137	137	134	134	131	130	128	127	124	123	123	120	
117	117	116	114	113	112	112	109	110	108	108	106	106	105	103	103	101	101	98	99	97	97	95	94	95	95	96	97	98	98	99	99	100	100	100	101	101	102	102	103	104	104	105	105	106	106	109	109	112	112	116	116	119	120	123	123	126	126	128	128	132	133	133	136	139	140	140	142	142	144	144	146	146	147	148	149	150	151	153	155	155	155	157	158	160	160	162	162	161	161	160	160	158	158	158	157	157	156	156	155	155	154	154	153	153	152	152	151	150	148	147	144	144	143	140	139	137	137	134	134	131	130	128	127	124	123	123	120	
117	117	116	114	113	112	112	109	110	108	108	106	106	105	103	103	101	101	98	99	97	97	95	94	95	95	96	97	98	98	99	99	100	100	100	101	101	102	102	103	104	104	105	105	106	106	109	109	112	112	116	116	119	120	123	123	126	126	128	128	132	133	133	136	139	140	140	142	142	144	144	146	146	147	148	149	150	151	153	155	155	155	157	158	160	160	162	162	161	161	160	160	158	158	158	157	157	156	156	155	155	154	154	153	153	152	152	151	150	148	147	144	144	143	140	139	137	137	134	134	131	130	128	127	124	123	123	120	
117	117	116	114	113	112	112	110	110	108	108	106	106	105	104	103	102	101	99	99	97	97	95	95	96	96	96	97	98	98	99	99	100	100	100	101	101	102	102	104	104	105	105	106	106	106	109	110	112	112	116	116	119	120	123	123	126	126	129	128	132	133	133	136	139	140	140	142	142	143	144	146	146	147	148	149	150	150	152	154	154	155	157	157	159	159	162	161	160	160	159	159	158	158	158	157	157	156	156	155	155	154	154	153	152	152	152	150	150	148	147	144	144	143	140	140	137	137	134	134	131	130	128	127	124	123	123	120	
116	116	115	113	111	110	111	108	108	106	106	103	103	103	101	100	98	98	96	96	93	94	91	91	92	92	93	94	95	95	96	96	97	97	97	99	99	100	100	101	101	102	102	103	104	104	108	108	111	111	115	115	118	119	123	123	126	126	129	129	133	134	134	137	140	141	141	143	143	145	145	147	147	148	150	150	152	153	155	157	157	158	160	160	162	163	165	165	163	164	163	162	161	161	161	160	160	159	159	158	157	156	156	155	155	154	154	153	152	150	149	146	146	145	142	141	138	138	135	135	131	130	128	127	124	123	123	120	
115	115	115	113	111	110	111	108	108	106	106	103	103	102	101	100	98	98	95	96	93	93	91	91	92	92	92	93	95	94	96	96	97	97	97	98	98	99	99	101	101	102	102	103	103	103	107	108	111	110	114	114	118	118	122	123	126	126	129	129	133	133	134	137	140	141	141	143	143	146	146	148	148	149	151	151	153	153	156	158	158	158	160	161	163	163	166	165	164	164	163	163	162	162	161	160	160	159	159	158	158	157	157	155	155	154	154	153	152	150	149	146	145	145	142	141	138	138	135	135	130	130	128	127	123	122	122	119	
115	115	115	113	111	110	111	108	108	106	106	103	103	102	101	100	98	98	95	96	93	93	91	91	92	92	92	93	95	94	96	96	97	97	97	98	98	99	99	101	101	102	102	103	103	103	107	108	111	110	114	114	118	118	122	123	126	126	129	129	133	133	134	137	140	141	141	143	143	146	146	148	148	149	151	151	153	153	156	158	158	158	160	161	163	163	166	165	164	164	163	163	162	162	161	160	160	159	159	158	158	157	157	155	155	154	154	153	152	150	149	146	145	145	142	141	138	138	135	135	130	130	128	127	123	122	122	119	
115	115	115	113	111	110	111	108	108	106	106	103	103	102	101	100	98	98	95	96	93	93	91	91	92	92	92	93	95	94	96	96	97	97	97	98	98	99	99	101	101	102	102	103	103	103	107	108	111	110	114	114	118	118	122	123	126	126	129	129	133	133	134	137	140	141	141	143	143	146	146	148	148	149	151	151	153	153	156	158	158	158	160	161	163	163	166	165	164	164	163	163	162	162	161	160	160	159	159	158	158	157	157	155	155	154	154	153	152	150	149	146	145	145	142	141	138	138	135	135	130	130	128	127	123	122	122	119	
114	114	114	112	109	108	109	106	106	104	104	101	101	100	98	98	96	95	93	93	90	90	88	88	89	89	89	91	92	92	93	93	94	94	94	96	96	97	97	98	98	100	100	101	101	102	105	106	110	109	113	113	117	118	122	122	126	126	129	129	133	133	134	138	141	142	142	144	145	147	147	149	149	150	152	153	155	155	158	160	161	161	163	163	166	166	169	168	167	167	166	166	165	164	164	163	163	162	162	160	160	159	159	158	157	156	156	155	154	152	151	147	146	146	143	142	139	139	135	135	131	131	127	126	124	122	123	118	
114	114	114	112	109	108	108	106	106	104	104	101	101	100	98	98	95	95	92	93	90	90	88	87	89	89	89	90	91	91	93	93	94	94	94	96	96	97	97	98	98	100	100	101	101	101	105	105	109	109	112	112	117	118	122	122	126	126	129	129	133	133	134	138	141	142	142	144	145	147	147	149	149	150	153	153	155	155	158	161	161	161	163	164	166	167	169	169	167	168	166	166	165	165	165	163	163	162	162	161	161	159	159	158	158	157	157	155	155	152	151	147	147	146	143	143	139	139	135	135	131	131	127	126	123	122	122	118	
114	114	114	112	109	108	108	106	106	104	104	101	101	100	98	98	95	95	92	93	90	90	88	87	89	89	89	90	91	91	93	93	94	94	94	96	96	97	97	98	98	100	100	101	101	101	105	105	109	109	112	112	117	118	122	122	126	126	129	129	133	133	134	138	141	142	142	144	145	147	147	149	149	150	153	153	155	155	158	161	161	161	163	164	166	167	169	169	167	168	166	166	165	165	165	163	163	162	162	161	161	159	159	158	158	157	157	155	155	152	151	147	147	146	143	143	139	139	135	135	131	131	127	126	123	122	122	118	
114	114	114	112	109	108	108	106	106	104	104	101	101	100	98	98	95	95	92	93	90	90	88	87	89	89	89	90	91	91	93	93	94	94	94	96	96	97	97	98	98	100	100	101	101	101	105	105	109	109	112	112	117	118	122	122	126	126	129	129	133	133	134	138	141	142	142	144	145	147	147	149	149	150	153	153	155	155	158	161	161	161	163	164	166	167	169	169	167	168	166	166	165	165	165	163	163	162	162	161	161	159	159	158	158	157	157	155	155	152	151	147	147	146	143	143	139	139	135	135	131	131	127	126	123	122	122	118	
114	114	114	112	109	108	108	106	106	103	103	100	100	100	98	97	95	95	92	92	89	89	87	87	88	88	88	90	91	91	92	92	94	94	94	95	95	97	96	98	98	99	99	100	101	101	105	105	109	109	113	113	117	118	122	122	126	125	130	129	133	134	135	138	141	142	142	145	145	147	148	150	150	150	153	153	155	156	159	161	161	161	164	164	167	167	170	169	168	168	167	167	165	165	165	164	164	162	162	161	161	160	160	158	158	157	157	156	155	152	151	148	147	147	143	143	139	139	135	136	131	131	127	126	123	122	122	118	
113	113	113	110	108	107	107	104	104	102	101	98	98	98	95	95	92	92	89	89	86	86	84	83	85	85	85	87	88	88	89	89	91	91	91	92	93	94	94	95	96	97	97	98	98	98	103	103	107	107	111	111	116	116	121	121	125	125	129	129	134	134	134	138	142	144	143	146	147	149	149	152	152	153	155	156	158	158	161	164	164	164	167	168	170	170	173	173	171	171	170	170	169	168	168	167	167	165	165	164	164	163	162	161	161	160	160	158	157	154	153	149	149	148	144	144	140	140	135	136	131	131	127	126	122	121	121	117	
113	113	113	110	108	107	107	104	104	102	101	98	98	98	95	95	92	92	89	89	86	86	84	83	85	85	85	87	88	88	89	89	91	91	91	92	93	94	94	95	96	97	97	98	98	98	103	103	107	107	111	111	116	116	121	121	125	125	129	129	134	134	134	138	142	144	143	146	147	149	149	152	152	153	155	156	158	158	161	164	164	164	167	168	170	170	173	173	171	171	170	170	169	168	168	167	167	165	165	164	164	163	162	161	161	160	160	158	157	154	153	149	149	148	144	144	140	140	135	136	131	131	127	126	122	121	121	117	
113	113	113	110	108	107	107	104	104	102	101	98	98	98	95	95	92	92	89	89	86	86	84	83	85	85	85	87	88	88	89	89	91	91	91	92	93	94	94	95	96	97	97	98	98	98	103	103	107	107	111	111	116	116	121	121	125	125	129	129	134	134	134	138	142	144	143	146	147	149	149	152	152	153	155	156	158	158	161	164	164	164	167	168	170	170	173	173	171	171	170	170	169	168	168	167	167	165	165	164	164	163	162	161	161	160	160	158	157	154	153	149	149	148	144	144	140	140	135	136	131	131	127	126	122	121	121	117	
113	113	113	110	108	107	107	104	104	102	101	99	99	98	95	95	93	92	89	90	87	87	84	84	85	85	86	87	88	88	90	90	91	91	91	93	93	94	94	96	96	97	97	98	99	99	103	104	107	107	111	111	116	117	121	121	125	125	129	129	134	134	135	138	142	143	143	146	147	149	149	152	151	152	155	155	158	158	161	163	164	164	167	167	169	170	173	172	171	171	170	169	168	168	168	166	166	165	165	164	163	162	162	161	160	159	159	158	157	153	153	149	148	148	144	144	140	140	135	136	131	131	127	126	123	121	121	117	
112	112	111	109	106	105	105	102	102	99	99	96	96	95	93	92	89	89	86	86	82	83	80	80	81	81	81	83	85	84	86	86	88	88	88	89	90	91	91	93	93	94	94	96	96	96	101	101	106	106	110	110	115	116	121	121	125	125	130	130	134	135	136	140	143	145	145	148	148	150	151	154	153	155	157	158	160	160	164	166	167	167	170	170	173	173	177	176	175	175	173	173	172	171	171	170	169	168	168	167	166	165	165	163	163	162	162	160	160	156	155	151	150	150	146	146	141	141	136	137	132	132	127	126	122	121	121	117	
112	112	111	108	106	105	105	102	102	99	99	96	96	95	92	92	89	89	86	86	82	83	80	79	81	81	81	83	84	84	86	86	87	87	88	89	89	91	91	92	92	94	94	95	96	96	101	101	106	105	110	110	115	116	120	120	125	125	130	130	134	134	135	140	144	145	145	148	148	151	151	154	154	155	158	158	161	161	164	167	167	168	170	171	174	174	177	177	175	175	174	173	172	172	172	170	170	169	169	167	167	166	165	164	163	162	162	161	160	156	156	151	150	150	146	145	141	141	136	137	132	131	127	126	122	121	121	116	
112	112	111	108	106	105	105	102	102	99	99	96	96	95	92	92	89	89	86	86	82	83	80	79	81	81	81	83	84	84	86	86	87	87	88	89	89	91	91	92	92	94	94	95	96	96	101	101	106	105	110	110	115	116	120	120	125	125	130	130	134	134	135	140	144	145	145	148	148	151	151	154	154	155	158	158	161	161	164	167	167	168	170	171	174	174	177	177	175	175	174	173	172	172	172	170	170	169	169	167	167	166	165	164	163	162	162	161	160	156	156	151	150	150	146	145	141	141	136	137	132	131	127	126	122	121	121	116	
112	112	111	108	106	105	105	102	102	99	99	96	96	95	92	92	89	89	86	86	82	83	80	79	81	81	81	83	84	84	86	86	87	87	88	89	89	91	91	92	92	94	94	95	96	96	101	101	106	105	110	110	115	116	120	120	125	125	130	130	134	134	135	140	144	145	145	148	148	151	151	154	154	155	158	158	161	161	164	167	167	168	170	171	174	174	177	177	175	175	174	173	172	172	172	170	170	169	169	167	167	166	165	164	163	162	162	161	160	156	156	151	150	150	146	145	141	141	136	137	132	131	127	126	122	121	121	116	
112	112	111	109	106	104	105	102	102	99	99	96	96	95	93	92	89	89	86	86	82	83	80	80	81	81	81	83	85	85	86	86	88	88	88	89	90	91	91	92	93	94	94	96	96	96	101	101	106	106	110	110	115	116	121	121	125	125	129	129	134	134	136	140	143	145	145	148	148	150	151	154	153	155	157	158	160	160	164	166	167	167	170	170	173	173	177	176	175	175	173	173	172	171	171	170	169	168	168	167	166	165	165	164	163	162	162	160	160	156	155	151	150	150	146	145	140	141	136	137	132	132	127	126	123	121	121	117	
111	111	110	107	104	104	104	100	100	97	97	93	93	92	90	89	86	86	82	83	79	80	76	76	78	78	78	80	82	81	83	83	85	85	85	87	87	88	88	90	90	92	92	93	94	94	99	99	104	103	109	109	114	115	120	120	125	125	130	130	135	135	137	140	145	146	146	149	149	152	152	155	155	157	159	160	162	163	166	169	169	170	173	174	176	177	180	180	178	178	177	177	175	175	174	173	173	171	171	170	169	168	168	166	165	164	164	163	162	158	157	154	152	152	147	147	142	142	137	137	132	131	127	126	122	120	120	116	
110	110	110	107	104	103	103	100	100	97	96	93	93	92	90	89	86	86	82	82	79	79	76	76	77	78	78	79	81	81	83	83	84	85	85	86	87	88	88	90	90	91	92	93	93	94	99	99	104	103	108	109	114	115	120	120	125	125	129	129	135	136	136	140	144	146	146	149	149	152	152	156	156	157	160	160	163	163	167	170	170	170	174	174	177	177	181	180	178	179	177	177	175	175	175	173	173	172	172	170	170	169	168	166	166	165	165	163	162	158	157	153	153	152	147	146	142	142	137	137	132	132	127	126	121	120	120	116	
110	110	110	107	104	103	103	100	100	97	96	93	93	92	90	89	86	86	82	82	79	79	76	76	77	78	78	79	81	81	83	83	84	85	85	86	87	88	88	90	90	91	92	93	93	94	99	99	104	103	108	109	114	115	120	120	125	125	129	129	135	136	136	140	144	146	146	149	149	152	152	156	156	157	160	160	163	163	167	170	170	170	174	174	177	177	181	180	178	179	177	177	175	175	175	173	173	172	172	170	170	169	168	166	166	165	165	163	162	158	157	153	153	152	147	146	142	142	137	137	132	132	127	126	121	120	120	116	
110	110	110	107	104	103	103	100	100	97	96	93	93	92	90	89	86	86	82	82	79	79	76	76	77	78	78	79	81	81	83	83	84	85	85	86	87	88	88	90	90	91	92	93	93	94	99	99	104	103	108	109	114	115	120	120	125	125	129	129	135	136	136	140	144	146	146	149	149	152	152	156	156	157	160	160	163	163	167	170	170	170	174	174	177	177	181	180	178	179	177	177	175	175	175	173	173	172	172	170	170	169	168	166	166	165	165	163	162	158	157	153	153	152	147	146	142	142	137	137	132	132	127	126	121	120	120	116	
109	109	109	106	103	102	102	98	98	95	95	91	91	90	87	87	84	83	79	79	76	76	73	73	74	74	75	77	78	78	80	80	82	82	82	84	84	85	85	87	88	89	89	91	91	92	98	98	102	102	108	108	113	114	120	120	125	125	130	130	135	136	137	141	146	148	147	150	151	153	154	157	157	158	161	162	165	165	169	172	172	173	176	177	180	180	184	183	181	181	180	180	178	178	177	176	176	174	174	172	172	171	170	169	168	167	167	165	164	161	159	155	154	153	148	148	143	143	138	138	132	132	127	126	122	120	120	115	
109	109	109	105	102	101	101	97	97	95	94	91	90	90	87	86	83	83	79	79	75	75	72	72	73	74	74	76	78	77	79	79	81	81	81	83	84	85	85	87	87	88	89	90	91	91	97	97	102	101	107	107	113	114	119	120	125	125	129	130	135	136	137	142	146	148	147	151	151	154	154	158	158	159	162	163	165	166	169	173	173	174	177	178	181	181	185	184	182	182	181	181	179	179	178	177	176	175	175	173	173	171	171	169	169	167	167	165	165	161	160	155	154	153	149	148	143	143	138	138	132	132	127	126	121	120	120	115	
109	109	109	105	103	102	102	98	98	95	94	91	91	90	87	87	83	83	79	79	75	76	73	72	74	74	74	76	78	78	80	80	81	82	82	84	84	85	85	87	88	89	89	91	91	92	97	97	102	102	107	107	113	114	119	120	124	124	129	130	135	136	137	142	146	147	147	150	151	154	154	158	158	159	162	163	165	166	169	173	173	173	177	177	180	181	184	184	182	182	180	180	178	178	178	176	176	175	174	173	172	171	171	169	168	167	167	165	165	161	160	155	154	153	148	147	143	143	138	138	132	132	127	126	121	120	120	115	
109	109	109	105	103	102	102	98	98	95	94	91	91	90	87	87	83	83	79	79	75	76	73	72	74	74	74	76	78	78	80	80	81	82	82	84	84	85	85	87	88	89	89	91	91	92	97	97	102	102	107	107	113	114	119	120	124	124	129	130	135	136	137	142	146	147	147	150	151	154	154	158	158	159	162	163	165	166	169	173	173	173	177	177	180	181	184	184	182	182	180	180	178	178	178	176	176	175	174	173	172	171	171	169	168	167	167	165	165	161	160	155	154	153	148	147	143	143	138	138	132	132	127	126	121	120	120	115	
109	109	109	105	102	101	101	97	97	95	94	91	90	90	87	86	83	83	79	79	75	75	72	72	73	74	74	76	78	77	79	79	81	81	81	83	84	85	85	87	87	88	89	90	91	91	97	97	102	102	107	107	113	114	119	120	125	124	129	130	135	136	137	142	146	147	147	151	151	154	154	158	158	159	162	163	165	166	169	173	173	174	177	178	181	181	185	184	182	182	181	180	179	179	178	177	176	175	175	173	173	171	171	169	169	167	167	165	165	161	160	155	154	153	149	148	142	143	138	138	132	132	127	126	121	120	120	115	
108	108	107	104	101	100	100	96	96	93	93	89	89	88	84	84	80	80	76	76	72	73	69	69	71	71	71	73	75	75	77	77	79	79	79	81	81	83	83	85	85	87	87	88	89	89	95	95	101	100	105	106	112	113	119	119	124	124	130	130	135	136	137	142	147	149	148	152	152	156	156	159	159	161	164	165	168	168	172	175	176	176	179	180	184	184	188	187	185	185	184	183	182	181	181	180	179	178	177	176	175	174	173	172	171	170	170	168	167	163	161	156	155	155	150	149	144	144	138	138	132	131	126	126	121	119	119	114	
108	108	107	104	101	100	100	96	96	93	92	89	88	88	84	84	80	80	76	76	72	72	69	68	70	70	71	73	75	74	76	76	78	78	79	80	81	82	82	84	85	86	87	88	88	89	94	95	100	100	105	106	111	113	118	119	124	124	129	130	135	136	137	142	147	149	149	152	153	156	156	160	160	161	164	165	168	169	172	176	176	177	180	181	184	185	188	188	186	186	184	184	182	182	182	180	179	178	178	176	176	174	174	172	171	170	170	168	167	162	161	156	155	154	150	149	143	143	138	138	132	132	126	125	121	119	119	114	
108	108	107	104	101	100	100	96	96	93	92	89	88	88	84	84	80	80	76	76	72	72	69	68	70	70	71	73	75	74	76	76	78	78	79	80	81	82	82	84	85	86	87	88	88	89	94	95	100	100	105	106	111	113	118	119	124	124	129	130	135	136	137	142	147	149	149	152	153	156	156	160	160	161	164	165	168	169	172	176	176	177	180	181	184	185	188	188	186	186	184	184	182	182	182	180	179	178	178	176	176	174	174	172	171	170	170	168	167	162	161	156	155	154	150	149	143	143	138	138	132	132	126	125	121	119	119	114	
108	108	107	104	101	100	100	96	96	93	92	89	89	88	85	84	81	80	76	77	72	73	69	69	71	71	71	73	75	75	77	77	79	79	79	81	81	83	83	85	85	86	87	88	89	90	95	95	101	100	105	106	112	113	119	119	124	124	130	130	135	136	137	142	147	149	148	152	152	156	156	159	159	161	164	165	168	168	172	175	176	176	179	180	184	184	188	187	185	185	184	183	182	181	181	179	179	178	177	176	175	174	173	172	171	170	170	168	167	163	161	156	155	155	149	149	143	144	138	138	132	132	126	126	121	119	119	114	
108	108	107	104	100	99	100	96	96	92	92	88	88	87	84	83	80	80	75	76	71	72	68	68	70	70	70	72	74	74	76	76	78	78	78	80	80	82	82	84	84	86	86	88	88	89	94	94	100	100	105	106	112	113	119	119	124	124	130	130	136	136	137	142	148	149	149	152	153	156	156	160	160	161	164	165	168	169	173	176	176	177	180	181	184	185	189	188	186	186	184	184	182	182	182	180	180	178	178	176	176	174	174	172	172	170	170	168	168	163	162	157	156	155	150	149	144	144	139	139	132	132	127	126	121	119	119	113	
107	107	106	102	99	98	98	93	93	90	90	86	86	85	81	81	77	77	73	73	68	69	65	64	66	67	67	69	71	71	73	73	75	75	75	77	78	79	79	81	82	83	84	85	86	86	92	93	99	98	104	105	110	112	118	118	124	124	129	130	136	137	138	143	148	150	150	154	154	158	158	162	162	163	166	167	170	171	175	179	179	180	183	184	187	188	192	192	189	190	188	187	186	185	185	183	183	181	181	179	179	177	177	175	174	173	173	171	169	165	164	158	157	157	151	150	145	145	139	139	132	132	127	126	121	119	118	113	
107	107	106	102	99	98	98	93	93	90	90	86	86	85	81	81	77	77	73	73	68	69	65	64	66	67	67	69	71	71	73	73	75	75	75	77	78	79	79	81	82	83	84	85	86	86	92	93	99	98	104	105	110	112	118	118	124	124	129	130	136	137	138	143	148	150	150	154	154	158	158	162	162	163	166	167	170	171	175	179	179	180	183	184	187	188	192	192	189	190	188	187	186	185	185	183	183	181	181	179	179	177	177	175	174	173	173	171	169	165	164	158	157	157	151	150	145	145	139	139	132	132	127	126	121	119	118	113	
107	107	106	102	99	98	98	93	93	90	90	86	86	85	81	81	77	77	73	73	68	69	65	64	66	67	67	69	71	71	73	73	75	75	75	77	78	79	79	81	82	83	84	85	86	86	92	93	99	98	104	105	110	112	118	118	124	124	129	130	136	137	138	143	148	150	150	154	154	158	158	162	162	163	166	167	170	171	175	179	179	180	183	184	187	188	192	192	189	190	188	187	186	185	185	183	183	181	181	179	179	177	177	175	174	173	173	171	169	165	164	158	157	157	151	150	145	145	139	139	132	132	127	126	121	119	118	113	
106	106	106	102	99	97	97	93	93	90	89	85	85	84	81	80	77	76	72	72	68	68	64	64	66	66	66	69	71	70	72	73	74	75	75	77	77	79	79	81	81	83	83	85	86	86	93	93	99	98	104	105	111	112	118	118	124	124	129	130	136	137	138	143	148	151	150	154	154	158	158	162	162	163	167	167	171	171	175	179	179	180	183	184	188	188	192	192	190	190	188	188	186	186	185	183	183	182	181	179	179	178	177	175	174	173	173	171	170	165	164	159	158	157	151	150	145	145	139	139	133	132	127	126	121	119	119	113	
105	105	104	101	97	96	96	91	91	88	87	83	83	82	78	78	74	74	69	69	64	65	61	60	63	63	63	65	67	67	69	70	72	72	72	74	74	76	76	79	79	81	81	83	83	84	90	90	97	96	103	103	110	111	118	118	124	124	130	130	137	137	139	144	150	152	151	155	156	160	160	164	164	165	169	170	173	174	178	182	182	183	187	188	191	192	196	196	193	193	191	191	189	189	189	186	186	184	184	182	182	180	180	178	177	175	175	173	172	168	166	161	159	159	153	152	146	146	140	140	133	133	127	125	120	118	118	112	
105	105	105	101	97	96	96	92	92	88	87	84	83	82	79	78	74	74	70	70	65	65	61	61	63	63	63	66	68	68	70	70	72	72	72	74	75	77	77	79	79	81	81	83	84	84	90	91	97	97	103	103	110	111	117	118	124	124	130	130	136	137	138	144	149	151	151	155	155	159	160	164	164	165	169	170	173	173	178	182	182	182	186	187	191	191	196	195	193	193	191	191	189	188	188	186	186	184	184	182	182	180	179	177	177	175	175	173	172	167	166	160	159	158	152	152	145	145	140	140	133	133	127	126	120	119	119	112	
105	105	105	101	97	96	96	92	92	88	87	84	83	82	79	78	74	74	70	70	65	65	61	61	63	63	63	66	68	68	70	70	72	72	72	74	75	77	77	79	79	81	81	83	84	84	90	91	97	97	103	103	110	111	117	118	124	124	130	130	136	137	138	144	149	151	151	155	155	159	160	164	164	165	169	170	173	173	178	182	182	182	186	187	191	191	196	195	193	193	191	191	189	188	188	186	186	184	184	182	182	180	179	177	177	175	175	173	172	167	166	160	159	158	152	152	145	145	140	140	133	133	127	126	120	119	119	112	
105	105	105	101	97	96	96	92	92	88	87	84	83	82	79	78	74	74	70	70	65	65	61	61	63	63	63	66	68	68	70	70	72	72	72	74	75	77	77	79	79	81	81	83	84	84	90	91	97	97	103	103	110	111	117	118	124	124	130	130	136	137	138	144	149	151	151	155	155	159	160	164	164	165	169	170	173	173	178	182	182	182	186	187	191	191	196	195	193	193	191	191	189	188	188	186	186	184	184	182	182	180	179	177	177	175	175	173	172	167	166	160	159	158	152	152	145	145	140	140	133	133	127	126	120	119	119	112	
105	105	104	101	97	96	96	91	91	87	87	83	83	82	79	78	74	74	69	69	64	65	61	60	63	63	63	65	68	67	70	70	72	72	72	74	74	76	76	79	79	81	81	83	83	84	90	90	97	96	103	103	110	111	118	118	124	123	130	130	137	137	139	144	150	152	151	155	156	160	160	164	164	165	169	170	173	174	178	182	182	182	187	188	191	192	196	196	193	193	191	191	189	189	189	186	186	184	184	182	182	180	180	178	177	175	175	173	172	168	166	161	159	159	152	152	145	146	140	140	133	133	127	126	120	118	118	112	
104	104	103	99	96	94	94	89	89	85	85	81	80	79	76	75	71	71	66	66	61	62	57	57	59	59	59	62	64	64	66	66	69	69	69	71	72	74	73	76	76	78	79	80	81	81	88	88	95	95	102	102	109	110	117	117	124	123	130	130	137	138	139	145	151	153	152	157	157	161	161	166	166	167	171	172	175	176	181	185	185	185	190	191	195	195	199	199	197	197	195	194	192	192	192	190	189	187	187	185	185	183	182	180	179	178	178	175	175	169	168	162	161	160	154	153	147	147	140	141	133	133	127	126	120	118	118	111	
104	104	103	100	96	94	95	89	90	86	85	81	81	80	76	75	72	71	66	66	61	62	58	57	60	60	60	62	65	65	67	67	69	69	69	72	72	74	74	76	77	78	79	81	81	82	89	89	95	94	102	102	109	111	117	117	123	123	130	130	137	138	139	145	151	153	152	157	157	161	161	166	166	167	171	172	175	175	180	184	184	185	189	190	194	194	199	199	196	196	194	194	192	191	191	189	189	187	187	185	184	183	182	180	179	177	177	175	174	169	168	162	161	160	153	153	146	146	140	141	133	133	127	126	120	117	118	111	
104	104	103	100	96	94	95	89	90	86	85	81	81	80	76	75	72	71	66	66	61	62	58	57	60	60	60	62	65	65	67	67	69	69	69	72	72	74	74	76	77	78	79	81	81	82	89	89	95	94	102	102	109	111	117	117	123	123	130	130	137	138	139	145	151	153	152	157	157	161	161	166	166	167	171	172	175	175	180	184	184	185	189	190	194	194	199	199	196	196	194	194	192	191	191	189	189	187	187	185	184	183	182	180	179	177	177	175	174	169	168	162	161	160	153	153	146	146	140	141	133	133	127	126	120	117	118	111	
104	104	103	100	96	94	95	89	90	86	85	81	81	80	76	75	72	71	66	66	61	62	58	57	60	60	60	62	65	65	67	67	69	69	69	72	72	74	74	76	77	78	79	81	81	82	89	89	95	94	102	102	109	111	117	117	123	123	130	130	137	138	139	145	151	153	152	157	157	161	161	166	166	167	171	172	175	175	180	184	184	185	189	190	194	194	199	199	196	196	194	194	192	191	191	189	189	187	187	185	184	183	182	180	179	177	177	175	174	169	168	162	161	160	153	153	146	146	140	141	133	133	127	126	120	117	118	111	
103	103	102	98	94	93	93	88	88	84	84	79	79	77	73	73	69	68	63	63	58	59	54	54	56	56	57	59	62	61	64	64	66	66	67	69	69	71	71	74	74	76	76	78	79	80	87	87	94	93	100	100	108	109	117	117	124	123	130	130	137	138	139	146	152	154	154	158	159	162	163	167	167	169	173	173	178	178	183	187	187	188	192	193	197	198	203	202	199	200	198	197	195	195	195	192	192	190	190	187	187	185	185	183	182	180	180	178	176	171	170	164	162	161	155	154	147	148	141	141	133	132	127	125	119	117	117	110	
103	103	102	98	94	92	93	87	88	84	83	79	79	77	73	72	68	68	63	63	58	58	54	53	56	56	56	59	61	61	63	63	66	66	66	69	69	71	71	73	74	76	76	78	79	79	87	87	94	93	100	100	108	109	116	116	124	123	130	130	137	138	140	146	152	154	154	159	159	163	163	168	168	169	173	174	178	179	184	188	188	188	193	194	198	198	203	203	200	200	198	198	195	195	195	193	192	190	190	188	187	185	185	183	182	180	180	178	177	171	170	164	163	162	155	154	147	148	141	141	133	133	127	125	119	117	117	110	
103	103	102	98	94	92	93	87	88	84	83	79	79	77	73	72	68	68	63	63	58	58	54	53	56	56	56	59	61	61	63	63	66	66	66	69	69	71	71	73	74	76	76	78	79	79	87	87	94	93	100	100	108	109	116	116	124	123	130	130	137	138	140	146	152	154	154	159	159	163	163	168	168	169	173	174	178	179	184	188	188	188	193	194	198	198	203	203	200	200	198	198	195	195	195	193	192	190	190	188	187	185	185	183	182	180	180	178	177	171	170	164	163	162	155	154	147	148	141	141	133	133	127	125	119	117	117	110	
103	103	102	98	94	92	93	87	88	84	83	79	79	77	73	72	68	68	63	63	58	58	54	53	56	56	56	59	61	61	63	63	66	66	66	69	69	71	71	73	74	76	76	78	79	79	87	87	94	93	100	100	108	109	116	116	124	123	130	130	137	138	140	146	152	154	154	159	159	163	163	168	168	169	173	174	178	179	184	188	188	188	193	194	198	198	203	203	200	200	198	198	195	195	195	193	192	190	190	188	187	185	185	183	182	180	180	178	177	171	170	164	163	162	155	154	147	148	141	141	133	133	127	125	119	117	117	110	
103	103	102	98	94	92	92	87	87	83	83	78	78	77	73	72	68	67	62	62	57	58	54	53	55	56	56	58	61	61	63	63	65	66	66	68	69	70	70	73	74	75	76	78	78	79	86	87	93	93	100	100	108	109	117	117	124	123	130	131	138	138	140	146	152	154	154	158	159	163	163	168	168	169	173	174	178	179	184	188	188	189	193	194	198	199	203	203	200	201	198	198	196	195	195	193	192	191	191	188	188	186	185	183	182	181	180	178	177	172	170	164	163	162	155	155	147	148	141	141	133	133	127	125	119	117	117	110	
102	102	101	96	92	91	91	86	86	81	81	76	76	75	70	69	65	65	59	60	54	55	50	49	52	52	52	55	58	57	60	60	63	63	63	65	66	68	68	71	71	73	73	76	76	76	84	84	92	91	98	98	106	108	116	116	124	123	130	130	138	139	140	147	153	155	155	160	160	165	165	170	169	171	175	176	180	181	187	191	191	192	196	197	201	202	207	207	204	204	202	201	199	199	199	196	196	194	194	191	191	189	188	186	185	183	183	180	179	174	172	166	164	163	156	156	149	149	142	142	133	133	126	125	119	116	116	109	
102	102	101	96	92	91	91	86	86	81	81	76	76	75	70	69	65	65	59	60	54	55	50	49	52	52	52	55	58	57	60	60	63	63	63	65	66	68	68	71	71	73	73	76	76	76	84	84	92	91	98	98	106	108	116	116	124	123	130	130	138	139	140	147	153	155	155	160	160	165	165	170	169	171	175	176	180	181	187	191	191	192	196	197	201	202	207	207	204	204	202	201	199	199	199	196	196	194	194	191	191	189	188	186	185	183	183	180	179	174	172	166	164	163	156	156	149	149	142	142	133	133	126	125	119	116	116	109	
102	102	101	96	92	91	91	86	86	81	81	76	76	75	70	69	65	65	59	60	54	55	50	49	52	52	52	55	58	57	60	60	63	63	63	65	66	68	68	71	71	73	73	76	76	76	84	84	92	91	98	98	106	108	116	116	124	123	130	130	138	139	140	147	153	155	155	160	160	165	165	170	169	171	175	176	180	181	187	191	191	192	196	197	201	202	207	207	204	204	202	201	199	199	199	196	196	194	194	191	191	189	188	186	185	183	183	180	179	174	172	166	164	163	156	156	149	149	142	142	133	133	126	125	119	116	116	109	
101	101	100	96	92	90	90	85	85	81	81	76	76	74	70	69	65	64	59	59	54	54	50	49	51	52	52	55	57	57	59	60	62	62	63	65	66	68	67	70	71	72	73	75	76	77	84	84	91	91	99	99	106	108	116	116	124	123	131	131	138	139	141	147	153	156	155	160	161	165	165	170	170	171	176	177	181	181	187	191	191	192	197	198	202	202	207	207	204	204	202	202	199	199	199	196	196	194	194	191	191	189	188	186	185	183	183	181	180	174	173	166	165	164	157	156	149	149	142	142	133	133	126	125	119	117	116	109	
100	100	99	95	90	89	89	83	83	79	79	73	73	72	67	66	62	61	56	56	50	51	46	45	48	48	49	51	54	54	56	56	59	59	60	62	63	65	65	68	68	70	70	73	73	74	82	83	90	89	97	97	105	107	115	115	124	123	130	130	139	140	141	148	154	157	157	161	162	166	166	172	172	173	177	179	183	184	189	194	194	195	200	201	205	205	211	210	208	208	205	205	203	202	202	200	199	197	197	194	194	192	191	189	188	186	186	183	182	176	174	168	167	166	158	157	150	151	142	143	134	133	127	125	118	116	116	109	
100	100	99	95	91	89	89	83	84	79	79	74	74	72	67	67	62	62	56	56	51	51	46	46	49	49	49	52	54	54	57	57	60	60	60	63	63	65	65	68	68	70	71	73	74	74	82	82	90	89	97	97	105	107	115	115	124	123	130	130	139	140	141	147	154	157	156	162	162	166	166	172	172	173	177	179	183	183	189	194	194	195	199	201	205	205	211	210	207	207	205	205	202	202	202	199	199	197	197	194	193	191	191	188	188	186	186	183	182	175	174	168	166	165	157	157	149	150	142	142	133	133	126	125	118	116	116	108	
100	100	99	95	91	89	89	83	84	79	79	74	74	72	67	67	62	62	56	56	51	51	46	46	49	49	49	52	54	54	57	57	60	60	60	63	63	65	65	68	68	70	71	73	74	74	82	82	90	89	97	97	105	107	115	115	124	123	130	130	139	140	141	147	154	157	156	162	162	166	166	172	172	173	177	179	183	183	189	194	194	195	199	201	205	205	211	210	207	207	205	205	202	202	202	199	199	197	197	194	193	191	191	188	188	186	186	183	182	175	174	168	166	165	157	157	149	150	142	142	133	133	126	125	118	116	116	108	
100	100	99	95	91	89	89	83	84	79	79	74	74	72	67	67	62	62	56	56	51	51	46	46	49	49	49	52	54	54	57	57	60	60	60	63	63	65	65	68	68	70	71	73	74	74	82	82	90	89	97	97	105	107	115	115	124	123	130	130	139	140	141	147	154	157	156	162	162	166	166	172	172	173	177	179	183	183	189	194	194	195	199	201	205	205	211	210	207	207	205	205	202	202	202	199	199	197	197	194	193	191	191	188	188	186	186	183	182	175	174	168	166	165	157	157	149	150	142	142	133	133	126	125	118	116	116	108	
100	100	99	95	90	89	89	83	83	79	79	73	73	72	67	66	62	61	56	56	50	51	46	45	48	48	49	51	54	54	56	56	59	59	60	62	63	65	65	68	68	70	70	73	73	74	82	83	90	89	97	97	105	107	115	115	124	123	130	130	139	140	141	148	154	157	157	161	162	166	166	172	172	173	177	179	183	184	189	194	194	195	200	201	205	206	211	210	208	208	205	205	203	202	202	200	199	197	197	194	194	192	191	189	188	186	186	183	182	176	174	168	167	166	158	157	150	151	142	143	134	133	127	125	118	116	116	109	
99	99	98	94	89	87	87	82	82	77	77	71	71	70	65	64	60	59	54	54	48	48	43	43	45	46	46	49	52	51	54	54	57	57	57	60	61	63	63	65	66	68	69	71	72	72	80	81	89	88	97	97	104	107	115	115	123	122	131	131	139	140	141	148	155	158	157	162	163	168	168	173	173	175	179	180	185	185	191	196	196	197	202	203	208	208	214	213	210	210	208	208	205	205	204	202	201	199	199	196	196	194	193	191	190	188	188	185	184	178	176	169	167	167	159	159	150	151	143	143	134	134	127	125	118	116	116	108	
99	99	98	94	89	87	88	82	82	77	77	71	71	70	65	64	59	59	53	53	47	48	43	42	45	45	46	49	51	51	54	54	57	57	57	60	60	63	62	65	66	68	68	71	71	72	80	80	88	88	96	96	104	106	115	115	123	122	131	131	139	140	141	149	155	158	158	163	163	168	168	174	173	175	180	181	185	186	192	197	197	197	202	204	208	209	214	214	211	211	208	208	205	205	205	202	202	200	200	197	196	194	193	191	190	188	188	185	184	178	176	169	168	167	159	158	150	151	143	143	134	133	126	125	118	115	115	107	
99	99	98	94	89	87	88	82	82	77	77	71	71	70	65	64	59	59	53	53	47	48	43	42	45	45	46	49	51	51	54	54	57	57	57	60	60	63	62	65	66	68	68	71	71	72	80	80	88	88	96	96	104	106	115	115	123	122	131	131	139	140	141	149	155	158	158	163	163	168	168	174	173	175	180	181	185	186	192	197	197	197	202	204	208	209	214	214	211	211	208	208	205	205	205	202	202	200	200	197	196	194	193	191	190	188	188	185	184	178	176	169	168	167	159	158	150	151	143	143	134	133	126	125	118	115	115	107	
99	99	98	94	89	87	88	82	82	77	77	71	71	70	65	64	59	59	53	53	47	48	43	42	45	45	46	49	51	51	54	54	57	57	57	60	60	63	62	65	66	68	68	71	71	72	80	80	88	88	96	96	104	106	115	115	123	122	131	131	139	140	141	149	155	158	158	163	163	168	168	174	173	175	180	181	185	186	192	197	197	197	202	204	208	209	214	214	211	211	208	208	205	205	205	202	202	200	200	197	196	194	193	191	190	188	188	185	184	178	176	169	168	167	159	158	150	151	143	143	134	133	126	125	118	115	115	107	
99	99	98	93	89	87	87	81	82	77	76	71	71	69	65	64	59	59	53	53	47	47	43	42	45	45	45	48	51	51	53	54	56	56	57	59	60	62	62	65	65	68	68	70	71	72	80	80	88	88	96	96	104	107	115	115	123	122	131	131	140	140	141	149	155	158	158	163	163	168	168	174	174	175	180	181	185	186	192	197	197	198	203	204	209	209	214	214	211	211	209	208	206	205	205	202	202	200	200	197	197	194	194	191	190	188	188	185	184	178	177	169	168	168	159	159	150	151	143	143	134	134	126	125	118	116	116	107	
98	98	97	92	87	86	86	79	80	75	75	69	69	67	62	61	56	56	50	50	44	45	39	38	41	42	42	45	48	48	50	50	53	54	54	57	57	60	59	62	63	65	66	68	69	69	78	78	86	85	95	95	103	105	114	114	123	122	130	130	139	140	142	149	157	159	159	165	165	170	170	176	176	178	182	183	188	189	195	200	200	201	206	207	212	212	218	217	214	215	212	212	209	208	208	206	205	203	203	200	199	197	197	194	193	191	191	188	187	180	178	171	169	169	160	159	151	152	143	143	134	133	126	125	117	114	114	106	
98	98	97	92	87	86	86	79	80	75	75	69	69	67	62	61	56	56	50	50	44	45	39	38	41	42	42	45	48	48	50	50	53	54	54	57	57	60	59	62	63	65	66	68	69	69	78	78	86	85	95	95	103	105	114	114	123	122	130	130	139	140	142	149	157	159	159	165	165	170	170	176	176	178	182	183	188	189	195	200	200	201	206	207	212	212	218	217	214	215	212	212	209	208	208	206	205	203	203	200	199	197	197	194	193	191	191	188	187	180	178	171	169	169	160	159	151	152	143	143	134	133	126	125	117	114	114	106	
98	98	97	92	87	86	86	79	80	75	75	69	69	67	62	61	56	56	50	50	44	45	39	38	41	42	42	45	48	48	50	50	53	54	54	57	57	60	59	62	63	65	66	68	69	69	78	78	86	85	95	95	103	105	114	114	123	122	130	130	139	140	142	149	157	159	159	165	165	170	170	176	176	178	182	183	188	189	195	200	200	201	206	207	212	212	218	217	214	215	212	212	209	208	208	206	205	203	203	200	199	197	197	194	193	191	191	188	187	180	178	171	169	169	160	159	151	152	143	143	134	133	126	125	117	114	114	106	
98	98	97	92	88	86	86	80	80	75	75	69	69	67	63	62	57	56	50	50	44	45	40	39	42	42	42	45	48	48	51	51	54	54	54	57	58	60	60	63	63	66	66	68	69	70	78	78	87	86	95	95	103	105	114	114	123	122	130	130	139	140	142	149	156	159	159	165	165	170	170	176	176	177	182	183	188	188	194	199	199	200	206	207	211	212	218	217	214	214	212	211	208	208	208	205	205	202	202	199	199	197	196	193	193	190	191	187	186	180	178	171	169	168	160	159	151	152	143	144	134	134	126	125	117	115	115	106	
97	97	95	90	85	84	84	77	77	73	72	66	66	64	59	58	53	53	47	47	40	41	36	35	38	38	38	42	45	44	47	47	50	51	51	54	54	57	57	60	60	63	63	66	66	67	77	77	85	84	94	94	102	105	114	114	123	122	131	131	140	141	143	150	158	160	160	166	166	171	171	177	177	179	184	185	190	191	197	202	202	203	209	210	215	216	222	221	218	218	215	215	212	212	211	209	208	206	206	203	202	200	199	196	195	193	193	190	189	182	181	173	171	170	162	161	152	153	145	145	135	134	127	125	117	115	115	106	
97	97	95	90	85	83	83	77	77	72	72	66	66	64	59	58	53	53	46	46	40	41	35	34	37	38	38	41	44	44	47	47	50	50	51	53	54	56	56	59	60	62	63	65	66	67	76	77	85	84	93	93	102	104	114	114	123	122	131	131	140	141	143	150	158	161	160	166	167	172	172	178	178	179	184	186	190	191	197	202	203	204	209	210	215	216	222	221	218	218	216	215	212	212	212	209	208	206	206	203	202	200	200	197	196	194	193	190	189	183	181	173	171	170	162	161	152	153	144	144	135	134	126	125	117	115	115	106	
97	97	95	90	85	83	83	77	77	72	72	66	66	64	59	58	53	53	46	46	40	41	35	34	37	38	38	41	44	44	47	47	50	50	51	53	54	56	56	59	60	62	63	65	66	67	76	77	85	84	93	93	102	104	114	114	123	122	131	131	140	141	143	150	158	161	160	166	167	172	172	178	178	179	184	186	190	191	197	202	203	204	209	210	215	216	222	221	218	218	216	215	212	212	212	209	208	206	206	203	202	200	200	197	196	194	193	190	189	183	181	173	171	170	162	161	152	153	144	144	135	134	126	125	117	115	115	106	
97	97	95	90	85	83	83	77	77	72	72	66	66	64	59	58	53	53	46	46	40	41	35	34	37	38	38	41	44	44	47	47	50	50	51	53	54	56	56	59	60	62	63	65	66	67	76	77	85	84	93	93	102	104	114	114	123	122	131	131	140	141	143	150	158	161	160	166	167	172	172	178	178	179	184	186	190	191	197	202	203	204	209	210	215	216	222	221	218	218	216	215	212	212	212	209	208	206	206	203	202	200	200	197	196	194	193	190	189	183	181	173	171	170	162	161	152	153	144	144	135	134	126	125	117	115	115	106	
95	95	94	89	84	82	82	76	76	70	70	64	64	62	57	56	51	50	44	44	37	38	32	31	34	35	35	38	41	41	44	44	47	48	48	51	52	54	54	57	58	60	61	63	64	65	74	75	84	83	92	93	101	104	113	114	123	122	131	131	140	141	143	151	159	162	161	167	168	173	173	179	179	181	186	187	192	193	200	205	205	206	212	213	218	219	225	224	221	221	218	218	215	215	215	212	211	209	209	205	205	202	202	199	198	196	196	192	191	184	182	175	172	171	163	162	153	154	145	145	135	134	127	124	117	115	114	105	
95	95	94	89	84	82	82	76	76	71	70	64	64	62	57	55	50	50	44	44	37	37	32	31	34	34	35	38	41	41	44	44	47	47	48	51	51	54	54	57	58	60	60	63	64	65	74	74	83	83	92	92	101	103	113	113	123	122	130	131	140	141	143	151	159	162	162	167	168	173	174	179	179	181	186	188	193	194	200	205	206	206	212	213	219	220	226	225	222	222	219	219	216	215	215	212	211	209	209	206	205	203	202	199	198	196	196	193	191	184	183	174	173	172	163	162	153	154	145	145	135	134	126	124	117	114	114	105	
95	95	94	89	84	82	82	76	76	71	70	64	64	62	57	55	50	50	44	44	37	37	32	31	34	34	35	38	41	41	44	44	47	47	48	51	51	54	54	57	58	60	60	63	64	65	74	74	83	83	92	92	101	103	113	113	123	122	130	131	140	141	143	151	159	162	162	167	168	173	174	179	179	181	186	188	193	194	200	205	206	206	212	213	219	220	226	225	222	222	219	219	216	215	215	212	211	209	209	206	205	203	202	199	198	196	196	193	191	184	183	174	173	172	163	162	153	154	145	145	135	134	126	124	117	114	114	105	
95	95	94	89	84	82	82	76	76	71	70	64	64	62	57	55	50	50	44	44	37	37	32	31	34	34	35	38	41	41	44	44	47	47	48	51	51	54	54	57	58	60	60	63	64	65	74	74	83	83	92	92	101	103	113	113	123	122	130	131	140	141	143	151	159	162	162	167	168	173	174	179	179	181	186	188	193	194	200	205	206	206	212	213	219	220	226	225	222	222	219	219	216	215	215	212	211	209	209	206	205	203	202	199	198	196	196	193	191	184	183	174	173	172	163	162	153	154	145	145	135	134	126	124	117	114	114	105	
95	95	94	89	84	82	82	76	76	71	70	64	64	62	57	55	50	50	44	44	37	37	32	31	34	34	35	38	41	41	44	44	47	47	48	51	51	54	54	57	58	60	60	63	64	65	74	74	83	83	92	92	101	103	113	113	123	122	130	131	140	141	143	151	159	162	162	167	168	173	174	179	179	181	186	188	193	194	200	205	206	206	212	213	219	220	226	225	222	222	219	219	216	215	215	212	211	209	209	206	205	203	202	199	198	196	196	193	191	184	183	174	173	172	163	162	153	154	145	145	135	134	126	124	117	114	114	105	
94	94	93	88	82	81	81	74	74	69	68	61	61	60	54	53	48	47	40	40	34	35	29	28	31	31	32	35	38	38	41	41	44	45	45	48	49	51	51	55	55	58	58	61	62	63	72	73	81	81	91	91	100	103	113	113	123	122	131	131	141	142	144	152	160	163	162	169	169	174	175	181	181	183	188	189	195	195	202	208	208	209	215	216	222	222	229	228	224	225	222	222	218	218	218	215	214	211	211	208	207	205	204	201	200	198	198	195	194	186	184	176	175	174	164	163	154	155	146	146	135	134	126	125	116	113	113	104	
94	94	93	87	83	80	80	73	73	69	68	61	61	60	54	53	48	47	40	40	34	34	28	27	31	31	31	35	38	38	41	41	44	45	45	48	49	51	51	54	55	57	58	61	61	62	72	72	81	80	91	91	100	102	112	113	123	122	130	131	141	142	144	152	160	163	163	169	170	175	175	182	182	184	188	190	195	196	203	208	208	209	216	217	222	223	229	228	225	225	222	222	219	218	218	215	214	212	212	209	208	206	205	202	201	199	198	195	193	186	185	177	175	174	164	163	154	155	146	146	135	134	126	124	116	113	113	104	
94	94	93	87	83	80	80	73	73	69	68	61	61	60	54	53	48	47	40	40	34	34	28	27	31	31	31	35	38	38	41	41	44	45	45	48	49	51	51	54	55	57	58	61	61	62	72	72	81	80	91	91	100	102	112	113	123	122	130	131	141	142	144	152	160	163	163	169	170	175	175	182	182	184	188	190	195	196	203	208	208	209	216	217	222	223	229	228	225	225	222	222	219	218	218	215	214	212	212	209	208	206	205	202	201	199	198	195	193	186	185	177	175	174	164	163	154	155	146	146	135	134	126	124	116	113	113	104	
94	94	93	87	83	80	80	73	73	69	68	61	61	60	54	53	48	47	40	40	34	34	28	27	31	31	31	35	38	38	41	41	44	45	45	48	49	51	51	54	55	57	58	61	61	62	72	72	81	80	91	91	100	102	112	113	123	122	130	131	141	142	144	152	160	163	163	169	170	175	175	182	182	184	188	190	195	196	203	208	208	209	216	217	222	223	229	228	225	225	222	222	219	218	218	215	214	212	212	209	208	206	205	202	201	199	198	195	193	186	185	177	175	174	164	163	154	155	146	146	135	134	126	124	116	113	113	104	
94	94	93	87	82	80	80	73	73	68	68	61	61	59	54	52	47	47	40	40	33	34	28	27	30	31	31	34	38	37	40	40	44	44	44	48	48	50	50	54	55	57	58	61	61	62	72	72	81	80	91	91	100	102	113	113	123	122	131	131	142	142	144	152	160	163	163	169	169	175	175	182	182	184	189	190	195	196	203	208	208	209	216	217	222	223	230	229	225	226	223	222	219	219	218	215	215	212	212	209	208	206	205	202	201	199	199	195	194	187	185	177	175	174	164	163	155	156	146	146	135	134	127	125	116	113	113	104	
93	93	92	86	80	79	79	72	72	66	65	59	59	57	51	50	45	44	37	37	30	31	24	23	27	27	27	31	34	34	37	38	41	41	41	45	45	48	48	52	52	55	55	58	59	60	69	70	79	79	89	89	99	102	111	112	122	121	131	131	141	142	144	153	162	164	164	171	171	177	177	184	184	185	191	193	198	199	205	211	212	212	219	220	226	227	233	232	229	229	226	226	222	222	222	219	218	215	215	212	211	209	208	205	204	201	201	198	196	189	187	178	176	175	165	165	155	156	146	146	135	135	126	124	116	113	113	102	
93	93	92	86	80	79	79	72	72	66	65	59	59	57	51	50	45	44	37	37	30	31	24	23	27	27	27	31	34	34	37	38	41	41	41	45	45	48	48	52	52	55	55	58	59	60	69	70	79	79	89	89	99	102	111	112	122	121	131	131	141	142	144	153	162	164	164	171	171	177	177	184	184	185	191	193	198	199	205	211	212	212	219	220	226	227	233	232	229	229	226	226	222	222	222	219	218	215	215	212	211	209	208	205	204	201	201	198	196	189	187	178	176	175	165	165	155	156	146	146	135	135	126	124	116	113	113	102	
93	93	92	86	80	79	79	72	72	66	65	59	59	57	51	50	45	44	37	37	30	31	24	23	27	27	27	31	34	34	37	38	41	41	41	45	45	48	48	52	52	55	55	58	59	60	69	70	79	79	89	89	99	102	111	112	122	121	131	131	141	142	144	153	162	164	164	171	171	177	177	184	184	185	191	193	198	199	205	211	212	212	219	220	226	227	233	232	229	229	226	226	222	222	222	219	218	215	215	212	211	209	208	205	204	201	201	198	196	189	187	178	176	175	165	165	155	156	146	146	135	135	126	124	116	113	113	102	
93	93	92	86	80	79	79	72	72	66	66	59	59	57	52	50	45	44	37	37	30	31	25	24	27	28	28	32	35	35	38	38	41	42	42	45	46	48	48	52	52	55	56	59	59	60	70	70	80	79	89	89	99	102	112	112	121	121	131	131	141	142	144	153	161	164	164	170	171	177	177	184	184	185	191	192	197	198	205	211	211	212	218	220	225	226	233	232	228	229	225	225	222	221	221	218	217	215	215	212	211	208	208	205	203	201	201	197	196	189	187	178	176	175	165	165	154	155	146	146	136	135	126	124	116	113	113	103	
92	92	90	84	79	77	77	69	70	64	63	56	56	54	49	47	42	41	34	34	27	27	21	20	23	24	24	28	31	31	34	34	38	38	38	42	43	45	45	49	50	52	53	56	56	57	68	68	78	77	88	88	98	101	111	112	122	121	131	131	142	143	145	154	162	165	165	172	172	178	178	185	185	187	193	194	200	201	208	214	214	215	222	223	229	229	237	236	232	232	229	229	225	225	225	222	221	218	218	214	214	211	211	207	206	204	204	200	199	191	189	180	178	177	167	166	156	157	147	147	136	135	126	124	115	112	112	102	
92	92	90	84	78	77	77	69	69	63	63	56	56	54	48	47	41	41	33	33	26	27	20	19	23	23	24	27	31	31	34	34	38	38	38	42	42	45	45	49	49	52	53	56	56	57	68	68	78	76	88	88	98	101	111	112	122	121	131	130	142	143	145	154	162	166	165	172	172	178	179	186	186	188	193	195	200	201	208	214	214	216	222	223	229	230	237	236	233	233	230	229	226	225	225	222	221	218	218	215	214	212	211	208	206	204	204	200	199	191	189	181	178	177	167	166	156	157	147	147	136	135	127	124	115	112	112	102	
92	92	90	84	78	77	77	69	69	63	63	56	56	54	48	47	41	41	33	33	26	27	20	19	23	23	24	27	31	31	34	34	38	38	38	42	42	45	45	49	49	52	53	56	56	57	68	68	78	76	88	88	98	101	111	112	122	121	131	130	142	143	145	154	162	166	165	172	172	178	179	186	186	188	193	195	200	201	208	214	214	216	222	223	229	230	237	236	233	233	230	229	226	225	225	222	221	218	218	215	214	212	211	208	206	204	204	200	199	191	189	181	178	177	167	166	156	157	147	147	136	135	127	124	115	112	112	102	
92	92	90	84	78	77	77	69	69	63	63	56	56	54	48	47	41	41	33	33	26	27	20	19	23	23	24	27	31	31	34	34	38	38	38	42	42	45	45	49	49	52	53	56	56	57	68	68	78	76	88	88	98	101	111	112	122	121	131	130	142	143	145	154	162	166	165	172	172	178	179	186	186	188	193	195	200	201	208	214	214	216	222	223	229	230	237	236	233	233	230	229	226	225	225	222	221	218	218	215	214	212	211	208	206	204	204	200	199	191	189	181	178	177	167	166	156	157	147	147	136	135	127	124	115	112	112	102	
91	91	89	83	77	75	75	68	68	62	61	54	54	52	46	45	39	38	31	31	24	24	18	17	20	21	21	25	29	28	32	32	35	36	36	40	40	43	43	47	47	50	51	54	54	56	66	66	76	76	87	87	97	100	111	111	122	121	131	131	142	143	145	155	163	166	167	173	173	180	180	187	187	189	195	196	202	203	210	216	217	218	225	226	232	232	239	239	235	235	232	232	228	228	228	224	223	221	221	217	216	214	213	210	208	206	206	202	200	192	191	181	179	178	168	167	157	158	147	147	136	135	126	124	115	112	112	101	
90	90	88	83	77	75	75	67	68	62	61	54	54	52	46	45	38	38	30	30	23	23	17	16	19	20	20	24	28	27	31	31	35	35	35	39	40	42	42	46	47	49	50	53	54	56	65	66	76	75	86	86	97	99	110	111	121	121	131	132	143	143	146	155	163	166	167	173	174	180	180	187	187	189	195	197	203	204	211	217	218	218	225	227	233	233	240	239	236	236	233	233	229	229	228	225	224	221	221	218	217	214	213	210	209	206	206	203	200	193	191	182	180	179	168	168	157	158	147	147	136	135	126	124	114	111	111	101	
90	90	88	83	77	75	75	67	67	61	61	54	54	52	46	45	38	38	30	30	23	23	18	16	20	20	20	24	28	27	31	31	35	35	35	39	40	42	42	46	47	49	50	53	54	56	66	66	76	75	86	86	97	99	110	111	121	121	131	131	143	143	145	155	163	166	167	173	174	180	180	187	187	189	195	197	203	204	211	217	217	218	225	227	232	233	240	239	236	236	233	233	229	228	228	225	224	221	221	218	217	214	213	210	209	206	206	203	200	193	191	182	180	179	168	168	157	158	147	147	136	135	126	124	114	111	112	101	
90	90	88	83	77	75	75	67	67	61	61	54	54	52	46	45	38	38	30	30	23	23	18	16	20	20	20	24	28	27	31	31	35	35	35	39	40	42	42	46	47	49	50	53	54	56	66	66	76	75	86	86	97	99	110	111	121	121	131	131	143	143	145	155	163	166	167	173	174	180	180	187	187	189	195	197	203	204	211	217	217	218	225	227	232	233	240	239	236	236	233	233	229	228	228	225	224	221	221	218	217	214	213	210	209	206	206	203	200	193	191	182	180	179	168	168	157	158	147	147	136	135	126	124	114	111	112	101	
90	90	88	83	77	75	75	67	67	61	61	54	54	52	46	45	38	38	30	30	23	23	18	16	20	20	20	24	28	27	31	31	35	35	35	39	40	42	42	46	47	49	50	53	54	56	66	66	76	75	86	86	97	99	110	111	121	121	131	131	143	143	145	155	163	166	167	173	174	180	180	187	187	189	195	197	203	204	211	217	217	218	225	227	232	233	240	239	236	236	233	233	229	228	228	225	224	221	221	218	217	214	213	210	209	206	206	203	200	193	191	182	180	179	168	168	157	158	147	147	136	135	126	124	114	111	112	101	
