122	122	122	123	124	124	124	125	124	125	125	126	126	127	128	128	128	128	129	129	130	130	131	131	130	130	130	130	129	130	129	129	129	129	129	128	128	128	128	127	127	127	127	127	126	126	127	127	127	127	127	127	127	127	127	127	128	128	128	128	128	128	128	128	128	128	128	127	127	126	127	126	126	126	125	125	124	124	122	122	122	122	121	121	120	120	119	119	120	120	120	120	121	121	120	121	121	121	121	122	122	122	122	123	123	123	123	124	124	124	123	123	123	123	123	123	123	123	123	123	123	123	122	122	122	122	122	122	
121	121	121	122	123	124	123	125	125	126	126	127	127	128	129	129	130	130	131	131	133	133	134	134	133	133	133	132	132	132	131	131	131	131	130	130	130	129	129	128	128	128	127	127	127	127	127	127	127	127	128	128	128	128	128	128	129	129	129	129	129	129	129	129	130	130	130	129	128	127	127	126	126	125	124	124	123	123	121	120	120	120	119	119	117	117	116	116	117	117	118	118	118	118	118	119	119	120	120	121	121	121	121	122	122	122	123	123	123	123	123	123	123	123	122	122	122	122	122	122	122	122	121	121	121	121	121	121	
121	121	121	122	123	124	124	125	125	126	126	127	127	128	129	129	130	130	131	131	133	133	134	134	133	133	133	132	132	132	131	131	131	131	130	130	130	129	129	129	128	128	128	127	127	127	128	128	128	128	128	128	128	128	129	129	129	129	129	129	129	129	129	130	130	130	130	129	128	127	127	126	126	126	125	124	124	123	122	121	121	121	120	119	118	118	117	117	118	118	118	118	119	119	119	120	120	120	120	121	121	122	122	122	122	123	123	124	124	123	123	123	123	123	123	123	123	123	122	122	122	122	122	122	122	122	122	121	
121	121	121	122	123	124	124	125	125	126	126	127	127	128	129	129	130	130	131	131	133	133	134	134	133	133	133	132	132	132	131	131	131	131	130	130	130	129	129	129	128	128	128	127	127	127	128	128	128	128	128	128	128	128	129	129	129	129	129	129	129	129	129	130	130	130	130	129	128	127	127	126	126	126	125	124	124	123	122	121	121	121	120	119	118	118	117	117	118	118	118	118	119	119	119	120	120	120	120	121	121	122	122	122	122	123	123	124	124	123	123	123	123	123	123	123	123	123	122	122	122	122	122	122	122	122	122	121	
121	121	121	122	123	124	124	125	125	126	126	127	127	128	129	129	130	130	131	131	133	133	134	134	133	133	133	132	132	132	131	131	131	131	130	130	130	129	129	129	128	128	128	127	127	127	128	128	128	128	128	128	128	128	129	129	129	129	129	129	129	129	129	130	130	130	130	129	128	127	127	126	126	126	125	124	124	123	122	121	121	121	120	119	118	118	117	117	118	118	118	118	119	119	119	120	120	120	120	121	121	122	122	122	122	123	123	124	124	123	123	123	123	123	123	123	123	123	122	122	122	122	122	122	122	122	122	121	
120	120	120	121	122	123	123	125	125	126	126	128	128	128	130	130	131	131	133	133	135	134	136	136	136	135	135	134	134	134	133	133	132	132	132	131	131	130	130	130	129	129	129	128	128	128	128	128	129	129	129	129	129	129	130	130	130	130	130	130	130	130	131	131	131	131	131	129	129	128	128	126	126	126	125	124	123	123	121	120	119	119	118	117	116	116	115	115	115	115	116	116	117	117	117	118	118	119	119	119	120	120	120	121	121	122	122	123	123	123	123	122	122	122	122	122	122	122	121	121	121	121	121	121	120	120	120	120	
120	120	120	121	122	123	123	125	125	126	127	128	128	129	130	130	132	132	134	134	135	135	137	137	136	136	136	135	134	134	134	134	133	133	132	132	131	131	131	130	130	129	129	128	128	128	129	129	129	129	129	129	130	130	130	130	130	130	131	131	131	131	131	131	132	132	131	130	129	128	128	126	126	126	125	124	123	123	121	120	120	119	118	117	116	116	114	115	115	115	116	116	117	117	117	118	118	119	119	120	120	120	121	121	122	122	122	123	123	123	123	123	123	123	122	122	122	122	122	122	121	121	121	121	121	120	120	120	
120	120	120	121	122	123	123	125	125	126	127	128	128	129	130	130	132	132	134	134	135	135	137	137	136	136	136	135	134	134	134	134	133	133	132	132	131	131	131	130	130	129	129	128	128	128	129	129	129	129	129	129	130	130	130	130	130	130	131	131	131	131	131	131	132	132	131	130	129	128	128	126	126	126	125	124	123	123	121	120	120	119	118	117	116	116	114	115	115	115	116	116	117	117	117	118	118	119	119	120	120	120	121	121	122	122	122	123	123	123	123	123	123	123	122	122	122	122	122	122	121	121	121	121	121	120	120	120	
120	120	120	121	122	123	123	125	125	126	127	128	128	129	130	130	132	132	134	134	135	135	137	137	136	136	136	135	134	134	134	134	133	133	132	132	131	131	131	130	130	129	129	128	128	128	129	129	129	129	129	129	130	130	130	130	130	130	131	131	131	131	131	131	132	132	131	130	129	128	128	126	126	126	125	124	123	123	121	120	120	119	118	117	116	116	114	115	115	115	116	116	117	117	117	118	118	119	119	120	120	120	121	121	122	122	122	123	123	123	123	123	123	123	122	122	122	122	122	122	121	121	121	121	121	120	120	120	
119	119	119	121	122	123	123	125	125	126	126	128	128	128	130	130	131	132	134	134	136	135	137	137	136	136	136	135	134	134	133	133	133	133	132	132	131	131	131	130	130	129	129	128	128	128	128	128	129	129	129	129	129	129	130	130	130	130	130	130	131	131	131	131	132	132	132	130	130	129	128	126	126	126	124	124	123	122	120	119	119	119	117	117	115	115	113	114	115	115	115	115	116	116	117	117	117	118	118	119	119	120	120	121	121	122	122	123	123	123	122	122	122	122	122	122	121	121	121	121	121	121	120	120	120	120	120	120	
118	118	119	121	122	123	123	125	125	126	127	129	129	129	131	131	133	133	135	135	138	138	139	140	139	139	138	137	136	136	135	135	134	134	134	133	133	132	132	131	131	130	130	129	129	129	129	129	130	129	130	130	130	130	131	131	131	131	131	131	132	132	132	132	133	133	132	131	130	128	128	126	126	126	124	124	122	122	119	118	118	117	116	115	114	113	111	111	113	113	113	114	114	115	115	116	116	117	117	118	118	119	119	120	120	121	121	122	122	122	122	121	121	121	121	121	121	121	120	120	120	120	119	119	119	119	119	119	
118	118	119	121	122	123	123	125	125	126	127	129	129	129	131	131	133	133	135	135	138	138	139	140	139	139	138	137	136	136	135	135	134	134	134	133	133	132	132	131	131	130	130	129	129	129	129	129	130	129	130	130	130	130	131	131	131	131	131	131	132	132	132	132	133	133	132	131	130	128	128	126	126	126	124	124	122	122	119	118	118	117	116	115	114	113	111	111	113	113	113	114	114	115	115	116	116	117	117	118	118	119	119	120	120	121	121	122	122	122	122	121	121	121	121	121	121	121	120	120	120	120	119	119	119	119	119	119	
118	118	119	121	122	123	123	125	125	126	127	129	129	129	131	131	133	133	135	135	138	138	139	140	139	139	138	137	136	136	135	135	134	134	134	133	133	132	132	131	131	130	130	129	129	129	129	129	130	129	130	130	130	130	131	131	131	131	131	131	132	132	132	132	133	133	132	131	130	128	128	126	126	126	124	124	122	122	119	118	118	117	116	115	114	113	111	111	113	113	113	114	114	115	115	116	116	117	117	118	118	119	119	120	120	121	121	122	122	122	122	121	121	121	121	121	121	121	120	120	120	120	119	119	119	119	119	119	
118	118	119	121	122	123	123	125	125	126	127	129	129	129	131	131	133	133	135	135	138	138	139	140	139	139	138	137	136	136	135	135	134	134	134	133	133	132	132	131	131	130	130	129	129	129	129	129	130	129	130	130	130	130	131	131	131	131	131	131	132	132	132	132	133	133	132	131	130	128	128	126	126	126	124	124	122	122	119	118	118	117	116	115	114	113	111	111	113	113	113	114	114	115	115	116	116	117	117	118	118	119	119	120	120	121	121	122	122	122	122	121	121	121	121	121	121	121	120	120	120	120	119	119	119	119	119	119	
117	117	118	120	122	122	122	124	124	126	127	129	129	129	131	132	133	134	136	136	138	138	140	140	139	139	139	137	136	136	135	135	134	134	134	133	133	132	132	131	131	130	130	129	128	128	129	129	129	129	130	130	130	130	131	131	131	131	131	131	132	132	132	132	133	133	133	131	131	129	128	127	127	126	124	124	122	122	119	117	117	117	115	115	113	113	110	110	112	112	113	113	114	114	114	115	115	116	116	117	117	118	118	119	120	121	121	122	122	121	121	121	121	121	120	120	120	120	120	120	119	119	119	119	118	118	118	118	
117	117	117	119	121	122	122	124	124	126	127	129	129	130	132	133	135	135	137	137	140	140	142	142	141	141	141	139	138	139	137	137	136	136	136	134	134	133	133	132	132	131	131	130	129	129	130	130	130	130	131	131	131	131	132	132	132	132	133	133	133	133	133	134	134	134	134	132	131	129	129	127	127	126	124	124	122	121	118	116	116	116	114	113	111	111	108	109	110	110	111	111	112	112	112	114	114	115	115	116	116	117	118	119	119	120	120	121	122	121	121	121	121	120	120	120	120	120	119	119	119	119	118	118	118	118	118	117	
117	117	117	119	121	122	122	124	124	126	127	129	129	130	132	133	135	135	137	137	140	140	142	142	141	141	141	139	138	139	137	137	136	136	136	134	134	133	133	132	132	131	131	130	129	129	130	130	130	130	131	131	131	131	132	132	132	132	133	133	133	133	133	134	134	134	134	132	131	129	129	127	127	126	124	124	122	121	118	116	116	116	114	113	111	111	108	109	110	110	111	111	112	112	112	114	114	115	115	116	116	117	118	119	119	120	120	121	122	121	121	121	121	120	120	120	120	120	119	119	119	119	118	118	118	118	118	117	
117	117	117	119	121	122	122	124	124	126	127	129	129	130	132	133	135	135	137	137	140	140	142	142	141	141	141	139	138	139	137	137	136	136	136	134	134	133	133	132	132	131	131	130	129	129	130	130	130	130	131	131	131	131	132	132	132	132	133	133	133	133	133	134	134	134	134	132	131	129	129	127	127	126	124	124	122	121	118	116	116	116	114	113	111	111	108	109	110	110	111	111	112	112	112	114	114	115	115	116	116	117	118	119	119	120	120	121	122	121	121	121	121	120	120	120	120	120	119	119	119	119	118	118	118	118	118	117	
116	116	117	119	121	122	122	124	124	126	127	129	129	130	132	133	134	135	137	137	140	140	142	142	141	141	141	139	138	138	137	137	136	136	136	134	134	133	133	132	132	131	130	129	129	129	129	130	130	130	130	130	131	131	132	132	132	132	132	132	133	133	133	134	134	134	134	131	131	128	128	126	126	126	123	123	121	121	118	116	116	115	113	113	110	110	107	108	109	109	111	111	112	112	112	113	113	114	114	116	116	117	117	118	119	120	120	121	121	121	121	120	120	120	120	120	119	119	119	119	118	118	118	118	117	117	117	117	
115	115	115	118	120	121	121	124	124	126	126	130	130	131	133	134	136	136	140	139	142	142	145	145	143	143	143	142	140	140	139	139	137	137	137	135	135	134	134	133	132	132	131	130	129	129	130	130	131	130	131	131	132	132	133	133	133	133	134	134	134	134	134	135	135	135	135	132	132	130	130	127	126	126	124	123	121	120	117	115	114	114	111	111	108	108	105	105	107	107	108	108	109	110	110	111	112	113	113	114	115	116	116	117	118	119	119	121	121	120	120	120	119	119	119	119	118	118	118	118	117	117	117	116	116	116	116	115	
115	115	116	118	120	121	121	124	124	126	127	130	130	131	133	134	136	136	139	139	142	142	145	145	143	143	143	142	140	140	139	139	138	138	137	136	136	134	134	133	132	132	131	130	130	130	130	130	131	131	132	132	132	132	133	133	133	133	134	134	134	135	135	135	135	136	135	133	132	130	130	127	127	126	124	123	121	120	117	115	115	114	111	111	109	108	105	106	107	107	108	109	110	110	110	112	112	113	113	115	115	116	116	118	118	119	119	121	121	121	120	120	120	120	119	119	119	119	118	118	118	118	117	117	116	116	116	116	
115	115	116	118	120	121	121	124	124	126	127	130	130	131	133	134	136	136	139	139	142	142	145	145	143	143	143	142	140	140	139	139	138	138	137	136	136	134	134	133	132	132	131	130	130	130	130	130	131	131	132	132	132	132	133	133	133	133	134	134	134	135	135	135	135	136	135	133	132	130	130	127	127	126	124	123	121	120	117	115	115	114	111	111	109	108	105	106	107	107	108	109	110	110	110	112	112	113	113	115	115	116	116	118	118	119	119	121	121	121	120	120	120	120	119	119	119	119	118	118	118	118	117	117	116	116	116	116	
115	115	116	118	120	121	121	124	124	126	127	130	130	131	133	134	136	136	139	139	142	142	145	145	143	143	143	142	140	140	139	139	138	138	137	136	136	134	134	133	132	132	131	130	130	130	130	130	131	131	132	132	132	132	133	133	133	133	134	134	134	135	135	135	135	136	135	133	132	130	130	127	127	126	124	123	121	120	117	115	115	114	111	111	109	108	105	106	107	107	108	109	110	110	110	112	112	113	113	115	115	116	116	118	118	119	119	121	121	121	120	120	120	120	119	119	119	119	118	118	118	118	117	117	116	116	116	116	
114	114	114	117	119	120	120	124	124	127	128	131	131	132	134	135	138	138	141	141	145	144	147	148	146	146	146	144	142	143	141	141	139	139	139	137	137	136	136	134	134	132	132	131	130	130	131	131	132	132	132	132	133	133	134	134	134	134	135	135	136	136	136	136	137	137	137	134	134	130	130	127	127	126	123	122	120	120	116	113	113	113	110	109	106	106	103	103	105	105	106	107	108	108	108	110	110	112	112	113	114	115	115	117	117	119	118	120	120	120	120	119	119	119	118	118	118	118	117	117	117	117	116	116	115	115	115	114	
114	114	115	117	120	121	121	124	124	127	128	131	131	132	134	135	138	138	141	141	145	145	148	148	147	147	146	145	143	143	141	141	140	140	139	138	137	136	136	134	134	133	132	131	131	131	132	132	132	132	133	133	133	134	134	134	135	135	135	135	136	136	136	137	137	138	137	134	134	131	131	127	127	126	123	122	120	120	116	113	113	113	110	109	106	106	103	103	105	105	106	107	108	108	108	110	111	112	112	113	114	115	115	117	117	119	119	121	121	120	120	120	119	119	119	119	118	118	117	117	117	117	116	116	116	115	115	115	
114	114	115	117	120	121	121	124	124	127	128	131	131	132	134	135	138	138	141	141	145	145	148	148	147	147	146	145	143	143	141	141	140	140	139	138	137	136	136	134	134	133	132	131	131	131	132	132	132	132	133	133	133	134	134	134	135	135	135	135	136	136	136	137	137	138	137	134	134	131	131	127	127	126	123	122	120	120	116	113	113	113	110	109	106	106	103	103	105	105	106	107	108	108	108	110	111	112	112	113	114	115	115	117	117	119	119	121	121	120	120	120	119	119	119	119	118	118	117	117	117	117	116	116	116	115	115	115	
114	114	115	117	120	121	121	124	124	127	128	131	131	132	134	135	138	138	141	141	145	145	148	148	147	147	146	145	143	143	141	141	140	140	139	138	137	136	136	134	134	133	132	131	131	131	132	132	132	132	133	133	133	134	134	134	135	135	135	135	136	136	136	137	137	138	137	134	134	131	131	127	127	126	123	122	120	120	116	113	113	113	110	109	106	106	103	103	105	105	106	107	108	108	108	110	111	112	112	113	114	115	115	117	117	119	119	121	121	120	120	120	119	119	119	119	118	118	117	117	117	117	116	116	116	115	115	115	
114	114	114	117	120	121	121	125	125	127	128	131	131	132	134	135	138	138	142	142	145	145	148	148	147	146	146	144	143	143	141	141	140	140	139	138	138	136	136	134	134	132	132	131	131	131	131	131	132	132	133	133	133	133	134	134	135	135	135	135	136	136	136	137	137	137	137	134	133	131	130	127	127	126	123	123	120	120	117	114	113	113	109	109	106	106	102	103	104	104	106	106	108	108	108	110	110	111	111	113	113	115	115	116	117	118	118	120	120	120	120	119	119	119	118	118	118	118	117	117	116	116	116	116	115	115	115	114	
112	112	113	116	119	120	120	125	124	127	127	131	131	132	135	136	139	139	143	143	147	146	150	150	148	148	148	146	144	144	143	142	141	141	140	138	138	137	137	135	134	133	133	131	131	131	131	132	132	132	133	133	133	134	134	135	135	135	136	136	137	137	137	137	138	138	138	134	134	131	131	127	127	126	123	122	119	119	115	112	112	111	107	107	104	103	99	100	102	102	103	104	106	106	106	108	108	110	110	111	112	113	113	115	116	117	117	119	119	119	119	118	118	118	117	117	116	116	116	116	115	115	114	114	114	113	113	113	
112	112	113	116	119	120	120	125	124	127	128	131	131	132	135	136	139	139	144	143	147	147	150	151	149	149	149	147	145	145	143	143	141	141	141	139	139	137	138	135	135	134	133	132	131	131	132	132	133	133	133	133	134	134	135	135	136	136	136	136	137	137	137	138	139	139	138	135	134	131	131	127	127	126	123	122	120	119	115	112	112	112	107	106	104	103	99	100	102	102	104	104	106	106	106	108	108	110	110	111	112	113	114	116	116	117	117	119	120	119	119	118	118	118	117	117	117	117	116	116	115	115	115	115	114	114	114	113	
112	112	113	116	119	120	120	125	124	127	128	131	131	132	135	136	139	139	144	143	147	147	150	151	149	149	149	147	145	145	143	143	141	141	141	139	139	137	138	135	135	134	133	132	131	131	132	132	133	133	133	133	134	134	135	135	136	136	136	136	137	137	137	138	139	139	138	135	134	131	131	127	127	126	123	122	120	119	115	112	112	112	107	106	104	103	99	100	102	102	104	104	106	106	106	108	108	110	110	111	112	113	114	116	116	117	117	119	120	119	119	118	118	118	117	117	117	117	116	116	115	115	115	115	114	114	114	113	
112	112	113	116	119	120	120	125	124	127	128	131	131	132	135	136	139	139	144	143	147	147	150	151	149	149	149	147	145	145	143	143	141	141	141	139	139	137	138	135	135	134	133	132	131	131	132	132	133	133	133	133	134	134	135	135	136	136	136	136	137	137	137	138	139	139	138	135	134	131	131	127	127	126	123	122	120	119	115	112	112	112	107	106	104	103	99	100	102	102	104	104	106	106	106	108	108	110	110	111	112	113	114	116	116	117	117	119	120	119	119	118	118	118	117	117	117	117	116	116	115	115	115	115	114	114	114	113	
112	112	113	116	119	120	120	125	125	127	128	131	131	132	135	136	138	139	143	143	147	146	150	150	148	148	148	146	144	144	142	142	141	141	140	139	138	137	137	135	134	133	133	131	131	131	131	132	132	132	133	133	134	134	134	134	135	135	136	136	137	137	137	137	138	138	138	134	134	131	131	127	127	126	122	122	119	119	115	112	112	111	107	107	104	103	99	100	102	102	103	104	106	106	106	108	108	110	110	111	112	113	113	115	116	117	117	119	119	119	119	118	118	118	117	117	116	116	116	116	115	115	114	114	114	113	113	113	
111	111	112	115	119	120	119	124	124	127	127	132	132	133	136	137	140	141	145	145	149	149	152	153	151	151	151	149	146	146	145	144	143	142	142	140	140	138	138	136	135	134	134	132	131	131	132	132	133	133	134	134	134	135	136	136	136	136	137	137	138	138	138	139	139	140	139	135	135	131	131	127	127	126	123	122	119	118	114	111	110	110	106	105	102	101	97	97	100	99	101	102	104	104	104	106	106	108	108	110	110	112	112	114	115	116	116	118	119	118	118	117	117	117	116	116	116	116	115	115	114	114	113	113	112	112	112	111	
111	111	111	115	119	120	119	124	124	127	128	132	132	133	137	137	141	142	146	145	150	150	153	154	152	152	151	149	147	147	145	145	143	143	143	141	140	139	139	136	136	135	134	132	132	132	133	133	133	133	134	134	135	135	136	136	137	137	138	138	138	138	139	139	140	140	140	136	136	132	132	128	128	127	123	122	119	118	114	111	110	110	106	105	102	101	97	97	100	100	101	102	104	104	104	106	106	108	108	110	110	112	113	114	115	117	117	119	119	118	118	118	117	117	117	117	116	116	115	115	114	114	114	113	113	112	112	112	
111	111	111	115	119	120	119	124	124	127	128	132	132	133	137	137	141	142	146	145	150	150	153	154	152	152	151	149	147	147	145	145	143	143	143	141	140	139	139	136	136	135	134	132	132	132	133	133	133	133	134	134	135	135	136	136	137	137	138	138	138	138	139	139	140	140	140	136	136	132	132	128	128	127	123	122	119	118	114	111	110	110	106	105	102	101	97	97	100	100	101	102	104	104	104	106	106	108	108	110	110	112	113	114	115	117	117	119	119	118	118	118	117	117	117	117	116	116	115	115	114	114	114	113	113	112	112	112	
111	111	111	115	119	120	119	124	124	127	128	132	132	133	137	137	141	142	146	145	150	150	153	154	152	152	151	149	147	147	145	145	143	143	143	141	140	139	139	136	136	135	134	132	132	132	133	133	133	133	134	134	135	135	136	136	137	137	138	138	138	138	139	139	140	140	140	136	136	132	132	128	128	127	123	122	119	118	114	111	110	110	106	105	102	101	97	97	100	100	101	102	104	104	104	106	106	108	108	110	110	112	113	114	115	117	117	119	119	118	118	118	117	117	117	117	116	116	115	115	114	114	114	113	113	112	112	112	
109	109	110	114	118	120	119	123	123	127	128	132	132	133	137	138	142	142	146	146	151	151	155	155	153	153	153	150	148	149	146	146	144	144	144	141	141	139	139	137	137	135	134	132	132	132	133	133	134	134	134	134	135	136	136	136	137	137	138	138	139	139	139	140	141	141	140	136	136	132	131	128	128	126	123	122	118	118	113	109	108	108	104	104	99	98	94	95	97	97	99	99	101	101	102	104	105	106	106	109	109	111	111	113	114	116	116	118	118	117	117	116	116	116	115	115	115	115	114	114	113	113	112	112	111	111	111	110	
109	109	110	114	118	119	119	124	123	128	128	133	133	134	138	138	143	143	147	147	152	152	156	156	154	154	154	151	149	149	147	147	144	144	144	142	141	139	140	138	137	135	135	133	132	132	133	133	134	134	135	135	136	136	137	137	138	138	139	139	140	140	140	141	141	142	141	137	136	132	132	128	128	127	123	122	118	118	113	108	108	108	104	103	99	99	94	95	97	97	99	99	101	102	102	104	104	106	106	109	109	111	112	113	114	116	116	118	118	118	118	117	117	117	116	116	115	115	114	114	113	113	112	112	111	111	111	110	
109	109	110	114	118	119	119	124	123	128	128	133	133	134	138	138	143	143	147	147	152	152	156	156	154	154	154	151	149	149	147	147	144	144	144	142	141	139	140	138	137	135	135	133	132	132	133	133	134	134	135	135	136	136	137	137	138	138	139	139	140	140	140	141	141	142	141	137	136	132	132	128	128	127	123	122	118	118	113	108	108	108	104	103	99	99	94	95	97	97	99	99	101	102	102	104	104	106	106	109	109	111	112	113	114	116	116	118	118	118	118	117	117	117	116	116	115	115	114	114	113	113	112	112	111	111	111	110	
109	109	110	114	118	119	119	124	123	128	128	133	133	134	138	138	143	143	147	147	152	152	156	156	154	154	154	151	149	149	147	147	144	144	144	142	141	139	140	138	137	135	135	133	132	132	133	133	134	134	135	135	136	136	137	137	138	138	139	139	140	140	140	141	141	142	141	137	136	132	132	128	128	127	123	122	118	118	113	108	108	108	104	103	99	99	94	95	97	97	99	99	101	102	102	104	104	106	106	109	109	111	112	113	114	116	116	118	118	118	118	117	117	117	116	116	115	115	114	114	113	113	112	112	111	111	111	110	
109	109	110	113	117	119	119	123	123	127	128	133	133	134	137	138	142	143	147	147	152	152	156	156	154	154	154	151	149	149	147	147	144	144	144	142	141	139	139	137	137	135	134	133	132	132	133	133	134	134	135	135	136	136	137	137	138	138	138	138	139	139	140	140	141	141	141	137	136	132	132	128	128	127	122	122	118	118	112	108	108	107	103	102	98	98	93	94	96	96	98	99	101	101	101	104	104	106	106	108	108	111	111	113	114	115	115	118	118	117	117	116	116	116	115	115	114	114	114	114	113	113	112	112	111	111	111	110	
108	108	109	113	117	119	118	124	123	128	128	133	133	134	139	140	144	144	150	149	155	154	159	160	157	157	157	154	151	152	149	149	147	147	146	144	143	141	141	139	138	136	136	134	133	133	134	134	135	135	136	136	137	137	138	138	139	139	140	140	141	141	142	142	143	144	143	138	137	133	133	128	128	127	123	122	118	117	112	107	107	107	102	101	97	97	92	92	95	95	97	97	100	100	100	102	103	105	105	107	108	110	110	113	113	115	115	118	118	117	117	116	116	116	115	115	114	114	113	113	112	112	111	111	110	110	110	109	
108	108	109	113	117	119	118	124	123	128	128	133	133	134	139	140	144	144	150	149	155	154	159	160	157	157	157	154	151	152	149	149	147	147	146	144	143	141	141	139	138	136	136	134	133	133	134	134	135	135	136	136	137	137	138	138	139	139	140	140	141	141	142	142	143	144	143	138	137	133	133	128	128	127	123	122	118	117	112	107	107	107	102	101	97	97	92	92	95	95	97	97	100	100	100	102	103	105	105	107	108	110	110	113	113	115	115	118	118	117	117	116	116	116	115	115	114	114	113	113	112	112	111	111	110	110	110	109	
108	108	109	113	117	119	118	124	123	128	128	133	133	134	139	140	144	144	150	149	155	154	159	160	157	157	157	154	151	152	149	149	147	147	146	144	143	141	141	139	138	136	136	134	133	133	134	134	135	135	136	136	137	137	138	138	139	139	140	140	141	141	142	142	143	144	143	138	137	133	133	128	128	127	123	122	118	117	112	107	107	107	102	101	97	97	92	92	95	95	97	97	100	100	100	102	103	105	105	107	108	110	110	113	113	115	115	118	118	117	117	116	116	116	115	115	114	114	113	113	112	112	111	111	110	110	110	109	
108	108	109	113	117	119	119	124	124	128	128	133	133	134	139	139	143	144	149	149	154	153	158	159	156	156	156	154	151	151	149	149	146	146	146	143	143	141	141	138	138	136	136	133	133	133	134	134	135	135	136	136	137	137	138	138	139	139	140	140	141	141	141	142	143	143	142	137	137	133	133	128	128	127	123	122	118	117	112	108	107	107	102	101	97	96	91	92	95	95	97	97	99	100	100	102	103	105	105	107	108	110	110	113	113	115	115	118	118	117	117	116	116	116	115	115	114	114	113	113	112	112	111	111	110	110	110	109	
106	106	107	112	117	118	118	123	123	128	129	134	134	135	139	140	145	145	151	151	157	156	161	161	159	159	158	156	153	153	150	150	148	148	147	145	144	142	142	139	139	137	136	134	133	133	134	134	135	135	136	136	137	138	139	139	140	140	141	141	142	142	142	143	144	144	144	138	138	133	133	128	128	126	122	121	117	116	111	106	105	105	100	99	94	94	88	89	92	91	94	94	97	97	97	100	101	103	103	105	106	108	109	111	112	114	114	117	117	116	116	115	115	115	114	114	112	112	111	112	110	110	109	109	108	108	108	107	
106	106	107	112	116	118	118	123	123	128	129	134	134	135	140	141	146	146	151	151	157	157	162	162	160	159	159	156	154	154	151	151	148	148	148	145	145	142	142	140	139	137	137	134	134	134	135	135	136	136	137	137	138	138	139	139	140	140	141	141	142	142	143	144	144	145	144	139	139	133	133	128	128	126	122	121	117	116	111	106	105	105	100	99	94	94	88	89	92	91	94	95	97	97	97	100	101	103	103	105	106	108	109	111	112	114	114	117	117	116	116	115	115	115	114	114	113	113	112	112	111	111	110	110	109	108	108	107	
106	106	107	112	116	118	118	123	123	128	129	134	134	135	140	141	146	146	151	151	157	157	162	162	160	159	159	156	154	154	151	151	148	148	148	145	145	142	142	140	139	137	137	134	134	134	135	135	136	136	137	137	138	138	139	139	140	140	141	141	142	142	143	144	144	145	144	139	139	133	133	128	128	126	122	121	117	116	111	106	105	105	100	99	94	94	88	89	92	91	94	95	97	97	97	100	101	103	103	105	106	108	109	111	112	114	114	117	117	116	116	115	115	115	114	114	113	113	112	112	111	111	110	110	109	108	108	107	
106	106	107	112	116	118	118	123	123	128	129	134	134	135	140	141	146	146	151	151	157	157	162	162	160	159	159	156	154	154	151	151	148	148	148	145	145	142	142	140	139	137	137	134	134	134	135	135	136	136	137	137	138	138	139	139	140	140	141	141	142	142	143	144	144	145	144	139	139	133	133	128	128	126	122	121	117	116	111	106	105	105	100	99	94	94	88	89	92	91	94	95	97	97	97	100	101	103	103	105	106	108	109	111	112	114	114	117	117	116	116	115	115	115	114	114	113	113	112	112	111	111	110	110	109	108	108	107	
106	106	107	112	117	119	118	123	123	128	129	134	134	135	139	140	145	145	150	151	157	156	161	161	159	159	158	155	153	153	150	150	148	148	147	145	144	142	142	139	139	137	136	134	133	133	134	134	135	135	136	136	137	138	139	139	140	140	141	141	142	142	142	143	144	144	144	138	138	133	132	128	128	126	121	121	117	116	111	106	105	105	100	99	94	94	88	89	92	91	94	94	97	97	97	100	101	103	103	105	106	108	108	111	112	114	114	117	117	116	116	115	115	114	114	113	112	112	111	112	110	110	109	109	108	108	108	107	
105	105	106	111	115	117	117	123	123	128	128	134	134	136	140	141	147	147	154	153	159	158	164	164	162	161	161	158	155	155	152	152	150	149	149	146	145	143	143	140	139	137	137	135	134	134	135	135	136	136	137	137	138	139	140	140	141	141	142	142	143	143	143	144	145	146	145	139	139	134	134	128	128	126	122	121	116	116	110	105	104	103	98	96	92	91	85	86	89	89	92	92	95	95	95	98	99	101	101	104	104	106	107	110	111	113	113	116	116	115	115	114	114	114	113	113	112	112	111	111	109	109	108	108	107	107	107	106	
105	105	106	111	115	117	117	124	124	129	129	135	135	136	141	142	147	147	154	154	159	159	164	165	162	162	162	158	155	156	153	153	150	150	149	147	146	144	144	141	140	138	137	135	134	134	136	136	137	136	138	138	139	139	140	140	141	141	142	142	144	144	144	145	146	146	145	140	139	135	134	128	128	126	122	121	116	116	110	105	104	103	98	97	92	92	85	86	89	89	92	92	95	95	95	98	99	101	101	104	104	107	107	110	111	113	113	116	116	116	115	115	114	114	113	113	112	112	111	111	110	110	109	108	107	107	107	106	
105	105	106	111	115	117	117	124	124	129	129	135	135	136	141	142	147	147	154	154	159	159	164	165	162	162	162	158	155	156	153	153	150	150	149	147	146	144	144	141	140	138	137	135	134	134	136	136	137	136	138	138	139	139	140	140	141	141	142	142	144	144	144	145	146	146	145	140	139	135	134	128	128	126	122	121	116	116	110	105	104	103	98	97	92	92	85	86	89	89	92	92	95	95	95	98	99	101	101	104	104	107	107	110	111	113	113	116	116	116	115	115	114	114	113	113	112	112	111	111	110	110	109	108	107	107	107	106	
105	105	106	111	115	117	117	124	124	129	129	135	135	136	141	142	147	147	154	154	159	159	164	165	162	162	162	158	155	156	153	153	150	150	149	147	146	144	144	141	140	138	137	135	134	134	136	136	137	136	138	138	139	139	140	140	141	141	142	142	144	144	144	145	146	146	145	140	139	135	134	128	128	126	122	121	116	116	110	105	104	103	98	97	92	92	85	86	89	89	92	92	95	95	95	98	99	101	101	104	104	107	107	110	111	113	113	116	116	116	115	115	114	114	113	113	112	112	111	111	110	110	109	108	107	107	107	106	
103	103	105	110	115	117	117	123	123	128	129	135	135	137	142	143	148	149	155	155	162	161	166	167	164	164	163	160	157	157	154	154	151	151	150	148	147	145	145	141	141	139	138	135	134	135	136	136	137	137	138	138	139	140	141	141	142	142	143	143	144	144	145	146	147	147	146	141	140	135	135	129	129	127	122	120	116	115	108	103	103	102	96	95	90	89	83	84	87	87	89	90	93	93	94	96	97	99	99	103	103	105	106	109	110	112	112	115	116	115	114	113	113	113	112	112	111	111	110	110	108	108	107	107	106	106	106	105	
103	103	104	109	114	116	116	123	123	128	129	135	135	137	142	143	148	149	155	155	162	161	167	168	165	164	164	160	157	158	155	154	152	151	151	148	147	145	145	141	141	139	138	135	135	135	136	136	137	137	138	138	139	140	141	141	142	142	143	143	144	145	145	146	147	147	147	141	141	135	135	128	128	126	121	120	115	114	108	103	102	101	95	94	89	89	82	83	86	86	89	89	92	93	93	96	96	99	99	102	103	105	106	109	110	112	112	115	115	115	114	113	113	113	112	112	110	110	109	109	108	108	107	107	106	105	105	104	
104	104	105	110	115	117	117	123	123	128	129	135	135	137	142	143	148	149	155	155	162	161	167	168	165	164	164	161	158	158	155	154	152	151	151	148	147	145	145	142	141	139	138	135	135	135	136	136	137	137	138	139	140	140	141	141	142	142	143	144	145	145	145	146	147	147	147	141	140	135	135	129	129	127	122	120	116	115	109	103	103	102	96	94	90	89	83	84	87	87	90	90	93	93	93	96	97	99	100	103	103	105	106	109	110	112	113	116	116	115	115	114	114	113	112	112	111	111	110	110	109	109	107	107	106	106	106	105	
104	104	105	110	115	117	117	123	123	128	129	135	135	137	142	143	148	149	155	155	162	161	167	168	165	164	164	161	158	158	155	154	152	151	151	148	147	145	145	142	141	139	138	135	135	135	136	136	137	137	138	139	140	140	141	141	142	142	143	144	145	145	145	146	147	147	147	141	140	135	135	129	129	127	122	120	116	115	109	103	103	102	96	94	90	89	83	84	87	87	90	90	93	93	93	96	97	99	100	103	103	105	106	109	110	112	113	116	116	115	115	114	114	113	112	112	111	111	110	110	109	109	107	107	106	106	106	105	
103	103	104	109	114	116	116	123	123	128	129	135	135	137	141	143	148	149	155	155	162	161	167	167	165	164	164	160	157	158	155	154	152	151	151	148	147	145	145	141	141	139	138	135	135	135	136	136	137	137	138	138	139	140	141	141	142	142	143	143	144	145	145	146	147	147	147	141	141	135	135	128	128	126	121	120	115	114	108	103	102	101	96	94	89	89	82	83	86	86	89	89	92	93	93	96	96	99	99	102	103	105	106	109	110	112	112	115	115	114	114	113	113	113	112	112	110	110	109	109	108	108	107	107	106	105	105	104	
102	102	103	109	114	116	116	123	123	128	129	135	136	137	143	144	150	151	157	157	164	163	170	170	167	167	166	163	160	160	157	156	153	153	152	149	149	146	146	143	142	139	139	136	135	136	137	137	138	138	139	139	141	141	142	142	143	143	145	145	146	146	146	147	149	149	148	142	141	136	135	129	129	127	122	120	115	114	107	101	101	100	94	93	87	87	80	81	85	84	87	88	90	91	91	94	95	98	98	101	102	104	105	108	109	111	111	115	115	114	114	113	113	113	111	111	110	110	109	109	108	107	106	106	105	105	105	103	
102	102	103	109	114	116	116	123	123	129	130	136	136	138	143	144	150	151	157	157	164	164	170	171	168	167	167	163	160	160	157	157	154	154	153	150	149	147	147	143	142	140	139	137	136	136	137	137	139	139	140	140	141	141	143	143	144	144	145	145	146	147	147	148	149	149	148	142	141	136	135	129	129	127	122	120	115	114	108	101	101	100	94	93	87	86	80	81	84	84	87	88	91	91	91	95	95	98	98	101	102	104	105	108	109	112	112	115	115	115	114	113	113	113	112	111	110	110	109	109	108	108	106	106	105	105	105	104	
102	102	103	109	114	116	116	123	123	129	130	136	136	138	143	144	150	151	157	157	164	164	170	171	168	167	167	163	160	160	157	157	154	154	153	150	149	147	147	143	142	140	139	137	136	136	137	137	139	139	140	140	141	141	143	143	144	144	145	145	146	147	147	148	149	149	148	142	141	136	135	129	129	127	122	120	115	114	108	101	101	100	94	93	87	86	80	81	84	84	87	88	91	91	91	95	95	98	98	101	102	104	105	108	109	112	112	115	115	115	114	113	113	113	112	111	110	110	109	109	108	108	106	106	105	105	105	104	
102	102	104	109	115	117	116	123	123	128	129	135	136	137	142	144	150	151	157	157	164	163	170	170	167	167	166	163	159	160	157	156	153	153	152	149	149	146	146	143	142	140	139	136	135	136	137	137	138	138	139	139	141	141	142	142	143	143	145	145	146	146	146	147	149	149	148	142	141	135	135	129	129	127	121	120	115	114	107	101	101	100	94	93	87	87	80	81	85	84	87	88	90	91	91	95	95	98	98	101	102	104	105	108	109	111	111	115	115	114	114	113	113	113	111	111	110	110	109	109	108	107	106	106	105	105	105	103	
102	102	103	108	114	116	116	123	123	129	130	136	136	138	143	144	150	151	158	157	165	164	170	171	168	167	167	163	160	160	157	157	154	153	153	150	149	147	147	143	142	140	139	136	136	136	137	137	138	138	140	140	141	141	142	143	144	144	145	145	146	146	147	148	149	149	149	142	142	136	136	129	129	127	121	120	115	114	107	101	101	100	94	93	87	86	80	80	84	83	87	87	90	91	91	94	95	97	97	101	101	104	105	108	109	111	111	115	115	114	114	113	112	112	111	111	110	110	109	109	107	107	106	106	105	104	104	103	
100	100	102	108	114	116	116	123	123	129	130	136	137	138	144	145	151	152	159	159	166	166	173	174	170	170	169	166	162	162	159	159	155	155	155	151	150	148	148	144	143	141	140	137	136	136	138	138	139	139	140	141	142	142	143	144	145	145	146	146	147	148	148	149	150	151	150	143	142	136	136	129	129	127	121	120	114	113	106	100	100	99	92	91	85	84	77	78	81	81	84	85	88	89	89	92	93	96	96	99	100	103	103	107	108	110	111	114	114	113	113	112	112	112	110	110	109	109	108	108	106	106	105	105	104	103	103	102	
100	100	102	108	114	116	116	123	123	129	130	136	137	138	144	145	151	152	159	159	166	166	173	174	170	170	169	166	162	162	159	159	155	155	155	151	150	148	148	144	143	141	140	137	136	136	138	138	139	139	140	141	142	142	143	144	145	145	146	146	147	148	148	149	150	151	150	143	142	136	136	129	129	127	121	120	114	113	106	100	100	99	92	91	85	84	77	78	81	81	84	85	88	89	89	92	93	96	96	99	100	103	103	107	108	110	111	114	114	113	113	112	112	112	110	110	109	109	108	108	106	106	105	105	104	103	103	102	
100	100	102	108	114	116	116	123	123	129	130	136	137	138	144	145	151	152	159	159	166	166	173	174	170	170	169	166	162	162	159	159	155	155	155	151	150	148	148	144	143	141	140	137	136	136	138	138	139	139	140	141	142	142	143	144	145	145	146	146	147	148	148	149	150	151	150	143	142	136	136	129	129	127	121	120	114	113	106	100	100	99	92	91	85	84	77	78	81	81	84	85	88	89	89	92	93	96	96	99	100	103	103	107	108	110	111	114	114	113	113	112	112	112	110	110	109	109	108	108	106	106	105	105	104	103	103	102	
100	100	101	107	113	115	115	123	123	129	130	136	137	138	144	145	151	152	159	159	167	166	173	174	170	170	169	165	162	162	159	159	155	155	154	151	150	148	148	144	143	141	140	137	136	136	137	137	139	139	140	140	141	142	143	143	145	145	146	146	147	147	148	149	150	150	150	143	142	136	136	129	129	127	121	119	114	113	106	100	99	98	92	90	84	84	76	77	81	80	84	84	88	88	88	92	93	95	95	99	99	102	103	106	107	110	110	114	114	113	113	112	111	111	110	110	108	108	107	107	106	106	104	104	103	103	103	101	
98	98	100	106	113	115	115	123	123	129	130	137	137	139	145	146	153	153	161	161	170	169	176	176	172	172	172	168	164	164	160	160	157	157	156	153	152	149	149	145	144	141	140	137	137	137	138	138	140	139	141	141	142	143	144	144	146	146	147	147	148	149	149	150	151	152	151	144	144	136	136	129	129	127	120	119	113	112	105	98	98	97	90	88	82	81	73	74	78	78	82	82	86	86	86	90	91	93	94	97	98	101	102	105	106	109	109	113	113	112	112	111	110	110	109	109	107	107	106	106	105	105	103	103	102	101	101	100	
99	99	101	107	113	116	115	123	123	130	130	137	137	139	145	146	153	153	161	161	170	169	175	176	173	172	172	168	164	164	160	160	157	157	156	153	152	149	149	145	145	141	141	138	137	137	138	138	140	140	141	141	143	143	144	145	146	146	147	147	149	149	149	150	152	152	151	144	144	137	136	129	130	127	121	119	114	113	105	98	98	97	90	89	82	81	74	75	79	79	82	83	86	87	87	91	91	94	94	98	98	101	102	106	107	110	110	114	114	113	113	111	111	111	110	109	108	108	107	107	105	105	104	104	102	102	102	101	
99	99	101	107	113	116	115	123	123	130	130	137	137	139	145	146	153	153	161	161	170	169	175	176	173	172	172	168	164	164	160	160	157	157	156	153	152	149	149	145	145	141	141	138	137	137	138	138	140	140	141	141	143	143	144	145	146	146	147	147	149	149	149	150	152	152	151	144	144	137	136	129	130	127	121	119	114	113	105	98	98	97	90	89	82	81	74	75	79	79	82	83	86	87	87	91	91	94	94	98	98	101	102	106	107	110	110	114	114	113	113	111	111	111	110	109	108	108	107	107	105	105	104	104	102	102	102	101	
99	99	101	107	113	116	115	123	123	130	130	137	137	139	145	146	153	153	161	161	170	169	175	176	173	172	172	168	164	164	160	160	157	157	156	153	152	149	149	145	145	141	141	138	137	137	138	138	140	140	141	141	143	143	144	145	146	146	147	147	149	149	149	150	152	152	151	144	144	137	136	129	130	127	121	119	114	113	105	98	98	97	90	89	82	81	74	75	79	79	82	83	86	87	87	91	91	94	94	98	98	101	102	106	107	110	110	114	114	113	113	111	111	111	110	109	108	108	107	107	105	105	104	104	102	102	102	101	
98	98	100	106	113	115	115	123	123	130	130	137	137	139	144	146	152	153	161	161	170	169	176	176	172	172	172	168	164	164	160	160	157	157	156	153	152	149	149	145	144	141	140	137	137	137	138	138	140	139	141	141	142	143	144	144	146	145	147	147	148	149	149	150	151	152	151	144	144	136	136	129	129	126	120	119	113	112	105	98	98	97	90	88	82	81	73	74	78	78	82	82	86	86	86	90	91	93	94	97	98	101	101	105	106	109	109	113	113	112	112	111	110	110	109	109	107	107	106	106	105	105	103	103	102	101	101	100	
97	97	99	105	112	114	114	123	122	129	130	137	138	140	146	147	154	155	164	163	172	171	178	179	175	175	174	170	166	166	162	162	158	158	158	154	153	150	150	146	145	142	141	138	137	137	139	139	140	140	142	142	143	144	145	145	147	147	148	148	150	150	150	151	153	153	152	145	144	137	137	129	129	127	120	119	113	112	104	97	97	96	87	86	79	79	71	72	76	75	79	80	84	84	84	88	89	92	92	96	96	100	100	104	105	109	109	113	113	112	111	110	110	110	108	108	107	107	105	105	104	103	102	102	101	100	100	99	
98	98	99	106	112	115	114	123	123	130	130	138	138	140	146	148	154	155	164	163	172	171	178	179	175	175	174	170	166	166	162	162	159	158	158	154	153	150	151	146	145	142	142	138	137	138	139	139	141	140	142	142	144	144	146	146	147	147	148	148	150	150	150	152	153	153	153	145	145	138	138	129	130	127	120	119	113	112	104	97	97	96	88	87	80	80	72	72	77	76	80	80	84	85	85	89	90	93	93	96	97	100	101	105	106	109	109	113	113	112	112	111	110	110	109	109	107	107	106	106	104	104	103	102	101	101	101	99	
98	98	99	106	112	115	114	123	123	130	130	138	138	140	146	148	154	155	164	163	172	171	178	179	175	175	174	170	166	166	162	162	159	158	158	154	153	150	151	146	145	142	142	138	137	138	139	139	141	140	142	142	144	144	146	146	147	147	148	148	150	150	150	152	153	153	153	145	145	138	138	129	130	127	120	119	113	112	104	97	97	96	88	87	80	80	72	72	77	76	80	80	84	85	85	89	90	93	93	96	97	100	101	105	106	109	109	113	113	112	112	111	110	110	109	109	107	107	106	106	104	104	103	102	101	101	101	99	
98	98	99	106	112	115	114	123	123	130	130	138	138	140	146	148	154	155	164	163	172	171	178	179	175	175	174	170	166	166	162	162	159	158	158	154	153	150	151	146	145	142	142	138	137	138	139	139	141	140	142	142	144	144	146	146	147	147	148	148	150	150	150	152	153	153	153	145	145	138	138	129	130	127	120	119	113	112	104	97	97	96	88	87	80	80	72	72	77	76	80	80	84	85	85	89	90	93	93	96	97	100	101	105	106	109	109	113	113	112	112	111	110	110	109	109	107	107	106	106	104	104	103	102	101	101	101	99	
96	96	98	105	112	114	114	123	123	130	130	138	138	141	148	149	156	157	165	165	174	173	180	182	178	177	177	172	168	168	165	165	160	160	159	155	155	151	152	147	146	143	142	139	138	138	140	140	141	141	143	143	145	145	147	147	148	148	149	150	151	151	152	153	154	155	154	146	145	138	138	130	130	127	121	119	112	111	103	96	96	94	87	85	78	77	69	70	74	74	78	78	82	83	83	87	88	91	91	95	96	99	100	104	105	108	108	112	113	111	111	110	109	109	108	108	106	106	105	105	103	103	102	101	100	99	99	98	
97	97	98	105	112	115	114	123	123	130	130	138	138	141	148	149	157	157	166	166	175	174	181	183	178	178	177	173	169	169	165	165	161	160	160	156	155	152	152	148	147	144	143	139	139	139	140	140	142	142	143	143	145	145	147	147	149	148	150	150	152	152	152	154	155	155	154	146	146	139	139	130	130	128	121	119	112	111	103	96	96	94	87	85	78	77	68	70	74	74	78	78	82	83	83	87	88	91	91	95	96	99	100	104	105	108	108	113	113	112	112	110	110	110	108	108	106	107	105	105	103	103	102	102	100	100	100	98	
97	97	98	105	112	115	114	123	123	130	130	138	138	141	148	149	157	157	166	166	175	174	181	183	178	178	177	173	169	169	165	165	161	160	160	156	155	152	152	148	147	144	143	139	139	139	140	140	142	142	143	143	145	145	147	147	149	148	150	150	152	152	152	154	155	155	154	146	146	139	139	130	130	128	121	119	112	111	103	96	96	94	87	85	78	77	68	70	74	74	78	78	82	83	83	87	88	91	91	95	96	99	100	104	105	108	108	113	113	112	112	110	110	110	108	108	106	107	105	105	103	103	102	102	100	100	100	98	
97	97	98	105	112	115	114	123	123	130	130	138	138	141	148	149	157	157	166	166	175	174	181	183	178	178	177	173	169	169	165	165	161	160	160	156	155	152	152	148	147	144	143	139	139	139	140	140	142	142	143	143	145	145	147	147	149	148	150	150	152	152	152	154	155	155	154	146	146	139	139	130	130	128	121	119	112	111	103	96	96	94	87	85	78	77	68	70	74	74	78	78	82	83	83	87	88	91	91	95	96	99	100	104	105	108	108	113	113	112	112	110	110	110	108	108	106	107	105	105	103	103	102	102	100	100	100	98	
96	96	97	104	112	114	114	123	123	130	130	138	138	141	148	149	156	157	166	166	175	174	181	182	178	178	177	173	169	169	165	165	161	160	160	156	155	152	152	147	146	143	143	139	138	138	140	140	142	141	143	143	145	145	147	147	148	148	150	150	151	152	152	153	155	155	154	146	145	139	138	130	130	128	121	119	112	111	103	95	95	93	86	84	77	76	68	69	74	73	77	77	81	82	82	86	87	90	90	95	95	99	100	103	105	108	108	112	112	111	111	110	109	109	108	107	106	106	104	105	103	103	101	101	100	99	99	98	
95	95	96	104	111	114	113	122	122	129	130	139	139	141	149	150	158	159	168	167	177	176	184	185	180	180	180	175	171	171	167	167	162	162	161	157	156	153	153	148	148	144	143	140	139	139	141	141	142	142	144	144	146	146	148	148	150	149	151	151	153	153	153	155	156	157	155	147	146	139	139	130	131	128	121	119	111	110	101	93	93	92	84	82	75	74	65	66	71	71	75	75	79	80	80	84	85	89	89	93	94	97	98	102	104	107	107	112	112	111	110	109	109	108	107	107	105	105	103	104	102	101	100	100	98	98	98	96	
95	95	96	104	111	114	113	122	122	129	130	139	139	141	149	150	158	159	168	167	177	176	184	185	180	180	180	175	171	171	167	167	162	162	161	157	156	153	153	148	148	144	143	140	139	139	141	141	142	142	144	144	146	146	148	148	150	149	151	151	153	153	153	155	156	157	155	147	146	139	139	130	131	128	121	119	111	110	101	93	93	92	84	82	75	74	65	66	71	71	75	75	79	80	80	84	85	89	89	93	94	97	98	102	104	107	107	112	112	111	110	109	109	108	107	107	105	105	103	104	102	101	100	100	98	98	98	96	
95	95	96	104	111	114	113	122	122	129	130	139	139	141	149	150	158	159	168	167	177	176	184	185	180	180	180	175	171	171	167	167	162	162	161	157	156	153	153	148	148	144	143	140	139	139	141	141	142	142	144	144	146	146	148	148	150	149	151	151	153	153	153	155	156	157	155	147	146	139	139	130	131	128	121	119	111	110	101	93	93	92	84	82	75	74	65	66	71	71	75	75	79	80	80	84	85	89	89	93	94	97	98	102	104	107	107	112	112	111	110	109	109	108	107	107	105	105	103	104	102	101	100	100	98	98	98	96	
94	94	96	103	111	113	113	122	122	129	130	139	139	141	148	150	157	158	168	168	177	176	184	185	181	180	180	175	171	171	167	166	162	162	161	157	156	153	153	148	147	144	143	139	138	139	140	140	142	142	144	144	145	146	148	148	149	149	151	151	152	153	153	154	156	156	155	147	146	139	138	130	130	127	120	118	111	110	101	93	93	92	83	82	74	74	65	66	70	70	74	75	79	79	79	84	85	88	88	93	94	97	98	102	103	106	107	111	111	110	110	108	108	108	106	106	105	105	103	103	101	101	100	99	98	97	97	96	
93	93	95	102	110	112	112	122	122	129	130	139	139	142	150	152	159	160	170	170	179	178	186	188	183	182	182	177	172	173	169	169	164	163	163	158	157	154	154	149	148	145	144	140	139	139	141	141	143	143	144	144	146	147	148	148	150	150	152	152	154	154	154	156	157	158	156	148	147	140	139	130	130	127	120	118	111	110	100	92	91	90	81	80	72	72	62	63	68	68	72	72	77	77	78	82	83	87	87	91	92	96	97	101	103	106	106	110	111	110	109	108	107	107	105	105	104	104	102	102	100	100	98	98	97	96	96	94	
93	93	95	103	110	113	112	122	122	130	130	140	140	142	150	152	159	160	170	169	179	178	186	188	183	182	182	177	173	173	169	169	164	163	163	158	157	154	154	149	148	145	144	140	139	139	141	141	143	143	145	145	146	147	149	149	151	150	152	152	154	154	154	156	157	158	157	148	147	140	140	130	131	127	120	118	111	110	100	92	92	91	82	80	73	72	62	64	69	68	72	73	77	78	78	82	83	87	87	92	93	96	97	101	103	106	106	111	111	110	110	108	108	108	106	106	104	104	103	103	101	100	99	99	97	97	97	95	
93	93	95	103	110	113	112	122	122	130	130	140	140	142	150	152	159	160	170	169	179	178	186	188	183	182	182	177	173	173	169	169	164	163	163	158	157	154	154	149	148	145	144	140	139	139	141	141	143	143	145	145	146	147	149	149	151	150	152	152	154	154	154	156	157	158	157	148	147	140	140	130	131	127	120	118	111	110	100	92	92	91	82	80	73	72	62	64	69	68	72	73	77	78	78	82	83	87	87	92	93	96	97	101	103	106	106	111	111	110	110	108	108	108	106	106	104	104	103	103	101	100	99	99	97	97	97	95	
93	93	95	103	110	113	112	122	122	130	130	140	140	142	150	152	159	160	170	169	179	178	186	188	183	182	182	177	173	173	169	169	164	163	163	158	157	154	154	149	148	145	144	140	139	139	141	141	143	143	145	145	146	147	149	149	151	150	152	152	154	154	154	156	157	158	157	148	147	140	140	130	131	127	120	118	111	110	100	92	92	91	82	80	73	72	62	64	69	68	72	73	77	78	78	82	83	87	87	92	93	96	97	101	103	106	106	111	111	110	110	108	108	108	106	106	104	104	103	103	101	100	99	99	97	97	97	95	
93	93	95	102	110	113	112	122	122	129	130	139	139	142	150	152	159	160	170	169	179	178	186	188	183	182	182	177	172	173	169	169	164	163	163	158	157	154	154	149	148	145	144	140	139	139	141	141	143	143	144	144	146	147	148	148	150	150	152	152	154	154	154	156	157	158	156	148	147	139	139	130	130	127	120	118	111	110	100	92	92	90	82	80	72	71	62	63	68	68	72	72	77	78	78	82	83	87	87	91	92	96	97	101	102	106	106	110	111	110	109	108	107	107	105	105	104	104	102	102	100	100	98	98	97	96	96	94	
91	91	94	101	110	112	112	122	122	130	130	140	140	142	150	152	160	161	171	171	181	180	188	190	185	184	184	179	174	174	170	170	165	164	164	159	158	155	155	150	149	145	144	140	139	140	141	142	143	143	145	145	147	147	149	149	151	151	153	153	155	155	155	157	158	159	157	149	148	140	139	130	130	128	120	118	110	109	99	91	90	89	80	79	70	69	60	61	66	66	70	71	75	76	76	81	81	85	85	90	91	95	96	100	101	105	105	110	110	109	109	107	107	107	105	105	103	103	101	101	99	99	98	97	96	95	95	93	
92	92	93	101	109	112	112	122	121	130	131	140	140	143	151	152	161	161	171	171	181	180	189	190	185	185	185	179	175	175	170	170	165	165	165	160	159	155	155	150	149	146	145	141	140	140	142	142	144	144	145	145	147	148	150	150	152	151	153	153	155	155	156	157	159	159	158	149	149	140	140	130	131	128	120	118	110	109	99	91	91	89	80	78	70	69	60	61	66	66	70	71	75	76	76	81	82	85	85	90	91	95	96	100	102	105	105	110	111	109	109	107	107	107	105	105	103	103	101	102	99	99	98	97	96	95	95	94	
92	92	93	101	109	112	112	122	121	130	131	140	140	143	151	152	161	161	171	171	181	180	189	190	185	185	185	179	175	175	170	170	165	165	165	160	159	155	155	150	149	146	145	141	140	140	142	142	144	144	145	145	147	148	150	150	152	151	153	153	155	155	156	157	159	159	158	149	149	140	140	130	131	128	120	118	110	109	99	91	91	89	80	78	70	69	60	61	66	66	70	71	75	76	76	81	82	85	85	90	91	95	96	100	102	105	105	110	111	109	109	107	107	107	105	105	103	103	101	102	99	99	98	97	96	95	95	94	
92	92	93	101	109	112	112	122	121	130	131	140	140	143	151	152	161	161	171	171	181	180	189	190	185	185	185	179	175	175	170	170	165	165	165	160	159	155	155	150	149	146	145	141	140	140	142	142	144	144	145	145	147	148	150	150	152	151	153	153	155	155	156	157	159	159	158	149	149	140	140	130	131	128	120	118	110	109	99	91	91	89	80	78	70	69	60	61	66	66	70	71	75	76	76	81	82	85	85	90	91	95	96	100	102	105	105	110	111	109	109	107	107	107	105	105	103	103	101	102	99	99	98	97	96	95	95	94	
91	91	93	101	109	112	112	122	121	130	131	140	140	143	150	152	160	161	171	171	181	180	189	190	185	185	185	179	175	175	170	170	165	165	165	160	159	155	155	150	149	146	145	141	140	140	142	142	143	143	145	145	147	148	149	149	151	151	153	153	155	155	155	157	158	159	158	149	148	140	140	130	130	128	119	118	110	109	99	90	90	89	80	78	70	69	60	61	65	65	70	70	75	75	75	80	81	85	85	90	91	94	95	100	101	105	105	110	110	109	108	107	107	106	105	104	103	103	101	101	99	99	97	97	95	95	95	93	
91	91	92	101	109	112	112	122	122	130	131	141	141	144	152	154	162	163	174	173	184	183	193	194	189	188	188	182	177	178	173	173	168	167	167	162	161	157	157	152	151	147	146	142	141	141	143	143	145	145	147	147	149	149	151	151	153	153	155	155	157	157	157	159	161	161	160	150	149	141	141	131	131	128	120	118	110	109	98	89	89	88	78	76	68	67	57	58	64	63	68	68	73	74	74	79	80	84	84	89	90	94	95	99	101	105	105	110	110	109	109	107	107	106	104	104	103	103	101	101	99	99	97	97	95	94	94	93	
91	91	92	101	109	112	112	122	122	130	131	141	141	144	152	154	162	163	174	173	184	183	193	194	189	188	188	182	177	178	173	173	168	167	167	162	161	157	157	152	151	147	146	142	141	141	143	143	145	145	147	147	149	149	151	151	153	153	155	155	157	157	157	159	161	161	160	150	149	141	141	131	131	128	120	118	110	109	98	89	89	88	78	76	68	67	57	58	64	63	68	68	73	74	74	79	80	84	84	89	90	94	95	99	101	105	105	110	110	109	109	107	107	106	104	104	103	103	101	101	99	99	97	97	95	94	94	93	
91	91	92	101	109	112	112	122	122	130	131	141	141	144	152	154	162	163	174	173	184	183	193	194	189	188	188	182	177	178	173	173	168	167	167	162	161	157	157	152	151	147	146	142	141	141	143	143	145	145	147	147	149	149	151	151	153	153	155	155	157	157	157	159	161	161	160	150	149	141	141	131	131	128	120	118	110	109	98	89	89	88	78	76	68	67	57	58	64	63	68	68	73	74	74	79	80	84	84	89	90	94	95	99	101	105	105	110	110	109	109	107	107	106	104	104	103	103	101	101	99	99	97	97	95	94	94	93	
90	90	92	101	109	112	112	122	122	130	131	141	141	143	151	153	162	163	173	173	183	182	192	193	188	187	187	182	177	177	172	172	167	167	166	161	160	157	157	151	150	147	146	142	141	141	143	143	145	144	146	146	148	149	151	151	153	152	154	154	156	156	157	158	160	161	159	149	149	141	140	130	130	128	119	118	110	109	98	89	89	88	78	76	68	67	58	59	64	63	68	68	73	74	74	79	80	84	84	89	90	94	94	99	101	105	104	110	110	109	108	107	106	106	104	104	102	102	101	101	99	98	97	96	95	94	94	92	
88	88	90	99	108	111	111	122	122	130	131	141	141	144	153	155	164	165	175	175	186	185	194	196	190	190	189	184	179	179	174	174	169	168	168	162	162	158	158	152	151	148	146	142	141	141	143	143	145	145	147	147	149	149	151	152	153	153	155	155	157	158	158	160	161	162	161	151	150	141	141	131	131	128	119	117	109	107	97	88	87	86	76	74	66	64	54	55	61	60	65	65	71	71	72	76	78	81	82	87	88	92	93	98	99	103	103	109	109	108	107	105	105	105	103	103	101	101	99	99	97	97	95	95	93	92	92	90	
89	89	91	100	108	111	111	122	122	130	131	141	142	145	153	155	164	165	175	175	186	185	195	196	191	190	190	184	179	180	175	174	169	169	168	163	162	158	158	153	152	148	147	142	141	142	144	144	146	145	147	147	149	150	152	152	154	154	156	156	158	158	158	160	162	162	161	151	150	142	141	131	131	128	119	117	109	107	97	88	88	86	77	74	66	64	54	55	61	60	65	66	71	72	72	77	78	82	82	87	88	92	93	98	100	103	104	109	109	108	107	106	105	105	103	103	101	101	99	99	97	97	95	95	93	93	93	91	
89	89	91	100	108	111	111	122	122	130	131	141	142	145	153	155	164	165	175	175	186	185	195	196	191	190	190	184	179	180	175	174	169	169	168	163	162	158	158	153	152	148	147	142	141	142	144	144	146	145	147	147	149	150	152	152	154	154	156	156	158	158	158	160	162	162	161	151	150	142	141	131	131	128	119	117	109	107	97	88	88	86	77	74	66	64	54	55	61	60	65	66	71	72	72	77	78	82	82	87	88	92	93	98	100	103	104	109	109	108	107	106	105	105	103	103	101	101	99	99	97	97	95	95	93	93	93	91	
89	89	91	100	108	111	111	122	122	130	131	141	142	145	153	155	164	165	175	175	186	185	195	196	191	190	190	184	179	180	175	174	169	169	168	163	162	158	158	153	152	148	147	142	141	142	144	144	146	145	147	147	149	150	152	152	154	154	156	156	158	158	158	160	162	162	161	151	150	142	141	131	131	128	119	117	109	107	97	88	88	86	77	74	66	64	54	55	61	60	65	66	71	72	72	77	78	82	82	87	88	92	93	98	100	103	104	109	109	108	107	106	105	105	103	103	101	101	99	99	97	97	95	95	93	93	93	91	
87	87	89	98	108	111	111	121	121	130	131	141	142	145	154	156	165	166	176	177	188	187	197	198	193	192	192	186	181	181	176	176	170	170	169	164	163	159	159	154	152	148	147	142	141	142	144	144	146	146	148	148	150	150	152	152	155	154	156	156	158	159	159	161	163	163	162	151	151	142	141	131	131	128	119	117	108	107	95	86	86	84	75	73	63	62	51	53	58	58	63	64	69	69	70	75	76	80	80	86	87	91	92	97	98	102	102	108	108	107	106	105	104	104	102	102	100	100	98	98	96	96	94	94	92	91	91	89	
87	87	89	98	107	111	111	122	122	130	131	142	142	145	154	156	165	166	177	177	189	188	197	199	194	193	192	186	181	182	177	176	171	170	170	165	163	159	159	154	153	149	148	143	142	142	144	144	146	146	148	148	150	151	153	153	155	155	157	157	159	159	160	161	163	164	162	152	151	142	141	131	131	128	119	117	108	107	95	86	86	84	75	72	63	62	51	53	58	58	63	63	69	69	70	75	76	80	80	86	87	91	92	97	98	103	103	108	109	107	107	105	105	104	102	102	100	100	98	98	96	96	94	94	92	92	91	89	
87	87	89	98	107	111	111	122	122	130	131	142	142	145	154	156	165	166	177	177	189	188	197	199	194	193	192	186	181	182	177	176	171	170	170	165	163	159	159	154	153	149	148	143	142	142	144	144	146	146	148	148	150	151	153	153	155	155	157	157	159	159	160	161	163	164	162	152	151	142	141	131	131	128	119	117	108	107	95	86	86	84	75	72	63	62	51	53	58	58	63	63	69	69	70	75	76	80	80	86	87	91	92	97	98	103	103	108	109	107	107	105	105	104	102	102	100	100	98	98	96	96	94	94	92	92	91	89	
87	87	89	98	107	111	111	122	122	130	131	142	142	145	154	156	165	166	177	177	189	188	197	199	194	193	192	186	181	182	177	176	171	170	170	165	163	159	159	154	153	149	148	143	142	142	144	144	146	146	148	148	150	151	153	153	155	155	157	157	159	159	160	161	163	164	162	152	151	142	141	131	131	128	119	117	108	107	95	86	86	84	75	72	63	62	51	53	58	58	63	63	69	69	70	75	76	80	80	86	87	91	92	97	98	103	103	108	109	107	107	105	105	104	102	102	100	100	98	98	96	96	94	94	92	92	91	89	
87	87	89	98	107	111	111	122	122	130	131	142	142	145	154	156	165	166	177	177	189	188	197	199	194	193	192	186	181	182	177	176	171	170	170	165	163	159	159	154	153	149	148	143	142	142	144	144	146	146	148	148	150	151	153	153	155	155	157	157	159	159	160	161	163	164	162	152	151	142	141	131	131	128	119	117	108	107	95	86	86	84	75	72	63	62	51	53	58	58	63	63	69	69	70	75	76	80	80	86	87	91	92	97	98	103	103	108	109	107	107	105	105	104	102	102	100	100	98	98	96	96	94	94	92	92	91	89	
86	86	88	97	106	109	109	121	121	130	131	143	143	146	155	157	166	167	179	179	190	189	200	201	195	194	194	189	183	183	178	178	172	171	171	165	164	160	160	154	153	149	148	143	142	142	144	145	146	146	149	149	151	151	153	154	156	155	157	158	160	160	160	162	164	165	163	152	152	143	142	131	131	128	119	117	107	106	94	85	85	83	72	70	61	60	48	50	56	55	60	61	66	67	68	73	74	78	78	84	85	89	90	96	97	102	102	107	108	106	106	104	104	103	101	101	99	99	97	97	95	95	93	92	90	90	90	88	
86	86	88	98	106	110	110	122	122	130	131	143	143	146	156	158	167	168	180	180	191	190	200	202	196	195	195	189	183	184	179	178	173	172	172	166	165	161	161	155	153	150	148	144	143	143	145	145	147	147	149	149	151	152	154	154	156	156	158	158	160	161	161	163	165	165	163	153	152	143	143	131	131	128	119	117	108	107	94	85	85	83	72	70	61	60	49	50	56	55	60	61	67	68	68	73	74	79	79	84	85	89	91	96	98	102	102	108	108	106	106	104	104	104	101	101	99	100	97	97	95	95	93	93	91	90	90	88	
86	86	88	98	106	110	110	122	122	130	131	143	143	146	156	158	167	168	180	180	191	190	200	202	196	195	195	189	183	184	179	178	173	172	172	166	165	161	161	155	153	150	148	144	143	143	145	145	147	147	149	149	151	152	154	154	156	156	158	158	160	161	161	163	165	165	163	153	152	143	143	131	131	128	119	117	108	107	94	85	85	83	72	70	61	60	49	50	56	55	60	61	67	68	68	73	74	79	79	84	85	89	91	96	98	102	102	108	108	106	106	104	104	104	101	101	99	100	97	97	95	95	93	93	91	90	90	88	
86	86	88	98	106	110	110	122	122	130	131	143	143	146	156	158	167	168	180	180	191	190	200	202	196	195	195	189	183	184	179	178	173	172	172	166	165	161	161	155	153	150	148	144	143	143	145	145	147	147	149	149	151	152	154	154	156	156	158	158	160	161	161	163	165	165	163	153	152	143	143	131	131	128	119	117	108	107	94	85	85	83	72	70	61	60	49	50	56	55	60	61	67	68	68	73	74	79	79	84	85	89	91	96	98	102	102	108	108	106	106	104	104	104	101	101	99	100	97	97	95	95	93	93	91	90	90	88	
85	85	87	97	106	109	109	122	122	130	131	143	143	146	155	157	166	167	180	180	191	190	200	202	196	195	195	189	183	184	178	178	173	172	171	166	165	161	161	155	153	149	148	143	142	142	145	145	147	147	149	149	151	151	154	154	156	156	158	158	160	160	161	163	164	165	164	153	152	143	143	131	131	127	119	116	107	106	94	85	85	83	72	69	60	59	48	49	55	55	60	60	66	67	67	72	74	78	78	84	85	89	90	96	97	101	101	107	108	106	106	104	103	103	101	101	99	99	97	97	95	94	93	92	90	90	90	87	
85	85	87	96	107	110	110	122	122	132	132	144	144	147	156	159	169	170	182	182	194	193	204	205	199	198	198	192	186	186	181	180	175	174	174	168	167	162	162	156	155	151	150	145	144	144	146	146	148	148	150	150	153	153	155	155	158	157	160	160	162	162	163	165	167	167	166	154	154	144	143	132	132	129	119	116	107	106	94	84	83	82	71	69	59	57	46	47	53	53	58	59	65	65	66	71	73	77	77	83	84	89	90	95	97	101	101	108	108	106	106	104	103	103	101	101	99	99	97	97	94	94	92	92	90	89	89	87	
85	85	87	96	107	110	110	122	122	132	132	144	144	147	156	159	169	170	182	182	194	193	204	205	199	198	198	192	186	186	181	180	175	174	174	168	167	162	162	156	155	151	150	145	144	144	146	146	148	148	150	150	153	153	155	155	158	157	160	160	162	162	163	165	167	167	166	154	154	144	143	132	132	129	119	116	107	106	94	84	83	82	71	69	59	57	46	47	53	53	58	59	65	65	66	71	73	77	77	83	84	89	90	95	97	101	101	108	108	106	106	104	103	103	101	101	99	99	97	97	94	94	92	92	90	89	89	87	
85	85	87	96	107	110	110	122	122	132	132	144	144	147	156	159	169	170	182	182	194	193	204	205	199	198	198	192	186	186	181	180	175	174	174	168	167	162	162	156	155	151	150	145	144	144	146	146	148	148	150	150	153	153	155	155	158	157	160	160	162	162	163	165	167	167	166	154	154	144	143	132	132	129	119	116	107	106	94	84	83	82	71	69	59	57	46	47	53	53	58	59	65	65	66	71	73	77	77	83	84	89	90	95	97	101	101	108	108	106	106	104	103	103	101	101	99	99	97	97	94	94	92	92	90	89	89	87	
85	85	87	96	106	109	109	121	121	131	132	144	144	147	156	158	168	169	181	181	193	192	203	204	198	198	197	191	185	186	180	180	174	173	173	168	167	162	162	156	155	150	149	144	143	143	145	146	148	148	150	150	152	153	155	155	157	157	159	159	161	162	162	164	166	167	165	154	153	143	143	131	131	128	118	116	107	106	94	84	83	82	71	69	58	57	46	47	53	53	58	59	65	65	66	71	73	77	77	83	84	88	89	95	97	101	101	107	108	106	105	103	103	103	101	100	98	98	96	96	94	94	92	91	90	89	89	87	
83	83	85	95	105	108	108	121	121	131	131	144	144	148	157	160	169	170	183	183	195	194	206	207	201	200	200	193	187	188	182	182	176	175	175	169	168	163	163	157	155	151	150	145	143	144	146	146	148	148	150	150	153	153	156	156	158	158	160	160	162	163	163	165	167	168	166	154	154	144	143	131	131	128	118	116	106	105	92	82	81	80	68	66	56	55	42	44	50	50	56	56	62	63	63	69	70	75	75	81	82	87	88	93	95	100	100	106	106	105	104	102	102	102	99	99	97	97	95	95	92	92	90	90	88	87	87	85	
82	82	85	95	106	109	109	122	122	132	132	144	144	148	157	160	170	171	184	184	196	195	206	208	201	201	200	194	187	188	182	182	176	175	175	169	168	164	164	157	156	152	150	145	144	144	146	147	149	148	151	151	153	154	156	156	158	158	161	160	163	163	164	166	168	168	167	155	154	144	144	131	131	128	118	116	106	105	92	82	82	80	68	66	56	55	42	44	51	50	56	56	62	63	63	69	70	75	75	81	82	87	88	94	96	100	100	107	107	105	105	103	102	102	100	99	97	97	95	95	93	93	91	90	88	87	87	85	
82	82	85	95	106	109	109	122	122	132	132	144	144	148	157	160	170	171	184	184	196	195	206	208	201	201	200	194	187	188	182	182	176	175	175	169	168	164	164	157	156	152	150	145	144	144	146	147	149	148	151	151	153	154	156	156	158	158	161	160	163	163	164	166	168	168	167	155	154	144	144	131	131	128	118	116	106	105	92	82	82	80	68	66	56	55	42	44	51	50	56	56	62	63	63	69	70	75	75	81	82	87	88	94	96	100	100	107	107	105	105	103	102	102	100	99	97	97	95	95	93	93	91	90	88	87	87	85	
82	82	85	95	106	109	109	122	122	132	132	144	144	148	157	160	170	171	184	184	196	195	206	208	201	201	200	194	187	188	182	182	176	175	175	169	168	164	164	157	156	152	150	145	144	144	146	147	149	148	151	151	153	154	156	156	158	158	161	160	163	163	164	166	168	168	167	155	154	144	144	131	131	128	118	116	106	105	92	82	82	80	68	66	56	55	42	44	51	50	56	56	62	63	63	69	70	75	75	81	82	87	88	94	96	100	100	107	107	105	105	103	102	102	100	99	97	97	95	95	93	93	91	90	88	87	87	85	
82	82	85	94	104	108	108	122	121	132	132	145	144	148	158	160	171	172	185	185	198	197	207	209	203	203	202	196	189	190	184	184	177	177	176	170	169	164	165	158	157	152	151	146	144	145	147	147	149	149	152	152	154	155	157	157	159	159	161	161	164	164	165	167	169	169	167	156	156	144	144	132	132	128	118	116	106	105	92	81	80	79	67	64	54	53	41	43	49	48	54	54	61	61	62	68	69	74	73	80	81	86	87	93	95	100	100	106	106	104	104	102	102	101	99	99	97	97	94	94	92	92	90	89	87	86	86	84	
81	81	85	94	104	108	108	121	121	131	132	144	144	148	159	161	172	173	185	185	198	197	208	210	204	203	203	196	190	190	184	184	178	177	177	170	169	165	165	158	157	152	151	146	145	145	147	147	149	149	152	152	154	155	157	157	160	159	162	162	164	164	165	167	169	169	167	156	156	145	144	132	132	129	118	116	105	104	91	80	80	78	66	64	54	53	41	42	48	47	53	54	60	61	61	67	68	73	73	80	81	86	87	93	95	99	99	105	106	104	104	102	101	101	99	99	96	97	94	94	92	91	89	89	87	86	86	84	
81	81	85	95	105	108	108	121	121	132	132	144	144	148	159	161	172	173	185	185	198	197	207	210	204	203	203	196	190	190	184	184	178	177	177	171	169	165	165	158	157	152	151	146	145	145	147	147	149	149	152	152	154	155	157	157	160	159	162	162	164	164	165	167	169	169	167	156	155	145	144	132	132	129	118	116	105	104	91	81	80	78	67	64	54	53	41	42	48	48	54	54	60	61	61	67	68	73	73	80	81	86	87	93	94	99	99	105	106	104	104	102	101	101	99	99	96	97	94	94	92	91	89	89	87	86	86	84	
81	81	85	95	105	108	108	121	121	132	132	144	144	148	159	161	172	173	185	185	198	197	207	210	204	203	203	196	190	190	184	184	178	177	177	171	169	165	165	158	157	152	151	146	145	145	147	147	149	149	152	152	154	155	157	157	160	159	162	162	164	164	165	167	169	169	167	156	155	145	144	132	132	129	118	116	105	104	91	81	80	78	67	64	54	53	41	42	48	48	54	54	60	61	61	67	68	73	73	80	81	86	87	93	94	99	99	105	106	104	104	102	101	101	99	99	96	97	94	94	92	91	89	89	87	86	86	84	
81	81	85	95	105	108	108	121	121	132	132	144	144	148	159	161	172	173	185	185	198	197	207	210	204	203	203	196	190	190	184	184	178	177	177	171	169	165	165	158	157	152	151	146	145	145	147	147	149	149	152	152	154	155	157	157	160	159	162	162	164	164	165	167	169	169	167	156	155	145	144	132	132	129	118	116	105	104	91	81	80	78	67	64	54	53	41	42	48	48	54	54	60	61	61	67	68	73	73	80	81	86	87	93	94	99	99	105	106	104	104	102	101	101	99	99	96	97	94	94	92	91	89	89	87	86	86	84	
