112	112	112	113	113	112	112	112	111	111	110	110	109	109	109	138	145	146	142	130	115	97	89	89	97	115	134	131	125	125	126	126	126	126	126	126	127	126	127	127	128	127	128	128	127	126	126	125	125	125	124	124	124	125	125	125	124	123	123	122	121	120	120	119	119	121	121	122	121	121	121	121	121	122	121	121	121	121	119	120	122	124	126	127	126	126	124	122	120	119	122	122	122	122	122	122	122	122	122	122	122	122	122	122	122	123	123	124	124	124	125	125	126	126	126	127	128	128	127	126	126	126	125	124	124	124	124	123	
112	112	112	112	112	112	112	112	112	112	111	111	110	110	110	134	138	129	120	106	94	84	84	88	95	108	120	120	121	121	121	123	124	124	124	125	125	125	125	125	127	128	126	126	125	126	127	127	126	125	123	121	122	125	125	125	124	124	123	122	122	121	121	121	121	121	121	121	121	121	122	121	122	121	121	121	121	120	120	121	121	123	125	125	125	124	123	122	120	120	120	120	120	120	121	121	121	121	122	122	123	122	122	121	120	121	122	122	123	124	124	124	125	126	126	126	126	126	127	127	127	127	126	125	124	123	122	123	
116	116	114	112	113	114	116	117	118	118	118	117	116	115	114	128	124	97	70	56	52	61	75	91	94	96	90	99	117	118	120	121	123	124	124	124	123	122	121	119	125	125	123	121	122	124	128	129	128	126	121	114	117	124	124	124	124	124	124	124	124	124	124	124	124	121	120	120	121	122	122	123	122	122	121	121	120	121	122	122	121	121	121	121	121	121	121	121	120	120	116	115	116	116	118	119	119	120	121	122	122	123	121	117	117	118	119	120	122	123	124	124	125	126	126	123	122	124	126	127	128	128	128	127	124	123	120	123	
118	118	117	115	116	117	118	120	121	121	120	120	118	118	116	118	112	91	71	55	50	56	68	83	93	99	100	109	118	119	121	122	124	125	126	125	125	123	122	122	128	128	126	124	125	127	130	132	131	129	124	118	119	124	125	124	124	124	124	125	125	124	125	125	124	122	122	122	122	122	123	123	123	122	122	122	121	121	121	121	120	122	121	122	122	122	122	123	123	123	119	118	119	119	120	120	121	121	122	122	122	123	122	119	119	119	120	120	121	123	123	123	124	125	125	123	123	124	125	127	128	128	127	126	124	122	121	122	
120	120	119	117	118	120	121	122	123	123	123	122	120	119	118	113	104	89	72	56	51	53	63	77	89	100	106	114	119	121	122	124	125	127	127	127	125	125	124	123	129	130	128	126	126	128	132	133	133	130	126	119	120	125	124	124	124	125	124	124	125	124	125	124	124	123	122	122	123	123	123	123	123	123	123	122	122	122	121	121	122	122	122	123	123	123	124	124	124	124	121	121	122	121	122	122	122	123	122	123	123	123	122	119	120	121	120	121	122	122	123	123	123	124	124	124	124	125	126	127	128	128	126	125	124	122	120	122	
125	125	124	123	123	125	126	127	128	128	127	126	124	123	122	103	91	86	75	63	52	50	50	63	82	100	119	121	122	123	125	126	128	128	128	128	128	128	126	126	132	133	129	128	128	128	132	134	135	132	128	122	123	124	125	125	125	125	125	125	125	125	125	125	125	125	125	124	124	124	124	124	124	124	124	124	125	124	121	121	122	123	124	124	125	126	127	127	128	128	127	127	127	127	126	126	125	125	124	124	124	124	123	122	122	122	122	122	123	122	123	122	123	123	123	124	125	125	126	127	128	127	127	125	124	122	121	122	
128	128	128	127	128	128	129	130	131	130	130	128	127	127	126	100	94	92	86	73	59	48	45	56	73	95	119	123	124	125	127	128	129	130	130	130	129	128	127	127	132	132	128	126	125	127	130	132	132	130	127	121	123	126	126	125	125	125	125	126	126	126	125	126	125	127	127	127	126	126	125	125	125	126	126	127	128	126	122	122	123	124	125	126	127	128	128	129	129	129	129	129	129	129	128	128	128	127	126	126	125	125	124	123	124	123	124	123	124	124	124	123	123	124	123	127	127	127	128	128	128	127	126	125	124	123	122	123	
129	129	129	129	130	131	132	133	134	133	132	130	129	128	128	100	96	97	93	81	66	49	42	49	66	91	118	123	125	126	128	128	130	130	131	131	130	129	128	128	131	131	127	124	124	125	128	130	131	129	126	120	122	126	126	126	125	126	126	125	125	126	125	126	126	128	128	128	128	126	126	126	126	127	127	128	128	128	123	124	124	125	125	127	128	128	129	130	131	131	132	131	131	130	129	128	128	128	127	126	126	125	125	125	125	125	125	125	125	125	125	125	125	124	125	128	128	128	128	128	128	127	126	125	124	123	123	123	
134	134	134	136	137	138	139	139	139	138	137	135	133	132	131	112	111	116	114	103	82	59	49	51	62	80	103	120	127	127	128	130	131	132	133	132	132	130	129	129	128	127	123	119	118	119	122	125	126	125	122	117	120	127	127	127	127	126	126	126	126	127	126	127	127	132	132	131	129	128	127	127	127	128	129	131	133	131	127	128	128	128	128	129	130	131	131	132	133	132	133	133	133	133	132	131	130	129	128	128	128	128	127	127	127	128	128	128	128	128	128	128	128	128	128	132	133	133	132	130	129	128	128	127	126	126	125	125	
135	135	136	138	139	140	140	141	141	140	138	136	134	133	132	118	119	123	121	112	92	71	58	56	65	80	98	117	126	128	128	130	131	132	132	132	132	131	129	128	129	128	123	119	118	119	121	124	126	125	122	118	121	127	127	127	127	126	126	126	127	127	127	127	127	134	134	133	130	129	128	128	128	129	131	133	135	133	129	130	130	130	130	131	131	131	132	132	133	132	133	133	133	133	132	131	131	130	129	129	128	128	128	128	128	128	129	129	129	130	131	131	132	132	133	136	137	135	133	132	130	129	128	128	128	128	127	128	
137	137	138	141	141	142	143	143	143	141	139	138	136	135	133	126	127	130	128	122	104	84	69	63	68	80	93	113	126	127	128	129	131	132	133	132	131	131	130	129	129	128	123	119	118	118	120	124	125	124	122	118	121	127	127	127	127	127	127	127	127	127	128	127	127	135	136	134	132	129	128	128	128	130	132	134	137	136	133	133	133	133	132	132	132	133	132	132	132	132	133	132	132	132	131	131	131	130	130	130	129	129	129	128	128	130	130	131	132	133	134	135	136	136	136	140	140	139	136	134	132	130	129	129	129	129	129	128	
137	137	140	143	144	144	145	145	144	143	141	139	136	135	134	129	130	133	133	128	119	107	96	89	90	92	96	110	125	127	128	128	130	131	132	131	131	130	129	128	136	136	129	125	123	123	125	128	130	130	128	125	126	128	127	128	128	128	128	128	128	127	128	127	128	138	139	137	134	131	129	129	129	131	134	137	140	139	138	138	137	136	135	135	134	133	132	131	131	131	130	129	130	130	130	130	130	131	131	132	132	132	131	129	129	131	132	134	136	138	140	141	143	144	145	146	146	143	141	138	135	133	132	132	132	132	133	132	
138	138	140	144	144	145	145	146	144	143	141	139	137	135	134	130	130	132	132	130	124	116	106	99	98	98	99	110	125	126	128	128	129	131	131	131	130	129	128	128	138	138	132	128	126	126	128	131	133	133	131	128	128	128	128	128	128	128	128	128	128	128	128	128	128	138	140	138	135	131	129	129	129	132	135	138	140	140	140	140	139	138	137	135	134	133	132	131	130	129	128	128	129	129	129	130	130	131	131	132	132	133	132	129	130	131	133	135	137	140	142	144	145	147	147	148	147	145	142	139	136	134	133	132	133	133	134	133	
138	138	140	145	145	145	146	145	145	144	142	140	137	136	134	129	129	131	131	131	129	127	121	115	110	106	104	111	125	125	127	128	129	130	131	131	130	128	128	128	143	144	138	131	129	129	131	135	138	138	136	134	130	128	128	128	128	128	128	128	128	128	128	128	128	140	141	138	135	132	130	130	129	133	136	139	141	143	143	142	141	140	138	136	135	133	132	130	129	128	127	127	127	128	128	129	130	131	132	133	133	133	132	130	130	132	134	136	139	142	145	147	149	151	151	151	149	147	144	141	138	135	134	134	134	135	136	135	
139	139	143	148	147	145	143	140	138	136	135	134	133	132	132	132	133	135	137	137	137	133	128	122	115	109	103	109	120	121	124	126	128	130	132	132	131	130	129	129	138	139	136	133	131	129	128	128	128	127	127	127	128	133	134	135	136	137	138	138	138	137	136	135	135	137	137	135	134	132	131	131	131	133	134	136	137	140	145	144	142	141	139	138	136	134	133	132	131	130	130	130	130	130	130	130	130	130	131	131	131	131	131	133	134	138	141	146	149	151	152	152	151	151	150	147	146	146	146	146	144	142	139	134	131	128	127	128	
140	140	143	149	147	144	142	139	136	134	132	132	131	131	131	132	134	136	138	139	139	137	131	124	118	111	105	109	118	120	123	126	128	130	131	131	131	130	129	129	137	138	137	134	131	128	127	125	124	124	124	124	128	135	135	137	138	140	140	141	141	140	139	139	138	137	136	136	134	133	132	132	132	133	134	135	136	140	144	144	142	141	140	138	136	135	133	132	130	130	131	131	131	131	131	131	131	131	131	130	130	130	131	134	136	140	144	148	152	154	154	154	152	152	150	147	147	148	149	149	148	146	142	136	132	128	125	128	
139	139	144	149	148	145	142	139	136	134	132	131	131	131	131	131	131	134	136	138	138	137	133	127	122	116	111	113	119	120	123	125	128	130	130	131	131	130	130	129	138	139	137	134	131	128	126	124	123	123	123	123	126	133	134	136	138	140	141	142	142	142	141	140	139	139	138	137	136	135	134	134	134	135	137	137	138	141	144	143	142	141	139	138	136	135	133	132	130	130	131	131	131	131	131	131	131	131	132	131	132	132	132	133	136	140	145	149	153	156	156	156	156	155	154	153	153	154	155	155	154	151	148	142	138	134	130	131	
139	139	144	150	148	145	142	139	136	133	132	131	131	131	131	128	128	131	134	137	138	137	135	130	126	122	118	118	119	120	123	126	127	128	130	130	131	130	130	130	139	140	138	134	131	128	126	124	122	121	121	121	125	132	133	136	138	139	142	143	143	143	142	141	141	141	140	139	138	136	136	136	136	136	138	140	140	141	142	142	140	139	138	137	135	134	132	131	130	130	131	131	131	131	132	132	132	133	133	134	134	134	134	133	136	141	146	150	155	158	159	160	159	159	158	157	157	158	159	159	158	155	152	147	142	138	135	134	
139	139	144	150	148	145	142	139	136	133	132	131	131	130	130	127	127	130	133	136	138	138	136	133	129	126	123	121	119	120	123	125	127	128	129	130	131	130	130	130	140	141	138	135	131	128	126	123	121	121	120	120	124	132	133	135	137	140	142	143	144	144	143	143	142	142	141	140	139	138	136	137	137	138	139	141	142	142	142	141	140	139	138	137	135	133	132	131	130	130	131	131	131	131	132	132	133	134	135	135	135	136	135	134	136	142	146	151	156	160	162	162	162	161	161	160	159	160	162	162	160	158	154	149	144	140	137	136	
138	138	144	151	150	146	143	140	136	134	132	130	129	129	129	124	123	127	130	134	136	138	139	137	135	132	131	127	121	121	123	124	126	128	129	130	130	131	131	131	141	143	140	137	132	129	127	124	121	120	120	119	123	131	133	135	137	139	142	144	145	144	144	144	144	143	142	142	140	139	138	138	138	139	141	142	143	142	139	138	138	137	136	135	134	133	131	131	130	130	130	131	131	132	133	134	135	137	138	138	139	140	138	135	137	142	148	153	159	162	165	166	166	166	166	161	160	161	162	161	160	158	154	149	145	141	137	135	
138	138	145	152	151	147	144	140	136	134	131	130	129	129	128	123	123	126	129	133	135	137	138	137	135	134	133	128	122	122	123	124	125	127	128	129	130	131	132	132	142	143	140	137	133	130	128	125	124	122	122	122	125	132	133	137	138	140	143	144	145	145	144	144	144	143	142	141	140	138	138	138	138	139	140	141	142	141	137	137	136	136	135	134	133	132	131	131	130	130	130	131	131	132	133	135	136	138	139	141	142	142	140	135	138	143	149	154	159	163	166	167	166	166	166	158	157	158	159	159	158	156	152	146	142	137	134	134	
138	138	145	153	151	147	144	140	136	133	131	129	128	128	128	123	122	125	128	132	134	137	137	138	137	136	135	129	122	123	123	124	125	126	128	129	130	131	132	133	143	143	141	138	134	131	128	127	124	124	123	123	127	134	135	137	139	141	143	144	145	145	144	144	144	142	141	140	139	138	137	137	137	138	139	140	141	140	136	136	135	135	134	133	132	131	131	130	130	130	130	131	131	133	134	136	138	139	141	142	143	144	142	136	139	144	149	155	159	164	167	167	167	168	167	157	154	155	156	156	155	153	149	144	140	135	131	133	
138	138	145	154	152	148	144	141	136	133	130	129	128	128	128	124	124	126	128	130	132	134	135	134	134	133	133	129	124	123	123	123	123	125	126	128	129	132	133	134	143	144	142	139	136	134	132	130	129	129	129	129	131	137	139	140	141	142	144	144	144	143	143	141	141	139	137	136	134	133	133	132	132	134	135	136	137	137	133	133	133	133	132	132	131	131	130	130	129	129	130	131	132	133	135	138	140	142	145	146	147	149	146	138	140	145	150	156	160	164	166	166	166	165	165	154	152	152	153	153	152	150	147	141	137	132	129	131	
138	138	144	154	152	149	145	141	136	133	130	129	128	128	127	125	125	127	128	130	132	132	133	133	132	131	131	128	124	124	124	123	123	124	125	128	130	132	134	135	143	143	142	140	137	134	132	131	131	131	131	132	134	139	140	142	143	144	145	145	143	143	142	140	139	136	134	134	133	131	130	130	130	132	132	134	135	134	133	133	133	132	131	131	130	131	130	129	129	129	130	131	132	134	136	138	141	143	145	147	149	150	147	139	141	146	151	155	160	163	165	165	165	164	163	154	152	153	154	154	153	151	148	142	137	133	129	132	
138	138	144	155	153	149	145	141	136	133	130	128	128	127	127	127	127	128	128	129	130	130	130	129	128	128	128	126	125	124	123	123	123	123	125	128	129	133	134	136	143	144	142	140	138	137	135	135	135	136	136	137	139	142	143	144	144	145	145	144	143	142	140	138	137	133	131	131	129	128	128	128	128	128	130	131	132	132	131	131	131	131	131	130	130	130	129	129	129	129	129	131	131	134	136	139	141	144	147	149	151	152	149	140	142	147	152	155	160	162	163	163	162	161	160	155	154	155	156	156	155	152	149	143	139	134	131	133	
137	137	144	155	153	149	145	140	136	133	130	128	127	127	126	128	129	128	129	129	129	129	128	128	127	125	125	124	125	124	123	123	123	123	124	127	129	132	134	136	143	144	142	141	139	138	137	137	138	139	140	141	143	144	145	146	146	146	145	144	142	140	138	137	135	131	129	128	127	126	125	125	125	126	128	128	129	130	130	131	131	130	130	130	130	129	129	129	129	129	129	131	132	134	136	139	142	145	148	150	152	154	150	141	143	148	152	155	159	161	162	162	160	159	158	157	158	158	159	159	158	156	152	147	143	138	134	136	
138	138	145	155	153	149	145	141	137	133	130	128	126	125	125	128	129	128	128	129	129	130	130	129	128	126	124	124	125	124	124	122	123	123	125	127	129	132	134	136	139	140	142	143	142	140	138	136	136	138	141	144	145	144	144	145	145	145	145	144	142	139	137	135	133	129	128	127	126	124	124	124	124	126	127	128	128	129	128	128	129	129	129	130	130	130	130	129	129	129	130	132	133	135	137	140	142	145	147	149	151	151	149	141	143	148	152	156	160	162	162	161	160	158	157	159	160	160	161	161	159	157	154	148	143	138	134	135	
139	139	145	153	151	148	145	142	137	133	129	127	123	121	120	128	128	126	125	126	130	135	138	138	136	130	126	125	124	124	124	123	124	125	125	128	129	131	134	134	127	128	140	150	152	148	138	131	128	131	141	154	149	138	140	142	143	144	144	142	140	136	132	129	128	127	126	125	124	123	122	123	123	125	127	128	128	128	122	124	125	127	128	129	130	131	130	129	129	128	133	136	137	138	140	142	143	143	143	142	141	141	140	139	142	148	153	157	161	164	163	162	159	157	155	159	162	163	163	163	161	158	154	147	141	135	131	132	
139	139	145	153	152	148	146	142	138	134	130	127	124	122	121	127	128	126	126	127	130	135	138	138	136	131	127	124	123	123	122	122	122	124	125	128	130	132	134	135	134	137	144	149	150	147	141	135	133	135	141	148	146	141	142	143	145	145	145	143	140	137	132	129	128	128	128	128	126	125	124	124	125	125	127	128	128	128	124	125	127	128	129	131	131	132	131	130	129	129	134	137	138	140	142	143	144	145	144	143	143	142	142	143	146	150	155	159	162	164	164	162	159	157	156	160	163	163	163	164	162	159	155	148	144	138	133	134	
139	139	145	153	152	149	146	143	139	135	131	128	125	122	122	127	127	125	126	127	131	136	139	139	137	131	127	123	122	122	122	122	122	124	125	128	129	132	134	136	139	144	146	149	149	147	143	139	137	138	140	145	144	142	143	145	146	146	146	144	141	137	133	129	128	129	129	128	128	127	125	125	125	126	127	128	128	128	125	126	128	129	130	132	133	132	132	131	130	130	134	138	138	140	142	144	145	145	145	144	144	143	143	146	148	152	156	159	162	164	163	161	159	157	155	160	163	163	164	164	162	160	156	150	145	139	135	135	
139	139	145	154	153	150	148	144	140	135	132	128	127	124	124	127	126	126	126	128	133	138	140	141	139	133	128	122	119	119	119	119	121	122	124	128	129	133	135	136	151	152	146	142	141	142	145	148	148	146	142	136	139	146	147	148	149	149	148	145	142	137	133	129	128	134	136	133	132	129	128	128	128	127	128	128	129	128	128	128	131	132	134	135	135	135	134	133	132	132	136	139	140	142	144	146	148	148	148	148	147	147	147	152	153	155	157	159	160	160	159	156	154	152	151	157	160	160	161	161	160	157	155	149	145	141	137	137	
139	139	145	154	153	150	148	144	140	137	133	129	128	126	125	127	126	125	126	128	134	140	142	142	140	133	128	123	118	118	119	119	120	122	124	128	130	133	135	138	149	149	141	134	133	137	144	150	153	151	144	134	138	147	148	149	150	150	149	146	142	138	133	129	128	137	138	136	134	131	129	128	128	128	128	129	129	129	130	131	133	134	135	136	137	136	135	134	133	133	137	140	141	143	145	147	149	149	149	149	149	148	148	150	152	153	154	155	154	154	153	151	149	147	146	152	155	155	155	155	155	153	149	145	142	138	136	136	
139	139	146	154	152	150	147	144	140	136	133	130	128	127	126	126	126	125	126	130	135	142	144	144	140	135	128	123	118	118	118	119	120	122	125	128	130	134	136	138	148	147	136	128	127	132	142	153	158	154	146	134	138	148	149	150	151	151	150	147	142	139	133	129	128	138	140	138	136	134	132	129	129	128	128	129	129	130	132	133	135	136	137	137	138	138	136	135	134	133	137	140	142	144	146	148	149	150	151	151	150	149	150	150	150	150	150	150	150	148	147	145	144	142	141	148	150	150	150	150	150	148	146	142	139	136	134	135	
139	139	144	152	151	148	146	143	140	136	133	130	128	127	126	125	125	125	127	132	138	144	147	147	143	136	130	125	121	120	120	121	122	123	126	128	131	134	137	138	139	136	127	121	119	128	139	152	158	156	149	137	140	147	148	149	150	150	150	147	143	139	134	131	129	140	142	140	137	135	133	131	130	129	130	130	131	132	135	136	137	138	139	140	139	138	137	136	134	134	137	140	141	143	146	148	150	152	152	152	152	151	150	146	145	143	141	139	137	135	134	133	132	132	132	136	137	137	138	138	137	137	136	134	132	130	129	132	
140	140	144	150	150	147	145	142	139	136	132	130	128	127	126	124	125	125	128	132	139	146	148	148	144	138	131	126	123	123	123	123	123	125	127	128	131	134	136	138	139	137	129	125	125	130	140	150	155	153	148	139	141	145	146	148	149	149	149	146	143	139	135	131	130	139	141	139	137	135	133	131	131	130	130	131	131	133	135	136	137	138	140	139	139	138	137	135	134	133	136	139	141	143	146	148	150	152	153	152	152	152	150	144	143	141	138	136	133	131	131	130	130	130	130	133	134	134	134	134	134	133	133	132	130	130	129	132	
139	139	143	148	147	145	143	140	137	134	132	129	128	126	125	124	124	125	128	134	141	147	150	149	146	139	131	128	127	126	126	126	126	127	128	130	132	134	136	137	140	139	135	132	132	136	141	146	150	149	146	142	141	142	144	145	146	148	147	146	143	140	136	132	131	138	139	138	136	134	132	131	131	131	131	132	132	134	136	137	138	139	140	140	139	138	136	135	133	133	135	138	139	142	145	148	150	151	152	152	152	152	149	143	141	138	135	131	129	127	127	127	128	128	129	129	129	129	129	130	130	130	130	129	129	129	128	132	
139	139	142	145	145	142	140	138	135	132	130	128	126	124	124	123	124	125	128	135	142	149	151	151	147	139	131	130	132	132	130	129	129	128	130	131	133	134	136	137	152	158	158	158	158	154	149	143	139	139	139	140	140	137	139	141	143	145	146	145	143	140	137	134	133	136	137	135	134	132	131	131	130	131	133	134	134	136	136	136	137	138	139	139	138	137	135	133	132	131	133	136	137	140	143	147	148	150	151	152	151	151	150	146	144	140	136	132	129	128	128	129	131	133	134	131	130	130	130	130	130	131	132	132	132	134	133	136	
139	139	142	144	144	141	139	137	134	132	129	127	125	124	124	123	124	125	128	135	143	150	152	152	147	139	131	132	134	134	132	131	130	130	130	131	132	134	135	136	159	169	171	171	170	163	152	142	134	134	136	140	139	135	136	139	142	144	144	144	143	140	137	134	133	135	135	134	133	131	130	130	130	131	133	134	135	136	136	136	137	138	138	139	138	136	135	133	131	130	132	135	137	139	142	146	148	150	151	152	151	151	150	148	145	141	137	133	130	129	129	131	133	136	137	133	131	131	131	131	132	133	133	134	135	136	137	138	
139	139	141	142	142	140	137	136	132	130	128	127	124	123	123	123	123	125	128	136	143	151	154	152	148	141	131	133	137	137	135	134	132	132	132	132	133	134	135	136	171	187	191	193	191	176	158	140	128	128	129	138	136	132	133	137	139	142	143	143	142	140	137	135	134	133	132	131	130	130	129	130	130	132	133	135	136	136	136	136	137	137	138	138	137	136	134	132	130	129	131	134	136	138	141	145	147	149	150	151	151	151	151	152	150	145	140	135	133	132	132	135	138	141	143	136	135	135	134	135	135	136	137	139	140	141	142	142	
135	135	138	143	143	142	141	141	138	136	132	129	126	124	123	130	129	125	124	127	136	149	158	161	157	148	136	136	141	140	139	138	136	135	133	132	132	131	131	131	152	158	159	159	157	151	144	138	133	133	134	137	134	131	135	140	144	145	145	143	139	137	136	136	137	138	138	136	134	132	130	130	130	131	133	134	135	136	138	138	138	137	137	136	135	134	133	132	131	130	133	136	138	140	143	146	148	150	151	151	151	151	149	146	145	141	138	136	134	133	133	134	136	137	138	134	133	133	133	133	134	134	135	135	136	137	138	139	
133	133	137	143	144	144	144	143	141	138	135	130	128	124	123	134	133	125	122	123	133	147	160	165	161	151	137	137	141	140	140	139	137	136	134	132	131	129	128	128	142	145	143	142	140	138	137	136	136	136	135	136	133	130	135	141	146	147	147	141	138	136	136	137	139	140	140	138	136	133	132	130	130	131	132	133	134	137	139	139	138	137	136	135	134	133	132	132	131	131	134	137	139	141	144	147	149	151	152	152	152	152	149	143	142	140	138	136	135	134	133	133	134	135	135	132	132	132	132	133	133	134	134	134	135	135	136	137	
138	138	142	149	149	149	149	148	146	143	140	136	132	130	128	136	134	128	124	125	134	146	156	159	155	146	132	132	134	134	133	132	131	130	129	128	128	127	127	126	137	139	137	136	134	132	130	130	129	129	129	129	129	129	135	141	146	147	147	142	137	136	136	137	139	140	139	137	135	133	131	130	130	131	132	133	134	136	139	139	138	137	136	135	134	133	132	132	131	131	134	137	139	141	144	147	149	151	151	152	152	152	149	143	142	140	138	135	134	133	133	134	134	135	135	132	132	132	132	132	133	133	134	134	135	135	136	137	
139	139	144	151	151	151	150	150	147	145	141	138	135	132	131	136	135	128	126	127	134	145	152	155	151	141	129	129	130	130	130	129	128	128	128	128	127	127	127	127	135	136	135	132	130	128	127	126	125	126	126	126	128	130	135	142	146	147	147	141	138	136	136	137	138	138	137	137	135	132	131	130	130	131	132	132	133	136	139	139	138	137	137	135	134	133	132	132	131	131	134	137	138	141	144	147	149	151	152	152	152	151	149	142	141	140	138	135	134	133	133	133	133	135	135	132	132	132	132	132	133	133	134	135	135	135	135	137	
140	140	146	153	153	153	152	151	148	146	143	140	137	135	134	137	136	130	128	128	134	143	149	151	147	137	127	126	127	127	127	127	126	127	127	127	126	126	126	127	134	134	132	129	127	125	123	122	122	122	123	123	126	130	135	141	146	147	147	142	138	136	136	137	139	138	137	136	134	132	132	131	131	132	132	133	133	135	139	138	138	137	137	135	134	134	133	132	131	131	134	137	138	141	144	147	149	151	152	152	152	152	149	143	142	140	138	135	134	133	133	133	133	134	135	133	131	132	132	132	133	133	134	134	135	135	135	137	
132	132	139	150	150	148	147	146	143	141	139	137	135	133	133	137	136	132	130	131	135	141	143	143	139	131	123	124	127	128	128	128	128	129	130	130	131	132	132	132	136	136	133	130	128	124	122	121	121	121	122	123	126	130	135	141	146	147	147	142	138	136	136	137	139	134	134	133	133	132	132	131	132	132	132	132	133	135	139	139	138	137	136	135	134	133	132	132	131	131	134	137	138	141	144	147	149	151	152	151	152	152	148	141	141	139	137	135	133	132	132	132	132	134	134	132	131	132	132	132	133	133	134	135	135	135	135	138	
128	128	135	146	146	145	143	141	139	137	135	133	132	130	130	135	134	132	131	132	136	140	142	141	137	130	124	126	129	130	130	131	131	133	133	134	135	136	136	136	139	139	136	132	129	126	123	123	122	123	124	125	128	130	135	141	146	147	147	141	138	136	136	137	139	134	133	132	132	132	132	132	132	132	132	132	132	135	139	139	138	137	136	135	135	133	132	132	131	131	134	137	138	141	144	147	149	151	152	151	152	151	149	141	140	139	136	134	133	132	132	132	132	133	134	132	131	132	132	132	133	134	134	134	135	135	135	137	
122	122	128	141	140	138	136	135	132	131	130	128	128	128	127	132	133	132	132	134	137	140	140	138	135	130	126	128	134	134	135	135	136	137	139	140	141	142	142	143	144	144	140	136	131	128	125	125	124	125	127	128	128	130	135	141	146	147	146	142	138	136	136	137	139	132	130	131	131	132	132	132	132	132	132	132	132	134	139	139	138	137	137	136	134	133	132	132	131	131	134	137	139	141	144	147	149	151	152	152	152	152	148	141	140	138	136	134	132	131	132	132	132	132	133	132	131	132	132	133	133	133	134	135	135	135	135	137	
122	122	128	136	134	132	130	128	127	126	125	124	124	124	124	127	128	130	133	136	139	139	139	138	136	133	131	134	140	141	140	141	143	144	144	145	146	146	147	147	149	148	144	139	133	129	126	125	126	127	128	130	130	130	135	142	146	147	147	142	138	136	136	137	138	130	128	129	130	132	132	133	133	133	132	132	131	133	139	139	138	137	136	135	134	133	133	131	131	131	134	137	138	141	144	147	149	151	151	152	152	151	148	140	139	137	135	134	131	131	131	131	131	132	132	131	132	132	132	133	133	134	134	135	136	135	135	137	
126	126	128	134	133	131	129	128	125	124	123	123	123	124	124	125	127	129	133	138	140	139	139	138	137	136	135	138	142	142	143	143	144	145	146	146	146	147	148	147	150	149	144	139	133	128	125	125	125	127	128	130	131	130	135	141	146	147	147	142	138	136	136	137	138	129	128	128	129	131	133	133	134	133	133	132	131	133	139	139	138	137	136	135	135	134	133	132	131	131	134	137	139	141	144	147	149	151	152	152	152	152	148	140	139	137	135	134	132	130	131	131	131	132	132	131	132	132	132	132	133	133	134	134	135	135	135	136	
136	136	135	135	133	130	128	126	124	123	123	123	124	125	125	121	121	128	133	139	141	141	140	139	140	141	142	143	144	144	144	144	144	145	145	145	146	146	146	146	149	149	143	137	131	126	123	122	122	125	127	128	129	129	135	142	146	147	146	142	138	136	136	137	139	128	126	128	129	131	133	134	134	133	133	132	130	133	139	139	138	138	137	135	134	134	132	132	131	131	134	137	139	141	144	147	149	151	152	152	152	152	148	140	138	137	134	133	131	130	130	130	131	131	132	132	132	132	132	132	133	133	134	135	135	135	136	136	
146	146	143	136	135	132	130	128	125	125	124	125	126	127	128	118	119	127	132	139	142	141	141	141	141	144	146	146	143	143	143	143	143	143	143	143	143	143	143	143	147	146	140	135	128	123	119	119	120	121	124	125	128	129	135	141	147	147	147	142	138	136	136	137	139	127	125	127	128	131	133	134	134	133	133	131	130	133	139	139	138	137	136	135	134	133	132	132	131	131	134	137	138	141	144	147	149	151	152	152	152	151	148	139	138	136	134	133	131	130	130	130	131	131	132	131	131	132	132	132	133	134	134	135	135	135	135	136	
150	150	146	138	136	133	129	128	126	126	125	126	127	128	128	118	119	126	132	139	142	142	142	142	143	145	148	146	143	143	143	144	143	143	143	143	143	142	142	142	147	145	140	133	127	122	119	118	119	121	123	124	127	130	136	141	147	147	147	142	138	136	136	137	138	127	125	127	128	131	133	134	134	133	132	131	130	133	139	138	138	137	136	136	134	133	132	131	131	131	133	137	138	141	144	147	149	151	151	151	151	152	147	139	138	136	134	132	131	130	130	130	130	131	131	131	132	132	132	132	133	133	134	135	136	136	136	136	
147	147	147	148	142	134	128	125	124	126	127	127	124	122	121	123	125	128	131	137	140	143	145	145	145	144	143	144	147	147	147	147	147	147	147	147	147	146	147	147	149	147	139	132	126	124	125	126	127	126	123	120	123	133	137	143	148	148	147	142	138	135	135	136	137	128	126	127	128	128	128	130	130	132	132	133	133	135	138	138	137	137	135	134	133	132	130	130	129	128	134	137	139	141	143	146	148	150	150	150	150	150	145	134	134	134	133	133	132	132	131	131	131	130	130	130	131	131	132	133	134	135	136	137	138	138	139	139	
147	147	147	148	142	134	128	125	124	126	127	127	125	123	121	123	126	128	131	136	141	144	145	145	145	144	143	144	147	147	147	147	147	147	146	147	146	146	147	147	150	148	140	133	128	125	126	127	128	127	125	121	124	133	138	143	147	148	147	142	137	135	135	136	137	128	126	127	127	128	128	130	130	131	132	133	133	135	138	138	137	137	136	134	133	132	131	130	129	128	134	137	138	141	144	146	148	149	150	150	150	150	145	134	134	134	133	133	132	132	132	131	131	130	130	131	131	132	132	133	134	135	136	136	138	138	139	139	
147	147	148	148	142	134	128	124	124	126	127	128	125	123	121	123	126	128	131	136	141	143	145	145	145	144	143	144	146	146	146	146	146	146	146	147	146	147	146	147	150	149	140	133	128	126	127	128	128	128	126	122	125	132	137	143	147	147	147	141	137	135	135	135	137	128	126	127	128	128	129	129	130	131	132	133	133	135	138	138	137	136	135	134	133	132	130	130	129	129	134	137	138	141	143	146	148	149	150	149	150	149	144	134	134	133	133	133	132	132	131	131	131	130	130	131	131	132	132	133	134	135	136	136	138	138	139	139	
147	147	148	149	143	134	128	125	125	126	127	128	126	123	121	123	126	128	131	136	141	143	145	145	145	144	143	144	146	146	146	146	146	146	146	146	146	146	146	146	151	151	142	135	130	128	128	130	131	130	129	126	128	132	137	142	147	147	147	141	136	135	134	135	136	128	127	127	128	128	128	129	130	131	132	133	133	135	137	137	136	136	135	134	133	132	131	131	130	129	134	138	139	140	143	145	147	149	149	149	148	148	144	134	134	134	134	133	132	132	132	131	130	130	130	131	131	131	132	133	134	135	136	137	138	138	139	138	
147	147	147	149	143	135	129	126	125	127	128	128	126	123	122	123	125	128	132	136	141	143	145	145	145	144	143	144	146	146	146	146	146	146	146	146	145	145	146	145	152	151	143	136	130	128	129	131	132	131	130	127	128	131	136	142	147	147	146	141	136	134	134	135	136	128	127	127	128	128	128	129	130	131	132	133	133	135	137	137	136	136	135	133	133	132	132	131	130	130	134	137	139	141	143	145	147	148	148	148	148	147	142	134	133	134	133	133	132	132	132	130	131	130	130	131	131	131	132	133	134	135	136	137	138	138	139	138	
147	147	148	150	144	136	129	126	125	127	128	128	127	124	122	123	126	128	132	136	140	143	145	145	145	144	143	144	146	146	146	146	146	146	145	146	145	145	146	145	152	151	144	137	131	130	130	132	134	133	131	128	129	131	136	142	146	146	146	141	136	134	134	134	136	128	126	127	128	128	128	129	130	131	132	133	133	135	136	136	135	135	134	134	133	133	132	132	131	131	135	138	139	141	143	145	147	147	148	147	147	146	141	134	134	134	133	133	132	132	132	130	131	130	130	131	131	131	133	133	134	135	136	137	138	138	139	138	
147	147	148	150	144	136	129	126	126	128	128	128	127	125	123	124	125	128	131	136	140	143	145	145	145	144	143	143	144	145	144	145	144	145	145	144	144	145	145	145	151	151	144	137	131	130	131	133	135	135	133	129	130	130	135	141	146	146	145	139	135	133	133	133	135	128	126	127	127	128	128	129	130	131	132	133	133	134	135	135	135	134	134	134	133	133	133	132	132	132	136	138	139	141	143	145	146	146	146	145	145	144	141	134	133	134	133	133	132	132	131	131	131	130	130	131	132	132	132	133	134	135	136	137	138	138	139	138	
147	147	149	151	144	136	130	127	126	128	128	129	128	125	123	123	125	128	131	136	140	144	145	145	145	144	142	143	144	144	144	144	144	144	144	144	145	145	145	144	151	151	143	136	131	130	131	133	136	135	133	130	130	130	134	141	145	145	145	140	135	133	132	133	135	128	127	127	128	128	128	130	130	131	132	133	133	134	134	135	134	134	134	133	133	133	133	133	132	132	136	138	139	141	143	145	146	146	146	145	144	144	140	134	134	133	133	132	133	132	131	131	130	130	130	131	131	132	132	133	134	135	136	137	138	138	139	138	
147	147	149	151	145	137	130	127	127	128	129	129	128	125	124	124	125	128	131	136	141	143	145	145	145	144	143	143	143	143	144	144	143	143	144	144	144	144	144	144	150	149	142	135	130	129	130	133	135	135	134	131	130	129	134	140	145	145	144	139	135	132	132	133	134	128	127	127	127	128	128	129	130	132	132	133	133	134	134	134	134	134	134	134	134	133	133	133	133	133	136	138	140	141	143	144	145	145	144	144	143	142	139	134	134	134	133	133	132	132	131	131	130	130	130	131	131	131	132	133	134	135	136	137	138	139	139	138	
147	147	149	151	145	137	131	128	128	128	129	130	128	126	124	124	125	128	132	136	140	143	145	145	145	144	143	143	143	143	143	143	143	143	144	144	144	143	143	143	149	147	140	133	129	128	129	132	134	134	132	130	129	129	134	140	144	144	143	139	134	132	131	133	134	128	127	127	128	128	128	129	131	131	132	133	133	133	133	133	133	133	133	133	133	134	134	134	134	134	136	139	139	141	143	144	145	144	144	143	142	141	138	134	134	133	133	133	132	131	131	130	131	130	130	131	131	131	132	133	134	135	135	137	138	138	139	138	
147	147	149	152	146	138	131	128	128	129	129	130	128	126	124	124	125	128	132	136	140	144	145	145	145	143	143	142	143	143	143	143	143	143	143	143	143	143	143	143	147	146	139	132	129	128	129	132	134	134	132	130	129	129	133	140	144	144	144	138	134	131	131	132	134	127	126	127	128	128	129	129	130	131	132	133	133	133	132	133	133	133	133	133	134	134	134	134	134	134	137	139	140	141	142	144	144	144	143	143	141	141	138	134	134	133	133	133	132	132	131	131	130	130	130	131	131	131	132	133	134	135	136	137	138	138	139	137	
147	147	149	152	145	138	131	128	128	129	130	130	128	126	125	125	125	128	132	137	141	143	145	145	145	144	143	142	143	143	143	143	143	143	143	143	143	143	143	143	147	145	138	131	128	127	128	131	133	133	132	130	129	128	133	140	143	144	144	138	134	131	131	132	134	127	127	127	127	128	128	129	130	131	132	133	133	133	132	132	133	133	133	133	134	134	134	134	135	135	137	139	140	141	142	143	144	144	143	142	141	140	137	134	133	134	133	133	132	132	131	131	131	130	130	131	131	131	132	133	134	135	136	137	138	138	139	137	
148	148	149	153	147	140	134	131	131	134	136	136	135	133	131	130	130	132	135	137	140	142	143	143	143	143	142	143	146	146	145	145	145	145	144	144	143	143	143	143	140	138	134	130	128	127	127	128	129	128	128	128	128	127	129	132	134	135	135	133	131	131	131	132	133	128	128	128	128	129	129	130	132	133	134	134	135	135	136	135	135	135	135	135	134	134	134	133	133	133	138	139	138	138	139	142	146	148	148	147	145	143	137	132	132	132	132	131	131	132	131	131	131	130	130	131	131	132	132	133	134	135	135	137	138	138	138	138	
148	148	150	153	148	141	135	133	133	137	140	141	141	139	137	134	135	135	137	138	140	141	142	142	142	142	142	144	148	148	147	147	147	146	145	145	144	143	143	143	136	133	131	129	128	127	126	126	125	126	127	127	127	126	127	127	128	128	128	129	130	130	131	132	132	128	128	129	129	130	130	132	133	134	134	136	136	136	138	139	138	137	136	136	134	134	133	133	132	132	139	139	137	136	137	141	146	150	153	151	147	144	136	131	131	131	131	131	131	131	131	131	130	131	130	131	131	131	132	133	134	135	136	137	138	139	139	137	
148	148	149	153	147	140	135	133	133	137	139	140	140	138	136	132	132	133	134	136	138	140	141	142	143	143	144	144	143	143	143	143	142	142	142	142	142	142	142	142	137	133	132	130	128	127	125	125	124	124	125	125	126	125	125	126	126	127	127	128	128	128	129	129	129	128	128	128	129	130	130	131	132	133	134	134	135	136	136	136	136	135	134	134	133	132	132	131	131	130	136	137	135	134	135	139	144	148	150	148	144	140	135	131	131	131	131	131	130	131	131	131	130	131	131	131	131	132	132	133	134	135	136	137	138	138	139	138	
148	148	150	152	146	140	134	132	132	136	139	140	139	137	136	130	130	131	132	135	136	138	140	142	143	144	145	144	142	141	142	142	142	141	142	142	142	142	142	142	137	134	133	130	128	126	125	124	123	123	124	124	124	124	124	125	125	125	126	127	127	127	128	128	128	128	128	128	128	129	130	131	132	132	134	134	135	135	135	134	134	133	133	132	132	131	131	130	130	130	135	136	133	133	133	138	143	146	148	146	143	139	134	131	131	131	131	130	130	131	131	130	131	131	130	131	131	131	132	133	134	135	136	137	138	138	139	138	
147	147	149	152	146	139	133	132	132	136	138	139	139	138	135	129	128	129	130	133	134	136	139	141	144	145	146	144	139	140	140	140	140	141	141	141	141	142	142	142	138	134	133	131	128	126	124	123	122	122	121	122	122	123	123	123	124	124	125	125	125	125	126	126	126	127	127	128	128	128	129	130	131	132	133	134	134	133	133	132	132	132	131	131	131	130	130	129	129	129	134	135	132	131	132	135	140	144	146	144	140	136	132	131	131	130	131	130	131	131	131	131	131	131	131	131	131	131	132	133	134	135	136	137	138	138	139	138	
148	148	149	151	145	138	132	130	131	134	137	138	137	136	133	127	127	127	128	129	131	134	136	140	143	145	148	145	141	141	141	142	142	143	144	144	145	145	145	145	138	134	132	130	128	125	123	121	120	120	120	119	120	121	121	122	122	121	122	122	122	122	122	123	123	125	126	127	127	128	128	129	130	131	132	132	133	131	129	130	130	129	129	128	128	128	128	128	128	128	133	132	129	128	128	132	137	141	142	140	136	131	130	130	131	131	131	131	131	131	130	131	131	131	131	131	131	131	132	133	134	135	136	136	138	138	139	138	
148	148	149	150	144	137	131	130	130	133	136	138	137	135	133	126	126	126	127	128	129	132	135	139	142	145	147	146	143	143	143	143	144	145	145	146	146	146	147	147	136	133	131	129	127	124	123	121	120	120	120	120	120	121	121	121	121	121	121	121	121	121	121	121	121	125	125	125	126	127	128	128	129	130	131	132	132	131	128	129	129	129	128	128	128	128	128	128	128	128	132	132	128	128	128	132	136	139	140	139	134	129	129	131	131	131	131	131	131	131	130	131	131	131	131	131	131	132	132	133	134	135	135	137	138	138	139	139	
148	148	148	149	143	136	131	129	128	133	135	136	136	135	132	126	125	125	125	126	127	129	132	136	140	144	147	147	146	146	146	147	147	148	148	148	148	148	148	148	136	131	130	128	125	123	121	119	118	119	119	119	120	121	121	121	120	120	120	119	120	120	119	119	119	123	125	125	125	126	127	128	128	129	130	130	131	130	128	128	128	128	128	128	128	128	128	128	128	128	131	131	128	128	128	130	134	137	138	137	132	128	128	131	131	131	131	131	131	131	131	131	131	131	131	131	131	132	132	133	134	135	136	137	138	138	139	138	
148	148	148	148	142	135	129	128	128	131	134	135	134	133	131	127	126	125	125	125	126	127	129	134	138	142	144	146	146	146	146	146	146	146	145	144	145	144	144	144	132	128	128	126	123	122	120	119	119	120	120	121	122	122	121	121	121	121	120	119	119	119	119	119	118	122	123	124	124	125	126	127	128	128	129	129	130	129	128	128	128	128	128	128	129	129	129	130	130	130	131	131	129	128	128	130	134	136	137	135	130	126	127	130	131	131	131	131	131	131	131	131	131	131	131	131	131	132	132	133	134	135	136	137	138	138	139	138	
148	148	148	147	142	134	129	128	128	130	134	135	134	133	130	128	126	125	124	124	124	126	128	132	136	140	143	145	145	145	145	145	144	143	142	141	141	140	140	140	129	127	126	124	122	121	120	119	120	120	121	122	122	122	122	122	122	121	120	120	119	119	119	119	118	121	123	123	123	124	125	127	127	128	128	129	129	129	128	128	128	128	128	129	129	130	130	130	131	131	132	132	128	128	128	130	134	136	137	135	130	125	127	130	131	131	131	131	131	131	131	130	131	131	130	131	131	132	132	133	134	135	135	137	138	138	139	139	
148	148	147	146	141	134	128	128	128	130	133	134	133	132	129	128	128	127	124	123	122	123	126	129	133	137	140	141	141	140	140	138	137	135	133	132	131	130	129	129	125	123	122	121	119	119	119	119	121	122	123	124	124	124	123	123	123	122	121	121	120	120	119	119	119	121	122	122	123	124	125	126	127	127	128	128	129	128	128	128	128	128	129	130	131	131	131	132	133	133	133	133	130	128	128	130	134	137	137	135	130	125	126	131	131	130	131	131	131	131	131	131	131	131	131	131	131	131	132	133	134	135	136	137	138	138	139	139	
148	148	147	146	141	133	128	127	127	129	132	133	133	131	129	129	129	127	125	123	122	123	124	128	131	136	139	138	136	136	135	134	131	130	128	127	125	124	123	122	122	122	120	119	118	118	118	119	121	122	124	125	125	125	124	124	123	123	122	121	120	120	119	119	118	121	122	122	123	124	124	125	126	127	128	128	128	128	128	128	129	129	130	130	131	132	133	133	134	134	134	133	130	128	128	131	135	136	137	135	130	125	126	130	131	131	131	131	131	131	131	131	131	131	131	131	131	131	132	133	134	135	135	137	138	138	139	139	
148	148	147	145	140	133	128	127	127	129	132	133	133	131	129	130	129	128	125	123	122	122	124	127	130	134	137	136	134	133	132	130	128	127	125	123	121	119	118	118	120	120	119	118	118	118	118	119	121	123	125	126	126	125	125	124	124	123	122	121	121	120	119	118	119	121	121	122	122	123	124	125	126	127	128	128	128	128	128	128	129	129	130	130	132	132	133	134	134	134	134	134	131	128	129	131	135	137	137	135	130	125	127	131	131	131	130	131	131	130	130	130	131	130	131	131	131	132	132	133	134	135	135	137	138	139	139	139	
154	154	146	132	131	131	131	131	130	130	129	129	128	128	128	127	126	126	126	126	126	126	126	126	126	126	126	125	123	123	123	123	123	123	123	123	123	123	123	123	123	123	124	124	124	124	125	125	126	126	127	126	126	123	123	123	122	121	120	120	119	118	117	117	117	117	118	120	123	125	128	129	131	132	131	131	131	131	129	128	127	125	123	123	124	126	128	132	134	136	134	132	132	131	130	130	130	132	135	138	140	143	140	133	132	131	130	128	128	126	126	126	126	126	126	131	132	131	130	129	128	129	130	133	135	138	140	141	
153	153	145	131	131	131	131	130	130	130	129	128	128	128	128	127	126	126	126	126	126	126	126	126	126	126	126	125	123	123	123	124	123	123	123	123	123	123	123	123	123	123	123	123	124	124	124	124	124	125	125	125	124	123	122	122	121	120	120	119	118	118	117	116	117	117	117	120	122	125	128	129	131	132	131	132	131	130	129	128	127	126	124	123	124	126	128	132	134	136	134	133	132	130	130	130	130	132	135	137	141	143	140	136	135	134	133	131	130	129	129	128	128	128	128	132	132	131	130	129	129	129	131	133	136	138	140	141	
151	151	144	132	131	131	130	130	130	129	129	128	128	128	128	126	126	126	126	126	126	126	126	126	126	126	126	125	124	124	123	124	124	124	124	124	124	124	124	124	123	124	123	123	123	123	123	123	123	123	123	123	122	121	121	120	120	120	119	118	117	117	117	116	116	116	117	119	122	124	127	128	130	131	131	131	131	131	130	128	128	125	124	124	124	126	128	132	134	135	134	133	132	131	130	131	131	133	135	138	140	143	142	139	139	138	136	135	134	133	133	132	131	131	131	132	132	131	130	130	129	130	131	133	136	138	140	141	
148	148	141	131	131	131	130	129	129	129	128	128	128	128	128	127	126	126	126	126	126	126	126	126	126	126	126	125	125	125	125	125	126	125	126	126	125	125	125	125	125	124	124	123	122	121	121	120	119	119	118	117	118	119	118	118	118	118	117	117	116	115	115	115	115	116	116	118	121	124	126	128	129	130	130	130	130	130	131	129	128	126	123	123	124	126	128	131	133	134	134	133	133	132	132	132	132	134	136	138	139	141	143	145	144	144	143	143	142	140	139	138	137	137	137	133	132	131	131	130	130	132	133	134	137	138	139	140	
145	145	139	131	131	131	130	129	129	128	128	128	128	128	127	126	126	126	126	126	126	126	126	126	126	126	126	126	126	126	126	126	126	126	126	126	125	126	126	126	124	123	123	123	121	121	120	119	118	116	116	116	116	118	118	117	117	117	116	116	116	115	115	115	115	115	116	118	120	124	126	128	129	130	130	130	130	130	131	130	128	126	124	123	124	125	128	131	133	134	134	134	133	133	133	133	134	135	137	138	139	140	142	144	144	144	144	143	143	142	140	139	138	137	136	133	131	131	131	131	132	133	134	135	137	138	139	140	
141	141	137	130	130	130	129	129	129	128	128	128	128	127	127	126	126	126	126	126	126	126	126	126	126	126	126	126	126	126	126	127	127	126	127	126	126	126	126	126	125	124	123	122	121	120	118	117	116	114	113	112	114	116	116	115	116	115	115	115	115	115	115	114	114	115	116	118	120	124	126	128	129	130	130	130	130	131	132	131	128	127	124	124	124	125	128	130	132	134	134	134	134	134	135	135	135	136	137	138	139	139	141	143	144	144	144	144	144	143	141	140	138	137	136	132	131	131	132	132	133	134	135	136	137	138	139	139	
138	138	134	130	130	129	129	128	128	128	128	127	127	127	127	126	126	126	126	126	126	126	126	126	126	126	126	126	125	126	126	126	126	126	126	126	126	126	125	126	124	123	123	121	120	119	118	116	115	114	113	112	113	115	114	115	115	115	115	115	115	115	115	115	115	116	118	119	122	125	127	128	130	131	131	132	131	131	133	131	129	127	125	124	124	125	127	128	130	133	134	135	135	136	136	137	137	137	138	138	138	138	138	138	139	140	141	141	141	140	138	137	134	132	131	130	131	131	132	133	135	136	136	138	138	138	139	139	
136	136	133	129	129	129	129	128	128	128	128	127	127	127	126	126	126	126	126	126	126	126	126	126	126	126	126	126	125	125	125	125	125	125	125	125	125	125	125	125	123	123	122	121	120	118	118	116	115	114	113	113	113	114	115	115	115	115	115	116	116	116	116	116	116	117	119	120	122	126	128	130	131	132	132	132	132	133	134	132	129	127	125	124	124	125	127	128	130	132	134	135	136	136	137	138	138	138	138	138	137	137	137	136	137	138	140	140	140	139	137	134	132	130	129	130	131	132	133	134	136	136	137	138	138	139	138	138	
132	132	131	129	129	128	128	128	128	128	127	127	126	126	126	126	126	126	126	126	126	126	126	126	126	126	126	125	123	123	123	123	123	123	123	123	123	123	123	123	122	122	121	121	120	119	119	118	117	115	115	115	115	115	115	115	116	116	116	117	117	118	118	118	118	119	121	122	125	128	130	132	134	134	135	135	135	135	135	133	130	128	125	124	124	124	126	128	130	132	134	136	137	137	139	139	140	139	139	138	137	136	134	133	134	136	137	138	139	137	136	133	129	128	125	129	131	132	133	136	137	139	139	139	139	138	138	138	
131	131	129	128	128	128	128	128	128	127	127	126	126	125	125	126	126	126	126	126	126	126	126	126	126	126	126	124	122	122	122	121	122	121	122	122	122	121	122	121	121	121	121	120	120	120	119	119	118	118	118	118	117	116	115	116	117	117	118	118	119	119	120	120	120	121	123	124	127	129	132	134	136	136	137	136	137	136	135	134	130	128	125	124	123	124	126	128	129	131	134	136	137	138	140	141	141	140	139	137	136	135	134	134	135	137	139	141	141	140	138	134	131	128	127	128	131	132	134	136	138	139	140	140	139	138	137	138	
130	130	129	128	128	128	128	128	127	127	126	126	125	125	125	126	126	126	126	126	126	126	126	126	126	126	126	124	121	121	120	120	121	120	120	121	120	120	121	120	120	120	120	120	120	120	120	120	120	119	120	120	119	116	116	117	117	118	118	119	119	120	121	121	121	122	124	126	128	130	133	135	137	138	138	138	138	137	135	134	131	128	126	124	123	124	126	128	129	130	134	137	137	138	140	142	141	141	139	137	136	134	134	134	135	138	140	142	142	141	139	136	132	128	128	128	131	132	134	137	138	140	140	140	140	139	137	137	
128	128	128	128	128	128	128	128	127	126	126	126	126	125	125	126	126	126	126	126	126	126	126	126	126	126	126	124	119	119	119	119	119	119	119	119	119	119	119	119	119	119	120	120	120	121	121	121	122	122	122	123	120	117	117	117	118	119	120	121	122	122	122	123	124	124	125	128	129	132	135	137	139	140	140	140	140	139	136	134	131	128	126	124	123	124	125	128	128	130	134	137	138	140	141	142	143	142	139	138	135	133	134	138	140	142	145	147	147	146	143	140	135	132	130	129	129	132	134	137	140	141	141	141	140	138	137	137	
130	130	130	131	131	131	131	130	129	129	128	128	128	127	127	125	124	124	124	123	123	122	122	121	122	121	121	120	119	120	119	120	120	121	120	120	120	120	119	119	120	120	120	121	122	122	122	123	124	124	125	125	125	123	123	122	121	121	121	122	123	124	125	126	127	125	126	127	128	130	132	134	135	135	134	134	134	134	134	133	132	131	130	129	128	128	128	128	128	128	131	133	134	135	136	137	138	138	138	138	137	137	138	139	140	141	142	143	143	142	140	138	136	134	132	129	130	134	137	139	140	140	139	137	137	137	138	138	
131	131	132	135	135	135	134	133	132	132	131	130	129	129	129	124	122	122	122	121	120	119	118	117	116	116	115	116	120	121	121	122	122	123	122	122	122	121	121	120	120	121	121	121	122	123	124	125	126	127	127	127	128	129	128	127	125	124	123	123	123	125	127	128	129	126	125	126	128	128	130	130	130	130	128	128	128	128	131	132	133	134	135	135	134	133	131	129	128	127	129	130	130	130	131	132	133	134	136	138	139	141	141	141	141	140	140	139	138	137	136	136	136	135	134	129	129	135	141	142	141	139	135	133	134	136	139	137	
130	130	131	132	132	131	131	130	129	129	128	128	127	127	127	122	121	121	121	120	120	120	119	119	118	118	118	119	121	121	122	121	122	122	122	122	122	121	121	121	120	119	121	121	122	124	125	126	127	128	128	128	128	126	124	122	121	119	119	120	120	121	123	125	125	124	123	125	127	128	130	130	130	130	130	129	128	129	130	130	132	133	133	133	133	133	132	130	128	128	130	131	131	131	132	132	133	134	136	136	137	138	139	139	139	139	138	137	136	136	135	134	134	134	134	129	130	135	141	142	142	140	135	132	133	135	138	137	
129	129	129	130	129	129	128	128	128	127	127	127	126	126	126	122	121	121	121	121	120	120	120	120	120	120	119	121	121	121	122	121	122	122	122	122	122	121	121	121	119	119	120	121	122	123	124	126	128	128	129	129	128	123	122	121	120	119	118	118	118	120	122	123	124	123	123	125	126	128	130	130	131	131	131	130	129	128	128	128	130	131	132	133	134	133	132	131	130	129	131	131	132	132	132	133	133	134	134	135	136	136	137	138	138	137	137	136	136	135	134	134	133	133	133	130	131	136	141	142	142	139	135	132	133	135	138	137	
128	128	128	127	126	126	126	126	126	125	124	124	123	124	124	121	120	120	120	121	121	121	122	122	122	122	123	123	123	122	122	122	122	122	122	122	122	122	122	123	118	118	118	120	122	123	125	127	128	129	130	131	128	121	121	119	118	117	117	117	117	118	119	120	121	121	122	123	125	128	129	131	131	131	132	131	131	128	125	126	128	128	131	132	133	133	133	132	131	131	132	133	133	133	133	133	133	134	134	134	133	133	134	135	136	135	135	134	134	134	133	133	132	132	131	130	131	136	141	142	142	139	135	132	133	135	138	137	
127	127	125	124	123	123	123	123	122	122	122	122	122	122	122	120	120	120	121	122	122	123	124	125	125	126	126	126	124	123	123	122	121	121	121	121	123	123	124	124	119	118	119	120	122	124	126	128	129	130	132	132	129	122	123	122	121	121	121	121	120	121	122	122	123	121	121	123	125	128	129	131	132	132	133	132	132	128	121	123	125	127	129	131	133	134	134	133	133	132	132	133	133	134	134	134	134	133	133	132	131	130	131	133	133	133	133	132	132	132	132	131	131	131	131	130	132	137	142	143	142	139	135	132	132	133	137	136	
126	126	124	122	122	122	122	122	121	121	121	121	121	121	121	120	121	121	122	123	123	124	125	126	126	127	128	127	125	124	123	122	121	121	121	121	123	124	125	125	119	118	119	121	123	124	126	128	129	130	131	133	130	124	124	124	124	123	123	124	124	124	124	124	124	121	121	123	125	128	129	130	132	133	132	132	131	128	120	121	124	126	128	130	132	133	134	133	133	133	132	132	133	134	134	134	135	134	132	131	130	129	130	132	131	132	132	131	131	131	131	131	131	131	130	131	133	138	142	143	142	139	134	131	131	133	136	136	
125	125	123	120	120	120	120	120	121	121	121	121	121	121	121	122	123	123	123	124	125	126	126	128	128	128	128	128	126	126	124	123	121	121	120	121	123	125	127	127	120	120	121	122	123	125	127	128	129	131	131	132	130	128	128	129	129	130	130	130	129	129	128	128	128	123	122	124	126	128	129	131	131	132	131	131	130	127	117	119	121	124	127	129	131	133	133	133	133	133	131	130	131	133	135	135	135	135	133	131	128	128	128	130	130	130	130	130	131	131	131	131	131	131	131	132	133	138	143	144	143	139	135	131	131	132	135	135	
124	124	123	121	121	121	121	121	122	122	123	123	123	123	123	125	125	126	125	126	127	127	128	128	128	128	128	128	128	127	124	122	121	120	120	120	123	125	127	128	123	122	123	123	125	126	127	128	129	129	131	130	130	129	130	131	132	133	133	133	132	131	130	130	129	125	124	126	127	128	130	131	131	131	130	129	129	125	117	119	121	124	126	128	130	132	131	131	131	131	129	128	130	132	134	135	136	135	133	131	129	128	128	130	129	130	130	131	131	132	132	132	132	133	133	132	134	139	143	144	143	139	135	130	130	131	134	134	
125	125	123	121	121	122	122	122	123	123	123	124	124	125	125	127	127	128	127	127	128	128	128	128	128	128	129	128	128	127	125	123	120	120	119	121	123	126	128	128	125	124	124	125	125	127	127	128	128	128	129	129	129	130	131	132	133	134	134	134	134	132	131	131	130	126	125	127	128	129	130	130	130	130	129	128	128	124	117	118	121	123	126	128	129	130	131	131	130	130	128	127	129	130	134	135	135	136	134	131	129	128	128	129	130	130	130	131	132	132	133	132	133	133	133	133	135	140	143	144	143	139	134	130	130	131	134	133	
124	124	124	123	124	125	125	125	126	127	127	128	128	128	128	130	130	130	129	129	129	128	128	128	128	128	128	128	129	128	125	123	120	120	119	121	123	126	129	129	128	128	128	128	127	128	128	127	127	128	127	127	127	127	128	129	131	132	132	132	132	130	129	128	127	128	128	129	130	131	131	130	130	128	127	126	125	122	118	119	122	124	126	128	128	128	128	128	128	128	124	123	126	128	132	135	136	137	135	133	130	128	128	131	130	131	131	132	133	133	134	134	135	135	135	134	135	140	144	145	143	139	134	129	130	130	133	132	
124	124	125	125	125	126	126	127	127	128	128	129	129	129	130	132	132	131	131	131	130	129	128	128	128	128	127	128	130	128	126	123	120	119	119	120	123	127	128	130	129	128	128	128	128	128	128	128	127	127	126	127	126	124	126	127	128	130	130	130	130	128	127	125	124	128	129	130	130	131	131	130	129	128	127	125	124	121	119	120	122	124	126	128	128	128	128	128	128	127	122	121	125	128	132	135	136	137	136	133	132	129	129	130	131	131	132	132	133	134	134	135	136	137	136	135	135	141	144	145	144	139	134	130	129	130	133	132	
125	125	125	126	126	127	127	128	128	128	129	130	131	131	131	133	133	133	132	132	131	130	128	128	128	127	127	128	131	129	125	122	120	119	119	120	123	127	129	131	130	130	129	129	129	128	128	127	127	125	126	125	123	122	123	125	127	128	128	128	128	127	125	122	122	129	131	131	132	131	131	131	129	127	126	123	123	120	119	120	122	124	126	127	128	128	128	127	126	126	120	120	124	128	131	135	137	137	136	134	132	130	130	131	131	132	132	133	134	135	135	136	137	137	137	135	136	141	145	146	143	139	133	129	130	130	133	131	
127	127	128	128	128	127	127	126	126	127	128	128	130	132	132	134	134	132	131	129	128	127	127	127	128	128	128	130	133	130	128	126	127	129	132	132	132	128	123	120	126	131	134	140	139	134	127	121	118	120	127	135	131	125	127	130	132	132	130	127	125	125	127	130	132	126	122	121	119	117	115	115	115	117	119	122	123	125	127	127	128	129	131	132	132	131	130	129	128	128	116	113	115	115	118	120	123	126	128	130	132	134	133	129	130	131	133	133	135	135	135	136	136	136	135	135	134	135	134	134	134	132	132	132	131	131	131	129	
127	127	128	128	128	128	127	126	126	127	128	129	130	131	133	134	134	133	131	128	128	127	127	127	128	128	128	130	133	131	128	127	128	130	133	134	134	128	123	120	125	130	135	140	140	135	127	121	117	119	125	133	129	124	127	131	133	132	129	126	124	123	126	129	131	127	124	122	120	117	115	116	116	118	120	123	125	126	126	127	128	130	131	132	132	132	130	129	128	128	116	114	114	115	117	118	121	124	127	128	131	133	133	130	130	132	133	133	135	135	136	136	136	136	136	135	134	134	134	133	133	133	132	132	131	131	131	129	
128	128	128	128	128	128	127	126	126	127	128	128	131	132	133	134	134	132	130	129	128	127	127	127	128	128	128	131	134	132	129	128	129	131	133	134	134	128	124	121	122	128	133	139	139	135	128	121	117	117	121	127	127	124	128	130	132	132	128	124	122	121	124	128	129	128	128	126	123	120	118	118	119	120	123	126	128	127	125	126	128	128	129	130	131	130	129	128	128	127	117	114	114	115	116	117	120	122	125	128	129	132	131	131	131	132	133	134	135	135	136	136	136	137	137	135	134	134	134	133	132	133	132	131	131	130	130	129	
128	128	128	128	128	128	127	126	126	127	128	128	131	131	132	134	134	132	130	128	128	128	128	128	128	129	130	133	137	134	131	129	130	132	136	136	135	129	125	121	119	121	128	135	137	135	130	125	118	115	115	116	118	124	127	130	131	130	128	123	120	119	121	124	127	131	130	128	126	123	122	120	121	122	124	127	128	127	123	123	125	126	128	129	129	128	128	128	127	126	118	115	115	115	115	115	117	119	122	125	127	128	131	133	133	134	134	135	134	135	136	136	137	137	137	135	134	134	134	133	133	132	131	131	130	130	130	129	
129	129	128	128	128	128	126	126	126	127	128	129	130	131	132	134	134	132	131	129	128	128	128	128	129	130	130	134	138	136	132	131	131	133	136	136	135	130	126	122	117	119	126	132	134	134	131	126	119	115	112	111	114	124	127	129	131	129	127	122	118	117	119	122	126	131	132	129	127	124	122	120	120	121	123	126	127	125	121	122	124	125	127	128	128	128	128	127	126	125	119	116	116	114	115	115	115	118	121	123	126	127	131	134	135	134	135	134	134	135	135	136	137	138	137	134	134	134	133	133	132	131	131	131	131	130	130	129	
130	130	130	128	128	128	127	126	126	126	128	129	130	132	133	134	133	132	131	129	128	128	128	128	130	131	132	136	140	137	134	132	133	135	138	137	136	130	127	122	114	114	120	128	132	133	132	128	120	114	107	102	108	123	126	128	129	128	125	120	116	115	117	119	123	130	130	128	125	122	119	118	117	117	119	121	123	121	118	119	121	123	125	126	127	127	127	126	125	125	120	117	116	115	114	113	113	115	118	121	124	125	130	136	136	135	134	134	134	134	135	135	136	137	138	134	133	133	133	132	131	131	131	130	130	129	129	129	
132	132	131	128	128	128	127	126	126	127	128	129	130	132	132	133	133	132	130	129	128	128	128	129	130	132	133	137	141	138	135	133	133	135	137	136	136	129	125	121	112	112	116	122	128	130	129	128	122	115	107	99	106	121	125	128	128	128	124	119	116	115	117	121	123	128	128	126	121	117	115	112	111	112	113	115	116	117	117	118	120	122	124	126	127	127	127	126	126	125	121	118	117	114	113	112	112	114	117	120	124	126	131	138	137	135	133	132	131	132	132	133	135	136	137	134	132	132	132	131	131	130	130	130	129	129	128	128	
133	133	131	129	128	128	127	126	126	127	128	129	130	132	132	133	133	131	130	129	128	128	129	130	132	133	134	137	141	138	135	132	133	135	136	136	135	128	125	120	111	111	114	119	124	128	128	128	123	115	108	98	105	121	124	127	128	127	124	119	116	116	118	122	124	127	127	123	119	115	112	109	108	109	110	111	112	114	116	117	120	122	124	125	127	127	127	126	126	125	122	118	117	115	112	111	112	114	117	121	125	126	131	138	137	134	132	130	130	130	131	132	134	135	136	133	132	132	132	131	130	130	130	129	129	128	128	128	
135	135	132	128	128	128	127	126	126	127	128	128	130	132	133	133	132	131	130	129	129	129	130	131	133	135	135	138	142	138	134	132	132	133	135	135	133	127	123	118	112	111	111	111	115	120	124	126	125	119	112	103	106	118	122	125	128	127	125	120	118	118	121	124	127	127	125	122	117	114	109	106	105	105	105	106	106	110	116	117	120	121	124	126	128	128	128	127	128	128	123	119	117	114	112	111	112	114	119	124	128	130	134	138	136	133	131	128	127	127	127	128	130	133	133	132	131	131	131	131	130	129	129	128	128	128	128	128	
135	135	133	128	128	128	127	126	126	126	128	128	130	132	132	132	132	131	131	130	129	129	131	132	134	135	136	139	140	137	134	131	132	132	134	133	132	126	121	117	114	112	109	108	110	114	120	125	126	122	116	107	109	117	121	124	127	127	125	121	120	120	123	127	129	128	127	124	120	115	111	108	106	105	106	107	108	111	116	117	120	122	124	127	128	128	128	128	128	128	123	119	117	114	112	111	112	115	121	126	130	134	136	137	135	132	128	127	125	125	125	127	129	131	132	131	131	131	131	130	130	129	129	128	128	128	128	128	
136	136	134	128	128	128	127	126	126	127	128	128	130	132	133	132	132	131	131	129	129	129	131	133	135	136	137	139	140	137	133	131	130	131	133	133	130	125	119	115	115	114	108	105	105	111	117	124	127	125	119	112	112	116	119	124	127	126	125	122	122	122	125	129	132	131	129	127	122	117	112	108	107	106	106	108	108	111	116	118	120	123	125	128	128	129	129	129	129	128	124	119	117	114	112	111	113	116	122	127	133	137	138	136	134	131	128	125	123	123	123	125	128	129	131	131	131	131	130	130	130	129	128	128	128	128	128	128	
137	137	134	128	128	127	127	126	126	126	128	129	130	132	132	132	131	131	130	130	129	130	131	133	135	137	138	139	139	136	132	130	130	130	132	131	129	123	117	113	117	116	107	101	100	105	113	122	128	128	124	119	115	114	118	124	127	126	127	123	124	125	128	132	136	136	135	130	127	122	117	113	111	110	111	111	111	113	117	118	120	123	126	128	130	130	131	130	130	130	123	118	117	114	112	112	114	118	124	130	136	142	140	135	133	129	126	123	121	120	121	123	126	128	129	131	131	130	130	130	129	129	128	128	128	128	128	128	
137	137	134	128	128	128	128	128	128	128	128	129	129	131	131	133	133	132	131	129	129	129	130	132	133	136	137	137	136	134	133	131	132	132	132	131	129	125	120	117	120	119	113	109	108	110	116	121	126	126	125	121	119	118	121	125	127	127	127	126	126	126	128	131	133	128	127	126	125	123	121	120	118	117	116	115	114	116	118	119	122	124	126	128	130	131	131	131	131	130	124	120	118	117	115	115	117	121	127	131	136	141	139	134	131	128	125	122	120	119	120	122	125	128	129	128	129	130	131	131	131	129	128	128	129	131	131	132	
137	137	134	129	130	129	129	129	129	129	129	129	129	129	129	135	135	133	131	129	128	128	128	129	132	133	136	134	131	132	133	134	135	135	134	132	129	128	125	124	124	125	123	122	121	120	120	120	121	123	124	125	125	126	127	127	127	128	128	128	128	128	129	129	129	114	112	116	120	125	128	128	129	128	124	121	118	118	118	120	122	125	127	128	130	131	132	132	132	131	124	122	122	121	121	122	123	126	130	133	135	139	137	132	130	127	124	120	119	118	119	121	124	128	128	126	127	130	133	134	133	130	128	128	131	136	141	139	
136	136	134	129	129	129	129	129	129	129	129	130	129	129	129	135	134	133	131	130	129	129	129	130	132	133	135	134	132	132	133	134	135	135	133	132	129	128	125	125	127	127	125	124	123	122	122	122	123	124	126	127	127	127	127	127	127	128	128	128	128	129	129	129	130	116	114	116	120	123	125	127	127	127	126	125	123	122	122	123	125	127	128	130	132	132	132	131	130	130	125	123	122	122	121	122	123	126	128	130	133	136	135	131	128	126	123	120	119	118	118	121	124	127	128	127	128	130	133	134	131	128	127	126	128	132	137	135	
136	136	133	129	129	129	129	129	129	130	130	129	129	129	130	134	135	133	132	130	129	129	129	130	132	133	135	134	132	132	133	134	134	134	133	131	129	128	126	125	128	128	126	125	124	122	123	123	124	125	126	128	127	127	127	127	127	128	128	128	129	129	129	130	130	118	116	118	119	121	123	125	126	126	127	127	127	125	124	125	127	128	130	131	132	132	131	131	130	129	126	124	123	123	122	123	124	125	128	129	131	133	132	129	128	126	123	120	118	118	118	121	123	125	127	128	128	131	133	132	130	127	125	123	125	129	135	134	
135	135	133	129	129	129	129	129	129	129	129	129	129	129	129	134	134	133	132	131	130	131	130	132	133	133	134	134	132	133	133	134	134	133	133	130	129	128	126	126	128	129	128	128	126	125	125	125	127	128	128	129	128	127	127	128	128	128	128	128	129	130	130	130	130	122	120	119	119	119	119	121	123	126	128	131	134	131	128	128	130	131	132	133	133	133	131	130	129	128	127	125	125	124	123	123	124	125	125	127	128	129	129	129	128	125	122	120	118	118	119	120	122	124	126	128	129	131	132	132	128	123	120	118	120	124	129	130	
135	135	133	129	129	129	129	129	129	129	130	129	129	129	129	133	134	133	132	132	131	132	132	132	132	133	134	134	134	133	134	133	133	133	131	130	129	128	127	127	130	131	130	128	128	127	127	127	128	128	130	131	130	128	128	128	128	128	129	129	129	130	130	131	131	126	123	121	120	119	118	119	122	126	130	134	138	136	131	132	132	133	134	134	134	132	131	129	128	128	127	127	126	126	125	125	124	124	125	125	126	127	127	128	127	125	123	120	119	119	119	120	122	124	125	129	130	132	132	130	125	120	115	114	115	119	124	127	
134	134	133	130	130	130	129	130	130	129	129	129	129	129	129	133	134	133	133	133	133	133	133	133	134	133	133	134	133	134	134	134	132	131	130	129	128	128	127	127	131	132	131	129	128	128	128	128	128	130	131	132	131	128	128	128	128	128	129	129	130	130	131	131	131	128	125	123	120	118	117	118	122	127	131	136	140	138	133	133	134	135	135	135	133	132	130	129	128	127	128	128	127	127	126	126	125	125	125	125	125	125	126	128	127	125	123	121	120	120	120	121	122	123	124	129	131	133	132	129	124	118	114	111	113	117	121	126	
133	133	132	129	129	129	129	130	129	129	129	130	129	129	129	133	134	134	134	134	134	135	135	135	134	133	133	133	135	135	134	133	131	130	129	128	128	128	128	128	133	133	132	131	129	129	129	129	130	131	133	134	132	128	128	128	128	129	129	130	131	131	131	132	131	130	128	126	123	121	120	120	123	128	132	137	136	137	134	134	135	135	135	135	134	132	129	128	127	126	128	128	128	128	128	128	128	127	126	125	125	124	125	128	127	126	125	124	123	122	122	123	123	124	124	130	133	133	131	128	121	116	112	108	110	114	117	124	
132	132	131	129	129	129	129	130	129	129	129	129	129	130	129	132	133	134	134	135	135	136	136	135	134	134	133	134	136	135	134	132	131	130	128	128	128	128	128	128	133	134	132	131	129	128	129	129	130	131	133	134	132	128	128	128	129	129	130	130	130	131	132	132	132	130	128	127	126	124	124	124	127	128	132	136	139	137	132	132	134	134	134	134	133	131	129	128	127	125	128	129	128	129	130	130	129	129	128	127	126	126	127	128	128	128	127	126	125	125	125	124	124	125	125	131	133	132	131	127	121	115	110	110	110	114	117	124	
132	132	131	129	129	130	129	129	130	129	129	129	129	129	129	132	133	134	135	136	137	137	136	136	134	134	133	134	137	136	134	132	130	129	128	128	128	128	128	129	133	133	132	131	129	128	128	129	130	131	132	134	131	128	128	129	129	130	130	131	131	132	132	132	133	130	128	128	128	127	127	127	128	130	132	134	137	135	131	131	132	133	133	133	132	130	129	128	127	126	128	128	129	130	131	131	132	131	129	129	128	127	127	128	128	128	128	128	127	127	126	126	126	126	126	131	133	132	131	126	120	113	109	107	109	113	119	124	
131	131	130	129	130	129	129	129	130	129	129	129	129	129	130	131	133	134	135	138	138	138	138	137	135	134	132	135	137	136	134	132	130	128	128	128	128	128	129	130	132	132	131	130	128	128	128	128	129	131	132	132	132	129	129	129	130	130	131	132	132	132	132	133	133	130	129	130	132	134	135	135	134	133	131	130	128	128	128	128	129	130	131	131	131	130	128	128	127	126	128	130	130	132	134	135	135	136	134	133	131	130	130	131	131	130	131	131	130	130	129	128	128	128	128	131	133	132	130	126	119	111	108	107	109	115	122	125	
130	130	130	129	129	130	129	129	130	129	130	129	129	129	129	131	132	134	136	137	139	138	138	136	135	133	132	134	138	136	134	131	129	128	127	128	128	128	129	130	132	132	131	130	128	128	128	128	129	130	131	132	131	129	129	129	130	130	131	131	132	132	133	133	133	129	129	131	133	136	137	137	135	133	131	128	127	126	127	128	128	129	129	130	130	129	128	128	126	126	128	129	130	133	134	136	137	137	136	134	133	131	131	131	131	131	131	132	131	131	130	129	129	128	128	131	132	132	131	125	118	111	108	107	110	116	123	125	
130	130	130	129	129	129	129	129	129	129	129	129	129	129	129	131	133	134	136	138	139	139	139	137	136	134	132	134	139	137	134	131	129	128	128	128	128	128	130	130	131	132	131	129	128	128	128	127	128	129	130	132	131	129	130	130	130	131	131	132	132	133	133	133	133	129	128	132	135	139	140	140	138	135	130	127	123	123	125	126	127	128	129	129	129	129	128	127	127	126	128	129	131	133	135	138	138	138	138	136	135	133	132	132	132	133	133	133	133	132	132	130	130	129	128	132	132	132	130	125	118	111	108	108	111	117	125	126	
129	129	130	131	131	131	131	132	132	132	132	132	132	133	133	133	134	134	135	136	136	137	137	138	138	138	138	137	135	134	132	131	129	128	126	125	124	123	122	123	130	130	130	129	129	129	128	128	128	128	128	128	128	128	128	128	129	130	130	130	131	131	132	132	132	130	131	133	134	137	138	138	138	136	134	131	129	131	136	136	134	132	131	130	129	129	129	129	130	130	130	129	130	132	134	134	136	136	136	136	135	135	134	131	130	129	129	128	127	128	128	130	131	133	134	132	132	131	130	128	127	125	124	122	122	122	122	125	
