137	137	137	136	135	135	135	134	135	134	134	133	133	133	132	132	131	131	131	131	130	130	129	129	128	128	128	128	127	128	127	127	126	126	126	125	125	124	124	123	123	123	122	122	121	121	121	121	121	121	121	121	121	121	120	120	120	120	120	120	120	120	120	120	120	120	120	121	121	121	121	122	122	122	122	123	123	124	125	125	125	125	126	126	127	127	127	127	128	128	128	128	129	129	129	130	130	131	131	132	132	133	133	133	134	134	134	135	135	136	136	136	136	136	136	136	136	136	136	136	136	136	136	136	137	137	137	137	
141	141	141	140	139	139	139	138	138	137	137	136	136	135	134	134	133	133	132	132	131	131	130	130	129	129	129	128	127	127	126	126	125	125	124	123	123	122	122	120	120	119	119	118	118	118	118	118	117	117	117	117	117	117	117	117	116	116	116	116	116	116	116	116	116	116	116	117	117	118	118	119	119	119	120	120	121	121	123	123	124	124	125	125	126	126	127	127	128	128	128	128	129	129	130	131	131	132	132	134	134	135	135	136	136	138	138	139	139	139	139	139	139	139	140	140	140	140	140	140	140	140	140	141	141	141	141	141	
141	141	141	140	139	139	139	138	138	137	136	136	136	135	134	134	133	133	132	132	131	131	130	130	129	129	128	128	127	127	126	126	125	125	124	123	123	122	122	121	120	119	119	118	118	118	118	118	118	118	118	118	117	117	117	117	117	117	117	117	117	117	117	116	116	116	116	117	117	118	118	119	119	120	120	121	121	122	123	124	124	124	125	125	126	126	127	127	128	128	128	128	129	129	129	131	131	132	132	134	134	135	135	136	136	137	137	139	139	139	139	139	139	139	139	139	139	139	140	140	140	140	140	140	140	140	140	141	
141	141	141	140	139	139	139	138	138	137	136	136	136	135	134	134	133	133	132	132	131	131	130	130	129	129	128	128	127	127	126	126	125	125	124	123	123	122	122	121	120	119	119	118	118	118	118	118	118	118	118	118	117	117	117	117	117	117	117	117	117	117	117	116	116	116	116	117	117	118	118	119	119	120	120	121	121	122	123	124	124	124	125	125	126	126	127	127	128	128	128	128	129	129	129	131	131	132	132	134	134	135	135	136	136	137	137	139	139	139	139	139	139	139	139	139	139	139	140	140	140	140	140	140	140	140	140	141	
141	141	141	140	139	139	139	138	138	137	136	136	136	135	134	134	133	133	132	132	131	131	130	130	129	129	128	128	127	127	126	126	125	125	124	123	123	122	122	121	120	119	119	118	118	118	118	118	118	118	118	118	117	117	117	117	117	117	117	117	117	117	117	116	116	116	116	117	117	118	118	119	119	120	120	121	121	122	123	124	124	124	125	125	126	126	127	127	128	128	128	128	129	129	129	131	131	132	132	134	134	135	135	136	136	137	137	139	139	139	139	139	139	139	139	139	139	139	140	140	140	140	140	140	140	140	140	141	
145	145	144	143	143	142	142	140	140	140	140	138	138	137	136	136	135	135	134	133	132	132	131	131	129	129	129	127	126	126	125	125	123	123	123	121	121	120	120	118	118	117	116	115	115	115	114	114	114	114	114	114	114	114	113	113	113	113	113	113	113	113	112	112	112	112	112	114	114	115	115	116	116	117	118	118	119	119	121	122	122	122	124	124	125	125	126	126	128	128	128	128	130	130	130	131	132	133	133	135	135	136	137	138	139	140	140	142	142	142	142	142	143	143	143	143	143	143	143	143	144	144	144	144	144	144	144	144	
145	145	145	144	143	143	143	141	141	140	140	138	138	138	137	137	135	135	134	134	132	132	131	131	129	129	128	128	126	126	125	125	123	123	123	121	120	119	119	117	117	116	116	114	114	114	114	114	114	114	114	114	113	113	113	113	113	113	112	112	112	112	112	112	112	111	112	113	114	114	114	116	116	117	117	118	119	119	121	122	122	122	123	124	125	125	126	126	128	128	128	128	130	130	130	132	132	133	133	135	135	136	137	138	139	140	140	142	142	143	143	143	143	143	143	143	144	144	144	144	144	144	144	144	145	145	145	145	
145	145	145	144	143	143	143	141	141	140	140	138	138	138	137	137	135	135	134	134	132	132	131	131	129	129	128	128	126	126	125	125	123	123	123	121	120	119	119	117	117	116	116	114	114	114	114	114	114	114	114	114	113	113	113	113	113	113	112	112	112	112	112	112	112	111	112	113	114	114	114	116	116	117	117	118	119	119	121	122	122	122	123	124	125	125	126	126	128	128	128	128	130	130	130	132	132	133	133	135	135	136	137	138	139	140	140	142	142	143	143	143	143	143	143	143	144	144	144	144	144	144	144	144	145	145	145	145	
145	145	145	144	143	143	143	141	141	140	140	138	138	138	137	137	135	135	134	134	132	132	131	131	129	129	128	128	126	126	125	125	123	123	123	121	120	119	119	117	117	116	116	114	114	114	114	114	114	114	114	114	113	113	113	113	113	113	112	112	112	112	112	112	112	111	112	113	114	114	114	116	116	117	117	118	119	119	121	122	122	122	123	124	125	125	126	126	128	128	128	128	130	130	130	132	132	133	133	135	135	136	137	138	139	140	140	142	142	143	143	143	143	143	143	143	144	144	144	144	144	144	144	144	145	145	145	145	
146	146	146	144	143	143	143	141	141	140	140	138	138	138	137	137	135	135	133	133	132	132	131	131	129	129	129	128	126	126	125	125	123	123	123	121	120	119	119	117	117	116	115	114	114	114	114	114	113	113	113	113	113	113	112	112	112	112	112	112	112	112	111	111	111	111	111	113	113	114	114	115	115	116	117	117	118	119	120	121	122	122	123	123	125	125	126	126	127	127	128	128	130	130	131	132	132	134	134	135	136	137	137	139	140	141	141	143	143	143	143	143	143	143	144	144	144	144	144	144	145	145	145	145	145	145	145	145	
150	150	149	148	146	146	146	144	144	143	143	141	141	140	139	139	137	137	135	135	133	133	132	131	129	129	129	127	125	126	124	124	122	122	121	119	119	117	117	115	115	113	113	111	110	110	110	110	110	110	109	109	109	109	109	109	108	108	108	108	108	108	108	107	107	107	107	109	109	111	111	113	113	113	114	115	116	116	119	120	120	120	122	122	123	124	126	125	128	128	129	129	131	131	131	133	134	135	135	137	138	139	140	141	142	144	144	146	146	147	147	147	147	147	147	148	148	148	148	148	149	149	149	149	149	149	149	150	
150	150	149	148	146	146	146	144	144	143	143	141	141	140	139	139	137	137	135	135	133	133	132	131	129	129	129	127	125	126	124	124	122	122	121	119	119	117	117	115	115	113	113	111	110	110	110	110	110	110	109	109	109	109	109	109	108	108	108	108	108	108	108	107	107	107	107	109	109	111	111	113	113	113	114	115	116	116	119	120	120	120	122	122	123	124	126	125	128	128	129	129	131	131	131	133	134	135	135	137	138	139	140	141	142	144	144	146	146	147	147	147	147	147	147	148	148	148	148	148	149	149	149	149	149	149	149	150	
150	150	149	148	146	146	146	144	144	143	143	141	141	140	139	139	137	137	135	135	133	133	132	131	129	129	129	127	125	126	124	124	122	122	121	119	119	117	117	115	115	113	113	111	110	110	110	110	110	110	109	109	109	109	109	109	108	108	108	108	108	108	108	107	107	107	107	109	109	111	111	113	113	113	114	115	116	116	119	120	120	120	122	122	123	124	126	125	128	128	129	129	131	131	131	133	134	135	135	137	138	139	140	141	142	144	144	146	146	147	147	147	147	147	147	148	148	148	148	148	149	149	149	149	149	149	149	150	
150	150	149	148	146	146	146	144	144	143	143	141	141	140	139	139	137	137	135	135	133	133	132	131	129	129	129	127	125	126	124	124	122	122	121	119	119	117	117	115	115	113	113	111	110	110	110	110	110	110	109	109	109	109	109	109	108	108	108	108	108	108	108	107	107	107	107	109	109	111	111	113	113	113	114	115	116	116	119	120	120	120	122	122	123	124	126	125	128	128	129	129	131	131	131	133	134	135	135	137	138	139	140	141	142	144	144	146	146	147	147	147	147	147	147	148	148	148	148	148	149	149	149	149	149	149	149	150	
150	150	150	148	147	146	146	144	144	143	143	141	141	141	139	138	137	137	135	135	133	133	132	132	130	129	129	128	126	126	124	124	122	122	121	119	119	117	117	115	115	113	113	111	110	110	110	110	109	109	109	109	109	109	108	108	108	108	107	107	107	107	107	107	106	106	106	108	108	110	110	112	112	112	114	114	115	116	118	119	120	120	121	121	123	123	126	125	128	128	129	129	131	131	131	133	134	136	136	138	138	140	140	142	143	145	145	147	147	147	147	147	148	148	148	148	148	148	149	149	149	149	149	149	150	150	150	150	
154	154	154	152	150	149	149	148	148	146	145	143	143	142	141	140	139	139	137	137	134	134	133	132	130	130	129	127	125	126	123	123	120	120	120	117	117	115	115	113	112	110	110	108	107	107	107	107	106	106	106	106	105	105	105	105	104	104	104	104	104	104	104	103	103	103	103	105	105	107	107	109	109	110	111	112	113	114	116	118	118	119	120	121	122	123	125	125	127	127	129	129	131	131	131	134	134	136	136	139	139	142	142	144	145	147	147	149	150	150	150	151	151	151	151	151	151	151	152	152	152	152	153	153	153	153	153	153	
154	154	154	152	150	149	149	148	148	146	145	143	143	142	141	140	139	139	137	137	134	134	133	132	130	130	129	127	125	126	123	123	120	120	120	117	117	115	115	113	112	110	110	108	107	107	107	107	106	106	106	106	105	105	105	105	104	104	104	104	104	104	104	103	103	103	103	105	105	107	107	109	109	110	111	112	113	114	116	118	118	119	120	121	122	123	125	125	127	127	129	129	131	131	131	134	134	136	136	139	139	142	142	144	145	147	147	149	150	150	150	151	151	151	151	151	151	151	152	152	152	152	153	153	153	153	153	153	
154	154	154	152	150	149	149	148	148	146	145	143	143	142	141	140	139	139	137	137	134	134	133	132	130	130	129	127	125	126	123	123	120	120	120	117	117	115	115	113	112	110	110	108	107	107	107	107	106	106	106	106	105	105	105	105	104	104	104	104	104	104	104	103	103	103	103	105	105	107	107	109	109	110	111	112	113	114	116	118	118	119	120	121	122	123	125	125	127	127	129	129	131	131	131	134	134	136	136	139	139	142	142	144	145	147	147	149	150	150	150	151	151	151	151	151	151	151	152	152	152	152	153	153	153	153	153	153	
154	154	154	152	150	149	149	148	148	146	145	143	143	142	141	140	139	139	136	137	134	134	132	132	130	130	130	128	125	125	123	122	120	120	120	117	117	115	115	113	112	110	109	107	107	107	106	106	106	106	105	105	105	105	104	104	104	104	104	104	103	103	103	103	102	102	102	104	104	107	107	109	109	109	111	111	113	113	116	118	118	118	120	120	122	122	125	125	128	127	129	129	131	132	132	134	135	137	137	139	140	142	142	145	145	148	147	150	150	151	151	151	151	151	152	152	152	152	152	152	153	153	153	153	153	154	154	154	
158	158	158	156	154	153	153	150	150	149	149	146	146	145	143	142	141	140	137	138	135	135	133	133	130	130	130	128	124	125	122	122	119	119	119	115	115	113	113	109	109	107	106	104	103	103	103	103	102	102	102	102	101	101	101	101	100	100	100	100	99	99	99	99	98	98	98	101	101	103	103	105	106	106	108	109	111	111	114	116	116	117	119	119	121	121	124	124	127	127	128	128	132	132	133	135	136	138	138	141	142	144	144	147	148	150	150	153	153	154	154	154	154	154	155	155	155	155	156	156	156	157	157	157	157	158	158	158	
158	158	158	155	154	153	153	150	150	149	148	146	146	145	143	142	140	140	137	137	135	135	133	133	130	130	129	128	124	125	122	122	119	119	118	115	115	113	113	109	109	107	107	104	104	104	103	103	103	103	102	102	102	102	101	101	101	101	100	100	100	100	100	99	99	99	99	101	102	103	103	106	106	107	109	109	111	112	115	116	116	117	119	120	121	122	124	124	127	127	128	129	132	132	132	135	135	138	138	141	141	143	144	147	148	150	150	153	153	154	154	154	154	154	155	155	155	155	156	156	156	156	156	156	157	157	157	157	
158	158	158	155	154	153	153	150	150	149	148	146	146	145	143	142	140	140	137	137	135	135	133	133	130	130	129	128	124	125	122	122	119	119	118	115	115	113	113	109	109	107	107	104	104	104	103	103	103	103	102	102	102	102	101	101	101	101	100	100	100	100	100	99	99	99	99	101	102	103	103	106	106	107	109	109	111	112	115	116	116	117	119	120	121	122	124	124	127	127	128	129	132	132	132	135	135	138	138	141	141	143	144	147	148	150	150	153	153	154	154	154	154	154	155	155	155	155	156	156	156	156	156	156	157	157	157	157	
158	158	158	155	154	153	153	150	150	149	148	146	146	145	143	142	140	140	137	137	135	135	133	133	130	130	129	128	124	125	122	122	119	119	118	115	115	113	113	109	109	107	107	104	104	104	103	103	103	103	102	102	102	102	101	101	101	101	100	100	100	100	100	99	99	99	99	101	102	103	103	106	106	107	109	109	111	112	115	116	116	117	119	120	121	122	124	124	127	127	128	129	132	132	132	135	135	138	138	141	141	143	144	147	148	150	150	153	153	154	154	154	154	154	155	155	155	155	156	156	156	156	156	156	157	157	157	157	
162	162	162	160	157	157	157	154	154	151	151	148	148	147	145	145	142	142	139	139	136	136	134	133	130	130	130	127	124	124	121	121	118	118	117	114	113	110	110	107	106	104	103	101	100	100	100	100	99	99	99	99	98	98	97	97	97	97	96	96	96	96	96	95	95	95	95	98	98	100	100	103	103	104	106	107	109	109	112	115	115	115	118	119	121	121	124	123	127	126	129	129	132	133	133	136	137	139	139	142	143	145	146	149	151	153	153	156	157	157	157	158	158	158	158	158	159	159	159	159	160	160	160	161	161	161	161	162	
163	163	162	160	158	157	157	154	154	152	151	149	149	148	146	145	143	143	140	140	137	137	134	134	130	130	129	127	123	124	120	120	117	117	117	114	113	110	110	106	106	103	103	100	100	100	99	99	99	99	98	98	98	98	97	97	97	97	96	96	95	95	95	95	94	94	95	97	98	100	100	103	103	104	106	107	109	109	112	115	115	115	118	119	121	121	124	123	126	126	128	129	132	133	133	136	137	139	139	142	143	145	146	149	150	153	153	157	157	158	158	158	158	158	159	159	159	159	160	160	160	160	161	161	162	162	162	162	
163	163	162	160	158	157	157	154	154	152	151	149	149	148	146	145	143	143	140	140	137	137	134	134	130	130	129	127	123	124	120	120	117	117	117	114	113	110	110	106	106	103	103	100	100	100	99	99	99	99	98	98	98	98	97	97	97	97	96	96	95	95	95	95	94	94	95	97	98	100	100	103	103	104	106	107	109	109	112	115	115	115	118	119	121	121	124	123	126	126	128	129	132	133	133	136	137	139	139	142	143	145	146	149	150	153	153	157	157	158	158	158	158	158	159	159	159	159	160	160	160	160	161	161	162	162	162	162	
163	163	162	160	158	157	157	154	154	152	151	149	149	148	146	145	143	143	140	140	137	137	134	134	130	130	129	127	123	124	120	120	117	117	117	114	113	110	110	106	106	103	103	100	100	100	99	99	99	99	98	98	98	98	97	97	97	97	96	96	95	95	95	95	94	94	95	97	98	100	100	103	103	104	106	107	109	109	112	115	115	115	118	119	121	121	124	123	126	126	128	129	132	133	133	136	137	139	139	142	143	145	146	149	150	153	153	157	157	158	158	158	158	158	159	159	159	159	160	160	160	160	161	161	162	162	162	162	
163	163	163	161	158	157	157	154	154	152	151	149	149	148	146	145	143	142	139	139	136	137	134	134	131	130	130	127	123	124	121	120	117	117	117	114	113	111	111	107	106	103	102	100	99	99	99	99	98	98	98	98	97	97	97	97	96	96	96	96	95	95	95	94	94	94	94	97	97	99	100	102	102	103	106	106	108	109	111	114	114	115	118	118	121	121	124	123	127	126	128	129	132	133	133	136	137	140	140	143	144	146	147	150	151	153	153	157	158	158	158	159	159	159	159	159	160	160	160	160	161	161	161	161	162	162	162	163	
167	167	166	163	161	160	160	156	156	154	154	150	150	150	147	147	144	144	140	140	137	138	135	134	131	130	130	127	123	123	120	120	117	116	116	112	111	109	109	105	104	101	100	97	96	96	96	96	95	95	94	94	94	94	93	93	93	93	92	92	91	91	91	91	90	90	90	93	94	96	96	99	99	100	103	103	106	106	110	112	112	113	116	117	119	120	123	123	127	127	129	129	133	134	134	137	138	141	141	145	146	148	149	152	153	156	156	160	161	161	161	162	162	162	162	162	163	163	163	163	164	164	165	165	165	166	166	166	
167	167	166	164	162	161	161	156	157	154	154	151	151	150	147	147	144	144	140	141	138	138	135	134	131	130	130	127	122	123	119	119	116	116	115	112	111	108	109	104	103	100	100	97	96	96	95	95	95	95	94	94	93	93	93	93	92	92	92	92	91	91	91	90	90	89	90	93	93	96	96	100	100	101	103	104	106	106	110	112	112	113	116	117	119	119	123	123	127	127	129	129	133	134	134	137	138	141	141	144	145	148	149	153	154	156	156	160	161	161	162	162	162	162	163	163	163	163	164	164	165	165	165	165	166	166	166	167	
167	167	166	164	162	161	161	156	157	154	154	151	151	150	147	147	144	144	140	141	138	138	135	134	131	130	130	127	122	123	119	119	116	116	115	112	111	108	109	104	103	100	100	97	96	96	95	95	95	95	94	94	93	93	93	93	92	92	92	92	91	91	91	90	90	89	90	93	93	96	96	100	100	101	103	104	106	106	110	112	112	113	116	117	119	119	123	123	127	127	129	129	133	134	134	137	138	141	141	144	145	148	149	153	154	156	156	160	161	161	162	162	162	162	163	163	163	163	164	164	165	165	165	165	166	166	166	167	
167	167	166	164	162	161	161	156	157	154	154	151	151	150	147	147	144	144	140	141	138	138	135	134	131	130	130	127	122	123	119	119	116	116	115	112	111	108	109	104	103	100	100	97	96	96	95	95	95	95	94	94	93	93	93	93	92	92	92	92	91	91	91	90	90	89	90	93	93	96	96	100	100	101	103	104	106	106	110	112	112	113	116	117	119	119	123	123	127	127	129	129	133	134	134	137	138	141	141	144	145	148	149	153	154	156	156	160	161	161	162	162	162	162	163	163	163	163	164	164	165	165	165	165	166	166	166	167	
167	167	166	163	161	160	160	156	156	154	153	150	150	150	147	147	144	144	140	140	137	138	135	134	131	130	130	127	122	123	120	119	116	116	116	112	112	109	109	105	104	101	100	97	96	96	96	96	95	95	94	94	94	94	93	93	93	93	92	92	91	91	91	91	90	90	90	93	94	96	96	100	100	101	103	104	106	106	109	112	112	113	116	117	119	120	123	123	127	127	129	129	133	134	134	137	138	141	141	145	145	148	148	152	153	156	156	160	161	161	161	162	162	162	162	162	163	163	164	163	164	164	165	165	165	166	166	166	
171	171	170	167	164	163	163	159	159	157	157	153	153	151	149	148	145	145	141	142	138	138	135	135	131	131	130	127	123	123	120	119	115	115	114	110	109	107	107	102	101	99	98	94	93	93	92	92	92	92	91	91	90	90	89	89	89	89	88	88	87	87	87	87	86	86	86	89	90	93	93	96	96	97	100	100	103	104	108	110	111	111	115	115	118	118	122	122	127	126	129	129	134	134	135	138	139	142	142	146	147	150	151	155	156	159	159	163	164	164	164	165	165	165	166	166	166	166	167	167	168	168	168	169	169	169	169	170	
171	171	171	167	164	164	164	160	160	157	157	153	153	152	149	149	146	145	142	142	138	138	135	135	131	131	130	127	123	123	118	118	115	114	114	110	109	106	106	101	101	98	97	93	92	92	92	92	91	91	90	90	90	90	89	89	88	88	88	88	87	87	87	86	85	85	86	89	89	93	93	96	96	97	100	100	103	104	108	110	111	111	115	115	118	118	122	122	127	126	129	129	134	134	135	138	139	142	142	146	147	150	151	155	156	160	160	164	164	165	165	165	166	166	166	166	167	167	168	168	168	168	169	169	170	170	170	170	
171	171	171	167	164	164	164	160	160	157	157	153	153	152	149	149	146	145	142	142	138	138	135	135	131	131	130	127	123	123	118	118	115	114	114	110	109	106	106	101	101	98	97	93	92	92	92	92	91	91	90	90	90	90	89	89	88	88	88	88	87	87	87	86	85	85	86	89	89	93	93	96	96	97	100	100	103	104	108	110	111	111	115	115	118	118	122	122	127	126	129	129	134	134	135	138	139	142	142	146	147	150	151	155	156	160	160	164	164	165	165	165	166	166	166	166	167	167	168	168	168	168	169	169	170	170	170	170	
171	171	171	167	164	164	164	160	160	157	157	153	153	152	149	149	146	145	142	142	138	138	135	135	131	131	130	127	123	123	118	118	115	114	114	110	109	106	106	101	101	98	97	93	92	92	92	92	91	91	90	90	90	90	89	89	88	88	88	88	87	87	87	86	85	85	86	89	89	93	93	96	96	97	100	100	103	104	108	110	111	111	115	115	118	118	122	122	127	126	129	129	134	134	135	138	139	142	142	146	147	150	151	155	156	160	160	164	164	165	165	165	166	166	166	166	167	167	168	168	168	168	169	169	170	170	170	170	
175	175	174	171	167	166	166	163	163	160	159	155	155	154	151	151	147	147	143	143	139	139	136	136	131	131	130	126	122	123	118	118	114	114	113	108	107	104	104	100	99	95	94	91	90	89	89	89	88	88	87	87	87	86	86	86	85	85	84	84	84	83	83	83	82	82	82	86	86	90	90	93	93	94	97	98	101	102	105	109	110	110	113	114	117	118	122	122	126	126	130	130	134	134	135	139	140	144	144	148	149	152	153	157	159	162	162	167	167	168	168	169	169	169	170	170	170	170	171	171	172	172	172	173	173	173	173	174	
175	175	175	172	168	167	167	163	164	160	160	156	156	155	151	151	147	147	143	144	139	140	136	136	131	131	131	126	122	123	118	118	113	113	113	108	107	103	103	99	98	94	94	90	89	89	88	88	88	88	87	87	86	86	85	85	85	85	84	84	83	83	83	82	82	81	82	85	86	90	90	93	93	94	97	98	101	102	106	110	110	110	113	114	117	118	122	121	126	126	129	130	133	134	134	139	140	144	144	148	149	153	154	157	158	163	163	167	168	168	168	169	169	169	170	170	171	171	172	171	172	172	173	173	174	174	174	175	
175	175	175	172	168	167	167	163	164	160	160	156	156	155	151	151	147	147	143	144	139	140	136	136	131	131	131	126	122	123	118	118	113	113	113	108	107	103	103	99	98	94	94	90	89	89	88	88	88	88	87	87	86	86	85	85	85	85	84	84	83	83	83	82	82	81	82	85	86	90	90	93	93	94	97	98	101	102	106	110	110	110	113	114	117	118	122	121	126	126	129	130	133	134	134	139	140	144	144	148	149	153	154	157	158	163	163	167	168	168	168	169	169	169	170	170	171	171	172	171	172	172	173	173	174	174	174	175	
175	175	175	172	168	167	167	163	164	160	160	156	156	155	151	151	147	147	143	144	139	140	136	136	131	131	131	126	122	123	118	118	113	113	113	108	107	103	103	99	98	94	94	90	89	89	88	88	88	88	87	87	86	86	85	85	85	85	84	84	83	83	83	82	82	81	82	85	86	90	90	93	93	94	97	98	101	102	106	110	110	110	113	114	117	118	122	121	126	126	129	130	133	134	134	139	140	144	144	148	149	153	154	157	158	163	163	167	168	168	168	169	169	169	170	170	171	171	172	171	172	172	173	173	174	174	174	175	
176	176	175	172	169	167	167	163	164	160	160	156	156	155	152	151	148	147	143	143	139	140	136	136	132	131	131	126	122	122	118	118	113	113	113	108	107	103	103	99	98	94	93	90	89	89	88	88	87	87	86	86	86	85	85	85	84	84	83	83	83	83	82	82	81	81	81	85	85	89	89	92	92	93	97	98	101	101	105	109	109	110	113	114	117	118	122	122	126	126	129	130	134	134	134	140	140	144	144	149	149	153	154	158	159	163	163	168	168	169	169	170	170	170	171	171	171	171	172	172	173	173	174	174	174	174	174	175	
180	180	179	176	172	171	171	167	167	163	163	159	159	158	154	153	150	150	145	145	141	141	137	136	131	131	130	126	121	122	116	116	111	111	111	106	105	101	101	95	95	91	90	86	85	85	84	84	84	84	83	83	82	82	81	81	80	80	79	79	79	79	78	78	77	77	77	81	82	86	86	90	90	91	94	95	99	99	104	108	108	108	112	113	116	117	121	120	126	126	129	130	134	135	135	140	141	145	145	150	151	155	156	160	161	165	165	171	172	172	172	173	173	173	174	174	175	175	176	176	177	177	177	177	178	178	178	179	
180	180	179	176	172	171	171	167	167	163	163	159	159	158	154	153	150	150	145	145	141	141	137	136	131	131	130	126	121	122	116	116	111	111	111	106	105	101	101	95	95	91	90	86	85	85	84	84	84	84	83	83	82	82	81	81	80	80	79	79	79	79	78	78	77	77	77	81	82	86	86	90	90	91	94	95	99	99	104	108	108	108	112	113	116	117	121	120	126	126	129	130	134	135	135	140	141	145	145	150	151	155	156	160	161	165	165	171	172	172	172	173	173	173	174	174	175	175	176	176	177	177	177	177	178	178	178	179	
180	180	179	176	172	171	171	167	167	163	163	159	159	158	154	153	150	150	145	145	141	141	137	136	131	131	130	126	121	122	116	116	111	111	111	106	105	101	101	95	95	91	90	86	85	85	84	84	84	84	83	83	82	82	81	81	80	80	79	79	79	79	78	78	77	77	77	81	82	86	86	90	90	91	94	95	99	99	104	108	108	108	112	113	116	117	121	120	126	126	129	130	134	135	135	140	141	145	145	150	151	155	156	160	161	165	165	171	172	172	172	173	173	173	174	174	175	175	176	176	177	177	177	177	178	178	178	179	
179	179	179	175	172	170	170	166	166	163	162	158	158	157	153	153	149	149	144	145	140	141	137	136	131	131	130	126	121	121	117	117	112	112	111	106	105	101	101	96	95	92	91	87	86	86	85	85	84	84	83	83	82	82	81	81	81	81	80	80	79	79	79	78	77	77	78	82	82	86	86	90	90	91	94	95	99	99	104	107	108	108	112	113	116	117	121	121	126	126	129	130	134	135	135	140	141	145	145	150	151	155	155	160	161	165	165	171	171	172	172	173	173	173	174	174	174	174	175	175	176	176	177	177	178	178	178	179	
184	184	183	179	175	174	174	170	170	165	165	161	161	160	156	155	151	151	146	146	141	142	138	137	132	131	131	126	121	122	116	116	110	110	110	105	103	99	99	94	93	89	87	83	82	82	81	81	80	80	79	79	78	78	77	77	76	76	75	75	75	74	74	74	73	73	73	77	78	82	82	86	86	88	92	92	96	96	101	105	106	106	110	111	115	116	120	120	126	125	130	131	135	136	136	142	143	147	147	152	153	157	159	163	165	169	169	174	175	176	176	177	177	177	178	178	179	179	180	179	180	180	181	181	182	182	182	183	
185	185	184	180	176	174	175	170	170	166	165	161	161	160	156	156	151	151	147	147	141	142	138	137	132	132	131	126	121	121	116	115	110	110	110	104	103	99	99	93	93	88	87	82	81	81	80	80	79	80	79	79	78	78	77	77	76	76	75	75	74	74	74	73	72	72	73	77	77	82	82	86	86	88	91	92	96	96	101	105	106	106	110	111	115	115	120	120	126	125	130	130	135	136	136	142	143	147	147	152	153	157	159	163	165	169	169	175	176	176	176	177	177	177	178	178	179	179	180	180	181	181	182	182	183	183	183	184	
185	185	184	180	176	174	175	170	170	166	165	161	161	160	156	156	151	151	147	147	141	142	138	137	132	132	131	126	121	121	116	115	110	110	110	104	103	99	99	93	93	88	87	82	81	81	80	80	79	80	79	79	78	78	77	77	76	76	75	75	74	74	74	73	72	72	73	77	77	82	82	86	86	88	91	92	96	96	101	105	106	106	110	111	115	115	120	120	126	125	130	130	135	136	136	142	143	147	147	152	153	157	159	163	165	169	169	175	176	176	176	177	177	177	178	178	179	179	180	180	181	181	182	182	183	183	183	184	
185	185	184	180	176	174	175	170	170	166	165	161	161	160	156	156	151	151	147	147	141	142	138	137	132	132	131	126	121	121	116	115	110	110	110	104	103	99	99	93	93	88	87	82	81	81	80	80	79	80	79	79	78	78	77	77	76	76	75	75	74	74	74	73	72	72	73	77	77	82	82	86	86	88	91	92	96	96	101	105	106	106	110	111	115	115	120	120	126	125	130	130	135	136	136	142	143	147	147	152	153	157	159	163	165	169	169	175	176	176	176	177	177	177	178	178	179	179	180	180	181	181	182	182	183	183	183	184	
184	184	183	179	175	173	174	170	170	165	165	161	161	160	156	155	151	151	147	146	141	142	138	137	132	131	131	126	121	121	116	116	110	110	110	105	103	99	99	94	93	88	87	83	82	82	81	81	80	80	79	79	78	78	77	77	76	76	75	75	75	75	74	74	73	73	73	77	78	82	83	86	86	88	92	92	96	96	101	105	106	106	110	111	115	116	120	120	126	125	130	131	135	136	136	142	143	147	147	152	153	157	158	163	165	169	169	174	175	176	176	177	177	177	178	178	179	179	180	179	180	180	181	181	182	182	182	183	
188	188	187	183	179	178	178	172	172	168	168	163	163	162	158	157	153	152	147	147	142	143	138	138	133	132	132	126	120	121	115	115	110	109	109	102	101	97	97	91	90	86	85	80	78	78	77	77	76	77	76	76	75	74	73	73	72	72	72	72	71	70	70	70	69	68	69	74	74	78	78	83	83	85	89	89	93	94	99	103	104	104	109	110	114	114	119	120	126	125	129	130	135	137	137	142	144	148	148	154	155	159	161	166	168	172	172	178	179	179	179	180	180	180	181	181	182	182	183	183	184	184	185	185	186	186	186	187	
189	189	188	184	180	178	178	173	173	169	168	163	163	162	158	157	153	153	147	147	142	143	138	138	132	132	131	126	120	120	115	114	109	109	108	102	101	97	97	90	89	85	84	79	78	78	77	77	76	76	75	75	74	74	73	73	72	72	71	71	70	70	70	69	68	68	68	73	74	77	78	83	83	85	89	89	93	94	99	103	103	104	109	110	114	114	119	120	126	125	129	130	135	136	137	143	144	148	148	154	155	159	160	166	168	172	172	178	179	180	180	181	181	181	182	182	183	183	184	184	185	185	186	186	187	187	187	188	
189	189	188	184	180	178	178	173	173	169	168	163	163	162	158	157	153	153	147	147	142	143	138	138	132	132	131	126	120	120	115	114	109	109	108	102	101	97	97	90	89	85	84	79	78	78	77	77	76	76	75	75	74	74	73	73	72	72	71	71	70	70	70	69	68	68	68	73	74	77	78	83	83	85	89	89	93	94	99	103	103	104	109	110	114	114	119	120	126	125	129	130	135	136	137	143	144	148	148	154	155	159	160	166	168	172	172	178	179	180	180	181	181	181	182	182	183	183	184	184	185	185	186	186	187	187	187	188	
189	189	188	184	180	178	178	173	173	169	168	163	163	162	158	157	153	153	147	147	142	143	138	138	132	132	131	126	120	120	115	114	109	109	108	102	101	97	97	90	89	85	84	79	78	78	77	77	76	76	75	75	74	74	73	73	72	72	71	71	70	70	70	69	68	68	68	73	74	77	78	83	83	85	89	89	93	94	99	103	103	104	109	110	114	114	119	120	126	125	129	130	135	136	137	143	144	148	148	154	155	159	160	166	168	172	172	178	179	180	180	181	181	181	182	182	183	183	184	184	185	185	186	186	187	187	187	188	
192	192	191	187	182	181	181	175	175	171	170	166	165	164	160	159	155	154	148	148	143	143	139	139	133	132	132	126	119	120	114	114	108	108	107	101	99	95	95	89	87	83	82	76	75	75	74	74	73	73	72	72	71	71	70	70	69	69	68	68	67	67	66	65	65	64	65	70	70	74	75	80	80	82	86	87	91	92	97	101	102	103	108	109	113	113	119	119	126	125	130	130	136	137	138	143	144	149	150	156	157	161	162	168	170	175	175	181	182	182	183	184	184	184	185	185	186	186	187	187	188	188	189	189	190	190	190	191	
193	193	192	188	183	182	182	176	176	172	171	166	166	165	160	159	155	154	149	149	143	144	139	139	133	132	132	126	120	120	114	114	108	107	106	100	99	95	95	88	86	82	81	75	74	74	73	73	72	72	71	71	70	70	69	69	68	68	67	67	66	66	65	65	64	63	64	69	69	74	74	79	79	81	85	87	90	91	96	101	102	102	108	108	113	113	119	119	126	125	130	130	136	137	138	143	145	150	150	156	157	162	163	169	171	176	176	182	183	183	184	185	185	185	186	186	187	187	188	188	189	189	190	190	191	191	191	192	
193	193	192	187	183	182	182	176	176	172	171	166	166	164	160	159	155	154	149	149	143	144	139	138	133	132	131	126	120	120	114	113	108	107	106	101	99	95	95	88	87	82	81	76	75	74	73	73	72	73	72	71	70	70	69	69	68	68	67	67	66	66	66	65	64	64	64	69	70	74	75	80	80	82	86	87	91	92	97	102	102	103	108	109	113	114	119	119	125	125	130	130	136	137	137	143	144	149	150	156	157	161	163	168	170	175	176	182	182	183	183	184	184	184	185	185	186	186	187	187	188	188	189	190	190	191	191	192	
193	193	192	187	183	182	182	176	176	172	171	166	166	164	160	159	155	154	149	149	143	144	139	138	133	132	131	126	120	120	114	113	108	107	106	101	99	95	95	88	87	82	81	76	75	74	73	73	72	73	72	71	70	70	69	69	68	68	67	67	66	66	66	65	64	64	64	69	70	74	75	80	80	82	86	87	91	92	97	102	102	103	108	109	113	114	119	119	125	125	130	130	136	137	137	143	144	149	150	156	157	161	163	168	170	175	176	182	182	183	183	184	184	184	185	185	186	186	187	187	188	188	189	190	190	191	191	192	
193	193	192	188	183	182	182	176	176	172	171	166	166	165	161	159	155	154	149	149	143	144	139	139	133	132	132	126	120	120	114	114	108	107	106	101	99	95	95	88	87	82	81	75	74	74	73	73	72	72	71	71	70	70	69	69	68	68	67	67	66	66	65	65	64	63	64	69	69	74	74	79	79	81	86	87	90	91	96	101	102	102	107	108	113	113	119	119	126	125	130	131	136	137	138	144	145	150	150	156	157	162	163	169	171	176	176	182	183	183	184	185	185	185	186	186	187	187	188	188	189	189	190	190	191	191	191	192	
197	197	196	191	187	185	185	179	179	175	174	169	168	167	162	161	156	156	150	150	144	145	140	140	133	132	131	125	119	120	113	113	106	106	105	98	97	92	92	85	84	79	78	72	71	71	70	70	69	69	68	68	67	67	66	65	64	64	63	63	62	62	62	61	60	60	60	66	66	71	71	77	77	78	83	84	89	89	95	100	101	101	106	107	112	113	118	118	125	124	129	130	136	137	138	144	145	150	151	157	159	164	165	171	173	178	178	185	186	187	187	188	188	188	189	189	190	190	191	191	192	192	193	194	194	195	195	196	
197	197	197	192	187	185	185	180	180	175	174	169	169	167	163	162	157	156	151	151	145	145	140	139	133	132	131	125	119	119	113	112	106	105	104	98	97	92	92	85	83	78	77	72	71	71	70	69	68	68	67	67	66	66	65	65	64	64	63	63	62	62	62	61	60	59	60	65	66	71	71	76	76	78	83	84	88	89	95	100	100	101	106	107	112	113	118	118	125	124	129	130	136	137	137	144	145	150	151	157	158	164	165	171	173	178	178	185	186	187	187	188	188	189	190	190	191	191	192	192	193	193	194	194	195	195	195	196	
197	197	197	192	187	185	185	180	180	175	174	169	169	167	163	162	157	156	151	151	145	145	140	139	133	132	131	125	119	119	113	112	106	105	104	98	97	92	92	85	83	78	77	72	71	71	70	69	68	68	67	67	66	66	65	65	64	64	63	63	62	62	62	61	60	59	60	65	66	71	71	76	76	78	83	84	88	89	95	100	100	101	106	107	112	113	118	118	125	124	129	130	136	137	137	144	145	150	151	157	158	164	165	171	173	178	178	185	186	187	187	188	188	189	190	190	191	191	192	192	193	193	194	194	195	195	195	196	
197	197	196	191	186	185	185	179	179	175	174	169	168	167	163	161	157	156	150	151	144	145	140	140	133	132	131	125	119	119	113	113	106	106	105	99	97	92	92	85	84	79	78	73	71	71	70	70	69	69	68	68	67	67	66	65	64	65	63	63	62	62	62	61	60	60	60	66	66	71	71	77	77	78	83	84	89	89	95	100	101	101	106	107	112	113	118	119	125	124	130	130	136	137	138	144	145	150	151	157	159	164	165	171	173	178	178	185	186	187	187	188	188	188	189	189	190	190	191	191	192	192	193	194	194	195	195	196	
198	198	197	192	187	185	186	180	180	175	174	169	169	167	163	162	157	156	150	151	144	145	140	140	133	132	131	125	119	119	113	112	106	105	104	98	97	92	92	84	83	78	77	71	70	70	69	69	68	68	67	67	66	66	65	64	63	63	62	62	61	61	61	60	59	59	59	65	65	70	70	76	76	78	82	84	88	89	94	100	100	101	106	107	112	112	118	118	125	124	130	130	136	137	138	145	146	151	151	157	159	164	165	172	174	179	179	186	187	187	188	189	189	189	190	190	191	191	192	192	193	193	194	194	195	196	196	197	
202	202	201	196	191	189	189	183	183	178	177	172	171	170	165	164	159	158	152	152	146	146	141	140	133	132	131	125	118	118	112	111	105	104	103	96	95	90	90	82	81	76	75	68	67	67	66	65	64	64	63	63	62	62	61	61	60	60	59	59	57	57	57	56	55	55	56	61	62	67	67	73	73	75	80	81	86	86	92	98	98	99	104	106	110	111	117	117	125	125	130	131	137	138	139	145	147	152	153	159	161	166	167	174	176	181	182	189	190	191	191	192	192	192	194	194	195	195	196	196	197	197	198	198	199	200	200	201	
202	202	201	196	191	189	189	183	183	178	177	172	171	170	165	164	159	158	152	152	146	146	141	140	133	132	131	125	118	118	112	111	105	104	103	96	95	90	90	82	81	76	75	68	67	67	66	65	64	64	63	63	62	62	61	61	60	60	59	59	57	57	57	56	55	55	56	61	62	67	67	73	73	75	80	81	86	86	92	98	98	99	104	106	110	111	117	117	125	125	130	131	137	138	139	145	147	152	153	159	161	166	167	174	176	181	182	189	190	191	191	192	192	192	194	194	195	195	196	196	197	197	198	198	199	200	200	201	
202	202	201	196	191	189	189	183	183	178	177	172	171	170	165	164	159	158	152	152	146	146	141	140	133	132	131	125	118	118	112	111	105	104	103	96	95	90	90	82	81	76	75	68	67	67	66	65	64	64	63	63	62	62	61	61	60	60	59	59	57	57	57	56	55	55	56	61	62	67	67	73	73	75	80	81	86	86	92	98	98	99	104	106	110	111	117	117	125	125	130	131	137	138	139	145	147	152	153	159	161	166	167	174	176	181	182	189	190	191	191	192	192	192	194	194	195	195	196	196	197	197	198	198	199	200	200	201	
203	203	201	196	191	189	189	183	183	178	177	172	171	170	165	164	159	158	152	152	146	146	140	141	133	132	132	125	118	119	112	111	105	104	103	97	95	90	90	82	81	76	74	68	66	66	65	65	64	64	63	63	62	61	60	60	59	59	58	58	57	57	56	56	55	54	55	61	61	66	67	73	73	74	79	80	85	86	92	97	98	98	104	105	110	111	117	117	126	125	130	131	138	139	139	146	148	153	153	160	161	166	168	175	177	182	182	190	190	191	192	193	193	193	194	194	195	195	196	196	198	198	199	199	200	200	200	201	
206	206	205	200	194	192	193	186	186	180	180	174	174	172	167	166	160	160	153	153	146	147	141	141	133	133	132	125	118	118	110	110	103	103	102	95	94	87	87	79	78	72	71	64	63	63	62	62	60	60	59	59	58	58	57	56	55	55	54	54	53	53	53	51	50	50	51	57	57	63	63	69	69	71	77	78	83	84	90	96	96	97	103	104	110	110	117	117	125	124	130	131	138	139	140	147	149	154	154	161	163	169	170	177	179	186	186	193	194	195	195	196	196	196	198	198	199	199	200	200	201	201	202	203	204	204	204	205	
206	206	205	200	194	192	192	186	186	180	180	174	174	172	167	166	160	160	153	153	146	147	141	141	133	133	132	125	118	118	110	110	103	103	102	95	94	87	87	80	79	73	71	65	63	63	62	62	61	61	60	60	58	58	57	57	56	56	55	55	53	53	53	52	51	51	52	57	58	64	64	70	70	72	77	79	83	84	90	96	96	97	103	104	110	111	117	117	124	124	131	131	138	139	139	147	148	154	154	161	162	168	170	177	179	185	185	192	193	194	195	196	196	196	197	197	198	198	200	200	201	201	202	202	203	204	204	205	
206	206	205	200	194	192	192	186	186	180	180	174	174	172	167	166	160	160	153	153	146	147	141	141	133	133	132	125	118	118	110	110	103	103	102	95	94	87	87	80	79	73	71	65	63	63	62	62	61	61	60	60	58	58	57	57	56	56	55	55	53	53	53	52	51	51	52	57	58	64	64	70	70	72	77	79	83	84	90	96	96	97	103	104	110	111	117	117	124	124	131	131	138	139	139	147	148	154	154	161	162	168	170	177	179	185	185	192	193	194	195	196	196	196	197	197	198	198	200	200	201	201	202	202	203	204	204	205	
206	206	205	200	194	192	192	186	186	180	180	174	174	172	167	166	160	160	153	153	146	147	141	141	133	133	132	125	118	118	110	110	103	103	102	95	94	87	87	80	79	73	71	65	63	63	62	62	61	61	60	60	58	58	57	57	56	56	55	55	53	53	53	52	51	51	52	57	58	64	64	70	70	72	77	79	83	84	90	96	96	97	103	104	110	111	117	117	124	124	131	131	138	139	139	147	148	154	154	161	162	168	170	177	179	185	185	192	193	194	195	196	196	196	197	197	198	198	200	200	201	201	202	202	203	204	204	205	
206	206	205	200	194	192	193	186	186	180	180	174	174	172	168	166	161	160	153	153	146	147	141	141	133	133	132	125	117	118	110	110	103	103	102	95	94	87	88	79	78	72	71	64	63	63	62	62	60	60	59	59	58	58	57	56	55	55	54	54	53	53	53	51	50	50	51	57	57	63	63	69	69	72	77	78	83	84	90	96	96	96	103	104	110	110	117	117	125	124	130	131	139	140	140	147	149	154	154	161	162	168	170	177	179	186	186	193	194	195	195	196	196	196	198	198	199	199	200	200	201	201	202	203	204	204	204	205	
211	211	209	204	198	196	196	189	189	183	183	176	176	174	169	168	162	161	154	155	147	148	142	142	134	133	133	125	117	117	110	110	102	101	100	93	91	85	86	77	75	69	68	61	60	59	58	58	57	57	56	56	54	54	53	53	51	52	50	50	49	49	49	47	46	46	47	53	53	59	59	66	66	68	74	75	80	81	88	94	94	95	102	103	109	109	116	116	125	124	130	131	139	140	140	148	149	155	156	163	164	171	172	180	182	188	188	197	197	198	199	200	200	200	201	201	203	203	204	204	205	205	206	207	208	208	208	209	
210	210	209	203	198	196	196	188	189	183	182	176	176	174	169	168	162	162	154	154	147	148	142	142	133	133	132	125	116	117	109	109	102	101	101	93	92	85	86	77	76	70	68	61	60	60	59	59	57	57	56	56	55	54	53	53	52	52	51	51	49	49	49	48	47	46	47	53	54	60	60	67	67	69	74	76	81	81	88	94	94	95	102	103	109	109	116	116	125	124	130	130	139	140	140	148	149	155	155	163	164	170	172	179	182	188	188	196	197	198	198	199	200	200	201	201	202	202	203	203	205	205	206	206	207	208	208	209	
210	210	209	203	198	196	196	188	189	183	182	176	176	174	169	168	162	162	154	154	147	148	142	142	133	133	132	125	116	117	109	109	102	101	101	93	92	85	86	77	76	70	68	61	60	60	59	59	57	57	56	56	55	54	53	53	52	52	51	51	49	49	49	48	47	46	47	53	54	60	60	67	67	69	74	76	81	81	88	94	94	95	102	103	109	109	116	116	125	124	130	130	139	140	140	148	149	155	155	163	164	170	172	179	182	188	188	196	197	198	198	199	200	200	201	201	202	202	203	203	205	205	206	206	207	208	208	209	
210	210	209	203	198	196	196	188	189	183	182	176	176	174	169	168	162	162	154	154	147	148	142	142	133	133	132	125	116	117	109	109	102	101	101	93	92	85	86	77	76	70	68	61	60	60	59	59	57	57	56	56	55	54	53	53	52	52	51	51	49	49	49	48	47	46	47	53	54	60	60	67	67	69	74	76	81	81	88	94	94	95	102	103	109	109	116	116	125	124	130	130	139	140	140	148	149	155	155	163	164	170	172	179	182	188	188	196	197	198	198	199	200	200	201	201	202	202	203	203	205	205	206	206	207	208	208	209	
214	214	213	207	201	199	199	192	192	186	186	179	179	177	171	170	164	163	156	156	148	149	143	142	134	133	132	125	116	117	109	109	101	100	99	91	90	83	84	74	73	67	65	58	57	56	55	55	54	54	52	52	51	51	49	49	48	48	47	47	46	45	45	44	43	42	43	50	51	56	57	63	63	66	71	72	78	79	87	93	93	94	100	102	108	108	115	116	125	124	130	131	139	140	140	148	150	156	156	165	166	173	174	182	184	190	191	199	200	201	202	203	203	203	204	205	206	206	207	207	208	209	210	210	211	212	212	213	
215	215	213	207	201	199	200	192	192	186	186	179	179	177	171	170	164	163	156	156	148	149	143	142	134	133	132	125	116	117	109	109	100	99	99	91	89	83	83	74	72	66	65	58	56	56	55	55	53	53	52	52	51	50	49	49	48	48	46	46	45	45	45	43	42	42	43	50	50	56	56	63	63	65	71	72	78	79	86	92	92	94	100	101	107	108	116	115	124	123	130	131	139	140	140	148	150	156	156	165	166	173	175	182	185	191	191	200	201	202	202	203	203	204	205	205	206	206	208	207	209	209	210	210	212	212	212	213	
215	215	213	207	201	199	200	192	192	186	186	179	179	177	171	170	164	163	156	156	148	149	143	142	134	133	132	125	116	117	109	109	100	99	99	91	89	83	83	74	72	66	65	58	56	56	55	55	53	53	52	52	51	50	49	49	48	48	46	46	45	45	45	43	42	42	43	50	50	56	56	63	63	65	71	72	78	79	86	92	92	94	100	101	107	108	116	115	124	123	130	131	139	140	140	148	150	156	156	165	166	173	175	182	185	191	191	200	201	202	202	203	203	204	205	205	206	206	208	207	209	209	210	210	212	212	212	213	
215	215	213	207	201	199	200	192	192	186	186	179	179	177	171	170	164	163	156	156	148	149	143	142	134	133	132	125	116	117	109	109	100	99	99	91	89	83	83	74	72	66	65	58	56	56	55	55	53	53	52	52	51	50	49	49	48	48	46	46	45	45	45	43	42	42	43	50	50	56	56	63	63	65	71	72	78	79	86	92	92	94	100	101	107	108	116	115	124	123	130	131	139	140	140	148	150	156	156	165	166	173	175	182	185	191	191	200	201	202	202	203	203	204	205	205	206	206	208	207	209	209	210	210	212	212	212	213	
215	215	214	208	202	200	200	193	193	187	186	179	179	177	171	170	164	163	156	156	149	149	143	143	134	133	132	125	117	117	109	109	100	99	99	90	89	83	83	74	72	66	64	57	56	55	54	54	53	53	52	51	50	50	48	48	47	47	46	46	44	44	44	43	42	41	42	49	50	55	56	62	62	65	71	72	78	79	86	92	92	94	100	101	107	108	115	116	124	123	130	131	139	140	141	148	151	157	157	165	167	173	175	183	185	191	192	200	201	202	202	204	204	204	205	205	207	207	208	208	209	210	211	211	212	213	213	214	
219	219	218	212	206	203	204	196	196	190	189	182	182	180	173	172	165	165	157	158	150	150	144	143	134	133	132	124	116	117	108	108	99	98	97	88	86	80	80	71	70	63	61	54	52	52	51	51	49	49	48	48	46	46	45	45	43	43	42	42	41	40	40	39	38	37	38	46	46	52	52	60	59	62	68	69	75	76	84	91	91	92	99	100	106	107	115	114	124	123	130	131	139	141	141	149	151	158	158	167	169	175	177	185	188	194	194	203	205	206	206	207	207	208	209	209	210	210	212	212	213	213	215	215	216	217	217	218	
219	219	218	212	206	203	204	196	196	190	189	182	182	180	173	172	165	165	157	158	150	150	144	143	134	133	132	124	116	117	108	108	99	98	97	88	86	80	80	71	70	63	61	54	52	52	51	51	49	49	48	48	46	46	45	45	43	43	42	42	41	40	40	39	38	37	38	46	46	52	52	60	59	62	68	69	75	76	84	91	91	92	99	100	106	107	115	114	124	123	130	131	139	141	141	149	151	158	158	167	169	175	177	185	188	194	194	203	205	206	206	207	207	208	209	209	210	210	212	212	213	213	215	215	216	217	217	218	
219	219	218	212	206	203	204	196	196	190	189	182	182	180	173	172	165	165	157	158	150	150	144	143	134	133	132	124	116	117	108	108	99	98	97	88	86	80	80	71	70	63	61	54	52	52	51	51	49	49	48	48	46	46	45	45	43	43	42	42	41	40	40	39	38	37	38	46	46	52	52	60	59	62	68	69	75	76	84	91	91	92	99	100	106	107	115	114	124	123	130	131	139	141	141	149	151	158	158	167	169	175	177	185	188	194	194	203	205	206	206	207	207	208	209	209	210	210	212	212	213	213	215	215	216	217	217	218	
220	220	218	212	206	204	204	196	196	190	190	182	182	180	174	172	166	165	157	157	150	151	144	143	135	134	133	124	116	116	108	107	99	98	97	89	87	80	80	71	69	63	61	54	52	52	50	50	49	49	47	47	46	46	44	44	43	43	41	41	40	40	40	38	37	37	38	45	45	51	52	59	59	61	68	69	75	76	84	90	90	92	99	100	106	107	114	115	124	123	130	131	139	141	141	150	151	158	158	168	169	176	177	185	189	195	195	204	205	206	206	208	208	208	209	210	211	211	212	212	214	214	215	215	217	217	217	218	
224	224	222	216	209	207	207	199	199	193	192	184	184	182	175	174	168	167	159	159	151	152	144	144	135	134	133	125	115	116	107	107	98	97	96	86	85	78	78	68	66	60	58	51	48	48	47	47	45	45	44	44	42	42	40	40	39	39	38	38	36	36	36	34	33	33	34	41	42	48	48	56	56	58	64	66	73	73	82	88	89	90	97	99	105	106	114	114	124	123	130	131	140	141	142	150	152	160	160	170	171	178	180	189	192	198	198	207	209	210	210	211	211	212	213	213	215	214	216	216	218	218	219	219	221	221	221	222	
223	223	222	215	209	207	207	199	199	193	192	184	184	182	175	174	167	167	158	159	151	152	144	144	134	133	133	124	115	116	107	107	97	96	96	87	85	78	79	68	67	60	59	50	49	49	47	47	46	46	44	44	43	42	41	41	39	40	38	38	37	36	36	35	34	33	34	42	42	49	49	57	56	59	65	67	73	74	83	89	89	90	97	99	105	106	114	114	124	123	130	131	140	142	142	150	152	159	159	169	171	177	179	187	191	197	197	207	208	209	209	211	211	211	213	213	214	214	216	215	217	217	219	219	220	221	221	222	
223	223	222	215	209	207	207	199	199	193	192	184	184	182	175	174	167	167	158	159	151	152	144	144	134	133	133	124	115	116	107	107	97	96	96	87	85	78	79	68	67	60	59	50	49	49	47	47	46	46	44	44	43	42	41	41	39	40	38	38	37	36	36	35	34	33	34	42	42	49	49	57	56	59	65	67	73	74	83	89	89	90	97	99	105	106	114	114	124	123	130	131	140	142	142	150	152	159	159	169	171	177	179	187	191	197	197	207	208	209	209	211	211	211	213	213	214	214	216	215	217	217	219	219	220	221	221	222	
223	223	222	215	209	207	207	199	199	193	192	184	184	182	175	174	167	167	158	159	151	152	144	144	134	133	133	124	115	116	107	107	97	96	96	87	85	78	79	68	67	60	59	50	49	49	47	47	46	46	44	44	43	42	41	41	39	40	38	38	37	36	36	35	34	33	34	42	42	49	49	57	56	59	65	67	73	74	83	89	89	90	97	99	105	106	114	114	124	123	130	131	140	142	142	150	152	159	159	169	171	177	179	187	191	197	197	207	208	209	209	211	211	211	213	213	214	214	216	215	217	217	219	219	220	221	221	222	
224	224	222	216	209	207	207	199	199	193	192	184	184	182	175	174	168	167	159	159	151	152	144	144	135	134	133	124	115	116	107	107	98	97	96	87	85	78	79	68	67	60	58	51	48	48	47	47	45	45	44	44	42	42	40	40	39	39	38	38	36	36	36	34	33	33	34	41	42	48	48	56	56	58	64	66	73	73	82	88	88	90	97	99	105	106	114	114	124	123	131	131	140	142	142	151	152	160	160	170	171	178	180	188	191	198	198	207	209	210	210	211	211	212	213	213	215	214	216	216	218	218	219	219	221	221	221	222	
227	227	225	219	212	209	209	201	201	195	194	186	186	184	177	176	169	168	160	160	151	152	145	145	135	134	134	124	115	115	106	106	97	96	95	86	84	77	77	67	65	58	56	48	46	46	44	44	43	43	41	41	40	39	38	38	36	36	35	35	33	33	33	31	30	30	31	38	38	46	46	54	54	56	63	64	71	72	80	87	88	88	96	97	105	106	113	114	124	123	131	132	141	142	142	152	153	161	161	171	172	180	181	190	193	201	201	210	211	212	212	214	214	214	216	216	217	217	219	219	220	221	222	222	223	224	224	225	
228	228	226	219	213	210	210	202	202	195	195	186	186	184	177	176	169	168	160	160	151	152	145	145	135	134	133	124	114	115	106	106	96	95	95	85	83	76	76	66	64	57	55	47	45	45	44	44	42	42	41	41	39	39	37	37	36	36	34	34	33	32	32	31	30	29	30	38	38	45	45	54	53	56	63	64	71	72	80	87	87	89	96	98	105	105	114	113	123	122	131	131	140	142	142	152	153	161	161	170	172	180	182	190	193	201	201	210	211	213	213	214	215	215	216	216	218	218	219	219	221	221	222	223	224	224	224	226	
228	228	226	219	213	210	210	202	202	195	195	186	186	184	177	176	169	168	160	160	151	152	145	145	135	134	133	124	114	115	106	106	96	95	95	85	83	76	76	66	64	57	55	47	45	45	44	44	42	42	41	41	39	39	37	37	36	36	34	34	33	32	32	31	30	29	30	38	38	45	45	54	53	56	63	64	71	72	80	87	87	89	96	98	105	105	114	113	123	122	131	131	140	142	142	152	153	161	161	170	172	180	182	190	193	201	201	210	211	213	213	214	215	215	216	216	218	218	219	219	221	221	222	223	224	224	224	226	
228	228	226	219	213	210	210	202	202	195	195	186	186	184	177	176	169	168	160	160	151	152	145	145	135	134	133	124	114	115	106	106	96	95	95	85	83	76	76	66	64	57	55	47	45	45	44	44	42	42	41	41	39	39	37	37	36	36	34	34	33	32	32	31	30	29	30	38	38	45	45	54	53	56	63	64	71	72	80	87	87	89	96	98	105	105	114	113	123	122	131	131	140	142	142	152	153	161	161	170	172	180	182	190	193	201	201	210	211	213	213	214	215	215	216	216	218	218	219	219	221	221	222	223	224	224	224	226	
228	228	226	220	213	210	210	202	202	195	195	186	186	184	178	176	169	168	160	160	151	152	145	145	135	134	133	124	114	115	106	105	96	95	95	85	83	76	76	66	64	57	55	47	45	45	43	43	42	42	40	40	39	38	37	37	35	35	34	34	32	32	32	30	29	29	30	37	38	45	45	53	53	55	63	64	70	71	80	87	87	88	96	97	104	105	113	114	123	122	131	131	141	142	142	152	153	161	161	171	172	180	182	191	193	201	201	211	212	213	213	215	215	215	217	217	218	218	220	220	221	221	223	223	224	225	225	226	
232	232	231	224	217	214	214	205	206	198	198	189	189	187	180	179	171	170	162	162	153	154	146	145	135	134	133	123	113	114	104	104	94	93	93	83	81	73	74	63	61	53	52	43	42	42	40	40	38	38	37	37	35	35	33	33	31	32	30	30	28	28	28	26	25	24	26	34	35	42	42	50	50	53	60	61	68	69	78	85	85	87	95	97	103	104	113	112	123	122	130	131	141	143	143	152	154	162	162	172	174	181	183	193	196	203	203	214	215	217	217	218	219	219	220	220	222	222	224	223	225	225	227	227	228	229	229	231	
232	232	231	224	217	214	214	205	206	198	198	189	189	187	180	179	171	170	162	162	153	154	146	145	135	134	133	123	113	114	104	104	94	93	93	83	81	73	74	63	61	53	52	43	42	42	40	40	38	38	37	37	35	35	33	33	31	32	30	30	28	28	28	26	25	24	26	34	35	42	42	50	50	53	60	61	68	69	78	85	85	87	95	97	103	104	113	112	123	122	130	131	141	143	143	152	154	162	162	172	174	181	183	193	196	203	203	214	215	217	217	218	219	219	220	220	222	222	224	223	225	225	227	227	228	229	229	231	
232	232	231	224	217	214	214	205	206	198	198	189	189	187	180	179	171	170	162	162	153	154	146	145	135	134	133	123	113	114	104	104	94	93	93	83	81	73	74	63	61	53	52	43	42	42	40	40	38	38	37	37	35	35	33	33	31	32	30	30	28	28	28	26	25	24	26	34	35	42	42	50	50	53	60	61	68	69	78	85	85	87	95	97	103	104	113	112	123	122	130	131	141	143	143	152	154	162	162	172	174	181	183	193	196	203	203	214	215	217	217	218	219	219	220	220	222	222	224	223	225	225	227	227	228	229	229	231	
232	232	230	223	216	214	214	205	205	198	197	189	189	187	180	178	171	170	161	161	153	154	146	145	135	133	133	124	113	114	105	104	95	94	93	83	81	74	74	63	61	54	52	44	42	42	40	40	39	39	37	37	35	35	33	33	32	32	30	30	29	29	28	27	25	25	26	35	35	42	42	51	51	53	60	61	68	69	78	85	85	87	95	97	103	104	112	113	123	122	130	131	141	143	143	152	154	162	162	172	174	181	183	193	196	203	203	214	215	216	216	218	218	218	220	220	222	221	223	223	225	225	226	227	228	228	228	230	
236	236	235	227	220	217	217	208	208	201	200	192	191	189	181	180	172	172	163	163	154	155	146	146	136	134	134	124	113	114	105	104	94	92	91	81	80	72	72	61	59	52	49	40	38	38	36	36	35	35	33	33	31	31	29	29	27	28	26	26	24	24	24	22	21	20	21	30	30	38	38	47	47	49	56	58	65	67	76	83	83	85	93	95	102	103	112	112	124	123	131	132	142	144	144	153	156	164	164	175	177	184	186	196	199	207	207	218	219	220	220	222	222	222	224	224	226	226	227	227	229	229	231	231	232	233	233	235	
237	237	235	227	220	218	218	209	209	201	201	192	192	189	182	180	173	172	163	163	154	155	146	146	136	134	133	123	113	114	104	104	93	92	91	81	79	71	71	61	59	51	49	40	38	37	36	36	34	34	32	32	31	30	29	29	27	27	25	25	24	24	23	22	20	20	21	29	30	38	38	47	47	49	56	58	65	67	76	83	83	85	93	94	102	103	112	112	123	122	131	132	142	143	144	154	156	163	164	175	177	184	186	196	199	207	207	218	219	220	221	222	223	223	224	225	226	226	228	228	230	230	231	231	233	233	233	235	
237	237	235	227	220	218	218	209	209	201	201	192	192	189	182	180	173	172	163	163	154	155	146	146	136	134	133	123	113	114	104	104	93	92	91	81	79	71	71	61	59	51	49	40	38	37	36	36	34	34	32	32	31	30	29	29	27	27	25	25	24	24	23	22	20	20	21	29	30	38	38	47	47	49	56	58	65	67	76	83	83	85	93	94	102	103	112	112	123	122	131	132	142	143	144	154	156	163	164	175	177	184	186	196	199	207	207	218	219	220	221	222	223	223	224	225	226	226	228	228	230	230	231	231	233	233	233	235	
237	237	235	227	220	218	218	209	209	201	201	192	192	189	182	180	173	172	163	163	154	155	146	146	136	134	133	123	113	114	104	104	93	92	91	81	79	71	71	61	59	51	49	40	38	37	36	36	34	34	32	32	31	30	29	29	27	27	25	25	24	24	23	22	20	20	21	29	30	38	38	47	47	49	56	58	65	67	76	83	83	85	93	94	102	103	112	112	123	122	131	132	142	143	144	154	156	163	164	175	177	184	186	196	199	207	207	218	219	220	221	222	223	223	224	225	226	226	228	228	230	230	231	231	233	233	233	235	
240	240	239	231	223	220	220	211	211	203	203	194	194	191	183	182	174	173	164	164	155	155	147	147	136	134	134	123	113	113	104	103	92	91	90	80	78	69	69	59	57	48	46	37	35	35	33	33	31	31	29	29	28	27	25	25	24	24	22	22	20	20	20	18	17	16	17	26	27	34	35	44	44	46	54	56	63	64	74	81	82	83	91	93	101	102	111	112	123	122	132	133	142	144	144	155	157	165	165	176	179	186	188	198	202	210	210	221	222	223	224	225	226	226	227	228	229	229	231	231	233	233	234	235	236	237	237	238	
241	241	239	231	224	221	221	212	212	204	203	195	194	192	184	182	174	174	165	165	155	156	147	147	136	134	133	123	112	114	103	103	92	91	90	79	77	69	69	58	56	48	46	36	34	34	32	32	31	31	29	29	27	27	25	25	23	23	22	22	20	20	19	18	16	16	17	26	27	34	35	43	43	46	54	56	63	64	74	81	82	83	91	93	101	102	111	111	123	122	131	132	142	144	144	154	156	165	165	176	178	186	189	198	201	210	210	221	223	224	224	226	226	226	228	228	230	230	231	231	233	233	235	235	237	237	237	239	
241	241	239	231	224	221	221	212	212	204	203	195	194	192	184	182	174	174	165	165	155	156	147	147	136	134	133	123	112	114	103	103	92	91	90	79	77	69	69	58	56	48	46	36	34	34	32	32	31	31	29	29	27	27	25	25	23	23	22	22	20	20	19	18	16	16	17	26	27	34	35	43	43	46	54	56	63	64	74	81	82	83	91	93	101	102	111	111	123	122	131	132	142	144	144	154	156	165	165	176	178	186	189	198	201	210	210	221	223	224	224	226	226	226	228	228	230	230	231	231	233	233	235	235	237	237	237	239	
241	241	239	231	224	221	221	212	212	204	203	195	194	192	184	182	174	174	165	165	155	156	147	147	136	134	133	123	112	114	103	103	92	91	90	79	77	69	69	58	56	48	46	36	34	34	32	32	31	31	29	29	27	27	25	25	23	23	22	22	20	20	19	18	16	16	17	26	27	34	35	43	43	46	54	56	63	64	74	81	82	83	91	93	101	102	111	111	123	122	131	132	142	144	144	154	156	165	165	176	178	186	189	198	201	210	210	221	223	224	224	226	226	226	228	228	230	230	231	231	233	233	235	235	237	237	237	239	
241	241	239	231	224	221	221	212	212	204	203	195	194	192	184	182	174	174	165	165	155	156	147	147	136	134	133	123	112	114	103	103	92	91	90	79	77	69	69	58	56	48	46	36	34	34	32	32	31	31	29	29	27	27	25	25	23	23	22	22	20	20	19	18	16	16	17	26	27	34	35	43	43	46	54	56	63	64	74	81	82	83	91	93	101	102	111	111	123	122	131	132	142	144	144	154	156	165	165	176	178	186	189	198	201	210	210	221	223	224	224	226	226	226	228	228	230	230	231	231	233	233	235	235	237	237	237	239	
244	244	243	235	227	224	224	214	214	207	206	196	196	194	185	184	176	175	165	165	156	157	148	147	136	135	134	124	112	113	103	102	91	90	89	78	75	68	68	55	53	45	43	33	31	31	29	29	28	28	26	26	24	24	22	22	20	20	18	18	16	16	16	14	13	12	13	23	23	31	31	41	41	44	51	53	61	62	72	80	80	82	91	92	100	101	111	111	123	122	131	131	143	145	145	155	158	167	167	178	180	188	191	201	204	213	213	224	226	227	227	229	229	229	231	231	233	233	235	235	237	237	238	239	240	241	241	243	
245	245	243	235	228	225	225	215	215	207	206	197	197	194	186	184	176	176	165	165	156	157	148	147	136	135	134	123	112	113	102	102	91	89	89	77	75	67	67	55	52	45	43	33	31	31	29	29	27	27	25	25	24	23	21	21	19	20	18	18	16	16	15	14	12	12	13	22	23	30	31	41	41	44	51	53	61	62	72	80	80	81	91	93	100	101	111	111	123	122	130	131	143	145	145	155	158	167	167	178	180	188	191	201	205	213	213	224	226	227	228	229	230	230	232	232	234	233	235	235	237	237	239	239	241	241	241	243	
245	245	243	235	228	225	225	215	215	207	206	197	197	194	186	184	176	176	165	165	156	157	148	147	136	135	134	123	112	113	102	102	91	89	89	77	75	67	67	55	52	45	43	33	31	31	29	29	27	27	25	25	24	23	21	21	19	20	18	18	16	16	15	14	12	12	13	22	23	30	31	41	41	44	51	53	61	62	72	80	80	81	91	93	100	101	111	111	123	122	130	131	143	145	145	155	158	167	167	178	180	188	191	201	205	213	213	224	226	227	228	229	230	230	232	232	234	233	235	235	237	237	239	239	241	241	241	243	
245	245	243	235	228	225	225	215	215	207	206	197	197	194	186	184	176	176	165	165	156	157	148	147	136	135	134	123	112	113	102	102	91	89	89	77	75	67	67	55	52	45	43	33	31	31	29	29	27	27	25	25	24	23	21	21	19	20	18	18	16	16	15	14	12	12	13	22	23	30	31	41	41	44	51	53	61	62	72	80	80	81	91	93	100	101	111	111	123	122	130	131	143	145	145	155	158	167	167	178	180	188	191	201	205	213	213	224	226	227	228	229	230	230	232	232	234	233	235	235	237	237	239	239	241	241	241	243	
245	245	244	236	228	225	225	215	215	207	207	197	197	194	186	184	177	176	165	165	156	157	148	148	136	135	134	124	112	113	103	102	91	89	89	78	75	67	67	55	52	44	42	33	31	30	29	28	27	27	25	25	23	23	21	21	19	19	17	17	15	15	15	13	12	11	12	22	22	30	30	40	40	43	50	53	60	61	71	79	79	81	90	92	100	101	111	111	123	122	131	132	144	145	146	156	158	167	167	178	181	188	191	202	205	214	214	225	226	228	228	230	230	230	232	232	234	234	236	236	238	238	239	240	241	242	242	244	
250	250	248	240	231	229	229	218	218	210	209	199	199	197	189	187	178	178	167	167	157	158	149	148	136	135	134	123	111	112	101	100	89	87	87	76	74	64	64	52	50	41	39	29	27	27	25	25	23	23	21	21	19	19	17	17	15	15	13	13	11	11	11	9	8	7	8	18	18	27	27	37	37	40	48	50	58	59	69	78	78	79	89	91	99	100	110	110	122	121	131	132	143	145	145	157	159	168	168	179	182	191	193	204	208	216	216	229	230	231	232	233	234	234	236	236	238	238	239	239	241	242	243	244	245	246	246	248	
250	250	248	240	231	229	229	218	218	210	209	199	199	197	189	187	178	178	167	167	157	158	149	148	136	135	134	123	111	112	101	100	89	87	87	76	74	64	64	52	50	41	39	29	27	27	25	25	23	23	21	21	19	19	17	17	15	15	13	13	11	11	11	9	8	7	8	18	18	27	27	37	37	40	48	50	58	59	69	78	78	79	89	91	99	100	110	110	122	121	131	132	143	145	145	157	159	168	168	179	182	191	193	204	208	216	216	229	230	231	232	233	234	234	236	236	238	238	239	239	241	242	243	244	245	246	246	248	
250	250	248	240	231	229	229	218	218	210	209	199	199	197	189	187	178	178	167	167	157	158	149	148	136	135	134	123	111	112	101	100	89	87	87	76	74	64	64	52	50	41	39	29	27	27	25	25	23	23	21	21	19	19	17	17	15	15	13	13	11	11	11	9	8	7	8	18	18	27	27	37	37	40	48	50	58	59	69	78	78	79	89	91	99	100	110	110	122	121	131	132	143	145	145	157	159	168	168	179	182	191	193	204	208	216	216	229	230	231	232	233	234	234	236	236	238	238	239	239	241	242	243	244	245	246	246	248	
249	249	247	239	231	228	228	218	218	209	209	199	199	196	189	187	178	178	167	167	157	158	148	148	136	135	134	123	111	112	101	100	89	88	87	76	74	65	65	53	50	42	39	30	27	27	25	25	23	24	22	22	20	19	17	17	16	16	14	14	12	12	11	10	8	8	9	18	19	27	28	38	38	40	49	51	58	59	69	78	78	80	89	91	99	100	110	110	122	121	131	132	143	145	146	157	159	168	168	179	181	190	193	203	207	216	216	228	229	231	231	233	233	233	235	235	237	237	239	239	241	241	243	243	245	245	245	247	
254	254	252	243	234	232	232	221	221	213	212	201	201	198	190	188	180	179	168	168	158	159	149	149	137	135	135	123	110	112	100	100	88	87	86	74	72	63	63	50	48	39	36	26	24	24	22	21	20	20	18	18	16	15	13	13	11	11	10	10	7	7	7	5	4	3	4	14	15	23	24	34	34	37	45	47	55	56	67	76	76	78	88	89	98	99	109	110	122	121	132	132	144	146	146	158	160	170	170	182	184	193	195	207	211	219	219	232	233	235	235	237	237	237	239	240	241	241	243	243	245	246	247	248	249	250	250	252	
255	255	252	243	235	232	232	221	221	213	212	202	202	199	191	189	181	180	169	169	158	159	149	149	137	135	135	123	110	111	100	99	88	86	86	74	72	63	63	49	47	38	36	25	23	23	21	21	19	19	17	17	15	15	13	13	11	11	9	9	7	7	6	5	3	3	4	14	14	23	23	34	34	37	45	47	55	56	67	75	76	78	87	89	98	99	110	109	122	121	131	132	144	146	147	158	160	170	170	182	184	193	195	207	211	220	219	233	234	235	236	237	238	238	240	240	242	242	244	244	246	246	248	248	250	250	250	252	
255	255	252	243	235	232	232	221	221	213	212	202	202	199	191	189	181	180	169	169	158	159	149	149	137	135	135	123	110	111	100	99	88	86	86	74	72	63	63	49	47	38	36	25	23	23	21	21	19	19	17	17	15	15	13	13	11	11	9	9	7	7	6	5	3	3	4	14	14	23	23	34	34	37	45	47	55	56	67	75	76	78	87	89	98	99	110	109	122	121	131	132	144	146	147	158	160	170	170	182	184	193	195	207	211	220	219	233	234	235	236	237	238	238	240	240	242	242	244	244	246	246	248	248	250	250	250	252	
255	255	252	243	235	232	232	221	221	213	212	202	202	199	191	189	181	180	169	169	158	159	149	149	137	135	135	123	110	111	100	99	88	86	86	74	72	63	63	49	47	38	36	25	23	23	21	21	19	19	17	17	15	15	13	13	11	11	9	9	7	7	6	5	3	3	4	14	14	23	23	34	34	37	45	47	55	56	67	75	76	78	87	89	98	99	110	109	122	121	131	132	144	146	147	158	160	170	170	182	184	193	195	207	211	220	219	233	234	235	236	237	238	238	240	240	242	242	244	244	246	246	248	248	250	250	250	252	
1	1	255	246	238	235	235	223	224	215	214	204	204	201	192	190	181	181	169	170	159	160	151	149	137	136	135	123	110	111	99	99	87	85	85	72	70	60	61	48	45	36	33	24	21	20	19	18	17	17	15	15	13	12	10	10	8	8	6	6	4	4	3	2	0	0	1	11	11	21	21	31	31	34	43	45	54	54	65	75	75	76	87	89	97	98	108	110	122	121	131	132	145	146	147	158	161	171	170	184	186	195	197	209	213	222	222	234	237	238	238	240	240	241	243	243	245	244	246	246	249	249	250	251	253	253	253	255	
2	2	255	248	239	236	236	224	225	216	215	205	205	202	193	191	182	181	170	170	159	160	151	149	137	136	135	122	110	111	99	98	86	85	84	71	69	60	60	47	44	35	33	23	20	19	18	18	16	16	14	14	12	11	9	9	7	7	5	5	3	3	2	1	255	255	0	10	10	20	20	30	30	33	42	44	53	54	65	74	75	76	86	88	97	98	108	110	122	121	131	132	145	146	147	158	161	171	171	184	186	196	198	209	214	223	223	235	237	239	239	241	241	241	243	244	246	245	247	247	250	250	252	252	254	254	254	0	
2	2	255	247	239	236	236	224	224	215	215	205	205	202	193	191	182	181	170	170	159	160	151	149	137	136	135	122	110	111	99	98	86	85	84	72	69	60	60	47	45	35	33	23	20	19	18	17	16	16	14	14	12	11	9	9	7	7	5	5	3	3	2	1	255	255	1	10	11	20	20	30	30	33	42	44	53	54	65	74	74	76	86	88	97	97	108	110	122	121	132	132	145	147	147	159	161	171	171	184	186	196	198	209	213	223	223	235	238	239	239	241	241	241	243	244	246	245	247	247	250	250	252	252	254	254	254	0	
2	2	255	247	239	236	236	224	224	215	215	205	205	202	193	191	182	181	170	170	159	160	151	149	137	136	135	122	110	111	99	98	86	85	84	72	69	60	60	47	45	35	33	23	20	19	18	17	16	16	14	14	12	11	9	9	7	7	5	5	3	3	2	1	255	255	1	10	11	20	20	30	30	33	42	44	53	54	65	74	74	76	86	88	97	97	108	110	122	121	132	132	145	147	147	159	161	171	171	184	186	196	198	209	213	223	223	235	238	239	239	241	241	241	243	244	246	245	247	247	250	250	252	252	254	254	254	0	
2	2	255	247	239	236	236	224	224	215	215	205	205	202	193	191	182	181	170	170	159	160	151	149	137	136	135	122	110	111	99	98	86	85	84	72	69	60	60	47	45	35	33	23	20	19	18	17	16	16	14	14	12	11	9	9	7	7	5	5	3	3	2	1	255	255	1	10	11	20	20	30	30	33	42	44	53	54	65	74	74	76	86	88	97	97	108	110	122	121	132	132	145	147	147	159	161	171	171	184	186	196	198	209	213	223	223	235	238	239	239	241	241	241	243	244	246	245	247	247	250	250	252	252	254	254	254	0	
