114	114	114	114	113	113	113	113	113	112	112	112	112	112	111	111	111	111	110	110	110	110	109	109	110	110	110	110	110	110	110	110	110	110	111	111	111	111	111	111	111	111	112	112	112	112	113	113	113	113	114	114	114	114	115	115	116	116	116	116	117	117	117	117	118	118	118	119	119	119	119	119	119	119	120	120	120	121	121	122	121	121	122	122	123	123	123	123	123	123	123	123	122	122	122	122	122	122	122	121	122	121	121	121	121	121	121	120	120	120	120	119	119	119	119	119	118	118	118	118	117	117	116	116	116	115	116	115	
114	114	113	113	112	112	112	111	111	111	111	110	110	110	109	109	108	108	108	108	107	107	106	106	106	106	107	107	107	107	108	108	108	108	108	108	109	109	109	109	109	110	110	110	110	110	111	111	112	112	112	112	113	114	115	115	115	115	116	116	117	117	117	118	119	119	119	119	120	120	120	121	121	121	122	122	122	123	123	124	124	124	125	125	126	126	126	126	126	126	126	126	125	125	125	125	125	124	124	124	124	124	123	123	123	123	123	122	122	122	122	121	121	121	120	120	119	119	118	118	117	117	116	116	116	115	115	114	
114	114	114	113	112	112	112	112	112	111	111	110	110	110	109	109	108	108	108	108	107	107	106	106	107	107	107	107	108	107	108	108	108	108	108	109	109	109	109	109	110	110	110	110	110	110	111	111	112	111	112	112	113	114	115	115	115	115	116	116	117	117	117	118	118	119	119	119	119	120	120	121	121	121	121	122	122	122	123	124	124	124	124	125	125	125	126	126	126	126	125	125	125	125	125	124	124	124	124	124	124	123	123	123	123	123	123	122	122	122	122	121	121	121	120	119	119	119	118	118	117	117	116	116	115	115	115	114	
114	114	114	113	112	112	112	112	112	111	111	110	110	110	109	109	108	108	108	108	107	107	106	106	107	107	107	107	108	107	108	108	108	108	108	109	109	109	109	109	110	110	110	110	110	110	111	111	112	111	112	112	113	114	115	115	115	115	116	116	117	117	117	118	118	119	119	119	119	120	120	121	121	121	121	122	122	122	123	124	124	124	124	125	125	125	126	126	126	126	125	125	125	125	125	124	124	124	124	124	124	123	123	123	123	123	123	122	122	122	122	121	121	121	120	119	119	119	118	118	117	117	116	116	115	115	115	114	
114	114	114	113	112	112	112	112	112	111	111	110	110	110	109	109	108	108	108	108	107	107	106	106	107	107	107	107	108	107	108	108	108	108	108	109	109	109	109	109	110	110	110	110	110	110	111	111	112	111	112	112	113	114	115	115	115	115	116	116	117	117	117	118	118	119	119	119	119	120	120	121	121	121	121	122	122	122	123	124	124	124	124	125	125	125	126	126	126	126	125	125	125	125	125	124	124	124	124	124	124	123	123	123	123	123	123	122	122	122	122	121	121	121	120	119	119	119	118	118	117	117	116	116	115	115	115	114	
113	113	113	112	111	111	111	110	110	109	109	108	108	108	107	107	106	106	105	105	104	105	103	103	104	104	104	104	105	105	105	105	106	106	106	106	106	107	107	107	107	108	108	108	108	108	109	109	110	110	111	111	112	113	114	114	115	115	116	116	117	117	117	118	119	120	119	121	121	121	121	122	122	123	123	123	124	124	125	126	126	126	127	127	128	128	128	128	128	128	128	128	128	128	127	127	127	127	127	126	126	126	126	125	125	125	125	124	124	123	123	122	122	121	121	120	120	120	119	119	117	117	116	116	115	115	115	114	
113	113	113	112	111	111	111	110	110	109	109	108	108	108	107	107	106	106	105	105	104	104	103	103	104	104	104	104	105	105	105	105	105	105	106	106	106	106	106	107	107	108	108	108	108	108	109	109	110	110	111	111	112	112	114	114	115	115	115	115	117	117	117	118	119	119	120	121	121	121	121	123	123	123	124	124	124	125	126	126	126	127	128	128	128	128	129	128	128	128	128	128	128	128	128	127	127	127	127	127	126	126	126	125	125	125	125	124	124	123	123	122	122	122	121	120	120	120	119	119	117	117	116	116	115	114	114	114	
113	113	113	112	111	111	111	110	110	109	109	108	108	108	107	107	106	106	105	105	104	104	103	103	104	104	104	104	105	105	105	105	105	105	106	106	106	106	106	107	107	108	108	108	108	108	109	109	110	110	111	111	112	112	114	114	115	115	115	115	117	117	117	118	119	119	120	121	121	121	121	123	123	123	124	124	124	125	126	126	126	127	128	128	128	128	129	128	128	128	128	128	128	128	128	127	127	127	127	127	126	126	126	125	125	125	125	124	124	123	123	122	122	122	121	120	120	120	119	119	117	117	116	116	115	114	114	114	
113	113	113	112	111	111	111	110	110	109	109	108	108	108	107	107	106	106	105	105	104	104	103	103	104	104	104	104	105	105	105	105	105	105	106	106	106	106	106	107	107	108	108	108	108	108	109	109	110	110	111	111	112	112	114	114	115	115	115	115	117	117	117	118	119	119	120	121	121	121	121	123	123	123	124	124	124	125	126	126	126	127	128	128	128	128	129	128	128	128	128	128	128	128	128	127	127	127	127	127	126	126	126	125	125	125	125	124	124	123	123	122	122	122	121	120	120	120	119	119	117	117	116	116	115	114	114	114	
113	113	113	112	111	111	111	110	110	109	109	108	108	108	107	107	106	105	104	104	103	104	103	103	103	103	103	104	104	104	105	105	105	105	105	106	106	106	106	107	107	107	107	108	108	108	109	109	110	110	111	111	112	112	114	114	115	115	116	116	117	117	117	118	120	120	120	121	121	121	122	122	122	123	124	124	125	125	126	127	127	127	128	128	128	128	129	129	128	128	128	128	128	128	128	128	128	127	127	127	127	126	126	126	125	125	125	125	125	124	123	122	122	122	121	121	120	120	119	119	117	117	116	116	115	115	115	114	
112	112	112	110	110	109	109	108	108	107	107	106	106	106	104	104	103	103	102	102	101	101	100	99	100	100	100	101	102	101	102	102	103	103	103	103	103	104	104	104	105	105	105	106	106	106	108	108	109	109	110	110	111	112	113	113	115	115	116	116	117	117	118	119	120	120	121	122	122	123	123	124	124	124	125	126	127	127	128	128	128	128	129	130	130	131	132	132	131	131	131	131	130	130	130	129	129	129	129	128	128	128	128	128	128	127	127	127	126	125	125	124	123	123	122	122	121	121	119	119	118	118	116	116	115	115	115	114	
112	112	112	110	110	109	109	108	108	107	107	106	106	106	104	104	103	103	102	102	101	101	100	99	100	100	100	101	102	101	102	102	103	103	103	103	103	104	104	104	105	105	105	106	106	106	108	108	109	109	110	110	111	112	113	113	115	115	116	116	117	117	118	119	120	120	121	122	122	123	123	124	124	124	125	126	127	127	128	128	128	128	129	130	130	131	132	132	131	131	131	131	130	130	130	129	129	129	129	128	128	128	128	128	128	127	127	127	126	125	125	124	123	123	122	122	121	121	119	119	118	118	116	116	115	115	115	114	
112	112	112	110	110	109	109	108	108	107	107	106	106	106	104	104	103	103	102	102	101	101	100	99	100	100	100	101	102	101	102	102	103	103	103	103	103	104	104	104	105	105	105	106	106	106	108	108	109	109	110	110	111	112	113	113	115	115	116	116	117	117	118	119	120	120	121	122	122	123	123	124	124	124	125	126	127	127	128	128	128	128	129	130	130	131	132	132	131	131	131	131	130	130	130	129	129	129	129	128	128	128	128	128	128	127	127	127	126	125	125	124	123	123	122	122	121	121	119	119	118	118	116	116	115	115	115	114	
112	112	112	110	110	109	109	108	108	107	107	106	106	106	104	104	103	103	102	102	101	101	100	99	100	100	100	101	102	101	102	102	103	103	103	103	103	104	104	104	105	105	105	106	106	106	108	108	109	109	110	110	111	112	113	113	115	115	116	116	117	117	118	119	120	120	121	122	122	123	123	124	124	124	125	126	127	127	128	128	128	128	129	130	130	131	132	132	131	131	131	131	130	130	130	129	129	129	129	128	128	128	128	128	128	127	127	127	126	125	125	124	123	123	122	122	121	121	119	119	118	118	116	116	115	115	115	114	
112	112	112	110	109	109	109	108	108	107	107	105	105	105	104	104	103	103	101	101	100	100	99	99	100	100	100	100	101	101	102	102	102	102	102	103	103	104	104	104	104	105	105	105	106	106	107	108	109	109	110	110	111	112	113	113	115	115	116	116	117	117	118	119	121	121	121	122	122	123	123	124	124	124	125	126	127	127	128	128	129	129	130	130	131	131	133	132	131	132	131	131	130	130	130	130	130	129	129	128	128	128	128	128	128	127	127	127	127	126	125	124	124	124	122	122	121	121	120	120	118	118	117	116	115	115	115	114	
111	111	111	110	108	108	108	107	107	106	105	104	104	103	102	102	101	101	99	99	98	98	97	96	97	97	97	98	99	98	99	99	100	100	100	101	101	102	102	102	102	103	103	104	104	104	106	106	108	107	109	109	110	111	113	113	114	114	116	116	117	117	118	119	121	121	121	123	123	124	124	125	125	126	127	127	128	128	129	131	131	131	132	132	133	134	135	135	134	134	133	133	133	133	133	132	132	131	131	130	130	130	130	129	129	128	128	128	128	127	127	125	125	124	123	123	122	122	120	120	118	118	117	116	115	114	114	113	
111	111	111	110	108	108	108	107	107	106	105	104	104	103	102	102	101	101	99	99	98	98	97	96	97	97	97	98	99	98	99	99	100	100	100	101	101	102	102	102	102	103	103	104	104	104	106	106	108	107	109	109	110	111	113	113	114	114	116	116	117	117	118	119	121	121	121	123	123	124	124	125	125	126	127	127	128	128	129	131	131	131	132	132	133	134	135	135	134	134	133	133	133	133	133	132	132	131	131	130	130	130	130	129	129	128	128	128	128	127	127	125	125	124	123	123	122	122	120	120	118	118	117	116	115	114	114	113	
111	111	111	110	108	108	108	107	107	106	105	104	104	103	102	102	101	101	99	99	98	98	97	96	97	97	97	98	99	98	99	99	100	100	100	101	101	102	102	102	102	103	103	104	104	104	106	106	108	107	109	109	110	111	113	113	114	114	116	116	117	117	118	119	121	121	121	123	123	124	124	125	125	126	127	127	128	128	129	131	131	131	132	132	133	134	135	135	134	134	133	133	133	133	133	132	132	131	131	130	130	130	130	129	129	128	128	128	128	127	127	125	125	124	123	123	122	122	120	120	118	118	117	116	115	114	114	113	
111	111	111	110	108	107	107	106	106	105	105	103	103	103	102	101	101	100	99	99	97	97	96	96	97	97	97	97	98	98	99	99	100	100	100	100	101	101	101	102	102	103	103	103	104	104	105	106	107	107	109	109	110	111	113	113	114	114	116	116	118	118	118	120	121	122	121	123	123	124	124	126	126	126	127	127	128	128	130	131	131	131	132	132	134	134	136	135	134	135	134	134	133	133	133	132	132	131	131	131	131	130	130	129	129	128	128	128	128	127	127	125	125	125	123	123	121	121	120	120	118	118	117	116	115	115	115	113	
110	110	110	109	107	107	107	105	105	104	104	102	102	101	100	99	98	98	96	96	94	95	93	93	94	94	94	95	96	96	96	96	97	97	97	98	98	99	99	100	100	101	101	102	102	102	104	104	105	105	108	108	110	110	112	112	114	114	116	116	118	118	119	120	122	122	122	124	124	125	125	127	127	128	128	128	130	130	132	133	133	134	135	135	137	137	139	139	137	138	137	137	136	136	136	135	135	134	134	133	133	132	132	131	131	131	131	130	130	128	128	127	127	127	125	124	123	123	121	121	119	118	117	116	114	114	114	112	
110	110	110	109	107	107	107	105	105	104	104	102	102	101	100	100	98	98	96	96	95	95	93	93	94	94	94	95	96	96	97	97	97	97	98	98	99	99	99	100	100	101	101	102	102	102	104	104	106	105	108	108	109	110	112	112	114	114	115	115	118	118	118	120	121	122	122	124	124	125	125	127	127	127	128	128	129	130	132	133	133	133	135	135	136	137	138	138	137	137	137	136	135	135	135	135	134	134	134	133	133	132	132	131	131	130	130	129	129	128	128	127	127	126	124	124	123	123	121	121	118	118	117	116	114	114	114	112	
110	110	110	109	107	107	107	105	105	104	104	102	102	101	100	100	98	98	96	96	95	95	93	93	94	94	94	95	96	96	97	97	97	97	98	98	99	99	99	100	100	101	101	102	102	102	104	104	106	105	108	108	109	110	112	112	114	114	115	115	118	118	118	120	121	122	122	124	124	125	125	127	127	127	128	128	129	130	132	133	133	133	135	135	136	137	138	138	137	137	137	136	135	135	135	135	134	134	134	133	133	132	132	131	131	130	130	129	129	128	128	127	127	126	124	124	123	123	121	121	118	118	117	116	114	114	114	112	
110	110	110	109	107	107	107	105	105	104	104	102	102	101	100	100	98	98	96	96	95	95	93	93	94	94	94	95	96	96	97	97	97	97	98	98	99	99	99	100	100	101	101	102	102	102	104	104	106	105	108	108	109	110	112	112	114	114	115	115	118	118	118	120	121	122	122	124	124	125	125	127	127	127	128	128	129	130	132	133	133	133	135	135	136	137	138	138	137	137	137	136	135	135	135	135	134	134	134	133	133	132	132	131	131	130	130	129	129	128	128	127	127	126	124	124	123	123	121	121	118	118	117	116	114	114	114	112	
110	110	109	108	106	106	106	104	104	102	102	100	100	99	98	98	96	96	94	94	92	92	90	90	91	91	91	92	93	93	94	94	95	95	95	96	96	97	97	98	98	99	99	100	100	100	102	102	104	104	106	106	109	109	112	112	114	114	116	116	118	118	119	120	122	123	123	125	125	126	126	128	128	128	130	130	131	132	134	135	135	136	137	138	139	139	141	141	140	140	139	139	138	138	138	137	137	136	136	135	135	135	134	133	133	132	132	131	131	129	129	128	128	128	126	125	123	123	121	121	119	119	117	116	114	114	114	112	
109	109	109	108	106	106	106	104	104	102	102	100	100	99	98	97	96	96	94	94	92	92	90	90	91	91	91	92	93	93	94	94	95	95	95	96	96	97	97	98	98	99	99	99	100	100	102	102	104	104	106	106	108	109	111	111	113	113	115	115	118	118	118	120	122	123	123	125	125	127	127	128	128	128	130	130	132	132	134	136	136	136	138	138	140	140	142	142	141	141	140	140	139	139	139	138	137	137	137	136	136	135	135	134	133	133	133	132	131	130	129	128	128	127	125	125	123	123	121	121	119	119	117	116	114	114	114	112	
109	109	109	108	106	106	106	104	104	102	102	100	100	99	98	97	96	96	94	94	92	92	90	90	91	91	91	92	93	93	94	94	95	95	95	96	96	97	97	98	98	99	99	99	100	100	102	102	104	104	106	106	108	109	111	111	113	113	115	115	118	118	118	120	122	123	123	125	125	127	127	128	128	128	130	130	132	132	134	136	136	136	138	138	140	140	142	142	141	141	140	140	139	139	139	138	137	137	137	136	136	135	135	134	133	133	133	132	131	130	129	128	128	127	125	125	123	123	121	121	119	119	117	116	114	114	114	112	
109	109	109	108	106	106	106	104	104	102	102	100	100	99	98	97	96	96	94	94	92	92	90	90	91	91	91	92	93	93	94	94	95	95	95	96	96	97	97	98	98	99	99	99	100	100	102	102	104	104	106	106	108	109	111	111	113	113	115	115	118	118	118	120	122	123	123	125	125	127	127	128	128	128	130	130	132	132	134	136	136	136	138	138	140	140	142	142	141	141	140	140	139	139	139	138	137	137	137	136	136	135	135	134	133	133	133	132	131	130	129	128	128	127	125	125	123	123	121	121	119	119	117	116	114	114	114	112	
109	109	109	108	106	105	105	103	103	102	101	100	100	99	98	97	95	95	93	93	91	91	90	89	90	90	90	91	93	92	93	93	94	94	94	95	95	96	96	97	98	98	99	99	99	99	101	102	104	103	106	106	109	109	111	111	113	113	115	115	118	118	118	120	122	123	123	125	125	127	127	128	128	128	130	130	132	132	134	136	136	136	138	138	140	140	142	142	141	141	140	140	139	139	139	138	138	137	137	136	136	135	135	134	134	133	133	132	131	130	129	128	128	128	126	125	123	123	121	121	119	119	117	117	114	113	113	111	
109	109	108	106	105	104	104	101	102	100	100	98	98	97	95	95	93	93	91	91	89	89	87	87	88	88	88	89	90	90	91	91	92	92	92	93	94	94	94	95	96	96	97	98	98	98	101	101	103	103	106	106	108	108	111	111	113	113	115	115	118	118	119	121	123	124	124	126	126	128	128	129	129	130	131	132	133	134	136	138	138	138	140	141	142	143	145	145	143	144	143	142	141	141	141	140	140	139	139	138	138	137	137	136	136	135	135	134	133	131	131	129	128	128	127	126	124	124	122	122	119	119	117	116	114	113	113	111	
109	109	108	106	105	104	104	101	102	100	100	98	98	97	95	95	93	93	90	91	89	89	86	86	87	87	88	89	90	90	91	91	92	92	92	93	93	94	94	95	96	96	96	97	98	98	100	100	103	102	105	105	108	108	111	111	113	113	115	115	118	119	119	121	123	124	124	126	126	128	128	130	130	130	132	132	134	134	136	138	138	138	141	141	143	143	145	145	144	144	143	143	142	142	142	140	140	139	139	138	138	138	137	136	136	135	135	134	133	132	131	129	129	128	127	126	124	124	122	122	119	119	117	117	114	113	113	111	
109	109	108	106	105	104	104	101	102	100	100	98	98	97	95	95	93	93	90	91	89	89	86	86	87	87	88	89	90	90	91	91	92	92	92	93	93	94	94	95	96	96	96	97	98	98	100	100	103	102	105	105	108	108	111	111	113	113	115	115	118	119	119	121	123	124	124	126	126	128	128	130	130	130	132	132	134	134	136	138	138	138	141	141	143	143	145	145	144	144	143	143	142	142	142	140	140	139	139	138	138	138	137	136	136	135	135	134	133	132	131	129	129	128	127	126	124	124	122	122	119	119	117	117	114	113	113	111	
109	109	108	106	105	104	104	101	102	100	100	98	98	97	95	95	93	93	90	91	89	89	86	86	87	87	88	89	90	90	91	91	92	92	92	93	93	94	94	95	96	96	96	97	98	98	100	100	103	102	105	105	108	108	111	111	113	113	115	115	118	119	119	121	123	124	124	126	126	128	128	130	130	130	132	132	134	134	136	138	138	138	141	141	143	143	145	145	144	144	143	143	142	142	142	140	140	139	139	138	138	138	137	136	136	135	135	134	133	132	131	129	129	128	127	126	124	124	122	122	119	119	117	117	114	113	113	111	
109	109	108	106	105	104	104	101	101	100	100	98	98	97	96	95	94	93	91	91	89	89	87	87	88	88	88	89	90	90	91	91	92	92	92	93	93	94	94	95	96	96	97	98	98	98	101	101	103	103	106	106	108	109	111	111	113	113	115	115	118	118	119	121	123	124	124	126	126	128	128	129	129	130	132	132	133	134	136	137	138	138	140	141	142	143	145	145	143	144	143	142	141	141	141	140	140	139	139	138	138	137	137	136	136	135	135	134	133	131	131	129	128	128	126	126	124	124	122	122	120	119	117	117	114	113	113	111	
108	108	107	105	103	103	103	100	100	99	98	96	96	95	93	92	91	90	88	88	85	86	84	83	85	85	85	86	87	87	88	88	89	90	90	91	91	92	92	93	94	94	95	96	96	96	99	99	102	101	104	104	107	107	111	111	113	113	116	116	119	119	119	122	124	125	125	127	127	128	128	130	130	131	133	133	135	136	138	140	140	141	143	143	145	146	148	148	146	147	146	145	144	144	144	143	143	142	142	141	140	139	139	138	138	137	137	136	135	133	133	130	130	130	128	128	125	125	123	123	119	119	117	117	114	113	113	111	
108	108	107	105	103	103	103	100	100	98	98	96	96	95	93	93	90	90	88	88	85	85	83	83	84	84	84	86	87	87	88	88	89	89	89	91	91	92	92	93	93	94	94	96	96	96	99	99	101	101	104	104	107	107	110	111	113	113	116	116	118	119	119	122	124	125	125	127	127	128	128	131	131	131	133	134	136	136	139	140	141	141	143	144	146	146	149	148	147	147	146	146	145	144	144	143	143	142	142	141	141	140	139	138	138	137	137	136	135	134	133	130	130	130	128	128	125	125	123	123	119	119	117	117	114	113	113	111	
108	108	107	105	103	103	103	100	100	98	98	96	96	95	93	93	90	90	88	88	85	85	83	83	84	84	84	86	87	87	88	88	89	89	89	91	91	92	92	93	93	94	94	96	96	96	99	99	101	101	104	104	107	107	110	111	113	113	116	116	118	119	119	122	124	125	125	127	127	128	128	131	131	131	133	134	136	136	139	140	141	141	143	144	146	146	149	148	147	147	146	146	145	144	144	143	143	142	142	141	141	140	139	138	138	137	137	136	135	134	133	130	130	130	128	128	125	125	123	123	119	119	117	117	114	113	113	111	
108	108	107	105	103	103	103	100	100	98	98	96	96	95	93	93	90	90	88	88	85	85	83	83	84	84	84	86	87	87	88	88	89	89	89	91	91	92	92	93	93	94	94	96	96	96	99	99	101	101	104	104	107	107	110	111	113	113	116	116	118	119	119	122	124	125	125	127	127	128	128	131	131	131	133	134	136	136	139	140	141	141	143	144	146	146	149	148	147	147	146	146	145	144	144	143	143	142	142	141	141	140	139	138	138	137	137	136	135	134	133	130	130	130	128	128	125	125	123	123	119	119	117	117	114	113	113	111	
107	107	107	105	102	101	101	99	99	97	96	94	94	93	91	91	88	88	86	86	83	83	81	80	82	82	82	83	85	84	86	86	87	87	87	89	89	90	90	91	91	92	93	94	94	94	97	97	101	100	103	103	106	107	110	110	113	113	116	116	118	119	120	122	125	126	126	128	128	130	130	132	132	133	135	135	137	138	140	143	143	143	146	146	148	149	151	151	150	150	148	148	147	147	147	146	145	144	144	143	143	142	141	140	140	139	139	138	137	135	134	132	131	131	128	128	126	126	123	123	120	120	117	116	114	113	114	110	
107	107	107	104	102	101	101	99	99	96	96	94	94	93	91	90	88	87	85	85	82	82	80	80	81	81	81	83	84	84	85	85	87	87	87	88	88	90	89	91	91	92	92	93	94	94	97	97	100	100	103	103	106	107	110	110	113	113	116	116	118	119	119	122	125	126	126	128	128	130	130	132	132	133	135	136	138	138	141	143	143	144	146	146	149	149	152	151	150	150	149	148	147	147	147	146	146	144	144	143	143	142	141	140	140	139	139	138	137	135	134	131	131	131	128	128	126	126	123	123	120	120	116	116	114	113	113	110	
107	107	107	104	102	101	101	99	99	96	96	94	94	93	91	90	88	87	85	85	82	82	80	80	81	81	81	83	84	84	85	85	87	87	87	88	88	90	89	91	91	92	92	93	94	94	97	97	100	100	103	103	106	107	110	110	113	113	116	116	118	119	119	122	125	126	126	128	128	130	130	132	132	133	135	136	138	138	141	143	143	144	146	146	149	149	152	151	150	150	149	148	147	147	147	146	146	144	144	143	143	142	141	140	140	139	139	138	137	135	134	131	131	131	128	128	126	126	123	123	120	120	116	116	114	113	113	110	
107	107	107	104	102	101	101	99	99	96	96	94	94	93	91	90	88	87	85	85	82	82	80	80	81	81	81	83	84	84	85	85	87	87	87	88	88	90	89	91	91	92	92	93	94	94	97	97	100	100	103	103	106	107	110	110	113	113	116	116	118	119	119	122	125	126	126	128	128	130	130	132	132	133	135	136	138	138	141	143	143	144	146	146	149	149	152	151	150	150	149	148	147	147	147	146	146	144	144	143	143	142	141	140	140	139	139	138	137	135	134	131	131	131	128	128	126	126	123	123	120	120	116	116	114	113	113	110	
107	107	106	104	102	101	101	98	99	96	96	93	93	93	91	90	88	87	85	85	82	82	80	79	81	81	81	82	84	84	85	85	86	86	86	88	88	89	89	90	91	92	92	93	93	94	97	97	100	100	103	103	106	107	110	110	113	112	116	116	119	119	120	122	125	126	126	128	128	130	130	132	132	133	135	136	138	138	141	144	144	144	146	147	149	149	152	152	150	150	149	149	148	148	148	146	146	145	145	143	143	142	142	141	140	139	139	138	137	135	135	132	131	131	128	128	126	126	123	123	120	120	117	116	114	113	113	110	
106	106	106	103	101	100	100	97	97	95	94	92	92	91	88	88	85	85	82	83	79	80	77	76	78	78	78	80	81	81	82	82	84	84	84	86	86	87	87	89	89	90	90	91	91	91	95	95	98	98	101	101	105	105	109	109	112	112	115	115	119	119	119	122	125	126	126	128	129	131	131	134	134	135	137	138	140	140	143	146	146	146	149	149	152	152	155	155	153	153	152	152	150	150	150	149	149	147	147	146	146	145	144	143	143	141	141	140	139	137	136	133	133	132	129	129	127	127	123	124	120	120	117	116	113	113	113	109	
106	106	106	103	101	100	100	97	97	95	94	92	92	91	88	88	85	85	82	83	79	80	77	76	78	78	78	80	81	81	82	82	84	84	84	86	86	87	87	89	89	90	90	91	91	91	95	95	98	98	101	101	105	105	109	109	112	112	115	115	119	119	119	122	125	126	126	128	129	131	131	134	134	135	137	138	140	140	143	146	146	146	149	149	152	152	155	155	153	153	152	152	150	150	150	149	149	147	147	146	146	145	144	143	143	141	141	140	139	137	136	133	133	132	129	129	127	127	123	124	120	120	117	116	113	113	113	109	
106	106	106	103	101	100	100	97	97	95	94	92	92	91	88	88	85	85	82	83	79	80	77	76	78	78	78	80	81	81	82	82	84	84	84	86	86	87	87	89	89	90	90	91	91	91	95	95	98	98	101	101	105	105	109	109	112	112	115	115	119	119	119	122	125	126	126	128	129	131	131	134	134	135	137	138	140	140	143	146	146	146	149	149	152	152	155	155	153	153	152	152	150	150	150	149	149	147	147	146	146	145	144	143	143	141	141	140	139	137	136	133	133	132	129	129	127	127	123	124	120	120	117	116	113	113	113	109	
106	106	106	103	101	100	100	97	97	95	95	92	92	91	88	88	86	86	82	83	80	80	77	77	78	78	79	80	82	81	83	83	84	84	84	86	86	87	87	89	89	90	90	91	92	92	95	95	99	98	102	102	105	106	109	109	112	112	115	115	119	119	120	122	125	126	126	128	128	131	131	134	133	134	137	137	140	140	143	145	146	146	149	149	151	152	155	154	153	153	152	151	150	150	150	148	148	147	147	145	145	144	144	143	142	141	141	140	139	136	136	133	132	132	129	129	127	127	124	124	120	120	117	116	114	113	113	110	
105	105	105	102	99	98	99	96	96	93	92	89	89	89	86	86	83	83	80	80	76	77	74	73	75	75	75	77	78	78	80	80	81	81	82	83	84	85	85	86	86	88	88	89	90	90	93	94	97	97	101	101	104	105	109	109	112	112	116	116	119	119	120	123	126	127	127	129	129	132	132	135	135	136	139	139	142	142	145	148	148	149	151	152	155	155	158	158	156	156	155	155	153	153	153	151	151	150	150	148	148	147	146	145	145	143	143	142	141	139	138	135	134	134	131	131	128	128	124	125	121	121	117	117	114	113	113	109	
105	105	105	102	99	98	99	95	95	92	92	89	89	89	86	86	83	83	79	79	76	76	73	73	74	75	75	76	78	78	79	80	81	81	81	83	83	84	84	86	86	87	88	89	89	90	93	93	97	97	100	100	104	105	108	108	112	112	115	115	119	119	120	123	126	127	127	129	129	132	133	136	135	136	139	140	142	142	145	148	149	149	152	152	155	155	159	158	157	157	155	155	154	153	153	152	151	150	150	149	148	147	147	145	145	144	144	142	142	139	138	135	134	134	131	130	128	128	124	125	121	121	117	116	113	113	113	109	
105	105	105	102	99	98	99	95	95	92	92	89	89	89	86	86	83	83	79	79	76	76	73	73	74	75	75	76	78	78	79	80	81	81	81	83	83	84	84	86	86	87	88	89	89	90	93	93	97	97	100	100	104	105	108	108	112	112	115	115	119	119	120	123	126	127	127	129	129	132	133	136	135	136	139	140	142	142	145	148	149	149	152	152	155	155	159	158	157	157	155	155	154	153	153	152	151	150	150	149	148	147	147	145	145	144	144	142	142	139	138	135	134	134	131	130	128	128	124	125	121	121	117	116	113	113	113	109	
105	105	105	102	99	98	99	95	95	92	92	89	89	89	86	86	83	83	79	79	76	76	73	73	74	75	75	76	78	78	79	80	81	81	81	83	83	84	84	86	86	87	88	89	89	90	93	93	97	97	100	100	104	105	108	108	112	112	115	115	119	119	120	123	126	127	127	129	129	132	133	136	135	136	139	140	142	142	145	148	149	149	152	152	155	155	159	158	157	157	155	155	154	153	153	152	151	150	150	149	148	147	147	145	145	144	144	142	142	139	138	135	134	134	131	130	128	128	124	125	121	121	117	116	113	113	113	109	
105	105	105	102	99	98	98	96	96	93	92	89	89	89	87	86	83	83	80	80	76	77	74	73	75	75	75	77	78	78	80	80	81	81	82	83	84	85	85	86	86	88	88	89	90	90	93	94	97	97	101	101	104	105	109	109	112	112	115	115	119	119	120	123	126	127	127	129	129	132	133	135	135	136	139	139	142	142	145	148	148	149	151	152	155	155	158	158	156	156	155	155	153	153	153	151	151	150	150	148	148	147	147	145	145	143	143	142	141	139	138	135	134	134	131	130	127	128	124	125	121	121	117	117	114	113	113	109	
105	105	104	101	98	98	98	94	94	91	91	87	87	87	84	83	80	80	76	77	73	74	71	70	72	72	72	74	76	75	77	77	79	79	79	81	81	82	82	84	84	86	86	87	88	88	92	92	95	95	99	99	103	104	108	108	112	112	115	115	120	120	121	124	127	128	128	130	130	133	133	137	137	138	140	141	144	144	147	150	151	151	154	155	158	158	161	161	159	159	158	158	156	156	156	154	154	152	152	151	150	149	149	147	147	145	146	144	143	141	139	137	136	135	132	131	128	128	125	125	121	120	117	116	113	112	112	109	
104	104	104	101	98	97	97	94	94	91	90	87	87	86	84	83	80	80	76	76	73	73	70	70	71	72	72	74	75	75	77	77	78	79	79	80	81	82	82	84	84	85	86	87	87	88	91	92	95	95	99	99	103	104	108	108	111	111	115	115	119	120	121	124	127	128	128	130	131	133	134	137	137	138	141	141	144	144	148	151	151	152	155	155	158	158	162	161	160	160	158	158	156	156	156	154	154	153	153	151	151	150	149	148	147	146	146	144	143	140	140	137	136	135	132	131	128	128	125	125	121	121	117	117	113	112	112	108	
104	104	104	101	98	97	97	94	94	91	90	87	87	86	84	83	80	80	76	76	73	73	70	70	71	72	72	74	75	75	77	77	78	79	79	80	81	82	82	84	84	85	86	87	87	88	91	92	95	95	99	99	103	104	108	108	111	111	115	115	119	120	121	124	127	128	128	130	131	133	134	137	137	138	141	141	144	144	148	151	151	152	155	155	158	158	162	161	160	160	158	158	156	156	156	154	154	153	153	151	151	150	149	148	147	146	146	144	143	140	140	137	136	135	132	131	128	128	125	125	121	121	117	117	113	112	112	108	
104	104	104	101	98	97	97	94	94	91	90	87	87	86	84	83	80	80	76	76	73	73	70	70	71	72	72	74	75	75	77	77	78	79	79	80	81	82	82	84	84	85	86	87	87	88	91	92	95	95	99	99	103	104	108	108	111	111	115	115	119	120	121	124	127	128	128	130	131	133	134	137	137	138	141	141	144	144	148	151	151	152	155	155	158	158	162	161	160	160	158	158	156	156	156	154	154	153	153	151	151	150	149	148	147	146	146	144	143	140	140	137	136	135	132	131	128	128	125	125	121	121	117	117	113	112	112	108	
104	104	103	100	97	96	96	92	92	89	89	86	86	85	82	81	78	78	74	74	70	71	68	67	69	69	69	71	73	73	74	75	76	76	77	78	79	80	80	82	82	83	84	85	86	86	91	91	94	94	98	98	102	103	108	108	112	112	115	115	120	120	121	124	128	128	128	131	131	134	135	138	138	139	142	143	146	146	150	153	153	153	157	158	160	161	165	164	162	162	161	161	159	159	158	157	156	155	155	153	153	152	151	149	149	148	148	146	145	143	142	138	137	137	133	132	129	129	126	126	122	121	118	117	113	112	112	108	
104	104	103	100	97	96	96	92	92	89	89	85	85	84	81	81	77	77	73	73	69	70	67	66	68	68	68	70	72	72	74	74	76	76	76	78	78	79	79	81	82	83	83	85	85	86	90	90	94	93	98	98	102	103	107	108	111	111	115	116	120	120	121	125	128	128	128	131	131	135	135	138	138	140	143	143	146	147	150	153	154	154	158	158	161	161	165	165	163	163	161	161	159	159	159	157	157	156	155	154	153	152	152	150	149	148	148	146	146	143	142	138	138	137	133	132	129	129	126	126	122	121	118	116	113	112	112	108	
104	104	103	100	97	96	96	92	92	89	89	86	85	84	82	81	78	77	74	74	70	70	67	67	68	69	69	71	73	72	74	74	76	76	76	78	78	80	80	82	82	83	84	85	86	86	90	90	94	94	98	98	102	103	107	108	111	111	115	115	119	120	121	125	128	128	128	131	132	135	135	138	138	139	142	143	146	146	150	153	153	154	157	158	161	161	165	164	162	163	161	161	159	159	159	157	157	155	155	153	153	152	151	150	149	148	148	146	145	142	142	138	137	137	133	132	128	128	126	126	121	121	117	117	113	112	112	108	
104	104	103	100	97	96	96	92	92	89	89	86	85	84	82	81	78	77	74	74	70	70	67	67	68	69	69	71	73	72	74	74	76	76	76	78	78	80	80	82	82	83	84	85	86	86	90	90	94	94	98	98	102	103	107	108	111	111	115	115	119	120	121	125	128	128	128	131	132	135	135	138	138	139	142	143	146	146	150	153	153	154	157	158	161	161	165	164	162	163	161	161	159	159	159	157	157	155	155	153	153	152	151	150	149	148	148	146	145	142	142	138	137	137	133	132	128	128	126	126	121	121	117	117	113	112	112	108	
104	104	103	100	97	96	96	92	92	89	88	85	85	84	81	81	77	77	73	73	69	70	67	66	68	68	68	70	72	72	74	74	76	76	76	78	78	79	79	81	82	83	83	85	85	86	90	90	94	94	98	98	102	103	107	108	111	111	115	116	120	120	121	125	128	128	128	131	131	135	135	138	138	140	143	143	146	147	150	153	154	154	157	158	161	161	165	165	163	163	161	161	159	159	159	157	157	156	155	154	153	152	152	150	149	148	148	146	146	143	142	138	138	137	133	132	128	129	126	126	122	121	118	117	113	112	112	108	
103	103	102	99	96	95	95	91	91	88	87	84	83	83	79	79	75	75	71	71	67	68	64	63	65	66	66	68	70	70	71	72	73	74	74	76	76	78	78	79	80	81	82	83	84	84	88	88	93	92	96	97	101	102	107	107	111	111	115	115	120	120	121	125	128	129	129	132	133	136	136	140	140	141	144	145	148	148	152	156	156	156	160	161	164	164	168	167	165	166	164	164	162	162	162	160	159	158	158	156	155	154	154	152	151	150	150	148	147	144	143	139	139	138	134	133	129	129	126	126	122	121	117	117	113	112	111	107	
103	103	102	99	96	95	95	91	91	88	87	83	83	82	79	79	75	75	71	71	67	67	64	63	65	65	65	68	69	69	71	71	73	73	73	75	76	77	77	79	80	81	81	83	83	84	88	88	92	92	96	96	101	102	106	107	111	111	115	115	119	120	121	125	128	129	129	132	133	136	136	140	140	141	144	145	148	149	152	156	156	157	160	161	164	165	168	168	166	166	164	164	162	162	162	160	160	158	158	156	156	154	154	152	152	150	150	148	147	144	143	139	138	138	134	133	129	129	126	126	121	121	117	116	113	112	111	107	
103	103	102	99	96	95	95	91	91	88	87	83	83	82	79	79	75	75	71	71	67	67	64	63	65	65	65	68	69	69	71	71	73	73	73	75	76	77	77	79	80	81	81	83	83	84	88	88	92	92	96	96	101	102	106	107	111	111	115	115	119	120	121	125	128	129	129	132	133	136	136	140	140	141	144	145	148	149	152	156	156	157	160	161	164	165	168	168	166	166	164	164	162	162	162	160	160	158	158	156	156	154	154	152	152	150	150	148	147	144	143	139	138	138	134	133	129	129	126	126	121	121	117	116	113	112	111	107	
103	103	102	99	96	94	95	91	91	88	87	84	83	83	80	79	76	75	71	71	67	68	64	63	66	66	66	68	70	70	71	72	73	74	74	76	76	78	78	79	80	81	82	83	84	84	88	88	93	92	96	97	101	102	107	107	111	111	115	115	120	120	121	125	128	129	129	132	133	136	136	140	140	141	144	145	148	148	152	156	156	156	160	160	164	164	168	167	165	166	164	164	162	162	162	160	159	158	158	156	155	154	154	152	151	150	150	148	147	144	143	139	138	138	134	133	129	129	126	126	122	121	117	117	113	112	112	107	
103	103	102	99	95	94	95	90	90	87	87	83	83	82	79	78	75	74	70	71	66	67	63	63	65	65	65	67	69	69	71	71	73	73	73	75	75	77	77	79	79	81	81	83	83	83	88	88	92	92	96	97	101	102	107	107	111	111	115	115	120	120	121	125	128	129	129	133	133	136	136	140	140	141	145	145	148	149	153	156	157	157	161	161	165	165	169	168	166	166	165	164	163	162	162	160	160	158	158	157	156	155	154	152	152	150	150	148	148	144	143	140	139	138	134	133	129	129	126	126	122	121	117	117	112	111	111	107	
102	102	101	98	94	93	93	89	89	86	85	81	81	80	77	76	73	72	68	68	64	64	60	60	62	62	62	64	66	66	68	68	70	70	71	73	73	75	75	77	77	79	79	81	81	81	86	87	91	91	95	96	100	101	106	106	111	111	115	115	120	120	121	125	128	130	130	134	134	137	138	142	142	143	146	147	150	151	155	158	159	159	163	164	167	168	172	171	169	169	167	167	165	165	165	163	162	161	161	159	158	157	157	155	154	153	152	150	149	146	145	141	140	140	135	134	130	130	127	127	122	122	117	117	113	111	111	107	
102	102	101	98	94	93	93	89	89	86	85	81	81	80	77	76	73	72	68	68	64	64	60	60	62	62	62	64	66	66	68	68	70	70	71	73	73	75	75	77	77	79	79	81	81	81	86	87	91	91	95	96	100	101	106	106	111	111	115	115	120	120	121	125	128	130	130	134	134	137	138	142	142	143	146	147	150	151	155	158	159	159	163	164	167	168	172	171	169	169	167	167	165	165	165	163	162	161	161	159	158	157	157	155	154	153	152	150	149	146	145	141	140	140	135	134	130	130	127	127	122	122	117	117	113	111	111	107	
102	102	101	98	94	93	93	89	89	86	85	81	81	80	77	76	73	72	68	68	64	64	60	60	62	62	62	64	66	66	68	68	70	70	71	73	73	75	75	77	77	79	79	81	81	81	86	87	91	91	95	96	100	101	106	106	111	111	115	115	120	120	121	125	128	130	130	134	134	137	138	142	142	143	146	147	150	151	155	158	159	159	163	164	167	168	172	171	169	169	167	167	165	165	165	163	162	161	161	159	158	157	157	155	154	153	152	150	149	146	145	141	140	140	135	134	130	130	127	127	122	122	117	117	113	111	111	107	
102	102	101	98	94	93	93	89	89	85	85	81	81	80	76	76	72	72	68	68	63	64	60	59	61	62	62	64	66	66	68	68	70	70	70	72	73	74	74	76	77	78	79	81	81	81	86	86	91	91	96	96	100	101	106	106	111	111	115	115	120	121	122	125	129	130	130	134	134	138	138	142	142	143	146	147	151	151	155	159	159	160	163	164	168	168	172	172	169	170	168	168	166	165	165	163	163	161	161	159	159	157	157	155	154	153	153	151	150	146	145	142	141	140	136	135	131	131	127	127	122	122	118	117	113	112	111	107	
101	101	100	97	93	91	92	87	87	83	83	79	79	78	74	73	70	69	65	65	60	61	57	56	58	59	59	61	63	63	65	65	67	68	68	70	70	72	72	74	75	76	77	79	79	79	84	84	90	89	94	94	100	101	106	106	110	110	115	115	120	121	122	126	129	131	131	135	135	139	139	143	143	145	148	149	152	153	157	161	161	162	166	167	171	171	175	175	173	173	171	171	168	168	168	166	165	164	164	162	161	160	159	157	156	155	155	152	152	148	147	143	142	141	137	136	131	131	128	128	123	122	118	117	113	111	111	106	
101	101	100	97	93	92	92	87	87	83	83	79	79	78	75	74	70	70	65	65	60	61	57	57	59	59	59	62	64	63	66	66	68	68	68	70	71	72	72	75	75	77	77	79	79	80	84	85	90	89	94	95	100	101	105	106	110	110	115	115	120	121	122	126	129	130	131	135	135	139	139	143	143	144	148	149	152	153	157	161	161	162	166	167	170	171	175	175	172	172	170	170	168	168	168	166	165	164	163	162	161	159	159	157	156	154	154	152	151	148	147	143	142	141	136	136	131	131	128	128	123	122	118	117	113	111	111	106	
101	101	100	97	93	92	92	87	87	83	83	79	79	78	75	74	70	70	65	65	60	61	57	57	59	59	59	62	64	63	66	66	68	68	68	70	71	72	72	75	75	77	77	79	79	80	84	85	90	89	94	95	100	101	105	106	110	110	115	115	120	121	122	126	129	130	131	135	135	139	139	143	143	144	148	149	152	153	157	161	161	162	166	167	170	171	175	175	172	172	170	170	168	168	168	166	165	164	163	162	161	159	159	157	156	154	154	152	151	148	147	143	142	141	136	136	131	131	128	128	123	122	118	117	113	111	111	106	
101	101	100	97	93	92	92	87	87	83	83	79	79	78	75	74	70	70	65	65	60	61	57	57	59	59	59	62	64	63	66	66	68	68	68	70	71	72	72	75	75	77	77	79	79	80	84	85	90	89	94	95	100	101	105	106	110	110	115	115	120	121	122	126	129	130	131	135	135	139	139	143	143	144	148	149	152	153	157	161	161	162	166	167	170	171	175	175	172	172	170	170	168	168	168	166	165	164	163	162	161	159	159	157	156	154	154	152	151	148	147	143	142	141	136	136	131	131	128	128	123	122	118	117	113	111	111	106	
101	101	100	97	93	91	92	87	87	83	83	79	79	78	75	74	70	69	65	65	60	61	57	56	58	59	59	61	63	63	65	65	67	68	68	70	70	72	72	74	75	76	77	79	79	79	84	84	90	89	95	95	100	101	106	106	110	110	115	115	120	121	122	126	129	131	131	135	135	139	139	143	143	145	149	149	152	153	157	161	161	162	166	167	171	171	175	175	173	173	171	171	168	168	168	166	165	164	164	162	161	160	159	157	156	155	155	152	152	148	147	143	142	141	136	136	131	131	128	128	123	122	118	117	113	111	111	106	
100	100	99	96	92	90	90	85	86	82	81	77	77	76	72	71	67	67	62	62	57	58	53	53	55	55	56	58	60	60	63	63	65	65	65	67	68	70	70	72	72	74	75	77	77	77	83	83	88	88	93	93	98	100	105	105	110	110	115	115	120	121	122	127	130	132	131	136	136	140	140	145	145	146	150	151	154	155	160	164	164	164	169	170	174	174	179	178	176	176	174	173	171	171	171	169	168	166	166	164	164	162	161	159	159	157	157	154	154	150	149	144	143	143	138	137	132	132	128	128	123	122	118	117	112	111	111	106	
100	100	99	96	92	90	91	85	86	82	81	77	77	76	72	72	68	67	62	62	58	58	54	53	56	56	56	58	61	61	63	63	65	65	65	68	68	70	70	72	73	74	75	77	77	78	83	83	88	87	93	94	99	100	105	105	110	110	115	115	120	121	122	126	130	132	131	136	136	140	140	145	145	146	150	151	154	155	159	163	163	164	169	169	173	173	178	178	175	175	173	173	171	170	170	168	168	166	166	164	163	162	161	159	158	156	156	154	154	149	148	144	143	142	137	137	132	132	128	128	123	122	118	117	112	110	111	106	
100	100	99	96	92	90	91	85	86	82	81	77	77	76	72	72	68	67	62	62	58	58	54	53	56	56	56	58	61	61	63	63	65	65	65	68	68	70	70	72	73	74	75	77	77	78	83	83	88	87	93	94	99	100	105	105	110	110	115	115	120	121	122	126	130	132	131	136	136	140	140	145	145	146	150	151	154	155	159	163	163	164	169	169	173	173	178	178	175	175	173	173	171	170	170	168	168	166	166	164	163	162	161	159	158	156	156	154	154	149	148	144	143	142	137	137	132	132	128	128	123	122	118	117	112	110	111	106	
100	100	99	96	92	90	91	85	86	82	81	77	77	76	72	72	68	67	62	62	58	58	54	53	56	56	56	58	61	61	63	63	65	65	65	68	68	70	70	72	73	74	75	77	77	78	83	83	88	87	93	94	99	100	105	105	110	110	115	115	120	121	122	126	130	132	131	136	136	140	140	145	145	146	150	151	154	155	159	163	163	164	169	169	173	173	178	178	175	175	173	173	171	170	170	168	168	166	166	164	163	162	161	159	158	156	156	154	154	149	148	144	143	142	137	137	132	132	128	128	123	122	118	117	112	110	111	106	
99	99	99	95	90	89	89	84	84	80	80	75	75	74	70	69	65	65	60	60	55	55	51	50	53	53	53	56	58	58	60	60	63	63	63	65	66	68	68	70	71	72	73	75	75	76	82	82	87	86	92	92	98	99	105	105	110	110	115	115	121	121	122	127	131	132	132	137	137	141	141	146	146	147	151	152	156	157	162	166	166	167	171	172	176	176	181	180	178	178	176	176	174	173	173	171	170	168	168	166	166	164	163	161	160	159	158	156	155	151	150	145	144	144	138	138	133	133	128	128	123	122	118	117	112	110	110	105	
99	99	98	94	90	89	89	84	84	80	80	75	75	74	70	69	65	64	59	59	54	55	50	50	52	53	53	55	58	58	60	60	62	63	63	65	66	67	67	70	70	72	73	75	75	76	81	81	87	86	92	92	98	99	104	104	110	109	115	115	121	121	122	127	131	133	132	137	137	141	141	146	146	147	152	152	157	157	162	166	166	167	171	172	176	177	182	181	178	179	176	176	174	173	173	171	171	169	169	166	166	164	164	161	161	159	159	156	155	151	150	145	144	144	138	138	133	133	128	128	123	122	118	117	112	110	110	105	
99	99	98	94	90	89	89	84	84	80	80	75	75	74	70	69	65	64	59	59	54	55	50	50	52	53	53	55	58	58	60	60	62	63	63	65	66	67	67	70	70	72	73	75	75	76	81	81	87	86	92	92	98	99	104	104	110	109	115	115	121	121	122	127	131	133	132	137	137	141	141	146	146	147	152	152	157	157	162	166	166	167	171	172	176	177	182	181	178	179	176	176	174	173	173	171	171	169	169	166	166	164	164	161	161	159	159	156	155	151	150	145	144	144	138	138	133	133	128	128	123	122	118	117	112	110	110	105	
99	99	98	94	90	89	89	84	84	80	80	75	75	74	70	69	65	64	59	59	54	55	50	50	52	53	53	55	58	58	60	60	62	63	63	65	66	67	67	70	70	72	73	75	75	76	81	81	87	86	92	92	98	99	104	104	110	109	115	115	121	121	122	127	131	133	132	137	137	141	141	146	146	147	152	152	157	157	162	166	166	167	171	172	176	177	182	181	178	179	176	176	174	173	173	171	171	169	169	166	166	164	164	161	161	159	159	156	155	151	150	145	144	144	138	138	133	133	128	128	123	122	118	117	112	110	110	105	
99	99	98	94	90	89	89	84	84	80	79	75	75	73	69	68	64	64	59	59	54	54	50	49	52	52	52	55	57	57	60	60	62	62	62	65	65	67	67	70	70	72	72	74	75	76	81	81	87	86	92	92	98	99	104	104	110	110	115	115	121	121	122	127	131	133	132	137	137	141	141	146	146	148	152	153	157	157	162	166	167	167	172	173	177	177	182	181	179	179	177	177	174	174	174	172	171	169	169	167	166	164	164	162	161	159	159	157	156	152	151	146	145	144	139	138	133	134	128	128	123	122	118	117	112	111	110	105	
99	99	98	93	89	88	88	83	83	79	78	73	73	72	67	66	62	62	56	57	51	52	47	46	49	49	49	52	55	54	57	57	60	60	60	62	63	65	65	68	68	70	70	73	73	73	79	79	85	85	90	90	96	98	104	104	110	109	115	115	121	121	123	128	131	133	133	138	139	143	143	148	148	149	153	155	159	159	165	169	169	170	174	176	180	180	185	185	182	182	180	180	177	177	177	174	174	172	172	169	169	167	166	164	163	161	161	159	158	153	152	147	146	145	140	140	134	135	128	129	123	123	118	117	112	110	110	104	
99	99	98	93	89	88	88	83	83	79	78	73	73	72	67	66	62	62	56	57	51	52	47	46	49	49	49	52	55	54	57	57	60	60	60	62	63	65	65	68	68	70	70	73	73	73	79	79	85	85	90	90	96	98	104	104	110	109	115	115	121	121	123	128	131	133	133	138	139	143	143	148	148	149	153	155	159	159	165	169	169	170	174	176	180	180	185	185	182	182	180	180	177	177	177	174	174	172	172	169	169	167	166	164	163	161	161	159	158	153	152	147	146	145	140	140	134	135	128	129	123	123	118	117	112	110	110	104	
99	99	98	93	89	88	88	83	83	79	78	73	73	72	67	66	62	62	56	57	51	52	47	46	49	49	49	52	55	54	57	57	60	60	60	62	63	65	65	68	68	70	70	73	73	73	79	79	85	85	90	90	96	98	104	104	110	109	115	115	121	121	123	128	131	133	133	138	139	143	143	148	148	149	153	155	159	159	165	169	169	170	174	176	180	180	185	185	182	182	180	180	177	177	177	174	174	172	172	169	169	167	166	164	163	161	161	159	158	153	152	147	146	145	140	140	134	135	128	129	123	123	118	117	112	110	110	104	
99	99	97	93	89	88	88	82	83	78	78	73	73	71	67	66	62	61	56	56	51	51	47	46	49	49	49	52	54	54	56	57	59	59	60	62	63	65	64	67	68	70	70	72	73	73	79	80	85	85	90	90	97	98	104	104	110	109	115	115	121	122	123	128	132	133	133	138	139	143	143	148	148	149	154	155	159	159	165	169	169	170	175	176	180	180	186	185	182	182	180	180	177	177	177	174	174	172	172	169	169	167	167	164	163	161	161	159	158	154	152	148	146	146	140	140	134	134	129	129	123	123	118	117	112	110	110	105	
98	98	97	92	88	86	86	81	81	77	76	71	71	69	65	64	59	59	53	53	48	49	44	43	46	46	46	49	52	51	54	54	57	57	57	60	60	62	62	65	66	67	68	70	71	71	78	78	83	83	89	89	96	97	103	103	110	109	115	115	121	122	123	128	132	134	134	139	140	144	144	150	149	151	155	156	161	161	167	171	172	172	178	178	183	183	189	188	185	186	183	183	180	180	180	177	177	175	175	172	171	169	169	166	165	164	164	161	160	155	154	149	148	147	141	141	135	136	129	130	124	123	118	117	112	110	110	104	
98	98	97	92	88	87	87	81	81	77	77	71	71	70	65	64	60	59	54	54	48	49	44	43	46	46	47	49	52	52	54	54	57	57	57	60	61	63	63	65	66	68	68	71	71	71	78	78	84	83	89	89	95	97	103	103	110	109	115	115	121	122	123	128	132	134	134	139	140	144	144	149	149	151	155	156	161	161	167	171	171	172	177	178	182	183	188	188	185	185	183	183	180	179	179	177	176	174	174	171	171	169	168	166	165	163	163	160	159	155	154	149	148	147	141	141	135	135	129	129	123	123	118	117	111	110	110	104	
98	98	97	92	88	87	87	81	81	77	77	71	71	70	65	64	60	59	54	54	48	49	44	43	46	46	47	49	52	52	54	54	57	57	57	60	61	63	63	65	66	68	68	71	71	71	78	78	84	83	89	89	95	97	103	103	110	109	115	115	121	122	123	128	132	134	134	139	140	144	144	149	149	151	155	156	161	161	167	171	171	172	177	178	182	183	188	188	185	185	183	183	180	179	179	177	176	174	174	171	171	169	168	166	165	163	163	160	159	155	154	149	148	147	141	141	135	135	129	129	123	123	118	117	111	110	110	104	
98	98	97	92	88	87	87	81	81	77	77	71	71	70	65	64	60	59	54	54	48	49	44	43	46	46	47	49	52	52	54	54	57	57	57	60	61	63	63	65	66	68	68	71	71	71	78	78	84	83	89	89	95	97	103	103	110	109	115	115	121	122	123	128	132	134	134	139	140	144	144	149	149	151	155	156	161	161	167	171	171	172	177	178	182	183	188	188	185	185	183	183	180	179	179	177	176	174	174	171	171	169	168	166	165	163	163	160	159	155	154	149	148	147	141	141	135	135	129	129	123	123	118	117	111	110	110	104	
98	98	97	92	88	86	86	81	81	77	76	71	71	69	65	64	59	59	53	54	48	49	44	43	46	46	46	49	52	51	54	54	57	57	57	60	60	62	62	65	66	67	68	70	71	71	78	78	84	83	89	89	96	97	103	103	110	109	115	115	121	122	123	128	132	134	134	139	140	144	144	150	149	151	155	156	161	161	167	171	171	172	177	178	183	183	189	188	185	186	183	183	180	180	180	177	177	175	175	172	171	169	169	166	166	164	164	161	160	155	154	149	148	147	141	141	135	136	129	130	124	123	118	117	112	110	110	104	
97	97	96	92	87	85	85	80	80	75	75	69	69	68	63	62	58	57	51	51	46	46	41	41	43	44	44	47	49	49	52	52	55	55	55	58	58	61	61	63	64	66	67	69	69	70	76	77	83	82	89	89	95	97	103	103	109	109	115	115	122	122	123	128	133	135	135	140	140	145	145	150	150	152	157	158	162	163	169	173	173	174	179	180	185	186	191	190	188	188	185	185	182	182	182	179	179	176	176	174	173	171	171	168	167	165	165	162	161	157	155	150	149	148	142	142	135	136	130	130	124	124	118	117	112	110	110	104	
97	97	96	91	87	85	85	80	80	75	75	69	69	68	63	62	57	57	51	51	45	46	41	40	43	43	43	47	49	49	52	52	55	55	55	58	58	60	60	63	64	66	66	69	69	70	76	76	82	82	88	88	95	96	103	103	109	108	115	115	121	122	123	128	133	135	135	140	140	145	145	151	151	152	157	158	163	163	169	174	174	175	180	181	185	186	192	191	188	188	186	185	183	182	182	180	179	177	177	174	174	171	171	168	168	165	165	162	161	157	156	150	149	148	142	142	135	136	130	130	124	123	118	117	111	110	110	103	
97	97	96	91	87	85	85	80	80	75	75	69	69	68	63	62	57	57	51	51	45	46	41	40	43	43	43	47	49	49	52	52	55	55	55	58	58	60	60	63	64	66	66	69	69	70	76	76	82	82	88	88	95	96	103	103	109	108	115	115	121	122	123	128	133	135	135	140	140	145	145	151	151	152	157	158	163	163	169	174	174	175	180	181	185	186	192	191	188	188	186	185	183	182	182	180	179	177	177	174	174	171	171	168	168	165	165	162	161	157	156	150	149	148	142	142	135	136	130	130	124	123	118	117	111	110	110	103	
97	97	96	91	87	85	85	80	80	75	75	69	69	68	63	62	57	57	51	51	45	46	41	40	43	43	43	47	49	49	52	52	55	55	55	58	58	60	60	63	64	66	66	69	69	70	76	76	82	82	88	88	95	96	103	103	109	108	115	115	121	122	123	128	133	135	135	140	140	145	145	151	151	152	157	158	163	163	169	174	174	175	180	181	185	186	192	191	188	188	186	185	183	182	182	180	179	177	177	174	174	171	171	168	168	165	165	162	161	157	156	150	149	148	142	142	135	136	130	130	124	123	118	117	111	110	110	103	
97	97	96	91	86	85	85	79	79	75	74	69	69	67	63	62	57	56	51	51	45	45	40	40	43	43	43	46	49	49	51	51	54	54	55	57	58	60	60	63	63	66	66	68	69	70	76	76	82	82	88	88	95	96	103	103	109	109	115	115	122	122	123	128	133	135	135	140	141	145	145	151	151	152	157	158	163	163	169	174	174	175	180	181	186	186	192	191	188	189	186	186	183	183	183	180	179	177	177	174	174	172	171	169	168	166	166	163	162	157	156	150	149	149	142	142	136	136	130	130	124	124	118	117	112	110	110	103	
96	96	95	90	86	84	84	78	78	73	73	67	67	66	61	60	55	54	48	48	42	43	37	37	40	40	40	43	46	46	49	49	52	52	52	55	56	58	58	61	61	63	64	66	67	67	74	74	80	80	87	87	93	95	102	102	109	108	114	114	122	122	123	128	134	136	136	141	142	147	147	153	153	154	159	160	165	165	171	176	176	177	183	184	189	189	195	194	191	191	189	189	186	185	185	182	182	180	180	177	176	174	173	171	170	168	168	165	164	158	157	151	150	150	143	143	136	137	130	130	124	124	118	117	111	109	109	103	
96	96	95	90	86	84	84	78	78	73	73	67	67	66	61	60	55	54	48	48	42	43	37	37	40	40	40	43	46	46	49	49	52	52	52	55	56	58	58	61	61	63	64	66	67	67	74	74	80	80	87	87	93	95	102	102	109	108	114	114	122	122	123	128	134	136	136	141	142	147	147	153	153	154	159	160	165	165	171	176	176	177	183	184	189	189	195	194	191	191	189	189	186	185	185	182	182	180	180	177	176	174	173	171	170	168	168	165	164	158	157	151	150	150	143	143	136	137	130	130	124	124	118	117	111	109	109	103	
96	96	95	90	86	84	84	78	78	73	73	67	67	66	61	60	55	54	48	48	42	43	37	37	40	40	40	43	46	46	49	49	52	52	52	55	56	58	58	61	61	63	64	66	67	67	74	74	80	80	87	87	93	95	102	102	109	108	114	114	122	122	123	128	134	136	136	141	142	147	147	153	153	154	159	160	165	165	171	176	176	177	183	184	189	189	195	194	191	191	189	189	186	185	185	182	182	180	180	177	176	174	173	171	170	168	168	165	164	158	157	151	150	150	143	143	136	137	130	130	124	124	118	117	111	109	109	103	
96	96	95	90	86	84	84	78	78	73	73	67	67	66	61	60	55	55	48	48	43	43	38	37	40	40	40	43	46	46	49	49	52	52	52	55	56	58	58	61	62	64	64	67	67	68	74	74	81	80	87	87	94	95	102	102	109	108	115	115	121	122	123	128	134	136	136	142	142	146	147	153	153	154	159	160	165	165	171	176	176	177	183	184	188	189	194	194	191	191	189	188	185	185	185	182	182	179	179	176	176	174	173	170	170	167	168	164	163	158	157	151	150	149	143	143	136	137	130	130	124	124	118	117	111	109	109	103	
95	95	94	89	84	82	82	76	76	72	71	65	65	63	58	57	52	51	45	45	39	40	34	33	36	37	37	40	43	43	46	46	49	49	50	53	53	55	55	58	59	61	62	64	65	66	73	73	80	79	86	86	93	95	102	102	109	108	115	115	122	123	124	129	135	137	137	142	143	148	148	154	154	155	160	162	167	167	173	178	179	180	185	186	191	192	198	197	194	194	192	191	188	188	188	185	184	182	182	179	178	176	176	173	172	170	170	167	166	161	159	153	152	151	145	144	138	138	131	131	125	124	119	117	111	109	109	103	
95	95	94	89	84	82	82	76	76	71	71	65	65	63	58	57	52	51	45	45	39	39	34	33	36	36	37	40	43	43	46	46	49	49	49	52	53	55	55	58	59	61	62	64	65	66	73	73	79	79	86	86	93	94	101	102	109	108	115	115	122	122	124	129	135	137	137	142	143	148	148	154	154	156	161	162	167	168	174	179	179	180	186	187	192	192	199	198	194	195	192	192	189	188	188	185	185	183	182	179	179	177	176	173	172	170	170	167	166	161	159	153	152	151	144	144	137	138	131	131	125	124	118	117	111	109	109	102	
95	95	94	89	84	82	82	76	76	71	71	65	65	63	58	57	52	51	45	45	39	39	34	33	36	36	37	40	43	43	46	46	49	49	49	52	53	55	55	58	59	61	62	64	65	66	73	73	79	79	86	86	93	94	101	102	109	108	115	115	122	122	124	129	135	137	137	142	143	148	148	154	154	156	161	162	167	168	174	179	179	180	186	187	192	192	199	198	194	195	192	192	189	188	188	185	185	183	182	179	179	177	176	173	172	170	170	167	166	161	159	153	152	151	144	144	137	138	131	131	125	124	118	117	111	109	109	102	
95	95	94	89	84	82	82	76	76	71	71	65	65	63	58	57	52	51	45	45	39	39	34	33	36	36	37	40	43	43	46	46	49	49	49	52	53	55	55	58	59	61	62	64	65	66	73	73	79	79	86	86	93	94	101	102	109	108	115	115	122	122	124	129	135	137	137	142	143	148	148	154	154	156	161	162	167	168	174	179	179	180	186	187	192	192	199	198	194	195	192	192	189	188	188	185	185	183	182	179	179	177	176	173	172	170	170	167	166	161	159	153	152	151	144	144	137	138	131	131	125	124	118	117	111	109	109	102	
95	95	94	88	83	81	81	75	75	70	69	63	63	61	56	55	50	49	43	43	36	37	31	31	34	34	34	38	41	40	43	43	47	47	47	50	51	53	53	56	57	59	60	63	63	64	71	71	78	78	85	85	92	94	101	101	109	108	115	115	122	122	124	129	135	137	137	143	144	149	149	155	155	157	162	163	168	169	176	181	181	182	188	189	194	195	201	200	197	197	194	194	191	191	191	188	187	185	185	181	181	179	178	175	174	172	172	168	168	162	161	155	153	152	146	145	138	139	132	132	125	124	119	117	112	110	109	102	
95	95	93	88	83	81	81	75	75	70	69	63	63	61	56	55	49	49	43	43	36	37	31	30	33	34	34	37	40	40	43	43	46	47	47	50	51	53	53	56	57	59	60	62	63	63	71	71	78	77	84	84	92	93	101	101	108	108	114	115	122	122	124	129	135	137	138	143	144	149	150	155	155	157	162	164	169	170	176	181	182	182	188	189	195	196	202	201	198	198	195	195	192	191	191	188	187	185	185	182	181	179	178	176	174	172	172	169	167	162	161	155	153	152	146	145	138	139	132	132	125	124	118	117	111	109	109	102	
95	95	93	88	83	81	81	75	75	70	69	63	63	61	56	55	49	49	43	43	36	37	31	30	33	34	34	37	40	40	43	43	46	47	47	50	51	53	53	56	57	59	60	62	63	63	71	71	78	77	84	84	92	93	101	101	108	108	114	115	122	122	124	129	135	137	138	143	144	149	150	155	155	157	162	164	169	170	176	181	182	182	188	189	195	196	202	201	198	198	195	195	192	191	191	188	187	185	185	182	181	179	178	176	174	172	172	169	167	162	161	155	153	152	146	145	138	139	132	132	125	124	118	117	111	109	109	102	
95	95	93	88	83	81	81	75	75	70	69	63	63	61	56	55	49	49	43	43	36	37	31	30	33	34	34	37	40	40	43	43	46	47	47	50	51	53	53	56	57	59	60	62	63	63	71	71	78	77	84	84	92	93	101	101	108	108	114	115	122	122	124	129	135	137	138	143	144	149	150	155	155	157	162	164	169	170	176	181	182	182	188	189	195	196	202	201	198	198	195	195	192	191	191	188	187	185	185	182	181	179	178	176	174	172	172	169	167	162	161	155	153	152	146	145	138	139	132	132	125	124	118	117	111	109	109	102	
95	95	93	88	83	81	81	75	75	70	69	63	63	61	56	55	49	49	43	43	36	37	31	30	33	34	34	37	40	40	43	43	46	47	47	50	51	53	53	56	57	59	60	62	63	63	71	71	78	77	84	84	92	93	101	101	108	108	114	115	122	122	124	129	135	137	138	143	144	149	150	155	155	157	162	164	169	170	176	181	182	182	188	189	195	196	202	201	198	198	195	195	192	191	191	188	187	185	185	182	181	179	178	176	174	172	172	169	167	162	161	155	153	152	146	145	138	139	132	132	125	124	118	117	111	109	109	102	
94	94	93	87	82	80	80	73	73	68	68	61	61	59	54	53	47	47	40	40	34	34	28	27	31	31	31	34	38	38	40	41	44	44	44	48	48	51	51	54	55	57	58	61	61	62	69	70	76	76	84	84	91	93	100	101	108	108	114	115	123	123	125	130	136	138	138	144	145	150	150	157	157	159	164	165	170	171	178	183	183	185	191	192	197	198	204	204	200	200	197	197	194	193	193	190	190	187	187	184	183	181	180	177	176	174	174	170	169	164	162	156	155	154	147	146	139	140	132	132	125	125	119	117	110	108	108	101	
94	94	93	87	82	80	80	73	73	68	68	61	61	59	54	52	47	47	40	40	33	34	28	27	30	31	31	34	38	37	40	40	44	44	44	47	48	50	50	54	55	57	58	60	61	62	69	69	76	75	84	84	91	92	100	101	108	107	114	114	123	123	125	130	136	138	138	145	145	150	150	157	157	159	164	166	171	171	178	184	184	185	191	193	198	198	205	204	201	201	198	198	194	194	194	191	190	187	187	184	183	181	181	177	176	174	174	171	169	164	162	156	155	154	147	146	139	140	132	132	125	125	118	117	111	108	108	101	
94	94	93	87	82	80	80	73	73	68	68	61	61	59	54	52	47	47	40	40	33	34	28	27	30	31	31	34	38	37	40	40	44	44	44	47	48	50	50	54	55	57	58	60	61	62	69	69	76	75	84	84	91	92	100	101	108	107	114	114	123	123	125	130	136	138	138	145	145	150	150	157	157	159	164	166	171	171	178	184	184	185	191	193	198	198	205	204	201	201	198	198	194	194	194	191	190	187	187	184	183	181	181	177	176	174	174	171	169	164	162	156	155	154	147	146	139	140	132	132	125	125	118	117	111	108	108	101	
94	94	93	87	82	80	80	73	73	68	68	61	61	59	54	52	47	47	40	40	33	34	28	27	30	31	31	34	38	37	40	40	44	44	44	47	48	50	50	54	55	57	58	60	61	62	69	69	76	75	84	84	91	92	100	101	108	107	114	114	123	123	125	130	136	138	138	145	145	150	150	157	157	159	164	166	171	171	178	184	184	185	191	193	198	198	205	204	201	201	198	198	194	194	194	191	190	187	187	184	183	181	181	177	176	174	174	171	169	164	162	156	155	154	147	146	139	140	132	132	125	125	118	117	111	108	108	101	
94	94	92	87	82	80	80	73	73	68	67	60	60	59	53	52	47	46	39	39	33	33	27	27	30	30	30	34	37	37	40	40	43	44	44	47	48	50	50	54	54	57	57	60	61	61	69	69	76	76	84	84	91	93	100	101	108	107	114	115	123	123	125	130	136	138	138	145	145	150	151	157	157	159	164	166	171	171	178	184	184	185	191	193	198	199	205	204	201	201	198	198	195	194	194	191	190	188	188	185	184	182	181	178	177	174	174	171	170	164	163	157	155	155	147	146	139	140	133	133	126	125	119	117	111	109	108	101	
93	93	92	86	80	78	78	72	72	66	65	59	59	57	51	50	44	44	37	37	30	30	24	23	27	27	27	31	34	34	37	38	41	41	41	45	45	48	48	51	52	55	55	58	59	59	67	67	75	74	82	82	90	92	99	100	107	106	114	114	122	123	125	130	137	139	139	146	146	152	152	159	159	160	166	168	173	174	180	186	187	188	194	195	201	202	208	207	204	204	201	201	197	197	197	194	193	190	190	187	186	184	183	180	179	176	176	173	172	166	164	158	156	156	148	147	140	140	133	133	126	125	119	117	110	108	108	100	
93	93	92	86	80	78	78	72	72	66	65	59	59	57	51	50	44	44	37	37	30	30	24	23	27	27	27	31	34	34	37	38	41	41	41	45	45	48	48	51	52	55	55	58	59	59	67	67	75	74	82	82	90	92	99	100	107	106	114	114	122	123	125	130	137	139	139	146	146	152	152	159	159	160	166	168	173	174	180	186	187	188	194	195	201	202	208	207	204	204	201	201	197	197	197	194	193	190	190	187	186	184	183	180	179	176	176	173	172	166	164	158	156	156	148	147	140	140	133	133	126	125	119	117	110	108	108	100	
93	93	92	86	80	78	78	72	72	66	65	59	59	57	51	50	44	44	37	37	30	30	24	23	27	27	27	31	34	34	37	38	41	41	41	45	45	48	48	51	52	55	55	58	59	59	67	67	75	74	82	82	90	92	99	100	107	106	114	114	122	123	125	130	137	139	139	146	146	152	152	159	159	160	166	168	173	174	180	186	187	188	194	195	201	202	208	207	204	204	201	201	197	197	197	194	193	190	190	187	186	184	183	180	179	176	176	173	172	166	164	158	156	156	148	147	140	140	133	133	126	125	119	117	110	108	108	100	
93	93	92	86	80	79	79	72	72	66	66	59	59	57	52	50	45	44	37	37	30	31	24	24	27	28	28	32	35	35	38	38	41	42	42	45	46	48	48	52	52	55	56	58	59	60	67	68	75	74	82	82	90	92	100	100	107	107	114	114	122	123	125	130	137	139	139	146	146	152	152	159	159	161	166	168	173	173	180	186	186	187	194	195	201	201	208	207	204	204	201	201	197	197	197	193	193	190	190	187	186	184	183	180	179	176	176	173	172	166	164	158	156	155	148	147	139	140	133	133	126	125	119	117	111	108	108	100	
92	92	91	85	79	77	77	70	70	64	64	57	57	55	49	48	42	41	34	34	27	28	21	20	24	24	24	28	32	31	35	35	38	39	39	42	43	46	46	49	50	52	53	56	57	58	66	66	74	73	81	81	89	91	99	100	107	107	115	114	123	124	125	131	138	140	140	147	147	153	153	160	160	162	168	169	175	175	183	189	189	190	197	198	204	204	212	211	207	207	204	204	200	200	200	196	196	193	193	189	189	186	185	182	181	178	178	175	174	168	166	160	158	157	149	149	141	142	134	134	126	125	119	117	110	108	108	100	
92	92	91	85	79	77	77	69	69	64	63	56	56	54	49	47	42	41	34	34	27	27	21	20	23	24	24	28	32	31	34	34	38	38	38	42	42	45	45	49	50	52	53	56	56	57	65	66	73	72	81	81	89	91	99	99	107	106	114	114	123	124	125	131	138	140	140	147	147	153	153	161	161	162	168	169	175	176	183	189	189	190	197	198	204	205	212	211	207	207	204	204	201	200	200	197	196	193	193	190	189	186	186	182	181	179	179	175	174	167	166	160	158	157	149	148	141	141	134	134	126	125	119	117	110	107	108	100	
92	92	91	85	79	77	77	69	69	64	63	56	56	54	49	47	42	41	34	34	27	27	21	20	23	24	24	28	32	31	34	34	38	38	38	42	42	45	45	49	50	52	53	56	56	57	65	66	73	72	81	81	89	91	99	99	107	106	114	114	123	124	125	131	138	140	140	147	147	153	153	161	161	162	168	169	175	176	183	189	189	190	197	198	204	205	212	211	207	207	204	204	201	200	200	197	196	193	193	190	189	186	186	182	181	179	179	175	174	167	166	160	158	157	149	148	141	141	134	134	126	125	119	117	110	107	108	100	
92	92	91	85	79	77	77	69	69	64	63	56	56	54	49	47	42	41	34	34	27	27	21	20	23	24	24	28	32	31	34	34	38	38	38	42	42	45	45	49	50	52	53	56	56	57	65	66	73	72	81	81	89	91	99	99	107	106	114	114	123	124	125	131	138	140	140	147	147	153	153	161	161	162	168	169	175	176	183	189	189	190	197	198	204	205	212	211	207	207	204	204	201	200	200	197	196	193	193	190	189	186	186	182	181	179	179	175	174	167	166	160	158	157	149	148	141	141	134	134	126	125	119	117	110	107	108	100	
91	91	90	84	78	76	76	68	69	63	62	55	55	53	47	46	40	39	32	32	24	25	19	18	21	22	22	26	29	29	32	32	36	36	37	40	41	44	43	47	48	51	51	54	55	56	64	64	72	71	80	80	88	90	98	99	107	106	114	114	123	124	125	131	138	140	141	147	148	154	154	161	161	163	169	171	177	177	184	191	191	192	199	200	206	207	214	213	209	210	206	206	203	202	202	199	198	195	195	191	191	188	187	184	183	180	180	177	175	169	168	161	159	158	150	150	142	142	134	134	126	126	119	117	110	108	108	99	
91	91	89	84	78	76	76	68	69	62	62	55	55	53	47	46	39	39	31	31	24	24	18	17	20	21	21	25	29	28	32	32	36	36	36	40	40	43	43	47	48	50	51	54	55	56	64	64	72	71	80	80	88	90	98	99	107	106	114	115	123	124	126	132	138	140	141	148	148	154	155	162	162	164	170	171	177	178	185	192	192	193	200	201	207	208	214	214	210	211	207	207	203	203	203	199	199	196	196	192	191	189	188	185	183	181	181	177	175	170	168	161	159	159	151	150	142	142	134	134	127	125	119	117	110	108	108	99	
91	91	89	84	78	76	76	68	68	62	62	55	55	53	47	46	39	39	31	31	24	24	19	17	21	21	21	25	29	28	32	32	36	36	36	40	40	43	43	47	47	50	51	54	55	56	64	64	72	71	80	80	88	90	98	99	107	106	114	114	123	124	125	132	138	140	142	148	148	154	155	162	162	164	170	171	177	178	185	191	192	193	200	201	207	207	214	214	210	211	207	207	203	203	203	199	199	196	196	192	191	189	188	185	184	181	181	177	175	169	168	161	159	159	151	150	142	142	134	134	127	126	119	117	110	108	108	100	
91	91	89	84	78	76	76	68	68	62	62	55	55	53	47	46	39	39	31	31	24	24	19	17	21	21	21	25	29	28	32	32	36	36	36	40	40	43	43	47	47	50	51	54	55	56	64	64	72	71	80	80	88	90	98	99	107	106	114	114	123	124	125	132	138	140	142	148	148	154	155	162	162	164	170	171	177	178	185	191	192	193	200	201	207	207	214	214	210	211	207	207	203	203	203	199	199	196	196	192	191	189	188	185	184	181	181	177	175	169	168	161	159	159	151	150	142	142	134	134	127	126	119	117	110	108	108	100	
91	91	89	84	78	76	76	68	68	62	62	55	55	53	47	46	39	39	31	31	24	24	19	17	21	21	21	25	29	28	32	32	36	36	36	40	40	43	43	47	47	50	51	54	55	56	64	64	72	71	80	80	88	90	98	99	107	106	114	114	123	124	125	132	138	140	142	148	148	154	155	162	162	164	170	171	177	178	185	191	192	193	200	201	207	207	214	214	210	211	207	207	203	203	203	199	199	196	196	192	191	189	188	185	184	181	181	177	175	169	168	161	159	159	151	150	142	142	134	134	127	126	119	117	110	108	108	100	
